C:\Users\Owner\Downloads\simulator-windows-64\dataTrack1\IMG\center_2024_11_20_20_10_54_752.jpg, C:\Users\Owner\Downloads\simulator-windows-64\dataTrack1\IMG\left_2024_11_20_20_10_54_752.jpg, C:\Users\Owner\Downloads\simulator-windows-64\dataTrack1\IMG\right_2024_11_20_20_10_54_752.jpg, 0, 0, 0, 8.27894E-05
C:\Users\Owner\Downloads\simulator-windows-64\dataTrack1\IMG\center_2024_11_20_20_10_54_862.jpg, C:\Users\Owner\Downloads\simulator-windows-64\dataTrack1\IMG\left_2024_11_20_20_10_54_862.jpg, C:\Users\Owner\Downloads\simulator-windows-64\dataTrack1\IMG\right_2024_11_20_20_10_54_862.jpg, 0, 0, 0, 7.896056E-05
C:\Users\Owner\Downloads\simulator-windows-64\dataTrack1\IMG\center_2024_11_20_20_10_54_966.jpg, C:\Users\Owner\Downloads\simulator-windows-64\dataTrack1\IMG\left_2024_11_20_20_10_54_966.jpg, C:\Users\Owner\Downloads\simulator-windows-64\dataTrack1\IMG\right_2024_11_20_20_10_54_966.jpg, 0, 0, 0, 7.837301E-05
C:\Users\Owner\Downloads\simulator-windows-64\dataTrack1\IMG\center_2024_11_20_20_10_55_070.jpg, C:\Users\Owner\Downloads\simulator-windows-64\dataTrack1\IMG\left_2024_11_20_20_10_55_070.jpg, C:\Users\Owner\Downloads\simulator-windows-64\dataTrack1\IMG\right_2024_11_20_20_10_55_070.jpg, 0, 0, 0, 7.899872E-05
C:\Users\Owner\Downloads\simulator-windows-64\dataTrack1\IMG\center_2024_11_20_20_10_55_173.jpg, C:\Users\Owner\Downloads\simulator-windows-64\dataTrack1\IMG\left_2024_11_20_20_10_55_173.jpg, C:\Users\Owner\Downloads\simulator-windows-64\dataTrack1\IMG\right_2024_11_20_20_10_55_173.jpg, 0, 0, 0, 7.789639E-05
C:\Users\Owner\Downloads\simulator-windows-64\dataTrack1\IMG\center_2024_11_20_20_10_55_276.jpg, C:\Users\Owner\Downloads\simulator-windows-64\dataTrack1\IMG\left_2024_11_20_20_10_55_276.jpg, C:\Users\Owner\Downloads\simulator-windows-64\dataTrack1\IMG\right_2024_11_20_20_10_55_276.jpg, 0, 0, 0, 7.820319E-05
C:\Users\Owner\Downloads\simulator-windows-64\dataTrack1\IMG\center_2024_11_20_20_10_55_379.jpg, C:\Users\Owner\Downloads\simulator-windows-64\dataTrack1\IMG\left_2024_11_20_20_10_55_379.jpg, C:\Users\Owner\Downloads\simulator-windows-64\dataTrack1\IMG\right_2024_11_20_20_10_55_379.jpg, 0, 0, 0, 7.730111E-05
C:\Users\Owner\Downloads\simulator-windows-64\dataTrack1\IMG\center_2024_11_20_20_10_55_483.jpg, C:\Users\Owner\Downloads\simulator-windows-64\dataTrack1\IMG\left_2024_11_20_20_10_55_483.jpg, C:\Users\Owner\Downloads\simulator-windows-64\dataTrack1\IMG\right_2024_11_20_20_10_55_483.jpg, 0, 0, 0, 7.836018E-05
C:\Users\Owner\Downloads\simulator-windows-64\dataTrack1\IMG\center_2024_11_20_20_10_55_586.jpg, C:\Users\Owner\Downloads\simulator-windows-64\dataTrack1\IMG\left_2024_11_20_20_10_55_586.jpg, C:\Users\Owner\Downloads\simulator-windows-64\dataTrack1\IMG\right_2024_11_20_20_10_55_586.jpg, 0, 0, 0, 7.793844E-05
C:\Users\Owner\Downloads\simulator-windows-64\dataTrack1\IMG\center_2024_11_20_20_10_55_691.jpg, C:\Users\Owner\Downloads\simulator-windows-64\dataTrack1\IMG\left_2024_11_20_20_10_55_691.jpg, C:\Users\Owner\Downloads\simulator-windows-64\dataTrack1\IMG\right_2024_11_20_20_10_55_691.jpg, 0, 0.1019778, 0, 0.02282659
C:\Users\Owner\Downloads\simulator-windows-64\dataTrack1\IMG\center_2024_11_20_20_10_55_794.jpg, C:\Users\Owner\Downloads\simulator-windows-64\dataTrack1\IMG\left_2024_11_20_20_10_55_794.jpg, C:\Users\Owner\Downloads\simulator-windows-64\dataTrack1\IMG\right_2024_11_20_20_10_55_794.jpg, 0, 0.1064904, 0, 0.2479807
C:\Users\Owner\Downloads\simulator-windows-64\dataTrack1\IMG\center_2024_11_20_20_10_55_896.jpg, C:\Users\Owner\Downloads\simulator-windows-64\dataTrack1\IMG\left_2024_11_20_20_10_55_896.jpg, C:\Users\Owner\Downloads\simulator-windows-64\dataTrack1\IMG\right_2024_11_20_20_10_55_896.jpg, 0, 0.2101758, 0, 0.3789503
C:\Users\Owner\Downloads\simulator-windows-64\dataTrack1\IMG\center_2024_11_20_20_10_56_001.jpg, C:\Users\Owner\Downloads\simulator-windows-64\dataTrack1\IMG\left_2024_11_20_20_10_56_001.jpg, C:\Users\Owner\Downloads\simulator-windows-64\dataTrack1\IMG\right_2024_11_20_20_10_56_001.jpg, 0, 0.07346462, 0, 0.6103711
C:\Users\Owner\Downloads\simulator-windows-64\dataTrack1\IMG\center_2024_11_20_20_10_56_104.jpg, C:\Users\Owner\Downloads\simulator-windows-64\dataTrack1\IMG\left_2024_11_20_20_10_56_104.jpg, C:\Users\Owner\Downloads\simulator-windows-64\dataTrack1\IMG\right_2024_11_20_20_10_56_104.jpg, 0, 0.3835281, 0, 0.916052
C:\Users\Owner\Downloads\simulator-windows-64\dataTrack1\IMG\center_2024_11_20_20_10_56_207.jpg, C:\Users\Owner\Downloads\simulator-windows-64\dataTrack1\IMG\left_2024_11_20_20_10_56_207.jpg, C:\Users\Owner\Downloads\simulator-windows-64\dataTrack1\IMG\right_2024_11_20_20_10_56_207.jpg, -0.1477317, 0.1264107, 0, 1.150227
C:\Users\Owner\Downloads\simulator-windows-64\dataTrack1\IMG\center_2024_11_20_20_10_56_311.jpg, C:\Users\Owner\Downloads\simulator-windows-64\dataTrack1\IMG\left_2024_11_20_20_10_56_311.jpg, C:\Users\Owner\Downloads\simulator-windows-64\dataTrack1\IMG\right_2024_11_20_20_10_56_311.jpg, -0.5103156, 0.3831, 0, 1.532124
C:\Users\Owner\Downloads\simulator-windows-64\dataTrack1\IMG\center_2024_11_20_20_10_56_413.jpg, C:\Users\Owner\Downloads\simulator-windows-64\dataTrack1\IMG\left_2024_11_20_20_10_56_413.jpg, C:\Users\Owner\Downloads\simulator-windows-64\dataTrack1\IMG\right_2024_11_20_20_10_56_413.jpg, -0.511196, 0.07403547, 0, 1.72665
C:\Users\Owner\Downloads\simulator-windows-64\dataTrack1\IMG\center_2024_11_20_20_10_56_518.jpg, C:\Users\Owner\Downloads\simulator-windows-64\dataTrack1\IMG\left_2024_11_20_20_10_56_518.jpg, C:\Users\Owner\Downloads\simulator-windows-64\dataTrack1\IMG\right_2024_11_20_20_10_56_518.jpg, -0.3075992, 0.209709, 0, 1.817071
C:\Users\Owner\Downloads\simulator-windows-64\dataTrack1\IMG\center_2024_11_20_20_10_56_621.jpg, C:\Users\Owner\Downloads\simulator-windows-64\dataTrack1\IMG\left_2024_11_20_20_10_56_621.jpg, C:\Users\Owner\Downloads\simulator-windows-64\dataTrack1\IMG\right_2024_11_20_20_10_56_621.jpg, -0.5061343, 0.0651324, 0, 2.030038
C:\Users\Owner\Downloads\simulator-windows-64\dataTrack1\IMG\center_2024_11_20_20_10_56_724.jpg, C:\Users\Owner\Downloads\simulator-windows-64\dataTrack1\IMG\left_2024_11_20_20_10_56_724.jpg, C:\Users\Owner\Downloads\simulator-windows-64\dataTrack1\IMG\right_2024_11_20_20_10_56_724.jpg, -0.1987132, 0.151089, 0, 2.035579
C:\Users\Owner\Downloads\simulator-windows-64\dataTrack1\IMG\center_2024_11_20_20_10_56_829.jpg, C:\Users\Owner\Downloads\simulator-windows-64\dataTrack1\IMG\left_2024_11_20_20_10_56_829.jpg, C:\Users\Owner\Downloads\simulator-windows-64\dataTrack1\IMG\right_2024_11_20_20_10_56_829.jpg, -0.2967089, 0.154536, 0, 2.319931
C:\Users\Owner\Downloads\simulator-windows-64\dataTrack1\IMG\center_2024_11_20_20_10_56_931.jpg, C:\Users\Owner\Downloads\simulator-windows-64\dataTrack1\IMG\left_2024_11_20_20_10_56_931.jpg, C:\Users\Owner\Downloads\simulator-windows-64\dataTrack1\IMG\right_2024_11_20_20_10_56_931.jpg, -0.6028967, 0.1042455, 0, 2.392746
C:\Users\Owner\Downloads\simulator-windows-64\dataTrack1\IMG\center_2024_11_20_20_10_57_034.jpg, C:\Users\Owner\Downloads\simulator-windows-64\dataTrack1\IMG\left_2024_11_20_20_10_57_034.jpg, C:\Users\Owner\Downloads\simulator-windows-64\dataTrack1\IMG\right_2024_11_20_20_10_57_034.jpg, -0.4996907, 0.2088609, 0, 2.606144
C:\Users\Owner\Downloads\simulator-windows-64\dataTrack1\IMG\center_2024_11_20_20_10_57_139.jpg, C:\Users\Owner\Downloads\simulator-windows-64\dataTrack1\IMG\left_2024_11_20_20_10_57_139.jpg, C:\Users\Owner\Downloads\simulator-windows-64\dataTrack1\IMG\right_2024_11_20_20_10_57_139.jpg, -0.5982006, 0.1998549, 0, 2.728696
C:\Users\Owner\Downloads\simulator-windows-64\dataTrack1\IMG\center_2024_11_20_20_10_57_242.jpg, C:\Users\Owner\Downloads\simulator-windows-64\dataTrack1\IMG\left_2024_11_20_20_10_57_242.jpg, C:\Users\Owner\Downloads\simulator-windows-64\dataTrack1\IMG\right_2024_11_20_20_10_57_242.jpg, -0.9107796, 0.4059639, 0, 3.103065
C:\Users\Owner\Downloads\simulator-windows-64\dataTrack1\IMG\center_2024_11_20_20_10_57_344.jpg, C:\Users\Owner\Downloads\simulator-windows-64\dataTrack1\IMG\left_2024_11_20_20_10_57_344.jpg, C:\Users\Owner\Downloads\simulator-windows-64\dataTrack1\IMG\right_2024_11_20_20_10_57_344.jpg, -0.6508844, 0.2589312, 0, 3.408215
C:\Users\Owner\Downloads\simulator-windows-64\dataTrack1\IMG\center_2024_11_20_20_10_57_448.jpg, C:\Users\Owner\Downloads\simulator-windows-64\dataTrack1\IMG\left_2024_11_20_20_10_57_448.jpg, C:\Users\Owner\Downloads\simulator-windows-64\dataTrack1\IMG\right_2024_11_20_20_10_57_448.jpg, -0.2932729, 0.5104864, 0, 4.062737
C:\Users\Owner\Downloads\simulator-windows-64\dataTrack1\IMG\center_2024_11_20_20_10_57_553.jpg, C:\Users\Owner\Downloads\simulator-windows-64\dataTrack1\IMG\left_2024_11_20_20_10_57_553.jpg, C:\Users\Owner\Downloads\simulator-windows-64\dataTrack1\IMG\right_2024_11_20_20_10_57_553.jpg, -0.6059777, 0.4039183, 0, 4.444716
C:\Users\Owner\Downloads\simulator-windows-64\dataTrack1\IMG\center_2024_11_20_20_10_57_657.jpg, C:\Users\Owner\Downloads\simulator-windows-64\dataTrack1\IMG\left_2024_11_20_20_10_57_657.jpg, C:\Users\Owner\Downloads\simulator-windows-64\dataTrack1\IMG\right_2024_11_20_20_10_57_657.jpg, -0.5066336, 0.6051868, 0, 5.068389
C:\Users\Owner\Downloads\simulator-windows-64\dataTrack1\IMG\center_2024_11_20_20_10_57_760.jpg, C:\Users\Owner\Downloads\simulator-windows-64\dataTrack1\IMG\left_2024_11_20_20_10_57_760.jpg, C:\Users\Owner\Downloads\simulator-windows-64\dataTrack1\IMG\right_2024_11_20_20_10_57_760.jpg, -0.194741, 0.4063684, 0, 5.5742
C:\Users\Owner\Downloads\simulator-windows-64\dataTrack1\IMG\center_2024_11_20_20_10_57_863.jpg, C:\Users\Owner\Downloads\simulator-windows-64\dataTrack1\IMG\left_2024_11_20_20_10_57_863.jpg, C:\Users\Owner\Downloads\simulator-windows-64\dataTrack1\IMG\right_2024_11_20_20_10_57_863.jpg, 0, 0.6660858, 0, 6.181008
C:\Users\Owner\Downloads\simulator-windows-64\dataTrack1\IMG\center_2024_11_20_20_10_57_964.jpg, C:\Users\Owner\Downloads\simulator-windows-64\dataTrack1\IMG\left_2024_11_20_20_10_57_964.jpg, C:\Users\Owner\Downloads\simulator-windows-64\dataTrack1\IMG\right_2024_11_20_20_10_57_964.jpg, 0, 0.4578673, 0, 6.805563
C:\Users\Owner\Downloads\simulator-windows-64\dataTrack1\IMG\center_2024_11_20_20_10_58_070.jpg, C:\Users\Owner\Downloads\simulator-windows-64\dataTrack1\IMG\left_2024_11_20_20_10_58_070.jpg, C:\Users\Owner\Downloads\simulator-windows-64\dataTrack1\IMG\right_2024_11_20_20_10_58_070.jpg, -0.2095245, 0.3013012, 0, 7.121066
C:\Users\Owner\Downloads\simulator-windows-64\dataTrack1\IMG\center_2024_11_20_20_10_58_173.jpg, C:\Users\Owner\Downloads\simulator-windows-64\dataTrack1\IMG\left_2024_11_20_20_10_58_173.jpg, C:\Users\Owner\Downloads\simulator-windows-64\dataTrack1\IMG\right_2024_11_20_20_10_58_173.jpg, -0.210884, 0.4079152, 0, 7.558877
C:\Users\Owner\Downloads\simulator-windows-64\dataTrack1\IMG\center_2024_11_20_20_10_58_277.jpg, C:\Users\Owner\Downloads\simulator-windows-64\dataTrack1\IMG\left_2024_11_20_20_10_58_277.jpg, C:\Users\Owner\Downloads\simulator-windows-64\dataTrack1\IMG\right_2024_11_20_20_10_58_277.jpg, 0, 0.2070997, 0, 7.777099
C:\Users\Owner\Downloads\simulator-windows-64\dataTrack1\IMG\center_2024_11_20_20_10_58_381.jpg, C:\Users\Owner\Downloads\simulator-windows-64\dataTrack1\IMG\left_2024_11_20_20_10_58_381.jpg, C:\Users\Owner\Downloads\simulator-windows-64\dataTrack1\IMG\right_2024_11_20_20_10_58_381.jpg, -0.1562121, 0.5172955, 0, 8.144885
C:\Users\Owner\Downloads\simulator-windows-64\dataTrack1\IMG\center_2024_11_20_20_10_58_484.jpg, C:\Users\Owner\Downloads\simulator-windows-64\dataTrack1\IMG\left_2024_11_20_20_10_58_484.jpg, C:\Users\Owner\Downloads\simulator-windows-64\dataTrack1\IMG\right_2024_11_20_20_10_58_484.jpg, -0.2559749, 0.2093188, 0, 8.48015
C:\Users\Owner\Downloads\simulator-windows-64\dataTrack1\IMG\center_2024_11_20_20_10_58_587.jpg, C:\Users\Owner\Downloads\simulator-windows-64\dataTrack1\IMG\left_2024_11_20_20_10_58_587.jpg, C:\Users\Owner\Downloads\simulator-windows-64\dataTrack1\IMG\right_2024_11_20_20_10_58_587.jpg, 0, 0.5227072, 0, 8.92863
C:\Users\Owner\Downloads\simulator-windows-64\dataTrack1\IMG\center_2024_11_20_20_10_58_691.jpg, C:\Users\Owner\Downloads\simulator-windows-64\dataTrack1\IMG\left_2024_11_20_20_10_58_691.jpg, C:\Users\Owner\Downloads\simulator-windows-64\dataTrack1\IMG\right_2024_11_20_20_10_58_691.jpg, -0.1052259, 0.4185547, 0, 9.471433
C:\Users\Owner\Downloads\simulator-windows-64\dataTrack1\IMG\center_2024_11_20_20_10_58_794.jpg, C:\Users\Owner\Downloads\simulator-windows-64\dataTrack1\IMG\left_2024_11_20_20_10_58_794.jpg, C:\Users\Owner\Downloads\simulator-windows-64\dataTrack1\IMG\right_2024_11_20_20_10_58_794.jpg, -0.3099114, 0.427501, 0, 9.757499
C:\Users\Owner\Downloads\simulator-windows-64\dataTrack1\IMG\center_2024_11_20_20_10_58_896.jpg, C:\Users\Owner\Downloads\simulator-windows-64\dataTrack1\IMG\left_2024_11_20_20_10_58_896.jpg, C:\Users\Owner\Downloads\simulator-windows-64\dataTrack1\IMG\right_2024_11_20_20_10_58_896.jpg, -0.00414601, 0.4251148, 0, 10.25415
C:\Users\Owner\Downloads\simulator-windows-64\dataTrack1\IMG\center_2024_11_20_20_10_59_002.jpg, C:\Users\Owner\Downloads\simulator-windows-64\dataTrack1\IMG\left_2024_11_20_20_10_59_002.jpg, C:\Users\Owner\Downloads\simulator-windows-64\dataTrack1\IMG\right_2024_11_20_20_10_59_002.jpg, 0, 0.3226495, 0, 10.5219
C:\Users\Owner\Downloads\simulator-windows-64\dataTrack1\IMG\center_2024_11_20_20_10_59_106.jpg, C:\Users\Owner\Downloads\simulator-windows-64\dataTrack1\IMG\left_2024_11_20_20_10_59_106.jpg, C:\Users\Owner\Downloads\simulator-windows-64\dataTrack1\IMG\right_2024_11_20_20_10_59_106.jpg, -0.26133, 0.5839795, 0, 10.96369
C:\Users\Owner\Downloads\simulator-windows-64\dataTrack1\IMG\center_2024_11_20_20_10_59_210.jpg, C:\Users\Owner\Downloads\simulator-windows-64\dataTrack1\IMG\left_2024_11_20_20_10_59_210.jpg, C:\Users\Owner\Downloads\simulator-windows-64\dataTrack1\IMG\right_2024_11_20_20_10_59_210.jpg, -0.0006572716, 0.223858, 0, 11.57065
C:\Users\Owner\Downloads\simulator-windows-64\dataTrack1\IMG\center_2024_11_20_20_10_59_314.jpg, C:\Users\Owner\Downloads\simulator-windows-64\dataTrack1\IMG\left_2024_11_20_20_10_59_314.jpg, C:\Users\Owner\Downloads\simulator-windows-64\dataTrack1\IMG\right_2024_11_20_20_10_59_314.jpg, -0.1584105, 0.5363392, 0, 11.8849
C:\Users\Owner\Downloads\simulator-windows-64\dataTrack1\IMG\center_2024_11_20_20_10_59_414.jpg, C:\Users\Owner\Downloads\simulator-windows-64\dataTrack1\IMG\left_2024_11_20_20_10_59_414.jpg, C:\Users\Owner\Downloads\simulator-windows-64\dataTrack1\IMG\right_2024_11_20_20_10_59_414.jpg, -0.4615041, 0.3914848, 0, 12.05228
C:\Users\Owner\Downloads\simulator-windows-64\dataTrack1\IMG\center_2024_11_20_20_10_59_520.jpg, C:\Users\Owner\Downloads\simulator-windows-64\dataTrack1\IMG\left_2024_11_20_20_10_59_520.jpg, C:\Users\Owner\Downloads\simulator-windows-64\dataTrack1\IMG\right_2024_11_20_20_10_59_520.jpg, -0.1486275, 0.3888994, 0, 12.34169
C:\Users\Owner\Downloads\simulator-windows-64\dataTrack1\IMG\center_2024_11_20_20_10_59_623.jpg, C:\Users\Owner\Downloads\simulator-windows-64\dataTrack1\IMG\left_2024_11_20_20_10_59_623.jpg, C:\Users\Owner\Downloads\simulator-windows-64\dataTrack1\IMG\right_2024_11_20_20_10_59_623.jpg, -0.1055979, 0.5424964, 0, 12.90702
C:\Users\Owner\Downloads\simulator-windows-64\dataTrack1\IMG\center_2024_11_20_20_10_59_727.jpg, C:\Users\Owner\Downloads\simulator-windows-64\dataTrack1\IMG\left_2024_11_20_20_10_59_727.jpg, C:\Users\Owner\Downloads\simulator-windows-64\dataTrack1\IMG\right_2024_11_20_20_10_59_727.jpg, -0.358035, 0.1825194, 0, 13.03466
C:\Users\Owner\Downloads\simulator-windows-64\dataTrack1\IMG\center_2024_11_20_20_10_59_831.jpg, C:\Users\Owner\Downloads\simulator-windows-64\dataTrack1\IMG\left_2024_11_20_20_10_59_831.jpg, C:\Users\Owner\Downloads\simulator-windows-64\dataTrack1\IMG\right_2024_11_20_20_10_59_831.jpg, -0.04789622, 0.4926583, 0, 13.4764
C:\Users\Owner\Downloads\simulator-windows-64\dataTrack1\IMG\center_2024_11_20_20_10_59_932.jpg, C:\Users\Owner\Downloads\simulator-windows-64\dataTrack1\IMG\left_2024_11_20_20_10_59_932.jpg, C:\Users\Owner\Downloads\simulator-windows-64\dataTrack1\IMG\right_2024_11_20_20_10_59_932.jpg, 0, 0.3885741, 0, 13.82423
C:\Users\Owner\Downloads\simulator-windows-64\dataTrack1\IMG\center_2024_11_20_20_11_00_037.jpg, C:\Users\Owner\Downloads\simulator-windows-64\dataTrack1\IMG\left_2024_11_20_20_11_00_037.jpg, C:\Users\Owner\Downloads\simulator-windows-64\dataTrack1\IMG\right_2024_11_20_20_11_00_037.jpg, -0.1051473, 0.4847835, 0, 14.26656
C:\Users\Owner\Downloads\simulator-windows-64\dataTrack1\IMG\center_2024_11_20_20_11_00_140.jpg, C:\Users\Owner\Downloads\simulator-windows-64\dataTrack1\IMG\left_2024_11_20_20_11_00_140.jpg, C:\Users\Owner\Downloads\simulator-windows-64\dataTrack1\IMG\right_2024_11_20_20_11_00_140.jpg, -0.1062519, 0.485888, 0, 14.6855
C:\Users\Owner\Downloads\simulator-windows-64\dataTrack1\IMG\center_2024_11_20_20_11_00_243.jpg, C:\Users\Owner\Downloads\simulator-windows-64\dataTrack1\IMG\left_2024_11_20_20_11_00_243.jpg, C:\Users\Owner\Downloads\simulator-windows-64\dataTrack1\IMG\right_2024_11_20_20_11_00_243.jpg, 0, 0.4369691, 0, 15.07907
C:\Users\Owner\Downloads\simulator-windows-64\dataTrack1\IMG\center_2024_11_20_20_11_00_345.jpg, C:\Users\Owner\Downloads\simulator-windows-64\dataTrack1\IMG\left_2024_11_20_20_11_00_345.jpg, C:\Users\Owner\Downloads\simulator-windows-64\dataTrack1\IMG\right_2024_11_20_20_11_00_345.jpg, 0, 0.5345336, 0, 15.68087
C:\Users\Owner\Downloads\simulator-windows-64\dataTrack1\IMG\center_2024_11_20_20_11_00_449.jpg, C:\Users\Owner\Downloads\simulator-windows-64\dataTrack1\IMG\left_2024_11_20_20_11_00_449.jpg, C:\Users\Owner\Downloads\simulator-windows-64\dataTrack1\IMG\right_2024_11_20_20_11_00_449.jpg, -0.2061495, 0.4816277, 0, 16.00862
C:\Users\Owner\Downloads\simulator-windows-64\dataTrack1\IMG\center_2024_11_20_20_11_00_554.jpg, C:\Users\Owner\Downloads\simulator-windows-64\dataTrack1\IMG\left_2024_11_20_20_11_00_554.jpg, C:\Users\Owner\Downloads\simulator-windows-64\dataTrack1\IMG\right_2024_11_20_20_11_00_554.jpg, 0, 0.3907211, 0, 16.38975
C:\Users\Owner\Downloads\simulator-windows-64\dataTrack1\IMG\center_2024_11_20_20_11_00_658.jpg, C:\Users\Owner\Downloads\simulator-windows-64\dataTrack1\IMG\left_2024_11_20_20_11_00_658.jpg, C:\Users\Owner\Downloads\simulator-windows-64\dataTrack1\IMG\right_2024_11_20_20_11_00_658.jpg, -0.1055322, 0.3892521, 0, 16.64193
C:\Users\Owner\Downloads\simulator-windows-64\dataTrack1\IMG\center_2024_11_20_20_11_00_762.jpg, C:\Users\Owner\Downloads\simulator-windows-64\dataTrack1\IMG\left_2024_11_20_20_11_00_762.jpg, C:\Users\Owner\Downloads\simulator-windows-64\dataTrack1\IMG\right_2024_11_20_20_11_00_762.jpg, -0.3101631, 0.2948142, 0, 16.9791
C:\Users\Owner\Downloads\simulator-windows-64\dataTrack1\IMG\center_2024_11_20_20_11_00_863.jpg, C:\Users\Owner\Downloads\simulator-windows-64\dataTrack1\IMG\left_2024_11_20_20_11_00_863.jpg, C:\Users\Owner\Downloads\simulator-windows-64\dataTrack1\IMG\right_2024_11_20_20_11_00_863.jpg, -0.04857688, 0.1432848, 0, 16.98336
C:\Users\Owner\Downloads\simulator-windows-64\dataTrack1\IMG\center_2024_11_20_20_11_00_969.jpg, C:\Users\Owner\Downloads\simulator-windows-64\dataTrack1\IMG\left_2024_11_20_20_11_00_969.jpg, C:\Users\Owner\Downloads\simulator-windows-64\dataTrack1\IMG\right_2024_11_20_20_11_00_969.jpg, -0.3177549, 0.3950334, 0, 17.25746
C:\Users\Owner\Downloads\simulator-windows-64\dataTrack1\IMG\center_2024_11_20_20_11_01_079.jpg, C:\Users\Owner\Downloads\simulator-windows-64\dataTrack1\IMG\left_2024_11_20_20_11_01_079.jpg, C:\Users\Owner\Downloads\simulator-windows-64\dataTrack1\IMG\right_2024_11_20_20_11_01_079.jpg, 0, 0.06740848, 0, 17.31875
C:\Users\Owner\Downloads\simulator-windows-64\dataTrack1\IMG\center_2024_11_20_20_11_01_182.jpg, C:\Users\Owner\Downloads\simulator-windows-64\dataTrack1\IMG\left_2024_11_20_20_11_01_182.jpg, C:\Users\Owner\Downloads\simulator-windows-64\dataTrack1\IMG\right_2024_11_20_20_11_01_182.jpg, -0.0529839, 0.3792654, 0, 17.39827
C:\Users\Owner\Downloads\simulator-windows-64\dataTrack1\IMG\center_2024_11_20_20_11_01_287.jpg, C:\Users\Owner\Downloads\simulator-windows-64\dataTrack1\IMG\left_2024_11_20_20_11_01_287.jpg, C:\Users\Owner\Downloads\simulator-windows-64\dataTrack1\IMG\right_2024_11_20_20_11_01_287.jpg, -0.2628252, 0.06399685, 0, 17.51299
C:\Users\Owner\Downloads\simulator-windows-64\dataTrack1\IMG\center_2024_11_20_20_11_01_390.jpg, C:\Users\Owner\Downloads\simulator-windows-64\dataTrack1\IMG\left_2024_11_20_20_11_01_390.jpg, C:\Users\Owner\Downloads\simulator-windows-64\dataTrack1\IMG\right_2024_11_20_20_11_01_390.jpg, 0, 0.2027334, 0, 17.39294
C:\Users\Owner\Downloads\simulator-windows-64\dataTrack1\IMG\center_2024_11_20_20_11_01_493.jpg, C:\Users\Owner\Downloads\simulator-windows-64\dataTrack1\IMG\left_2024_11_20_20_11_01_493.jpg, C:\Users\Owner\Downloads\simulator-windows-64\dataTrack1\IMG\right_2024_11_20_20_11_01_493.jpg, -0.122232, 0.2044947, 0, 17.58392
C:\Users\Owner\Downloads\simulator-windows-64\dataTrack1\IMG\center_2024_11_20_20_11_01_597.jpg, C:\Users\Owner\Downloads\simulator-windows-64\dataTrack1\IMG\left_2024_11_20_20_11_01_597.jpg, C:\Users\Owner\Downloads\simulator-windows-64\dataTrack1\IMG\right_2024_11_20_20_11_01_597.jpg, 0, 0.1034802, 0, 17.47225
C:\Users\Owner\Downloads\simulator-windows-64\dataTrack1\IMG\center_2024_11_20_20_11_01_699.jpg, C:\Users\Owner\Downloads\simulator-windows-64\dataTrack1\IMG\left_2024_11_20_20_11_01_699.jpg, C:\Users\Owner\Downloads\simulator-windows-64\dataTrack1\IMG\right_2024_11_20_20_11_01_699.jpg, -0.099285, 0.2027652, 0, 17.57105
C:\Users\Owner\Downloads\simulator-windows-64\dataTrack1\IMG\center_2024_11_20_20_11_01_804.jpg, C:\Users\Owner\Downloads\simulator-windows-64\dataTrack1\IMG\left_2024_11_20_20_11_01_804.jpg, C:\Users\Owner\Downloads\simulator-windows-64\dataTrack1\IMG\right_2024_11_20_20_11_01_804.jpg, -0.0544665, 0, 0, 17.46439
C:\Users\Owner\Downloads\simulator-windows-64\dataTrack1\IMG\center_2024_11_20_20_11_01_905.jpg, C:\Users\Owner\Downloads\simulator-windows-64\dataTrack1\IMG\left_2024_11_20_20_11_01_905.jpg, C:\Users\Owner\Downloads\simulator-windows-64\dataTrack1\IMG\right_2024_11_20_20_11_01_905.jpg, -0.3116565, 0.25719, 0, 17.42538
C:\Users\Owner\Downloads\simulator-windows-64\dataTrack1\IMG\center_2024_11_20_20_11_02_009.jpg, C:\Users\Owner\Downloads\simulator-windows-64\dataTrack1\IMG\left_2024_11_20_20_11_02_009.jpg, C:\Users\Owner\Downloads\simulator-windows-64\dataTrack1\IMG\right_2024_11_20_20_11_02_009.jpg, -0.05071051, 0, 0, 17.41829
C:\Users\Owner\Downloads\simulator-windows-64\dataTrack1\IMG\center_2024_11_20_20_11_02_113.jpg, C:\Users\Owner\Downloads\simulator-windows-64\dataTrack1\IMG\left_2024_11_20_20_11_02_113.jpg, C:\Users\Owner\Downloads\simulator-windows-64\dataTrack1\IMG\right_2024_11_20_20_11_02_113.jpg, 0, 0.1564266, 0, 17.26034
C:\Users\Owner\Downloads\simulator-windows-64\dataTrack1\IMG\center_2024_11_20_20_11_02_216.jpg, C:\Users\Owner\Downloads\simulator-windows-64\dataTrack1\IMG\left_2024_11_20_20_11_02_216.jpg, C:\Users\Owner\Downloads\simulator-windows-64\dataTrack1\IMG\right_2024_11_20_20_11_02_216.jpg, -0.3090387, 0.1551351, 0, 17.3591
C:\Users\Owner\Downloads\simulator-windows-64\dataTrack1\IMG\center_2024_11_20_20_11_02_321.jpg, C:\Users\Owner\Downloads\simulator-windows-64\dataTrack1\IMG\left_2024_11_20_20_11_02_321.jpg, C:\Users\Owner\Downloads\simulator-windows-64\dataTrack1\IMG\right_2024_11_20_20_11_02_321.jpg, 0, 0, 0, 17.20064
C:\Users\Owner\Downloads\simulator-windows-64\dataTrack1\IMG\center_2024_11_20_20_11_02_424.jpg, C:\Users\Owner\Downloads\simulator-windows-64\dataTrack1\IMG\left_2024_11_20_20_11_02_424.jpg, C:\Users\Owner\Downloads\simulator-windows-64\dataTrack1\IMG\right_2024_11_20_20_11_02_424.jpg, -0.1031703, 0.2573889, 0, 17.18706
C:\Users\Owner\Downloads\simulator-windows-64\dataTrack1\IMG\center_2024_11_20_20_11_02_528.jpg, C:\Users\Owner\Downloads\simulator-windows-64\dataTrack1\IMG\left_2024_11_20_20_11_02_528.jpg, C:\Users\Owner\Downloads\simulator-windows-64\dataTrack1\IMG\right_2024_11_20_20_11_02_528.jpg, -0.1528968, 0, 0, 17.17084
C:\Users\Owner\Downloads\simulator-windows-64\dataTrack1\IMG\center_2024_11_20_20_11_02_633.jpg, C:\Users\Owner\Downloads\simulator-windows-64\dataTrack1\IMG\left_2024_11_20_20_11_02_633.jpg, C:\Users\Owner\Downloads\simulator-windows-64\dataTrack1\IMG\right_2024_11_20_20_11_02_633.jpg, -0.0528687, 0.2087043, 0, 17.05964
C:\Users\Owner\Downloads\simulator-windows-64\dataTrack1\IMG\center_2024_11_20_20_11_02_733.jpg, C:\Users\Owner\Downloads\simulator-windows-64\dataTrack1\IMG\left_2024_11_20_20_11_02_733.jpg, C:\Users\Owner\Downloads\simulator-windows-64\dataTrack1\IMG\right_2024_11_20_20_11_02_733.jpg, -0.04536779, 0.2012034, 0, 17.25448
C:\Users\Owner\Downloads\simulator-windows-64\dataTrack1\IMG\center_2024_11_20_20_11_02_838.jpg, C:\Users\Owner\Downloads\simulator-windows-64\dataTrack1\IMG\left_2024_11_20_20_11_02_838.jpg, C:\Users\Owner\Downloads\simulator-windows-64\dataTrack1\IMG\right_2024_11_20_20_11_02_838.jpg, 0, 0.0539781, 0, 17.13775
C:\Users\Owner\Downloads\simulator-windows-64\dataTrack1\IMG\center_2024_11_20_20_11_02_940.jpg, C:\Users\Owner\Downloads\simulator-windows-64\dataTrack1\IMG\left_2024_11_20_20_11_02_940.jpg, C:\Users\Owner\Downloads\simulator-windows-64\dataTrack1\IMG\right_2024_11_20_20_11_02_940.jpg, -0.3059355, 0.2522862, 0, 17.17227
C:\Users\Owner\Downloads\simulator-windows-64\dataTrack1\IMG\center_2024_11_20_20_11_03_044.jpg, C:\Users\Owner\Downloads\simulator-windows-64\dataTrack1\IMG\left_2024_11_20_20_11_03_044.jpg, C:\Users\Owner\Downloads\simulator-windows-64\dataTrack1\IMG\right_2024_11_20_20_11_03_044.jpg, -0.1020891, 0, 0, 17.14014
C:\Users\Owner\Downloads\simulator-windows-64\dataTrack1\IMG\center_2024_11_20_20_11_03_146.jpg, C:\Users\Owner\Downloads\simulator-windows-64\dataTrack1\IMG\left_2024_11_20_20_11_03_146.jpg, C:\Users\Owner\Downloads\simulator-windows-64\dataTrack1\IMG\right_2024_11_20_20_11_03_146.jpg, -0.4110183, 0.2063202, 0, 16.96847
C:\Users\Owner\Downloads\simulator-windows-64\dataTrack1\IMG\center_2024_11_20_20_11_03_251.jpg, C:\Users\Owner\Downloads\simulator-windows-64\dataTrack1\IMG\left_2024_11_20_20_11_03_251.jpg, C:\Users\Owner\Downloads\simulator-windows-64\dataTrack1\IMG\right_2024_11_20_20_11_03_251.jpg, -0.2725161, 0.06781799, 0, 17.0137
C:\Users\Owner\Downloads\simulator-windows-64\dataTrack1\IMG\center_2024_11_20_20_11_03_355.jpg, C:\Users\Owner\Downloads\simulator-windows-64\dataTrack1\IMG\left_2024_11_20_20_11_03_355.jpg, C:\Users\Owner\Downloads\simulator-windows-64\dataTrack1\IMG\right_2024_11_20_20_11_03_355.jpg, -0.1600914, 0.1573401, 0, 16.87424
C:\Users\Owner\Downloads\simulator-windows-64\dataTrack1\IMG\center_2024_11_20_20_11_03_459.jpg, C:\Users\Owner\Downloads\simulator-windows-64\dataTrack1\IMG\left_2024_11_20_20_11_03_459.jpg, C:\Users\Owner\Downloads\simulator-windows-64\dataTrack1\IMG\right_2024_11_20_20_11_03_459.jpg, -0.2671784, 0.1565274, 0, 17.01391
C:\Users\Owner\Downloads\simulator-windows-64\dataTrack1\IMG\center_2024_11_20_20_11_03_562.jpg, C:\Users\Owner\Downloads\simulator-windows-64\dataTrack1\IMG\left_2024_11_20_20_11_03_562.jpg, C:\Users\Owner\Downloads\simulator-windows-64\dataTrack1\IMG\right_2024_11_20_20_11_03_562.jpg, 0, 0, 0, 16.86302
C:\Users\Owner\Downloads\simulator-windows-64\dataTrack1\IMG\center_2024_11_20_20_11_03_665.jpg, C:\Users\Owner\Downloads\simulator-windows-64\dataTrack1\IMG\left_2024_11_20_20_11_03_665.jpg, C:\Users\Owner\Downloads\simulator-windows-64\dataTrack1\IMG\right_2024_11_20_20_11_03_665.jpg, 0, 0, 0, 16.69735
C:\Users\Owner\Downloads\simulator-windows-64\dataTrack1\IMG\center_2024_11_20_20_11_03_769.jpg, C:\Users\Owner\Downloads\simulator-windows-64\dataTrack1\IMG\left_2024_11_20_20_11_03_769.jpg, C:\Users\Owner\Downloads\simulator-windows-64\dataTrack1\IMG\right_2024_11_20_20_11_03_769.jpg, 0, 0, 0, 16.49018
C:\Users\Owner\Downloads\simulator-windows-64\dataTrack1\IMG\center_2024_11_20_20_11_03_873.jpg, C:\Users\Owner\Downloads\simulator-windows-64\dataTrack1\IMG\left_2024_11_20_20_11_03_873.jpg, C:\Users\Owner\Downloads\simulator-windows-64\dataTrack1\IMG\right_2024_11_20_20_11_03_873.jpg, 0, 0, 0, 16.32216
C:\Users\Owner\Downloads\simulator-windows-64\dataTrack1\IMG\center_2024_11_20_20_11_03_974.jpg, C:\Users\Owner\Downloads\simulator-windows-64\dataTrack1\IMG\left_2024_11_20_20_11_03_974.jpg, C:\Users\Owner\Downloads\simulator-windows-64\dataTrack1\IMG\right_2024_11_20_20_11_03_974.jpg, 0, 0.2022534, 0, 16.22789
C:\Users\Owner\Downloads\simulator-windows-64\dataTrack1\IMG\center_2024_11_20_20_11_04_078.jpg, C:\Users\Owner\Downloads\simulator-windows-64\dataTrack1\IMG\left_2024_11_20_20_11_04_078.jpg, C:\Users\Owner\Downloads\simulator-windows-64\dataTrack1\IMG\right_2024_11_20_20_11_04_078.jpg, 0, 0.2029398, 0, 16.41428
C:\Users\Owner\Downloads\simulator-windows-64\dataTrack1\IMG\center_2024_11_20_20_11_04_181.jpg, C:\Users\Owner\Downloads\simulator-windows-64\dataTrack1\IMG\left_2024_11_20_20_11_04_181.jpg, C:\Users\Owner\Downloads\simulator-windows-64\dataTrack1\IMG\right_2024_11_20_20_11_04_181.jpg, 0, 0.301065, 0, 16.43148
C:\Users\Owner\Downloads\simulator-windows-64\dataTrack1\IMG\center_2024_11_20_20_11_04_285.jpg, C:\Users\Owner\Downloads\simulator-windows-64\dataTrack1\IMG\left_2024_11_20_20_11_04_285.jpg, C:\Users\Owner\Downloads\simulator-windows-64\dataTrack1\IMG\right_2024_11_20_20_11_04_285.jpg, 0, 0.4582608, 0, 16.81357
C:\Users\Owner\Downloads\simulator-windows-64\dataTrack1\IMG\center_2024_11_20_20_11_04_390.jpg, C:\Users\Owner\Downloads\simulator-windows-64\dataTrack1\IMG\left_2024_11_20_20_11_04_390.jpg, C:\Users\Owner\Downloads\simulator-windows-64\dataTrack1\IMG\right_2024_11_20_20_11_04_390.jpg, 0, 0.5020425, 0, 17.16358
C:\Users\Owner\Downloads\simulator-windows-64\dataTrack1\IMG\center_2024_11_20_20_11_04_493.jpg, C:\Users\Owner\Downloads\simulator-windows-64\dataTrack1\IMG\left_2024_11_20_20_11_04_493.jpg, C:\Users\Owner\Downloads\simulator-windows-64\dataTrack1\IMG\right_2024_11_20_20_11_04_493.jpg, 0, 0.504618, 0, 17.72776
C:\Users\Owner\Downloads\simulator-windows-64\dataTrack1\IMG\center_2024_11_20_20_11_04_596.jpg, C:\Users\Owner\Downloads\simulator-windows-64\dataTrack1\IMG\left_2024_11_20_20_11_04_596.jpg, C:\Users\Owner\Downloads\simulator-windows-64\dataTrack1\IMG\right_2024_11_20_20_11_04_596.jpg, 0, 0.5017419, 0, 18.06736
C:\Users\Owner\Downloads\simulator-windows-64\dataTrack1\IMG\center_2024_11_20_20_11_04_700.jpg, C:\Users\Owner\Downloads\simulator-windows-64\dataTrack1\IMG\left_2024_11_20_20_11_04_700.jpg, C:\Users\Owner\Downloads\simulator-windows-64\dataTrack1\IMG\right_2024_11_20_20_11_04_700.jpg, 0, 0.7045013, 0, 18.68676
C:\Users\Owner\Downloads\simulator-windows-64\dataTrack1\IMG\center_2024_11_20_20_11_04_804.jpg, C:\Users\Owner\Downloads\simulator-windows-64\dataTrack1\IMG\left_2024_11_20_20_11_04_804.jpg, C:\Users\Owner\Downloads\simulator-windows-64\dataTrack1\IMG\right_2024_11_20_20_11_04_804.jpg, -0.3133917, 0.3911096, 0, 19.13738
C:\Users\Owner\Downloads\simulator-windows-64\dataTrack1\IMG\center_2024_11_20_20_11_04_907.jpg, C:\Users\Owner\Downloads\simulator-windows-64\dataTrack1\IMG\left_2024_11_20_20_11_04_907.jpg, C:\Users\Owner\Downloads\simulator-windows-64\dataTrack1\IMG\right_2024_11_20_20_11_04_907.jpg, -0.171216, 0.4869407, 0, 19.35545
C:\Users\Owner\Downloads\simulator-windows-64\dataTrack1\IMG\center_2024_11_20_20_11_05_009.jpg, C:\Users\Owner\Downloads\simulator-windows-64\dataTrack1\IMG\left_2024_11_20_20_11_05_009.jpg, C:\Users\Owner\Downloads\simulator-windows-64\dataTrack1\IMG\right_2024_11_20_20_11_05_009.jpg, 0, 0.3804059, 0, 19.7814
C:\Users\Owner\Downloads\simulator-windows-64\dataTrack1\IMG\center_2024_11_20_20_11_05_113.jpg, C:\Users\Owner\Downloads\simulator-windows-64\dataTrack1\IMG\left_2024_11_20_20_11_05_113.jpg, C:\Users\Owner\Downloads\simulator-windows-64\dataTrack1\IMG\right_2024_11_20_20_11_05_113.jpg, 0, 0.06992749, 0, 19.80237
C:\Users\Owner\Downloads\simulator-windows-64\dataTrack1\IMG\center_2024_11_20_20_11_05_216.jpg, C:\Users\Owner\Downloads\simulator-windows-64\dataTrack1\IMG\left_2024_11_20_20_11_05_216.jpg, C:\Users\Owner\Downloads\simulator-windows-64\dataTrack1\IMG\right_2024_11_20_20_11_05_216.jpg, 0, 0.2231013, 0, 19.70979
C:\Users\Owner\Downloads\simulator-windows-64\dataTrack1\IMG\center_2024_11_20_20_11_05_321.jpg, C:\Users\Owner\Downloads\simulator-windows-64\dataTrack1\IMG\left_2024_11_20_20_11_05_321.jpg, C:\Users\Owner\Downloads\simulator-windows-64\dataTrack1\IMG\right_2024_11_20_20_11_05_321.jpg, 0, 0.1174587, 0, 19.8213
C:\Users\Owner\Downloads\simulator-windows-64\dataTrack1\IMG\center_2024_11_20_20_11_05_424.jpg, C:\Users\Owner\Downloads\simulator-windows-64\dataTrack1\IMG\left_2024_11_20_20_11_05_424.jpg, C:\Users\Owner\Downloads\simulator-windows-64\dataTrack1\IMG\right_2024_11_20_20_11_05_424.jpg, 0, 0.1711269, 0, 19.7093
C:\Users\Owner\Downloads\simulator-windows-64\dataTrack1\IMG\center_2024_11_20_20_11_05_527.jpg, C:\Users\Owner\Downloads\simulator-windows-64\dataTrack1\IMG\left_2024_11_20_20_11_05_527.jpg, C:\Users\Owner\Downloads\simulator-windows-64\dataTrack1\IMG\right_2024_11_20_20_11_05_527.jpg, 0, 0, 0, 19.58278
C:\Users\Owner\Downloads\simulator-windows-64\dataTrack1\IMG\center_2024_11_20_20_11_05_631.jpg, C:\Users\Owner\Downloads\simulator-windows-64\dataTrack1\IMG\left_2024_11_20_20_11_05_631.jpg, C:\Users\Owner\Downloads\simulator-windows-64\dataTrack1\IMG\right_2024_11_20_20_11_05_631.jpg, 0, 0.3088317, 0, 19.59578
C:\Users\Owner\Downloads\simulator-windows-64\dataTrack1\IMG\center_2024_11_20_20_11_05_733.jpg, C:\Users\Owner\Downloads\simulator-windows-64\dataTrack1\IMG\left_2024_11_20_20_11_05_733.jpg, C:\Users\Owner\Downloads\simulator-windows-64\dataTrack1\IMG\right_2024_11_20_20_11_05_733.jpg, -0.1503786, 0.002216399, 0, 19.56444
C:\Users\Owner\Downloads\simulator-windows-64\dataTrack1\IMG\center_2024_11_20_20_11_05_838.jpg, C:\Users\Owner\Downloads\simulator-windows-64\dataTrack1\IMG\left_2024_11_20_20_11_05_838.jpg, C:\Users\Owner\Downloads\simulator-windows-64\dataTrack1\IMG\right_2024_11_20_20_11_05_838.jpg, -0.4666635, 0.1605159, 0, 19.30586
C:\Users\Owner\Downloads\simulator-windows-64\dataTrack1\IMG\center_2024_11_20_20_11_05_941.jpg, C:\Users\Owner\Downloads\simulator-windows-64\dataTrack1\IMG\left_2024_11_20_20_11_05_941.jpg, C:\Users\Owner\Downloads\simulator-windows-64\dataTrack1\IMG\right_2024_11_20_20_11_05_941.jpg, -0.1588992, 0.060534, 0, 19.35875
C:\Users\Owner\Downloads\simulator-windows-64\dataTrack1\IMG\center_2024_11_20_20_11_06_044.jpg, C:\Users\Owner\Downloads\simulator-windows-64\dataTrack1\IMG\left_2024_11_20_20_11_06_044.jpg, C:\Users\Owner\Downloads\simulator-windows-64\dataTrack1\IMG\right_2024_11_20_20_11_06_044.jpg, 0, 0.1039686, 0, 19.11782
C:\Users\Owner\Downloads\simulator-windows-64\dataTrack1\IMG\center_2024_11_20_20_11_06_147.jpg, C:\Users\Owner\Downloads\simulator-windows-64\dataTrack1\IMG\left_2024_11_20_20_11_06_147.jpg, C:\Users\Owner\Downloads\simulator-windows-64\dataTrack1\IMG\right_2024_11_20_20_11_06_147.jpg, 0, 0.1043403, 0, 19.17878
C:\Users\Owner\Downloads\simulator-windows-64\dataTrack1\IMG\center_2024_11_20_20_11_06_251.jpg, C:\Users\Owner\Downloads\simulator-windows-64\dataTrack1\IMG\left_2024_11_20_20_11_06_251.jpg, C:\Users\Owner\Downloads\simulator-windows-64\dataTrack1\IMG\right_2024_11_20_20_11_06_251.jpg, 0, 0.0528213, 0, 19.01546
C:\Users\Owner\Downloads\simulator-windows-64\dataTrack1\IMG\center_2024_11_20_20_11_06_356.jpg, C:\Users\Owner\Downloads\simulator-windows-64\dataTrack1\IMG\left_2024_11_20_20_11_06_356.jpg, C:\Users\Owner\Downloads\simulator-windows-64\dataTrack1\IMG\right_2024_11_20_20_11_06_356.jpg, 0, 0.3678516, 0, 19.08936
C:\Users\Owner\Downloads\simulator-windows-64\dataTrack1\IMG\center_2024_11_20_20_11_06_458.jpg, C:\Users\Owner\Downloads\simulator-windows-64\dataTrack1\IMG\left_2024_11_20_20_11_06_458.jpg, C:\Users\Owner\Downloads\simulator-windows-64\dataTrack1\IMG\right_2024_11_20_20_11_06_458.jpg, 0, 0.05967631, 0, 19.17649
C:\Users\Owner\Downloads\simulator-windows-64\dataTrack1\IMG\center_2024_11_20_20_11_06_562.jpg, C:\Users\Owner\Downloads\simulator-windows-64\dataTrack1\IMG\left_2024_11_20_20_11_06_562.jpg, C:\Users\Owner\Downloads\simulator-windows-64\dataTrack1\IMG\right_2024_11_20_20_11_06_562.jpg, 0, 0.267501, 0, 19.20857
C:\Users\Owner\Downloads\simulator-windows-64\dataTrack1\IMG\center_2024_11_20_20_11_06_665.jpg, C:\Users\Owner\Downloads\simulator-windows-64\dataTrack1\IMG\left_2024_11_20_20_11_06_665.jpg, C:\Users\Owner\Downloads\simulator-windows-64\dataTrack1\IMG\right_2024_11_20_20_11_06_665.jpg, 0, 0.008946333, 0, 19.19081
C:\Users\Owner\Downloads\simulator-windows-64\dataTrack1\IMG\center_2024_11_20_20_11_06_768.jpg, C:\Users\Owner\Downloads\simulator-windows-64\dataTrack1\IMG\left_2024_11_20_20_11_06_768.jpg, C:\Users\Owner\Downloads\simulator-windows-64\dataTrack1\IMG\right_2024_11_20_20_11_06_768.jpg, -0.0310008, 0.3069078, 0, 19.18438
C:\Users\Owner\Downloads\simulator-windows-64\dataTrack1\IMG\center_2024_11_20_20_11_06_873.jpg, C:\Users\Owner\Downloads\simulator-windows-64\dataTrack1\IMG\left_2024_11_20_20_11_06_873.jpg, C:\Users\Owner\Downloads\simulator-windows-64\dataTrack1\IMG\right_2024_11_20_20_11_06_873.jpg, 0, 0, 0, 19.15221
C:\Users\Owner\Downloads\simulator-windows-64\dataTrack1\IMG\center_2024_11_20_20_11_06_974.jpg, C:\Users\Owner\Downloads\simulator-windows-64\dataTrack1\IMG\left_2024_11_20_20_11_06_974.jpg, C:\Users\Owner\Downloads\simulator-windows-64\dataTrack1\IMG\right_2024_11_20_20_11_06_974.jpg, 0, 0.2043816, 0, 19.05672
C:\Users\Owner\Downloads\simulator-windows-64\dataTrack1\IMG\center_2024_11_20_20_11_07_078.jpg, C:\Users\Owner\Downloads\simulator-windows-64\dataTrack1\IMG\left_2024_11_20_20_11_07_078.jpg, C:\Users\Owner\Downloads\simulator-windows-64\dataTrack1\IMG\right_2024_11_20_20_11_07_078.jpg, -0.0530022, 0, 0, 18.95329
C:\Users\Owner\Downloads\simulator-windows-64\dataTrack1\IMG\center_2024_11_20_20_11_07_181.jpg, C:\Users\Owner\Downloads\simulator-windows-64\dataTrack1\IMG\left_2024_11_20_20_11_07_181.jpg, C:\Users\Owner\Downloads\simulator-windows-64\dataTrack1\IMG\right_2024_11_20_20_11_07_181.jpg, -0.362085, 0, 0, 18.69671
C:\Users\Owner\Downloads\simulator-windows-64\dataTrack1\IMG\center_2024_11_20_20_11_07_285.jpg, C:\Users\Owner\Downloads\simulator-windows-64\dataTrack1\IMG\left_2024_11_20_20_11_07_285.jpg, C:\Users\Owner\Downloads\simulator-windows-64\dataTrack1\IMG\right_2024_11_20_20_11_07_285.jpg, -0.1014354, 0.1042209, 0, 18.51363
C:\Users\Owner\Downloads\simulator-windows-64\dataTrack1\IMG\center_2024_11_20_20_11_07_390.jpg, C:\Users\Owner\Downloads\simulator-windows-64\dataTrack1\IMG\left_2024_11_20_20_11_07_390.jpg, C:\Users\Owner\Downloads\simulator-windows-64\dataTrack1\IMG\right_2024_11_20_20_11_07_390.jpg, 0, 0.063291, 0, 18.5449
C:\Users\Owner\Downloads\simulator-windows-64\dataTrack1\IMG\center_2024_11_20_20_11_07_493.jpg, C:\Users\Owner\Downloads\simulator-windows-64\dataTrack1\IMG\left_2024_11_20_20_11_07_493.jpg, C:\Users\Owner\Downloads\simulator-windows-64\dataTrack1\IMG\right_2024_11_20_20_11_07_493.jpg, 0, 0.1030107, 0, 18.39005
C:\Users\Owner\Downloads\simulator-windows-64\dataTrack1\IMG\center_2024_11_20_20_11_07_597.jpg, C:\Users\Owner\Downloads\simulator-windows-64\dataTrack1\IMG\left_2024_11_20_20_11_07_597.jpg, C:\Users\Owner\Downloads\simulator-windows-64\dataTrack1\IMG\right_2024_11_20_20_11_07_597.jpg, 0, 0, 0, 18.29931
C:\Users\Owner\Downloads\simulator-windows-64\dataTrack1\IMG\center_2024_11_20_20_11_07_700.jpg, C:\Users\Owner\Downloads\simulator-windows-64\dataTrack1\IMG\left_2024_11_20_20_11_07_700.jpg, C:\Users\Owner\Downloads\simulator-windows-64\dataTrack1\IMG\right_2024_11_20_20_11_07_700.jpg, 0, 0.0513486, 0, 18.1454
C:\Users\Owner\Downloads\simulator-windows-64\dataTrack1\IMG\center_2024_11_20_20_11_07_803.jpg, C:\Users\Owner\Downloads\simulator-windows-64\dataTrack1\IMG\left_2024_11_20_20_11_07_803.jpg, C:\Users\Owner\Downloads\simulator-windows-64\dataTrack1\IMG\right_2024_11_20_20_11_07_803.jpg, -0.1554855, 0.2529753, 0, 18.14046
C:\Users\Owner\Downloads\simulator-windows-64\dataTrack1\IMG\center_2024_11_20_20_11_07_908.jpg, C:\Users\Owner\Downloads\simulator-windows-64\dataTrack1\IMG\left_2024_11_20_20_11_07_908.jpg, C:\Users\Owner\Downloads\simulator-windows-64\dataTrack1\IMG\right_2024_11_20_20_11_07_908.jpg, -0.3627264, 0, 0, 17.97202
C:\Users\Owner\Downloads\simulator-windows-64\dataTrack1\IMG\center_2024_11_20_20_11_08_009.jpg, C:\Users\Owner\Downloads\simulator-windows-64\dataTrack1\IMG\left_2024_11_20_20_11_08_009.jpg, C:\Users\Owner\Downloads\simulator-windows-64\dataTrack1\IMG\right_2024_11_20_20_11_08_009.jpg, -0.0586809, 0.3040455, 0, 18.01553
C:\Users\Owner\Downloads\simulator-windows-64\dataTrack1\IMG\center_2024_11_20_20_11_08_112.jpg, C:\Users\Owner\Downloads\simulator-windows-64\dataTrack1\IMG\left_2024_11_20_20_11_08_112.jpg, C:\Users\Owner\Downloads\simulator-windows-64\dataTrack1\IMG\right_2024_11_20_20_11_08_112.jpg, 0, 0, 0, 17.94651
C:\Users\Owner\Downloads\simulator-windows-64\dataTrack1\IMG\center_2024_11_20_20_11_08_216.jpg, C:\Users\Owner\Downloads\simulator-windows-64\dataTrack1\IMG\left_2024_11_20_20_11_08_216.jpg, C:\Users\Owner\Downloads\simulator-windows-64\dataTrack1\IMG\right_2024_11_20_20_11_08_216.jpg, -0.3116001, 0, 0, 17.77242
C:\Users\Owner\Downloads\simulator-windows-64\dataTrack1\IMG\center_2024_11_20_20_11_08_320.jpg, C:\Users\Owner\Downloads\simulator-windows-64\dataTrack1\IMG\left_2024_11_20_20_11_08_320.jpg, C:\Users\Owner\Downloads\simulator-windows-64\dataTrack1\IMG\right_2024_11_20_20_11_08_320.jpg, -0.001610093, 0, 0, 17.55478
C:\Users\Owner\Downloads\simulator-windows-64\dataTrack1\IMG\center_2024_11_20_20_11_08_424.jpg, C:\Users\Owner\Downloads\simulator-windows-64\dataTrack1\IMG\left_2024_11_20_20_11_08_424.jpg, C:\Users\Owner\Downloads\simulator-windows-64\dataTrack1\IMG\right_2024_11_20_20_11_08_424.jpg, -0.1515537, 0.1002561, 0, 17.40522
C:\Users\Owner\Downloads\simulator-windows-64\dataTrack1\IMG\center_2024_11_20_20_11_08_529.jpg, C:\Users\Owner\Downloads\simulator-windows-64\dataTrack1\IMG\left_2024_11_20_20_11_08_529.jpg, C:\Users\Owner\Downloads\simulator-windows-64\dataTrack1\IMG\right_2024_11_20_20_11_08_529.jpg, -0.05623799, 0.053667, 0, 17.42779
C:\Users\Owner\Downloads\simulator-windows-64\dataTrack1\IMG\center_2024_11_20_20_11_08_632.jpg, C:\Users\Owner\Downloads\simulator-windows-64\dataTrack1\IMG\left_2024_11_20_20_11_08_632.jpg, C:\Users\Owner\Downloads\simulator-windows-64\dataTrack1\IMG\right_2024_11_20_20_11_08_632.jpg, 0, 0.1031994, 0, 17.2489
C:\Users\Owner\Downloads\simulator-windows-64\dataTrack1\IMG\center_2024_11_20_20_11_08_736.jpg, C:\Users\Owner\Downloads\simulator-windows-64\dataTrack1\IMG\left_2024_11_20_20_11_08_736.jpg, C:\Users\Owner\Downloads\simulator-windows-64\dataTrack1\IMG\right_2024_11_20_20_11_08_736.jpg, -0.0540624, 0.2047377, 0, 17.37736
C:\Users\Owner\Downloads\simulator-windows-64\dataTrack1\IMG\center_2024_11_20_20_11_08_840.jpg, C:\Users\Owner\Downloads\simulator-windows-64\dataTrack1\IMG\left_2024_11_20_20_11_08_840.jpg, C:\Users\Owner\Downloads\simulator-windows-64\dataTrack1\IMG\right_2024_11_20_20_11_08_840.jpg, -0.2567655, 0, 0, 17.23634
C:\Users\Owner\Downloads\simulator-windows-64\dataTrack1\IMG\center_2024_11_20_20_11_08_942.jpg, C:\Users\Owner\Downloads\simulator-windows-64\dataTrack1\IMG\left_2024_11_20_20_11_08_942.jpg, C:\Users\Owner\Downloads\simulator-windows-64\dataTrack1\IMG\right_2024_11_20_20_11_08_942.jpg, 0, 0.1055766, 0, 17.20988
C:\Users\Owner\Downloads\simulator-windows-64\dataTrack1\IMG\center_2024_11_20_20_11_09_044.jpg, C:\Users\Owner\Downloads\simulator-windows-64\dataTrack1\IMG\left_2024_11_20_20_11_09_044.jpg, C:\Users\Owner\Downloads\simulator-windows-64\dataTrack1\IMG\right_2024_11_20_20_11_09_044.jpg, 0, 0, 0, 17.03486
C:\Users\Owner\Downloads\simulator-windows-64\dataTrack1\IMG\center_2024_11_20_20_11_09_147.jpg, C:\Users\Owner\Downloads\simulator-windows-64\dataTrack1\IMG\left_2024_11_20_20_11_09_147.jpg, C:\Users\Owner\Downloads\simulator-windows-64\dataTrack1\IMG\right_2024_11_20_20_11_09_147.jpg, -0.1042152, 0.2270862, 0, 16.93763
C:\Users\Owner\Downloads\simulator-windows-64\dataTrack1\IMG\center_2024_11_20_20_11_09_250.jpg, C:\Users\Owner\Downloads\simulator-windows-64\dataTrack1\IMG\left_2024_11_20_20_11_09_250.jpg, C:\Users\Owner\Downloads\simulator-windows-64\dataTrack1\IMG\right_2024_11_20_20_11_09_250.jpg, -0.1039248, 0, 0, 16.83581
C:\Users\Owner\Downloads\simulator-windows-64\dataTrack1\IMG\center_2024_11_20_20_11_09_356.jpg, C:\Users\Owner\Downloads\simulator-windows-64\dataTrack1\IMG\left_2024_11_20_20_11_09_356.jpg, C:\Users\Owner\Downloads\simulator-windows-64\dataTrack1\IMG\right_2024_11_20_20_11_09_356.jpg, 0, 0.1586145, 0, 16.70195
C:\Users\Owner\Downloads\simulator-windows-64\dataTrack1\IMG\center_2024_11_20_20_11_09_459.jpg, C:\Users\Owner\Downloads\simulator-windows-64\dataTrack1\IMG\left_2024_11_20_20_11_09_459.jpg, C:\Users\Owner\Downloads\simulator-windows-64\dataTrack1\IMG\right_2024_11_20_20_11_09_459.jpg, 0, 0, 0, 16.59864
C:\Users\Owner\Downloads\simulator-windows-64\dataTrack1\IMG\center_2024_11_20_20_11_09_563.jpg, C:\Users\Owner\Downloads\simulator-windows-64\dataTrack1\IMG\left_2024_11_20_20_11_09_563.jpg, C:\Users\Owner\Downloads\simulator-windows-64\dataTrack1\IMG\right_2024_11_20_20_11_09_563.jpg, 0, 0, 0, 16.42836
C:\Users\Owner\Downloads\simulator-windows-64\dataTrack1\IMG\center_2024_11_20_20_11_09_667.jpg, C:\Users\Owner\Downloads\simulator-windows-64\dataTrack1\IMG\left_2024_11_20_20_11_09_667.jpg, C:\Users\Owner\Downloads\simulator-windows-64\dataTrack1\IMG\right_2024_11_20_20_11_09_667.jpg, -0.0522921, 0.1561791, 0, 16.30429
C:\Users\Owner\Downloads\simulator-windows-64\dataTrack1\IMG\center_2024_11_20_20_11_09_774.jpg, C:\Users\Owner\Downloads\simulator-windows-64\dataTrack1\IMG\left_2024_11_20_20_11_09_774.jpg, C:\Users\Owner\Downloads\simulator-windows-64\dataTrack1\IMG\right_2024_11_20_20_11_09_774.jpg, 0, 0.1256385, 0, 16.4727
C:\Users\Owner\Downloads\simulator-windows-64\dataTrack1\IMG\center_2024_11_20_20_11_09_878.jpg, C:\Users\Owner\Downloads\simulator-windows-64\dataTrack1\IMG\left_2024_11_20_20_11_09_878.jpg, C:\Users\Owner\Downloads\simulator-windows-64\dataTrack1\IMG\right_2024_11_20_20_11_09_878.jpg, 0, 0, 0, 16.33302
C:\Users\Owner\Downloads\simulator-windows-64\dataTrack1\IMG\center_2024_11_20_20_11_09_979.jpg, C:\Users\Owner\Downloads\simulator-windows-64\dataTrack1\IMG\left_2024_11_20_20_11_09_979.jpg, C:\Users\Owner\Downloads\simulator-windows-64\dataTrack1\IMG\right_2024_11_20_20_11_09_979.jpg, 0, 0.2031027, 0, 16.22417
C:\Users\Owner\Downloads\simulator-windows-64\dataTrack1\IMG\center_2024_11_20_20_11_10_083.jpg, C:\Users\Owner\Downloads\simulator-windows-64\dataTrack1\IMG\left_2024_11_20_20_11_10_083.jpg, C:\Users\Owner\Downloads\simulator-windows-64\dataTrack1\IMG\right_2024_11_20_20_11_10_083.jpg, -0.2065128, 0, 0, 16.15266
C:\Users\Owner\Downloads\simulator-windows-64\dataTrack1\IMG\center_2024_11_20_20_11_10_188.jpg, C:\Users\Owner\Downloads\simulator-windows-64\dataTrack1\IMG\left_2024_11_20_20_11_10_188.jpg, C:\Users\Owner\Downloads\simulator-windows-64\dataTrack1\IMG\right_2024_11_20_20_11_10_188.jpg, -0.4086801, 0, 0, 15.8629
C:\Users\Owner\Downloads\simulator-windows-64\dataTrack1\IMG\center_2024_11_20_20_11_10_292.jpg, C:\Users\Owner\Downloads\simulator-windows-64\dataTrack1\IMG\left_2024_11_20_20_11_10_292.jpg, C:\Users\Owner\Downloads\simulator-windows-64\dataTrack1\IMG\right_2024_11_20_20_11_10_292.jpg, -0.09608794, 0.1558485, 0, 15.73869
C:\Users\Owner\Downloads\simulator-windows-64\dataTrack1\IMG\center_2024_11_20_20_11_10_395.jpg, C:\Users\Owner\Downloads\simulator-windows-64\dataTrack1\IMG\left_2024_11_20_20_11_10_395.jpg, C:\Users\Owner\Downloads\simulator-windows-64\dataTrack1\IMG\right_2024_11_20_20_11_10_395.jpg, -0.1549071, 0.0482562, 0, 15.76294
C:\Users\Owner\Downloads\simulator-windows-64\dataTrack1\IMG\center_2024_11_20_20_11_10_499.jpg, C:\Users\Owner\Downloads\simulator-windows-64\dataTrack1\IMG\left_2024_11_20_20_11_10_499.jpg, C:\Users\Owner\Downloads\simulator-windows-64\dataTrack1\IMG\right_2024_11_20_20_11_10_499.jpg, -0.2559906, 0.0520857, 0, 15.58803
C:\Users\Owner\Downloads\simulator-windows-64\dataTrack1\IMG\center_2024_11_20_20_11_10_602.jpg, C:\Users\Owner\Downloads\simulator-windows-64\dataTrack1\IMG\left_2024_11_20_20_11_10_602.jpg, C:\Users\Owner\Downloads\simulator-windows-64\dataTrack1\IMG\right_2024_11_20_20_11_10_602.jpg, 0, 0.05166421, 0, 15.6052
C:\Users\Owner\Downloads\simulator-windows-64\dataTrack1\IMG\center_2024_11_20_20_11_10_706.jpg, C:\Users\Owner\Downloads\simulator-windows-64\dataTrack1\IMG\left_2024_11_20_20_11_10_706.jpg, C:\Users\Owner\Downloads\simulator-windows-64\dataTrack1\IMG\right_2024_11_20_20_11_10_706.jpg, 0, 0, 0, 15.44924
C:\Users\Owner\Downloads\simulator-windows-64\dataTrack1\IMG\center_2024_11_20_20_11_10_809.jpg, C:\Users\Owner\Downloads\simulator-windows-64\dataTrack1\IMG\left_2024_11_20_20_11_10_809.jpg, C:\Users\Owner\Downloads\simulator-windows-64\dataTrack1\IMG\right_2024_11_20_20_11_10_809.jpg, 0, 0.1536474, 0, 15.28926
C:\Users\Owner\Downloads\simulator-windows-64\dataTrack1\IMG\center_2024_11_20_20_11_10_912.jpg, C:\Users\Owner\Downloads\simulator-windows-64\dataTrack1\IMG\left_2024_11_20_20_11_10_912.jpg, C:\Users\Owner\Downloads\simulator-windows-64\dataTrack1\IMG\right_2024_11_20_20_11_10_912.jpg, 0, 0.05392499, 0, 15.34457
C:\Users\Owner\Downloads\simulator-windows-64\dataTrack1\IMG\center_2024_11_20_20_11_11_014.jpg, C:\Users\Owner\Downloads\simulator-windows-64\dataTrack1\IMG\left_2024_11_20_20_11_11_014.jpg, C:\Users\Owner\Downloads\simulator-windows-64\dataTrack1\IMG\right_2024_11_20_20_11_11_014.jpg, 0, 0, 0, 15.19954
C:\Users\Owner\Downloads\simulator-windows-64\dataTrack1\IMG\center_2024_11_20_20_11_11_118.jpg, C:\Users\Owner\Downloads\simulator-windows-64\dataTrack1\IMG\left_2024_11_20_20_11_11_118.jpg, C:\Users\Owner\Downloads\simulator-windows-64\dataTrack1\IMG\right_2024_11_20_20_11_11_118.jpg, 0, 0.3109344, 0, 15.25413
C:\Users\Owner\Downloads\simulator-windows-64\dataTrack1\IMG\center_2024_11_20_20_11_11_222.jpg, C:\Users\Owner\Downloads\simulator-windows-64\dataTrack1\IMG\left_2024_11_20_20_11_11_222.jpg, C:\Users\Owner\Downloads\simulator-windows-64\dataTrack1\IMG\right_2024_11_20_20_11_11_222.jpg, -0.0548919, 0, 0, 15.30486
C:\Users\Owner\Downloads\simulator-windows-64\dataTrack1\IMG\center_2024_11_20_20_11_11_326.jpg, C:\Users\Owner\Downloads\simulator-windows-64\dataTrack1\IMG\left_2024_11_20_20_11_11_326.jpg, C:\Users\Owner\Downloads\simulator-windows-64\dataTrack1\IMG\right_2024_11_20_20_11_11_326.jpg, -0.3134481, 0.1031484, 0, 15.1253
C:\Users\Owner\Downloads\simulator-windows-64\dataTrack1\IMG\center_2024_11_20_20_11_11_429.jpg, C:\Users\Owner\Downloads\simulator-windows-64\dataTrack1\IMG\left_2024_11_20_20_11_11_429.jpg, C:\Users\Owner\Downloads\simulator-windows-64\dataTrack1\IMG\right_2024_11_20_20_11_11_429.jpg, -0.2570436, 0, 0, 14.92767
C:\Users\Owner\Downloads\simulator-windows-64\dataTrack1\IMG\center_2024_11_20_20_11_11_533.jpg, C:\Users\Owner\Downloads\simulator-windows-64\dataTrack1\IMG\left_2024_11_20_20_11_11_533.jpg, C:\Users\Owner\Downloads\simulator-windows-64\dataTrack1\IMG\right_2024_11_20_20_11_11_533.jpg, 0, 0.2059131, 0, 14.83919
C:\Users\Owner\Downloads\simulator-windows-64\dataTrack1\IMG\center_2024_11_20_20_11_11_634.jpg, C:\Users\Owner\Downloads\simulator-windows-64\dataTrack1\IMG\left_2024_11_20_20_11_11_634.jpg, C:\Users\Owner\Downloads\simulator-windows-64\dataTrack1\IMG\right_2024_11_20_20_11_11_634.jpg, 0, 0, 0, 14.81933
C:\Users\Owner\Downloads\simulator-windows-64\dataTrack1\IMG\center_2024_11_20_20_11_11_740.jpg, C:\Users\Owner\Downloads\simulator-windows-64\dataTrack1\IMG\left_2024_11_20_20_11_11_740.jpg, C:\Users\Owner\Downloads\simulator-windows-64\dataTrack1\IMG\right_2024_11_20_20_11_11_740.jpg, 0, 0, 0, 14.64723
C:\Users\Owner\Downloads\simulator-windows-64\dataTrack1\IMG\center_2024_11_20_20_11_11_843.jpg, C:\Users\Owner\Downloads\simulator-windows-64\dataTrack1\IMG\left_2024_11_20_20_11_11_843.jpg, C:\Users\Owner\Downloads\simulator-windows-64\dataTrack1\IMG\right_2024_11_20_20_11_11_843.jpg, 0, 0, 0, 14.51962
C:\Users\Owner\Downloads\simulator-windows-64\dataTrack1\IMG\center_2024_11_20_20_11_11_946.jpg, C:\Users\Owner\Downloads\simulator-windows-64\dataTrack1\IMG\left_2024_11_20_20_11_11_946.jpg, C:\Users\Owner\Downloads\simulator-windows-64\dataTrack1\IMG\right_2024_11_20_20_11_11_946.jpg, 0, 0.2579502, 0, 14.48332
C:\Users\Owner\Downloads\simulator-windows-64\dataTrack1\IMG\center_2024_11_20_20_11_12_049.jpg, C:\Users\Owner\Downloads\simulator-windows-64\dataTrack1\IMG\left_2024_11_20_20_11_12_049.jpg, C:\Users\Owner\Downloads\simulator-windows-64\dataTrack1\IMG\right_2024_11_20_20_11_12_049.jpg, 0, 0, 0, 14.41654
C:\Users\Owner\Downloads\simulator-windows-64\dataTrack1\IMG\center_2024_11_20_20_11_12_152.jpg, C:\Users\Owner\Downloads\simulator-windows-64\dataTrack1\IMG\left_2024_11_20_20_11_12_152.jpg, C:\Users\Owner\Downloads\simulator-windows-64\dataTrack1\IMG\right_2024_11_20_20_11_12_152.jpg, 0, 0.3106017, 0, 14.48457
C:\Users\Owner\Downloads\simulator-windows-64\dataTrack1\IMG\center_2024_11_20_20_11_12_257.jpg, C:\Users\Owner\Downloads\simulator-windows-64\dataTrack1\IMG\left_2024_11_20_20_11_12_257.jpg, C:\Users\Owner\Downloads\simulator-windows-64\dataTrack1\IMG\right_2024_11_20_20_11_12_257.jpg, 0, 0, 0, 14.56466
C:\Users\Owner\Downloads\simulator-windows-64\dataTrack1\IMG\center_2024_11_20_20_11_12_361.jpg, C:\Users\Owner\Downloads\simulator-windows-64\dataTrack1\IMG\left_2024_11_20_20_11_12_361.jpg, C:\Users\Owner\Downloads\simulator-windows-64\dataTrack1\IMG\right_2024_11_20_20_11_12_361.jpg, 0, 0.2302068, 0, 14.46441
C:\Users\Owner\Downloads\simulator-windows-64\dataTrack1\IMG\center_2024_11_20_20_11_12_464.jpg, C:\Users\Owner\Downloads\simulator-windows-64\dataTrack1\IMG\left_2024_11_20_20_11_12_464.jpg, C:\Users\Owner\Downloads\simulator-windows-64\dataTrack1\IMG\right_2024_11_20_20_11_12_464.jpg, 0, 0, 0, 14.45014
C:\Users\Owner\Downloads\simulator-windows-64\dataTrack1\IMG\center_2024_11_20_20_11_12_568.jpg, C:\Users\Owner\Downloads\simulator-windows-64\dataTrack1\IMG\left_2024_11_20_20_11_12_568.jpg, C:\Users\Owner\Downloads\simulator-windows-64\dataTrack1\IMG\right_2024_11_20_20_11_12_568.jpg, 0, 0.3112569, 0, 14.50941
C:\Users\Owner\Downloads\simulator-windows-64\dataTrack1\IMG\center_2024_11_20_20_11_12_670.jpg, C:\Users\Owner\Downloads\simulator-windows-64\dataTrack1\IMG\left_2024_11_20_20_11_12_670.jpg, C:\Users\Owner\Downloads\simulator-windows-64\dataTrack1\IMG\right_2024_11_20_20_11_12_670.jpg, 0, 0.2150427, 0, 14.56859
C:\Users\Owner\Downloads\simulator-windows-64\dataTrack1\IMG\center_2024_11_20_20_11_12_775.jpg, C:\Users\Owner\Downloads\simulator-windows-64\dataTrack1\IMG\left_2024_11_20_20_11_12_775.jpg, C:\Users\Owner\Downloads\simulator-windows-64\dataTrack1\IMG\right_2024_11_20_20_11_12_775.jpg, 0, 0.3239358, 0, 14.8526
C:\Users\Owner\Downloads\simulator-windows-64\dataTrack1\IMG\center_2024_11_20_20_11_12_880.jpg, C:\Users\Owner\Downloads\simulator-windows-64\dataTrack1\IMG\left_2024_11_20_20_11_12_880.jpg, C:\Users\Owner\Downloads\simulator-windows-64\dataTrack1\IMG\right_2024_11_20_20_11_12_880.jpg, 0, 0.2186556, 0, 14.94216
C:\Users\Owner\Downloads\simulator-windows-64\dataTrack1\IMG\center_2024_11_20_20_11_12_982.jpg, C:\Users\Owner\Downloads\simulator-windows-64\dataTrack1\IMG\left_2024_11_20_20_11_12_982.jpg, C:\Users\Owner\Downloads\simulator-windows-64\dataTrack1\IMG\right_2024_11_20_20_11_12_982.jpg, -0.2022915, 0.4209471, 0, 15.20166
C:\Users\Owner\Downloads\simulator-windows-64\dataTrack1\IMG\center_2024_11_20_20_11_13_085.jpg, C:\Users\Owner\Downloads\simulator-windows-64\dataTrack1\IMG\left_2024_11_20_20_11_13_085.jpg, C:\Users\Owner\Downloads\simulator-windows-64\dataTrack1\IMG\right_2024_11_20_20_11_13_085.jpg, 0, 0.1626246, 0, 15.44248
C:\Users\Owner\Downloads\simulator-windows-64\dataTrack1\IMG\center_2024_11_20_20_11_13_190.jpg, C:\Users\Owner\Downloads\simulator-windows-64\dataTrack1\IMG\left_2024_11_20_20_11_13_190.jpg, C:\Users\Owner\Downloads\simulator-windows-64\dataTrack1\IMG\right_2024_11_20_20_11_13_190.jpg, -0.0961035, 0.4229993, 0, 15.58461
C:\Users\Owner\Downloads\simulator-windows-64\dataTrack1\IMG\center_2024_11_20_20_11_13_293.jpg, C:\Users\Owner\Downloads\simulator-windows-64\dataTrack1\IMG\left_2024_11_20_20_11_13_293.jpg, C:\Users\Owner\Downloads\simulator-windows-64\dataTrack1\IMG\right_2024_11_20_20_11_13_293.jpg, -0.203193, 0.1125626, 0, 15.73236
C:\Users\Owner\Downloads\simulator-windows-64\dataTrack1\IMG\center_2024_11_20_20_11_13_397.jpg, C:\Users\Owner\Downloads\simulator-windows-64\dataTrack1\IMG\left_2024_11_20_20_11_13_397.jpg, C:\Users\Owner\Downloads\simulator-windows-64\dataTrack1\IMG\right_2024_11_20_20_11_13_397.jpg, 0, 0.1555332, 0, 15.61823
C:\Users\Owner\Downloads\simulator-windows-64\dataTrack1\IMG\center_2024_11_20_20_11_13_499.jpg, C:\Users\Owner\Downloads\simulator-windows-64\dataTrack1\IMG\left_2024_11_20_20_11_13_499.jpg, C:\Users\Owner\Downloads\simulator-windows-64\dataTrack1\IMG\right_2024_11_20_20_11_13_499.jpg, -0.0520575, 0.1522887, 0, 15.74918
C:\Users\Owner\Downloads\simulator-windows-64\dataTrack1\IMG\center_2024_11_20_20_11_13_603.jpg, C:\Users\Owner\Downloads\simulator-windows-64\dataTrack1\IMG\left_2024_11_20_20_11_13_603.jpg, C:\Users\Owner\Downloads\simulator-windows-64\dataTrack1\IMG\right_2024_11_20_20_11_13_603.jpg, -0.3629181, 0, 0, 15.62549
C:\Users\Owner\Downloads\simulator-windows-64\dataTrack1\IMG\center_2024_11_20_20_11_13_707.jpg, C:\Users\Owner\Downloads\simulator-windows-64\dataTrack1\IMG\left_2024_11_20_20_11_13_707.jpg, C:\Users\Owner\Downloads\simulator-windows-64\dataTrack1\IMG\right_2024_11_20_20_11_13_707.jpg, -0.05092529, 0.3119928, 0, 15.66985
C:\Users\Owner\Downloads\simulator-windows-64\dataTrack1\IMG\center_2024_11_20_20_11_13_811.jpg, C:\Users\Owner\Downloads\simulator-windows-64\dataTrack1\IMG\left_2024_11_20_20_11_13_811.jpg, C:\Users\Owner\Downloads\simulator-windows-64\dataTrack1\IMG\right_2024_11_20_20_11_13_811.jpg, 0, 0.00144149, 0, 15.64983
C:\Users\Owner\Downloads\simulator-windows-64\dataTrack1\IMG\center_2024_11_20_20_11_13_913.jpg, C:\Users\Owner\Downloads\simulator-windows-64\dataTrack1\IMG\left_2024_11_20_20_11_13_913.jpg, C:\Users\Owner\Downloads\simulator-windows-64\dataTrack1\IMG\right_2024_11_20_20_11_13_913.jpg, 0, 0.2035467, 0, 15.5683
C:\Users\Owner\Downloads\simulator-windows-64\dataTrack1\IMG\center_2024_11_20_20_11_14_016.jpg, C:\Users\Owner\Downloads\simulator-windows-64\dataTrack1\IMG\left_2024_11_20_20_11_14_016.jpg, C:\Users\Owner\Downloads\simulator-windows-64\dataTrack1\IMG\right_2024_11_20_20_11_14_016.jpg, 0, 0.2040192, 0, 15.76519
C:\Users\Owner\Downloads\simulator-windows-64\dataTrack1\IMG\center_2024_11_20_20_11_14_120.jpg, C:\Users\Owner\Downloads\simulator-windows-64\dataTrack1\IMG\left_2024_11_20_20_11_14_120.jpg, C:\Users\Owner\Downloads\simulator-windows-64\dataTrack1\IMG\right_2024_11_20_20_11_14_120.jpg, 0, 0.1030257, 0, 15.69561
C:\Users\Owner\Downloads\simulator-windows-64\dataTrack1\IMG\center_2024_11_20_20_11_14_224.jpg, C:\Users\Owner\Downloads\simulator-windows-64\dataTrack1\IMG\left_2024_11_20_20_11_14_224.jpg, C:\Users\Owner\Downloads\simulator-windows-64\dataTrack1\IMG\right_2024_11_20_20_11_14_224.jpg, 0, 0.1032804, 0, 15.77947
C:\Users\Owner\Downloads\simulator-windows-64\dataTrack1\IMG\center_2024_11_20_20_11_14_326.jpg, C:\Users\Owner\Downloads\simulator-windows-64\dataTrack1\IMG\left_2024_11_20_20_11_14_326.jpg, C:\Users\Owner\Downloads\simulator-windows-64\dataTrack1\IMG\right_2024_11_20_20_11_14_326.jpg, -0.2559273, 0, 0, 15.61876
C:\Users\Owner\Downloads\simulator-windows-64\dataTrack1\IMG\center_2024_11_20_20_11_14_431.jpg, C:\Users\Owner\Downloads\simulator-windows-64\dataTrack1\IMG\left_2024_11_20_20_11_14_431.jpg, C:\Users\Owner\Downloads\simulator-windows-64\dataTrack1\IMG\right_2024_11_20_20_11_14_431.jpg, -0.3054339, 0.2070495, 0, 15.55282
C:\Users\Owner\Downloads\simulator-windows-64\dataTrack1\IMG\center_2024_11_20_20_11_14_534.jpg, C:\Users\Owner\Downloads\simulator-windows-64\dataTrack1\IMG\left_2024_11_20_20_11_14_534.jpg, C:\Users\Owner\Downloads\simulator-windows-64\dataTrack1\IMG\right_2024_11_20_20_11_14_534.jpg, 0, 0, 0, 15.47032
C:\Users\Owner\Downloads\simulator-windows-64\dataTrack1\IMG\center_2024_11_20_20_11_14_637.jpg, C:\Users\Owner\Downloads\simulator-windows-64\dataTrack1\IMG\left_2024_11_20_20_11_14_637.jpg, C:\Users\Owner\Downloads\simulator-windows-64\dataTrack1\IMG\right_2024_11_20_20_11_14_637.jpg, 0, 0.3103575, 0, 15.4754
C:\Users\Owner\Downloads\simulator-windows-64\dataTrack1\IMG\center_2024_11_20_20_11_14_742.jpg, C:\Users\Owner\Downloads\simulator-windows-64\dataTrack1\IMG\left_2024_11_20_20_11_14_742.jpg, C:\Users\Owner\Downloads\simulator-windows-64\dataTrack1\IMG\right_2024_11_20_20_11_14_742.jpg, 0, 0, 0, 15.54946
C:\Users\Owner\Downloads\simulator-windows-64\dataTrack1\IMG\center_2024_11_20_20_11_14_846.jpg, C:\Users\Owner\Downloads\simulator-windows-64\dataTrack1\IMG\left_2024_11_20_20_11_14_846.jpg, C:\Users\Owner\Downloads\simulator-windows-64\dataTrack1\IMG\right_2024_11_20_20_11_14_846.jpg, 0, 0, 0, 15.38714
C:\Users\Owner\Downloads\simulator-windows-64\dataTrack1\IMG\center_2024_11_20_20_11_14_947.jpg, C:\Users\Owner\Downloads\simulator-windows-64\dataTrack1\IMG\left_2024_11_20_20_11_14_947.jpg, C:\Users\Owner\Downloads\simulator-windows-64\dataTrack1\IMG\right_2024_11_20_20_11_14_947.jpg, 0, 0.3572364, 0, 15.49463
C:\Users\Owner\Downloads\simulator-windows-64\dataTrack1\IMG\center_2024_11_20_20_11_15_051.jpg, C:\Users\Owner\Downloads\simulator-windows-64\dataTrack1\IMG\left_2024_11_20_20_11_15_051.jpg, C:\Users\Owner\Downloads\simulator-windows-64\dataTrack1\IMG\right_2024_11_20_20_11_15_051.jpg, 0, 0.04685821, 0, 15.55384
C:\Users\Owner\Downloads\simulator-windows-64\dataTrack1\IMG\center_2024_11_20_20_11_15_155.jpg, C:\Users\Owner\Downloads\simulator-windows-64\dataTrack1\IMG\left_2024_11_20_20_11_15_155.jpg, C:\Users\Owner\Downloads\simulator-windows-64\dataTrack1\IMG\right_2024_11_20_20_11_15_155.jpg, 0, 0.1553316, 0, 15.44452
C:\Users\Owner\Downloads\simulator-windows-64\dataTrack1\IMG\center_2024_11_20_20_11_15_259.jpg, C:\Users\Owner\Downloads\simulator-windows-64\dataTrack1\IMG\left_2024_11_20_20_11_15_259.jpg, C:\Users\Owner\Downloads\simulator-windows-64\dataTrack1\IMG\right_2024_11_20_20_11_15_259.jpg, 0, 0.06158401, 0, 15.52519
C:\Users\Owner\Downloads\simulator-windows-64\dataTrack1\IMG\center_2024_11_20_20_11_15_363.jpg, C:\Users\Owner\Downloads\simulator-windows-64\dataTrack1\IMG\left_2024_11_20_20_11_15_363.jpg, C:\Users\Owner\Downloads\simulator-windows-64\dataTrack1\IMG\right_2024_11_20_20_11_15_363.jpg, 0, 0.208872, 0, 15.42301
C:\Users\Owner\Downloads\simulator-windows-64\dataTrack1\IMG\center_2024_11_20_20_11_15_466.jpg, C:\Users\Owner\Downloads\simulator-windows-64\dataTrack1\IMG\left_2024_11_20_20_11_15_466.jpg, C:\Users\Owner\Downloads\simulator-windows-64\dataTrack1\IMG\right_2024_11_20_20_11_15_466.jpg, 0, 0.2613135, 0, 15.66001
C:\Users\Owner\Downloads\simulator-windows-64\dataTrack1\IMG\center_2024_11_20_20_11_15_570.jpg, C:\Users\Owner\Downloads\simulator-windows-64\dataTrack1\IMG\left_2024_11_20_20_11_15_570.jpg, C:\Users\Owner\Downloads\simulator-windows-64\dataTrack1\IMG\right_2024_11_20_20_11_15_570.jpg, 0, 0.3553596, 0, 15.78347
C:\Users\Owner\Downloads\simulator-windows-64\dataTrack1\IMG\center_2024_11_20_20_11_15_672.jpg, C:\Users\Owner\Downloads\simulator-windows-64\dataTrack1\IMG\left_2024_11_20_20_11_15_672.jpg, C:\Users\Owner\Downloads\simulator-windows-64\dataTrack1\IMG\right_2024_11_20_20_11_15_672.jpg, 0, 0.2582151, 0, 16.04976
C:\Users\Owner\Downloads\simulator-windows-64\dataTrack1\IMG\center_2024_11_20_20_11_15_777.jpg, C:\Users\Owner\Downloads\simulator-windows-64\dataTrack1\IMG\left_2024_11_20_20_11_15_777.jpg, C:\Users\Owner\Downloads\simulator-windows-64\dataTrack1\IMG\right_2024_11_20_20_11_15_777.jpg, 0, 0.5732994, 0, 16.47828
C:\Users\Owner\Downloads\simulator-windows-64\dataTrack1\IMG\center_2024_11_20_20_11_15_880.jpg, C:\Users\Owner\Downloads\simulator-windows-64\dataTrack1\IMG\left_2024_11_20_20_11_15_880.jpg, C:\Users\Owner\Downloads\simulator-windows-64\dataTrack1\IMG\right_2024_11_20_20_11_15_880.jpg, 0, 0.2635038, 0, 16.77141
C:\Users\Owner\Downloads\simulator-windows-64\dataTrack1\IMG\center_2024_11_20_20_11_15_982.jpg, C:\Users\Owner\Downloads\simulator-windows-64\dataTrack1\IMG\left_2024_11_20_20_11_15_982.jpg, C:\Users\Owner\Downloads\simulator-windows-64\dataTrack1\IMG\right_2024_11_20_20_11_15_982.jpg, 0, 0.5707173, 0, 17.09156
C:\Users\Owner\Downloads\simulator-windows-64\dataTrack1\IMG\center_2024_11_20_20_11_16_085.jpg, C:\Users\Owner\Downloads\simulator-windows-64\dataTrack1\IMG\left_2024_11_20_20_11_16_085.jpg, C:\Users\Owner\Downloads\simulator-windows-64\dataTrack1\IMG\right_2024_11_20_20_11_16_085.jpg, -0.2593044, 0.3114129, 0, 17.43935
C:\Users\Owner\Downloads\simulator-windows-64\dataTrack1\IMG\center_2024_11_20_20_11_16_190.jpg, C:\Users\Owner\Downloads\simulator-windows-64\dataTrack1\IMG\left_2024_11_20_20_11_16_190.jpg, C:\Users\Owner\Downloads\simulator-windows-64\dataTrack1\IMG\right_2024_11_20_20_11_16_190.jpg, 0, 0.363192, 0, 17.55718
C:\Users\Owner\Downloads\simulator-windows-64\dataTrack1\IMG\center_2024_11_20_20_11_16_294.jpg, C:\Users\Owner\Downloads\simulator-windows-64\dataTrack1\IMG\left_2024_11_20_20_11_16_294.jpg, C:\Users\Owner\Downloads\simulator-windows-64\dataTrack1\IMG\right_2024_11_20_20_11_16_294.jpg, 0, 0.3686148, 0, 17.95469
C:\Users\Owner\Downloads\simulator-windows-64\dataTrack1\IMG\center_2024_11_20_20_11_16_397.jpg, C:\Users\Owner\Downloads\simulator-windows-64\dataTrack1\IMG\left_2024_11_20_20_11_16_397.jpg, C:\Users\Owner\Downloads\simulator-windows-64\dataTrack1\IMG\right_2024_11_20_20_11_16_397.jpg, -0.2076492, 0.05686261, 0, 17.97463
C:\Users\Owner\Downloads\simulator-windows-64\dataTrack1\IMG\center_2024_11_20_20_11_16_501.jpg, C:\Users\Owner\Downloads\simulator-windows-64\dataTrack1\IMG\left_2024_11_20_20_11_16_501.jpg, C:\Users\Owner\Downloads\simulator-windows-64\dataTrack1\IMG\right_2024_11_20_20_11_16_501.jpg, 0, 0.2280132, 0, 17.90565
C:\Users\Owner\Downloads\simulator-windows-64\dataTrack1\IMG\center_2024_11_20_20_11_16_602.jpg, C:\Users\Owner\Downloads\simulator-windows-64\dataTrack1\IMG\left_2024_11_20_20_11_16_602.jpg, C:\Users\Owner\Downloads\simulator-windows-64\dataTrack1\IMG\right_2024_11_20_20_11_16_602.jpg, 0, 0, 0, 17.83076
C:\Users\Owner\Downloads\simulator-windows-64\dataTrack1\IMG\center_2024_11_20_20_11_16_708.jpg, C:\Users\Owner\Downloads\simulator-windows-64\dataTrack1\IMG\left_2024_11_20_20_11_16_708.jpg, C:\Users\Owner\Downloads\simulator-windows-64\dataTrack1\IMG\right_2024_11_20_20_11_16_708.jpg, -0.3142716, 0, 0, 17.57809
C:\Users\Owner\Downloads\simulator-windows-64\dataTrack1\IMG\center_2024_11_20_20_11_16_812.jpg, C:\Users\Owner\Downloads\simulator-windows-64\dataTrack1\IMG\left_2024_11_20_20_11_16_812.jpg, C:\Users\Owner\Downloads\simulator-windows-64\dataTrack1\IMG\right_2024_11_20_20_11_16_812.jpg, 0, 0.2033796, 0, 17.61634
C:\Users\Owner\Downloads\simulator-windows-64\dataTrack1\IMG\center_2024_11_20_20_11_16_915.jpg, C:\Users\Owner\Downloads\simulator-windows-64\dataTrack1\IMG\left_2024_11_20_20_11_16_915.jpg, C:\Users\Owner\Downloads\simulator-windows-64\dataTrack1\IMG\right_2024_11_20_20_11_16_915.jpg, 0, 0, 0, 17.46689
C:\Users\Owner\Downloads\simulator-windows-64\dataTrack1\IMG\center_2024_11_20_20_11_17_017.jpg, C:\Users\Owner\Downloads\simulator-windows-64\dataTrack1\IMG\left_2024_11_20_20_11_17_017.jpg, C:\Users\Owner\Downloads\simulator-windows-64\dataTrack1\IMG\right_2024_11_20_20_11_17_017.jpg, 0, 0.1997784, 0, 17.37495
C:\Users\Owner\Downloads\simulator-windows-64\dataTrack1\IMG\center_2024_11_20_20_11_17_120.jpg, C:\Users\Owner\Downloads\simulator-windows-64\dataTrack1\IMG\left_2024_11_20_20_11_17_120.jpg, C:\Users\Owner\Downloads\simulator-windows-64\dataTrack1\IMG\right_2024_11_20_20_11_17_120.jpg, 0, 0.1055115, 0, 17.48781
C:\Users\Owner\Downloads\simulator-windows-64\dataTrack1\IMG\center_2024_11_20_20_11_17_225.jpg, C:\Users\Owner\Downloads\simulator-windows-64\dataTrack1\IMG\left_2024_11_20_20_11_17_225.jpg, C:\Users\Owner\Downloads\simulator-windows-64\dataTrack1\IMG\right_2024_11_20_20_11_17_225.jpg, 0, 0.0542217, 0, 17.33095
C:\Users\Owner\Downloads\simulator-windows-64\dataTrack1\IMG\center_2024_11_20_20_11_17_328.jpg, C:\Users\Owner\Downloads\simulator-windows-64\dataTrack1\IMG\left_2024_11_20_20_11_17_328.jpg, C:\Users\Owner\Downloads\simulator-windows-64\dataTrack1\IMG\right_2024_11_20_20_11_17_328.jpg, 0, 0.007844403, 0, 17.30852
C:\Users\Owner\Downloads\simulator-windows-64\dataTrack1\IMG\center_2024_11_20_20_11_17_432.jpg, C:\Users\Owner\Downloads\simulator-windows-64\dataTrack1\IMG\left_2024_11_20_20_11_17_432.jpg, C:\Users\Owner\Downloads\simulator-windows-64\dataTrack1\IMG\right_2024_11_20_20_11_17_432.jpg, 0, 0, 0, 17.13002
C:\Users\Owner\Downloads\simulator-windows-64\dataTrack1\IMG\center_2024_11_20_20_11_17_535.jpg, C:\Users\Owner\Downloads\simulator-windows-64\dataTrack1\IMG\left_2024_11_20_20_11_17_535.jpg, C:\Users\Owner\Downloads\simulator-windows-64\dataTrack1\IMG\right_2024_11_20_20_11_17_535.jpg, -0.1034034, 0.3100443, 0, 17.1657
C:\Users\Owner\Downloads\simulator-windows-64\dataTrack1\IMG\center_2024_11_20_20_11_17_638.jpg, C:\Users\Owner\Downloads\simulator-windows-64\dataTrack1\IMG\left_2024_11_20_20_11_17_638.jpg, C:\Users\Owner\Downloads\simulator-windows-64\dataTrack1\IMG\right_2024_11_20_20_11_17_638.jpg, -0.209715, 0.1634367, 0, 17.31598
C:\Users\Owner\Downloads\simulator-windows-64\dataTrack1\IMG\center_2024_11_20_20_11_17_742.jpg, C:\Users\Owner\Downloads\simulator-windows-64\dataTrack1\IMG\left_2024_11_20_20_11_17_742.jpg, C:\Users\Owner\Downloads\simulator-windows-64\dataTrack1\IMG\right_2024_11_20_20_11_17_742.jpg, 0, 0, 0, 17.20963
C:\Users\Owner\Downloads\simulator-windows-64\dataTrack1\IMG\center_2024_11_20_20_11_17_845.jpg, C:\Users\Owner\Downloads\simulator-windows-64\dataTrack1\IMG\left_2024_11_20_20_11_17_845.jpg, C:\Users\Owner\Downloads\simulator-windows-64\dataTrack1\IMG\right_2024_11_20_20_11_17_845.jpg, -0.2574495, 0.1008858, 0, 17.01567
C:\Users\Owner\Downloads\simulator-windows-64\dataTrack1\IMG\center_2024_11_20_20_11_17_950.jpg, C:\Users\Owner\Downloads\simulator-windows-64\dataTrack1\IMG\left_2024_11_20_20_11_17_950.jpg, C:\Users\Owner\Downloads\simulator-windows-64\dataTrack1\IMG\right_2024_11_20_20_11_17_950.jpg, 0, 0.05550958, 0, 17.05985
C:\Users\Owner\Downloads\simulator-windows-64\dataTrack1\IMG\center_2024_11_20_20_11_18_051.jpg, C:\Users\Owner\Downloads\simulator-windows-64\dataTrack1\IMG\left_2024_11_20_20_11_18_051.jpg, C:\Users\Owner\Downloads\simulator-windows-64\dataTrack1\IMG\right_2024_11_20_20_11_18_051.jpg, 0, 0, 0, 16.89911
C:\Users\Owner\Downloads\simulator-windows-64\dataTrack1\IMG\center_2024_11_20_20_11_18_154.jpg, C:\Users\Owner\Downloads\simulator-windows-64\dataTrack1\IMG\left_2024_11_20_20_11_18_154.jpg, C:\Users\Owner\Downloads\simulator-windows-64\dataTrack1\IMG\right_2024_11_20_20_11_18_154.jpg, 0, 0.3089628, 0, 16.93089
C:\Users\Owner\Downloads\simulator-windows-64\dataTrack1\IMG\center_2024_11_20_20_11_18_259.jpg, C:\Users\Owner\Downloads\simulator-windows-64\dataTrack1\IMG\left_2024_11_20_20_11_18_259.jpg, C:\Users\Owner\Downloads\simulator-windows-64\dataTrack1\IMG\right_2024_11_20_20_11_18_259.jpg, 0, 0, 0, 16.94485
C:\Users\Owner\Downloads\simulator-windows-64\dataTrack1\IMG\center_2024_11_20_20_11_18_363.jpg, C:\Users\Owner\Downloads\simulator-windows-64\dataTrack1\IMG\left_2024_11_20_20_11_18_363.jpg, C:\Users\Owner\Downloads\simulator-windows-64\dataTrack1\IMG\right_2024_11_20_20_11_18_363.jpg, 0, 0.1226895, 0, 16.82455
C:\Users\Owner\Downloads\simulator-windows-64\dataTrack1\IMG\center_2024_11_20_20_11_18_465.jpg, C:\Users\Owner\Downloads\simulator-windows-64\dataTrack1\IMG\left_2024_11_20_20_11_18_465.jpg, C:\Users\Owner\Downloads\simulator-windows-64\dataTrack1\IMG\right_2024_11_20_20_11_18_465.jpg, 0, 0, 0, 16.6943
C:\Users\Owner\Downloads\simulator-windows-64\dataTrack1\IMG\center_2024_11_20_20_11_18_571.jpg, C:\Users\Owner\Downloads\simulator-windows-64\dataTrack1\IMG\left_2024_11_20_20_11_18_571.jpg, C:\Users\Owner\Downloads\simulator-windows-64\dataTrack1\IMG\right_2024_11_20_20_11_18_571.jpg, 0, 0.2098941, 0, 16.72336
C:\Users\Owner\Downloads\simulator-windows-64\dataTrack1\IMG\center_2024_11_20_20_11_18_672.jpg, C:\Users\Owner\Downloads\simulator-windows-64\dataTrack1\IMG\left_2024_11_20_20_11_18_672.jpg, C:\Users\Owner\Downloads\simulator-windows-64\dataTrack1\IMG\right_2024_11_20_20_11_18_672.jpg, 0, 0.0519294, 0, 16.61422
C:\Users\Owner\Downloads\simulator-windows-64\dataTrack1\IMG\center_2024_11_20_20_11_18_776.jpg, C:\Users\Owner\Downloads\simulator-windows-64\dataTrack1\IMG\left_2024_11_20_20_11_18_776.jpg, C:\Users\Owner\Downloads\simulator-windows-64\dataTrack1\IMG\right_2024_11_20_20_11_18_776.jpg, 0, 0.3646104, 0, 16.71784
C:\Users\Owner\Downloads\simulator-windows-64\dataTrack1\IMG\center_2024_11_20_20_11_18_880.jpg, C:\Users\Owner\Downloads\simulator-windows-64\dataTrack1\IMG\left_2024_11_20_20_11_18_880.jpg, C:\Users\Owner\Downloads\simulator-windows-64\dataTrack1\IMG\right_2024_11_20_20_11_18_880.jpg, 0, 0.05316842, 0, 16.81537
C:\Users\Owner\Downloads\simulator-windows-64\dataTrack1\IMG\center_2024_11_20_20_11_18_982.jpg, C:\Users\Owner\Downloads\simulator-windows-64\dataTrack1\IMG\left_2024_11_20_20_11_18_982.jpg, C:\Users\Owner\Downloads\simulator-windows-64\dataTrack1\IMG\right_2024_11_20_20_11_18_982.jpg, 0, 0.2254077, 0, 16.70499
C:\Users\Owner\Downloads\simulator-windows-64\dataTrack1\IMG\center_2024_11_20_20_11_19_084.jpg, C:\Users\Owner\Downloads\simulator-windows-64\dataTrack1\IMG\left_2024_11_20_20_11_19_084.jpg, C:\Users\Owner\Downloads\simulator-windows-64\dataTrack1\IMG\right_2024_11_20_20_11_19_084.jpg, 0, 0.1774545, 0, 16.8763
C:\Users\Owner\Downloads\simulator-windows-64\dataTrack1\IMG\center_2024_11_20_20_11_19_189.jpg, C:\Users\Owner\Downloads\simulator-windows-64\dataTrack1\IMG\left_2024_11_20_20_11_19_189.jpg, C:\Users\Owner\Downloads\simulator-windows-64\dataTrack1\IMG\right_2024_11_20_20_11_19_189.jpg, 0, 0.1061658, 0, 16.72887
C:\Users\Owner\Downloads\simulator-windows-64\dataTrack1\IMG\center_2024_11_20_20_11_19_294.jpg, C:\Users\Owner\Downloads\simulator-windows-64\dataTrack1\IMG\left_2024_11_20_20_11_19_294.jpg, C:\Users\Owner\Downloads\simulator-windows-64\dataTrack1\IMG\right_2024_11_20_20_11_19_294.jpg, -0.2100621, 0.2127795, 0, 16.82977
C:\Users\Owner\Downloads\simulator-windows-64\dataTrack1\IMG\center_2024_11_20_20_11_19_397.jpg, C:\Users\Owner\Downloads\simulator-windows-64\dataTrack1\IMG\left_2024_11_20_20_11_19_397.jpg, C:\Users\Owner\Downloads\simulator-windows-64\dataTrack1\IMG\right_2024_11_20_20_11_19_397.jpg, 0, 0, 0, 16.73782
C:\Users\Owner\Downloads\simulator-windows-64\dataTrack1\IMG\center_2024_11_20_20_11_19_501.jpg, C:\Users\Owner\Downloads\simulator-windows-64\dataTrack1\IMG\left_2024_11_20_20_11_19_501.jpg, C:\Users\Owner\Downloads\simulator-windows-64\dataTrack1\IMG\right_2024_11_20_20_11_19_501.jpg, -0.0519816, 0.3082956, 0, 16.75031
C:\Users\Owner\Downloads\simulator-windows-64\dataTrack1\IMG\center_2024_11_20_20_11_19_604.jpg, C:\Users\Owner\Downloads\simulator-windows-64\dataTrack1\IMG\left_2024_11_20_20_11_19_604.jpg, C:\Users\Owner\Downloads\simulator-windows-64\dataTrack1\IMG\right_2024_11_20_20_11_19_604.jpg, -0.0029523, 0.04792231, 0, 16.79174
C:\Users\Owner\Downloads\simulator-windows-64\dataTrack1\IMG\center_2024_11_20_20_11_19_706.jpg, C:\Users\Owner\Downloads\simulator-windows-64\dataTrack1\IMG\left_2024_11_20_20_11_19_706.jpg, C:\Users\Owner\Downloads\simulator-windows-64\dataTrack1\IMG\right_2024_11_20_20_11_19_706.jpg, 0, 0, 0, 16.62394
C:\Users\Owner\Downloads\simulator-windows-64\dataTrack1\IMG\center_2024_11_20_20_11_19_811.jpg, C:\Users\Owner\Downloads\simulator-windows-64\dataTrack1\IMG\left_2024_11_20_20_11_19_811.jpg, C:\Users\Owner\Downloads\simulator-windows-64\dataTrack1\IMG\right_2024_11_20_20_11_19_811.jpg, 0, 0.2313867, 0, 16.533
C:\Users\Owner\Downloads\simulator-windows-64\dataTrack1\IMG\center_2024_11_20_20_11_19_915.jpg, C:\Users\Owner\Downloads\simulator-windows-64\dataTrack1\IMG\left_2024_11_20_20_11_19_915.jpg, C:\Users\Owner\Downloads\simulator-windows-64\dataTrack1\IMG\right_2024_11_20_20_11_19_915.jpg, -0.3111591, 0.12918, 0, 16.61873
C:\Users\Owner\Downloads\simulator-windows-64\dataTrack1\IMG\center_2024_11_20_20_11_20_017.jpg, C:\Users\Owner\Downloads\simulator-windows-64\dataTrack1\IMG\left_2024_11_20_20_11_20_017.jpg, C:\Users\Owner\Downloads\simulator-windows-64\dataTrack1\IMG\right_2024_11_20_20_11_20_017.jpg, -0.2067126, 0.0526668, 0, 16.44741
C:\Users\Owner\Downloads\simulator-windows-64\dataTrack1\IMG\center_2024_11_20_20_11_20_120.jpg, C:\Users\Owner\Downloads\simulator-windows-64\dataTrack1\IMG\left_2024_11_20_20_11_20_120.jpg, C:\Users\Owner\Downloads\simulator-windows-64\dataTrack1\IMG\right_2024_11_20_20_11_20_120.jpg, 0, 0.1553781, 0, 16.47445
C:\Users\Owner\Downloads\simulator-windows-64\dataTrack1\IMG\center_2024_11_20_20_11_20_223.jpg, C:\Users\Owner\Downloads\simulator-windows-64\dataTrack1\IMG\left_2024_11_20_20_11_20_223.jpg, C:\Users\Owner\Downloads\simulator-windows-64\dataTrack1\IMG\right_2024_11_20_20_11_20_223.jpg, 0, 0, 0, 16.35019
C:\Users\Owner\Downloads\simulator-windows-64\dataTrack1\IMG\center_2024_11_20_20_11_20_328.jpg, C:\Users\Owner\Downloads\simulator-windows-64\dataTrack1\IMG\left_2024_11_20_20_11_20_328.jpg, C:\Users\Owner\Downloads\simulator-windows-64\dataTrack1\IMG\right_2024_11_20_20_11_20_328.jpg, 0, 0.2304369, 0, 16.26377
C:\Users\Owner\Downloads\simulator-windows-64\dataTrack1\IMG\center_2024_11_20_20_11_20_432.jpg, C:\Users\Owner\Downloads\simulator-windows-64\dataTrack1\IMG\left_2024_11_20_20_11_20_432.jpg, C:\Users\Owner\Downloads\simulator-windows-64\dataTrack1\IMG\right_2024_11_20_20_11_20_432.jpg, 0, 0, 0, 16.19128
C:\Users\Owner\Downloads\simulator-windows-64\dataTrack1\IMG\center_2024_11_20_20_11_20_535.jpg, C:\Users\Owner\Downloads\simulator-windows-64\dataTrack1\IMG\left_2024_11_20_20_11_20_535.jpg, C:\Users\Owner\Downloads\simulator-windows-64\dataTrack1\IMG\right_2024_11_20_20_11_20_535.jpg, 0, 0.2052105, 0, 16.11604
C:\Users\Owner\Downloads\simulator-windows-64\dataTrack1\IMG\center_2024_11_20_20_11_20_639.jpg, C:\Users\Owner\Downloads\simulator-windows-64\dataTrack1\IMG\left_2024_11_20_20_11_20_639.jpg, C:\Users\Owner\Downloads\simulator-windows-64\dataTrack1\IMG\right_2024_11_20_20_11_20_639.jpg, 0, 0.2110638, 0, 16.32885
C:\Users\Owner\Downloads\simulator-windows-64\dataTrack1\IMG\center_2024_11_20_20_11_20_740.jpg, C:\Users\Owner\Downloads\simulator-windows-64\dataTrack1\IMG\left_2024_11_20_20_11_20_740.jpg, C:\Users\Owner\Downloads\simulator-windows-64\dataTrack1\IMG\right_2024_11_20_20_11_20_740.jpg, 0, 0.3205959, 0, 16.37365
C:\Users\Owner\Downloads\simulator-windows-64\dataTrack1\IMG\center_2024_11_20_20_11_20_847.jpg, C:\Users\Owner\Downloads\simulator-windows-64\dataTrack1\IMG\left_2024_11_20_20_11_20_847.jpg, C:\Users\Owner\Downloads\simulator-windows-64\dataTrack1\IMG\right_2024_11_20_20_11_20_847.jpg, 0, 0.001171488, 0, 16.41886
C:\Users\Owner\Downloads\simulator-windows-64\dataTrack1\IMG\center_2024_11_20_20_11_20_949.jpg, C:\Users\Owner\Downloads\simulator-windows-64\dataTrack1\IMG\left_2024_11_20_20_11_20_949.jpg, C:\Users\Owner\Downloads\simulator-windows-64\dataTrack1\IMG\right_2024_11_20_20_11_20_949.jpg, 0, 0.2323227, 0, 16.36033
C:\Users\Owner\Downloads\simulator-windows-64\dataTrack1\IMG\center_2024_11_20_20_11_21_051.jpg, C:\Users\Owner\Downloads\simulator-windows-64\dataTrack1\IMG\left_2024_11_20_20_11_21_051.jpg, C:\Users\Owner\Downloads\simulator-windows-64\dataTrack1\IMG\right_2024_11_20_20_11_21_051.jpg, 0, 0, 0, 16.29267
C:\Users\Owner\Downloads\simulator-windows-64\dataTrack1\IMG\center_2024_11_20_20_11_21_154.jpg, C:\Users\Owner\Downloads\simulator-windows-64\dataTrack1\IMG\left_2024_11_20_20_11_21_154.jpg, C:\Users\Owner\Downloads\simulator-windows-64\dataTrack1\IMG\right_2024_11_20_20_11_21_154.jpg, 0, 0.3096297, 0, 16.3405
C:\Users\Owner\Downloads\simulator-windows-64\dataTrack1\IMG\center_2024_11_20_20_11_21_260.jpg, C:\Users\Owner\Downloads\simulator-windows-64\dataTrack1\IMG\left_2024_11_20_20_11_21_260.jpg, C:\Users\Owner\Downloads\simulator-windows-64\dataTrack1\IMG\right_2024_11_20_20_11_21_260.jpg, 0, 0.4570326, 0, 16.59105
C:\Users\Owner\Downloads\simulator-windows-64\dataTrack1\IMG\center_2024_11_20_20_11_21_363.jpg, C:\Users\Owner\Downloads\simulator-windows-64\dataTrack1\IMG\left_2024_11_20_20_11_21_363.jpg, C:\Users\Owner\Downloads\simulator-windows-64\dataTrack1\IMG\right_2024_11_20_20_11_21_363.jpg, 0, 0.4496577, 0, 17.08377
C:\Users\Owner\Downloads\simulator-windows-64\dataTrack1\IMG\center_2024_11_20_20_11_21_466.jpg, C:\Users\Owner\Downloads\simulator-windows-64\dataTrack1\IMG\left_2024_11_20_20_11_21_466.jpg, C:\Users\Owner\Downloads\simulator-windows-64\dataTrack1\IMG\right_2024_11_20_20_11_21_466.jpg, 0, 0.7078065, 0, 17.60974
C:\Users\Owner\Downloads\simulator-windows-64\dataTrack1\IMG\center_2024_11_20_20_11_21_570.jpg, C:\Users\Owner\Downloads\simulator-windows-64\dataTrack1\IMG\left_2024_11_20_20_11_21_570.jpg, C:\Users\Owner\Downloads\simulator-windows-64\dataTrack1\IMG\right_2024_11_20_20_11_21_570.jpg, 0, 0.8582953, 0, 18.48251
C:\Users\Owner\Downloads\simulator-windows-64\dataTrack1\IMG\center_2024_11_20_20_11_21_672.jpg, C:\Users\Owner\Downloads\simulator-windows-64\dataTrack1\IMG\left_2024_11_20_20_11_21_672.jpg, C:\Users\Owner\Downloads\simulator-windows-64\dataTrack1\IMG\right_2024_11_20_20_11_21_672.jpg, 0, 0.7189884, 0, 19.32132
C:\Users\Owner\Downloads\simulator-windows-64\dataTrack1\IMG\center_2024_11_20_20_11_21_777.jpg, C:\Users\Owner\Downloads\simulator-windows-64\dataTrack1\IMG\left_2024_11_20_20_11_21_777.jpg, C:\Users\Owner\Downloads\simulator-windows-64\dataTrack1\IMG\right_2024_11_20_20_11_21_777.jpg, 0, 0.8169429, 0, 20.15659
C:\Users\Owner\Downloads\simulator-windows-64\dataTrack1\IMG\center_2024_11_20_20_11_21_880.jpg, C:\Users\Owner\Downloads\simulator-windows-64\dataTrack1\IMG\left_2024_11_20_20_11_21_880.jpg, C:\Users\Owner\Downloads\simulator-windows-64\dataTrack1\IMG\right_2024_11_20_20_11_21_880.jpg, 0, 0.821529, 0, 20.86268
C:\Users\Owner\Downloads\simulator-windows-64\dataTrack1\IMG\center_2024_11_20_20_11_21_984.jpg, C:\Users\Owner\Downloads\simulator-windows-64\dataTrack1\IMG\left_2024_11_20_20_11_21_984.jpg, C:\Users\Owner\Downloads\simulator-windows-64\dataTrack1\IMG\right_2024_11_20_20_11_21_984.jpg, 0, 0.8976922, 0, 21.76958
C:\Users\Owner\Downloads\simulator-windows-64\dataTrack1\IMG\center_2024_11_20_20_11_22_085.jpg, C:\Users\Owner\Downloads\simulator-windows-64\dataTrack1\IMG\left_2024_11_20_20_11_22_085.jpg, C:\Users\Owner\Downloads\simulator-windows-64\dataTrack1\IMG\right_2024_11_20_20_11_22_085.jpg, 0, 0.8483605, 0, 22.53557
C:\Users\Owner\Downloads\simulator-windows-64\dataTrack1\IMG\center_2024_11_20_20_11_22_189.jpg, C:\Users\Owner\Downloads\simulator-windows-64\dataTrack1\IMG\left_2024_11_20_20_11_22_189.jpg, C:\Users\Owner\Downloads\simulator-windows-64\dataTrack1\IMG\right_2024_11_20_20_11_22_189.jpg, 0, 0.8457904, 0, 23.6365
C:\Users\Owner\Downloads\simulator-windows-64\dataTrack1\IMG\center_2024_11_20_20_11_22_294.jpg, C:\Users\Owner\Downloads\simulator-windows-64\dataTrack1\IMG\left_2024_11_20_20_11_22_294.jpg, C:\Users\Owner\Downloads\simulator-windows-64\dataTrack1\IMG\right_2024_11_20_20_11_22_294.jpg, 0, 1, 0, 24.55448
C:\Users\Owner\Downloads\simulator-windows-64\dataTrack1\IMG\center_2024_11_20_20_11_22_398.jpg, C:\Users\Owner\Downloads\simulator-windows-64\dataTrack1\IMG\left_2024_11_20_20_11_22_398.jpg, C:\Users\Owner\Downloads\simulator-windows-64\dataTrack1\IMG\right_2024_11_20_20_11_22_398.jpg, 0, 1, 0, 25.51848
C:\Users\Owner\Downloads\simulator-windows-64\dataTrack1\IMG\center_2024_11_20_20_11_22_501.jpg, C:\Users\Owner\Downloads\simulator-windows-64\dataTrack1\IMG\left_2024_11_20_20_11_22_501.jpg, C:\Users\Owner\Downloads\simulator-windows-64\dataTrack1\IMG\right_2024_11_20_20_11_22_501.jpg, 0, 0.8972149, 0, 26.4509
C:\Users\Owner\Downloads\simulator-windows-64\dataTrack1\IMG\center_2024_11_20_20_11_22_604.jpg, C:\Users\Owner\Downloads\simulator-windows-64\dataTrack1\IMG\left_2024_11_20_20_11_22_604.jpg, C:\Users\Owner\Downloads\simulator-windows-64\dataTrack1\IMG\right_2024_11_20_20_11_22_604.jpg, -0.1548135, 0.6377038, 0, 27.11591
C:\Users\Owner\Downloads\simulator-windows-64\dataTrack1\IMG\center_2024_11_20_20_11_22_706.jpg, C:\Users\Owner\Downloads\simulator-windows-64\dataTrack1\IMG\left_2024_11_20_20_11_22_706.jpg, C:\Users\Owner\Downloads\simulator-windows-64\dataTrack1\IMG\right_2024_11_20_20_11_22_706.jpg, -0.1581564, 0.3319099, 0, 27.35086
C:\Users\Owner\Downloads\simulator-windows-64\dataTrack1\IMG\center_2024_11_20_20_11_22_811.jpg, C:\Users\Owner\Downloads\simulator-windows-64\dataTrack1\IMG\left_2024_11_20_20_11_22_811.jpg, C:\Users\Owner\Downloads\simulator-windows-64\dataTrack1\IMG\right_2024_11_20_20_11_22_811.jpg, 0, 0.1719979, 0, 27.24585
C:\Users\Owner\Downloads\simulator-windows-64\dataTrack1\IMG\center_2024_11_20_20_11_22_916.jpg, C:\Users\Owner\Downloads\simulator-windows-64\dataTrack1\IMG\left_2024_11_20_20_11_22_916.jpg, C:\Users\Owner\Downloads\simulator-windows-64\dataTrack1\IMG\right_2024_11_20_20_11_22_916.jpg, -0.05459971, 0.2724454, 0, 27.3354
C:\Users\Owner\Downloads\simulator-windows-64\dataTrack1\IMG\center_2024_11_20_20_11_23_018.jpg, C:\Users\Owner\Downloads\simulator-windows-64\dataTrack1\IMG\left_2024_11_20_20_11_23_018.jpg, C:\Users\Owner\Downloads\simulator-windows-64\dataTrack1\IMG\right_2024_11_20_20_11_23_018.jpg, 0, 0, 0, 27.21011
C:\Users\Owner\Downloads\simulator-windows-64\dataTrack1\IMG\center_2024_11_20_20_11_23_120.jpg, C:\Users\Owner\Downloads\simulator-windows-64\dataTrack1\IMG\left_2024_11_20_20_11_23_120.jpg, C:\Users\Owner\Downloads\simulator-windows-64\dataTrack1\IMG\right_2024_11_20_20_11_23_120.jpg, 0, 0.1544949, 0, 26.97119
C:\Users\Owner\Downloads\simulator-windows-64\dataTrack1\IMG\center_2024_11_20_20_11_23_223.jpg, C:\Users\Owner\Downloads\simulator-windows-64\dataTrack1\IMG\left_2024_11_20_20_11_23_223.jpg, C:\Users\Owner\Downloads\simulator-windows-64\dataTrack1\IMG\right_2024_11_20_20_11_23_223.jpg, 0, 0.1541511, 0, 26.9954
C:\Users\Owner\Downloads\simulator-windows-64\dataTrack1\IMG\center_2024_11_20_20_11_23_328.jpg, C:\Users\Owner\Downloads\simulator-windows-64\dataTrack1\IMG\left_2024_11_20_20_11_23_328.jpg, C:\Users\Owner\Downloads\simulator-windows-64\dataTrack1\IMG\right_2024_11_20_20_11_23_328.jpg, 0, 0, 0, 26.72614
C:\Users\Owner\Downloads\simulator-windows-64\dataTrack1\IMG\center_2024_11_20_20_11_23_433.jpg, C:\Users\Owner\Downloads\simulator-windows-64\dataTrack1\IMG\left_2024_11_20_20_11_23_433.jpg, C:\Users\Owner\Downloads\simulator-windows-64\dataTrack1\IMG\right_2024_11_20_20_11_23_433.jpg, 0, 0.2089548, 0, 26.65551
C:\Users\Owner\Downloads\simulator-windows-64\dataTrack1\IMG\center_2024_11_20_20_11_23_536.jpg, C:\Users\Owner\Downloads\simulator-windows-64\dataTrack1\IMG\left_2024_11_20_20_11_23_536.jpg, C:\Users\Owner\Downloads\simulator-windows-64\dataTrack1\IMG\right_2024_11_20_20_11_23_536.jpg, 0, 0, 0, 26.46041
C:\Users\Owner\Downloads\simulator-windows-64\dataTrack1\IMG\center_2024_11_20_20_11_23_639.jpg, C:\Users\Owner\Downloads\simulator-windows-64\dataTrack1\IMG\left_2024_11_20_20_11_23_639.jpg, C:\Users\Owner\Downloads\simulator-windows-64\dataTrack1\IMG\right_2024_11_20_20_11_23_639.jpg, 0, 0, 0, 26.19423
C:\Users\Owner\Downloads\simulator-windows-64\dataTrack1\IMG\center_2024_11_20_20_11_23_744.jpg, C:\Users\Owner\Downloads\simulator-windows-64\dataTrack1\IMG\left_2024_11_20_20_11_23_744.jpg, C:\Users\Owner\Downloads\simulator-windows-64\dataTrack1\IMG\right_2024_11_20_20_11_23_744.jpg, -0.3127029, 0, 0, 25.88993
C:\Users\Owner\Downloads\simulator-windows-64\dataTrack1\IMG\center_2024_11_20_20_11_23_847.jpg, C:\Users\Owner\Downloads\simulator-windows-64\dataTrack1\IMG\left_2024_11_20_20_11_23_847.jpg, C:\Users\Owner\Downloads\simulator-windows-64\dataTrack1\IMG\right_2024_11_20_20_11_23_847.jpg, -0.2696397, 0.0973959, 0, 25.54921
C:\Users\Owner\Downloads\simulator-windows-64\dataTrack1\IMG\center_2024_11_20_20_11_23_950.jpg, C:\Users\Owner\Downloads\simulator-windows-64\dataTrack1\IMG\left_2024_11_20_20_11_23_950.jpg, C:\Users\Owner\Downloads\simulator-windows-64\dataTrack1\IMG\right_2024_11_20_20_11_23_950.jpg, 0, 0.1553016, 0, 25.5756
C:\Users\Owner\Downloads\simulator-windows-64\dataTrack1\IMG\center_2024_11_20_20_11_24_052.jpg, C:\Users\Owner\Downloads\simulator-windows-64\dataTrack1\IMG\left_2024_11_20_20_11_24_052.jpg, C:\Users\Owner\Downloads\simulator-windows-64\dataTrack1\IMG\right_2024_11_20_20_11_24_052.jpg, 0, 0.09633809, 0, 25.36399
C:\Users\Owner\Downloads\simulator-windows-64\dataTrack1\IMG\center_2024_11_20_20_11_24_156.jpg, C:\Users\Owner\Downloads\simulator-windows-64\dataTrack1\IMG\left_2024_11_20_20_11_24_156.jpg, C:\Users\Owner\Downloads\simulator-windows-64\dataTrack1\IMG\right_2024_11_20_20_11_24_156.jpg, 0, 0, 0, 25.12976
C:\Users\Owner\Downloads\simulator-windows-64\dataTrack1\IMG\center_2024_11_20_20_11_24_261.jpg, C:\Users\Owner\Downloads\simulator-windows-64\dataTrack1\IMG\left_2024_11_20_20_11_24_261.jpg, C:\Users\Owner\Downloads\simulator-windows-64\dataTrack1\IMG\right_2024_11_20_20_11_24_261.jpg, 0, 0.1576581, 0, 24.91466
C:\Users\Owner\Downloads\simulator-windows-64\dataTrack1\IMG\center_2024_11_20_20_11_24_364.jpg, C:\Users\Owner\Downloads\simulator-windows-64\dataTrack1\IMG\left_2024_11_20_20_11_24_364.jpg, C:\Users\Owner\Downloads\simulator-windows-64\dataTrack1\IMG\right_2024_11_20_20_11_24_364.jpg, 0, 0, 0, 24.72902
C:\Users\Owner\Downloads\simulator-windows-64\dataTrack1\IMG\center_2024_11_20_20_11_24_467.jpg, C:\Users\Owner\Downloads\simulator-windows-64\dataTrack1\IMG\left_2024_11_20_20_11_24_467.jpg, C:\Users\Owner\Downloads\simulator-windows-64\dataTrack1\IMG\right_2024_11_20_20_11_24_467.jpg, 0, 0.2085405, 0, 24.52145
C:\Users\Owner\Downloads\simulator-windows-64\dataTrack1\IMG\center_2024_11_20_20_11_24_571.jpg, C:\Users\Owner\Downloads\simulator-windows-64\dataTrack1\IMG\left_2024_11_20_20_11_24_571.jpg, C:\Users\Owner\Downloads\simulator-windows-64\dataTrack1\IMG\right_2024_11_20_20_11_24_571.jpg, 0, 0.06004081, 0, 24.50308
C:\Users\Owner\Downloads\simulator-windows-64\dataTrack1\IMG\center_2024_11_20_20_11_24_673.jpg, C:\Users\Owner\Downloads\simulator-windows-64\dataTrack1\IMG\left_2024_11_20_20_11_24_673.jpg, C:\Users\Owner\Downloads\simulator-windows-64\dataTrack1\IMG\right_2024_11_20_20_11_24_673.jpg, 0, 0, 0, 24.26785
C:\Users\Owner\Downloads\simulator-windows-64\dataTrack1\IMG\center_2024_11_20_20_11_24_778.jpg, C:\Users\Owner\Downloads\simulator-windows-64\dataTrack1\IMG\left_2024_11_20_20_11_24_778.jpg, C:\Users\Owner\Downloads\simulator-windows-64\dataTrack1\IMG\right_2024_11_20_20_11_24_778.jpg, 0, 0, 0, 24.02228
C:\Users\Owner\Downloads\simulator-windows-64\dataTrack1\IMG\center_2024_11_20_20_11_24_882.jpg, C:\Users\Owner\Downloads\simulator-windows-64\dataTrack1\IMG\left_2024_11_20_20_11_24_882.jpg, C:\Users\Owner\Downloads\simulator-windows-64\dataTrack1\IMG\right_2024_11_20_20_11_24_882.jpg, 0, 0.1552581, 0, 23.8233
C:\Users\Owner\Downloads\simulator-windows-64\dataTrack1\IMG\center_2024_11_20_20_11_24_984.jpg, C:\Users\Owner\Downloads\simulator-windows-64\dataTrack1\IMG\left_2024_11_20_20_11_24_984.jpg, C:\Users\Owner\Downloads\simulator-windows-64\dataTrack1\IMG\right_2024_11_20_20_11_24_984.jpg, 0, 0, 0, 23.64378
C:\Users\Owner\Downloads\simulator-windows-64\dataTrack1\IMG\center_2024_11_20_20_11_25_086.jpg, C:\Users\Owner\Downloads\simulator-windows-64\dataTrack1\IMG\left_2024_11_20_20_11_25_086.jpg, C:\Users\Owner\Downloads\simulator-windows-64\dataTrack1\IMG\right_2024_11_20_20_11_25_086.jpg, 0, 0.1513452, 0, 23.44737
C:\Users\Owner\Downloads\simulator-windows-64\dataTrack1\IMG\center_2024_11_20_20_11_25_190.jpg, C:\Users\Owner\Downloads\simulator-windows-64\dataTrack1\IMG\left_2024_11_20_20_11_25_190.jpg, C:\Users\Owner\Downloads\simulator-windows-64\dataTrack1\IMG\right_2024_11_20_20_11_25_190.jpg, 0, 0.2033718, 0, 23.58789
C:\Users\Owner\Downloads\simulator-windows-64\dataTrack1\IMG\center_2024_11_20_20_11_25_294.jpg, C:\Users\Owner\Downloads\simulator-windows-64\dataTrack1\IMG\left_2024_11_20_20_11_25_294.jpg, C:\Users\Owner\Downloads\simulator-windows-64\dataTrack1\IMG\right_2024_11_20_20_11_25_294.jpg, 0, 0.1033332, 0, 23.43034
C:\Users\Owner\Downloads\simulator-windows-64\dataTrack1\IMG\center_2024_11_20_20_11_25_399.jpg, C:\Users\Owner\Downloads\simulator-windows-64\dataTrack1\IMG\left_2024_11_20_20_11_25_399.jpg, C:\Users\Owner\Downloads\simulator-windows-64\dataTrack1\IMG\right_2024_11_20_20_11_25_399.jpg, 0, 0.008475587, 0, 23.35725
C:\Users\Owner\Downloads\simulator-windows-64\dataTrack1\IMG\center_2024_11_20_20_11_25_501.jpg, C:\Users\Owner\Downloads\simulator-windows-64\dataTrack1\IMG\left_2024_11_20_20_11_25_501.jpg, C:\Users\Owner\Downloads\simulator-windows-64\dataTrack1\IMG\right_2024_11_20_20_11_25_501.jpg, 0, 0.0976911, 0, 23.11761
C:\Users\Owner\Downloads\simulator-windows-64\dataTrack1\IMG\center_2024_11_20_20_11_25_606.jpg, C:\Users\Owner\Downloads\simulator-windows-64\dataTrack1\IMG\left_2024_11_20_20_11_25_606.jpg, C:\Users\Owner\Downloads\simulator-windows-64\dataTrack1\IMG\right_2024_11_20_20_11_25_606.jpg, 0, 0.0175413, 0, 23.05534
C:\Users\Owner\Downloads\simulator-windows-64\dataTrack1\IMG\center_2024_11_20_20_11_25_707.jpg, C:\Users\Owner\Downloads\simulator-windows-64\dataTrack1\IMG\left_2024_11_20_20_11_25_707.jpg, C:\Users\Owner\Downloads\simulator-windows-64\dataTrack1\IMG\right_2024_11_20_20_11_25_707.jpg, 0, 0.1038369, 0, 22.79762
C:\Users\Owner\Downloads\simulator-windows-64\dataTrack1\IMG\center_2024_11_20_20_11_25_812.jpg, C:\Users\Owner\Downloads\simulator-windows-64\dataTrack1\IMG\left_2024_11_20_20_11_25_812.jpg, C:\Users\Owner\Downloads\simulator-windows-64\dataTrack1\IMG\right_2024_11_20_20_11_25_812.jpg, 0, 0.2081631, 0, 22.8487
C:\Users\Owner\Downloads\simulator-windows-64\dataTrack1\IMG\center_2024_11_20_20_11_25_915.jpg, C:\Users\Owner\Downloads\simulator-windows-64\dataTrack1\IMG\left_2024_11_20_20_11_25_915.jpg, C:\Users\Owner\Downloads\simulator-windows-64\dataTrack1\IMG\right_2024_11_20_20_11_25_915.jpg, 0, 0.0513387, 0, 22.71879
C:\Users\Owner\Downloads\simulator-windows-64\dataTrack1\IMG\center_2024_11_20_20_11_26_019.jpg, C:\Users\Owner\Downloads\simulator-windows-64\dataTrack1\IMG\left_2024_11_20_20_11_26_019.jpg, C:\Users\Owner\Downloads\simulator-windows-64\dataTrack1\IMG\right_2024_11_20_20_11_26_019.jpg, 0, 0.04754879, 0, 22.62246
C:\Users\Owner\Downloads\simulator-windows-64\dataTrack1\IMG\center_2024_11_20_20_11_26_121.jpg, C:\Users\Owner\Downloads\simulator-windows-64\dataTrack1\IMG\left_2024_11_20_20_11_26_121.jpg, C:\Users\Owner\Downloads\simulator-windows-64\dataTrack1\IMG\right_2024_11_20_20_11_26_121.jpg, 0, 0.103572, 0, 22.43477
C:\Users\Owner\Downloads\simulator-windows-64\dataTrack1\IMG\center_2024_11_20_20_11_26_224.jpg, C:\Users\Owner\Downloads\simulator-windows-64\dataTrack1\IMG\left_2024_11_20_20_11_26_224.jpg, C:\Users\Owner\Downloads\simulator-windows-64\dataTrack1\IMG\right_2024_11_20_20_11_26_224.jpg, 0, 0.1565301, 0, 22.42941
C:\Users\Owner\Downloads\simulator-windows-64\dataTrack1\IMG\center_2024_11_20_20_11_26_329.jpg, C:\Users\Owner\Downloads\simulator-windows-64\dataTrack1\IMG\left_2024_11_20_20_11_26_329.jpg, C:\Users\Owner\Downloads\simulator-windows-64\dataTrack1\IMG\right_2024_11_20_20_11_26_329.jpg, 0, 0.1047138, 0, 22.2057
C:\Users\Owner\Downloads\simulator-windows-64\dataTrack1\IMG\center_2024_11_20_20_11_26_433.jpg, C:\Users\Owner\Downloads\simulator-windows-64\dataTrack1\IMG\left_2024_11_20_20_11_26_433.jpg, C:\Users\Owner\Downloads\simulator-windows-64\dataTrack1\IMG\right_2024_11_20_20_11_26_433.jpg, 0, 0.1061688, 0, 22.24787
C:\Users\Owner\Downloads\simulator-windows-64\dataTrack1\IMG\center_2024_11_20_20_11_26_536.jpg, C:\Users\Owner\Downloads\simulator-windows-64\dataTrack1\IMG\left_2024_11_20_20_11_26_536.jpg, C:\Users\Owner\Downloads\simulator-windows-64\dataTrack1\IMG\right_2024_11_20_20_11_26_536.jpg, 0, 0.102975, 0, 22.03659
C:\Users\Owner\Downloads\simulator-windows-64\dataTrack1\IMG\center_2024_11_20_20_11_26_640.jpg, C:\Users\Owner\Downloads\simulator-windows-64\dataTrack1\IMG\left_2024_11_20_20_11_26_640.jpg, C:\Users\Owner\Downloads\simulator-windows-64\dataTrack1\IMG\right_2024_11_20_20_11_26_640.jpg, 0, 0.1014579, 0, 22.04482
C:\Users\Owner\Downloads\simulator-windows-64\dataTrack1\IMG\center_2024_11_20_20_11_26_742.jpg, C:\Users\Owner\Downloads\simulator-windows-64\dataTrack1\IMG\left_2024_11_20_20_11_26_742.jpg, C:\Users\Owner\Downloads\simulator-windows-64\dataTrack1\IMG\right_2024_11_20_20_11_26_742.jpg, 0, 0, 0, 21.85727
C:\Users\Owner\Downloads\simulator-windows-64\dataTrack1\IMG\center_2024_11_20_20_11_26_846.jpg, C:\Users\Owner\Downloads\simulator-windows-64\dataTrack1\IMG\left_2024_11_20_20_11_26_846.jpg, C:\Users\Owner\Downloads\simulator-windows-64\dataTrack1\IMG\right_2024_11_20_20_11_26_846.jpg, 0, 0.0582168, 0, 21.72681
C:\Users\Owner\Downloads\simulator-windows-64\dataTrack1\IMG\center_2024_11_20_20_11_26_950.jpg, C:\Users\Owner\Downloads\simulator-windows-64\dataTrack1\IMG\left_2024_11_20_20_11_26_950.jpg, C:\Users\Owner\Downloads\simulator-windows-64\dataTrack1\IMG\right_2024_11_20_20_11_26_950.jpg, 0, 0.0998541, 0, 21.48209
C:\Users\Owner\Downloads\simulator-windows-64\dataTrack1\IMG\center_2024_11_20_20_11_27_054.jpg, C:\Users\Owner\Downloads\simulator-windows-64\dataTrack1\IMG\left_2024_11_20_20_11_27_054.jpg, C:\Users\Owner\Downloads\simulator-windows-64\dataTrack1\IMG\right_2024_11_20_20_11_27_054.jpg, 0, 0.3056649, 0, 21.66166
C:\Users\Owner\Downloads\simulator-windows-64\dataTrack1\IMG\center_2024_11_20_20_11_27_155.jpg, C:\Users\Owner\Downloads\simulator-windows-64\dataTrack1\IMG\left_2024_11_20_20_11_27_155.jpg, C:\Users\Owner\Downloads\simulator-windows-64\dataTrack1\IMG\right_2024_11_20_20_11_27_155.jpg, 0, 0.002948117, 0, 21.54689
C:\Users\Owner\Downloads\simulator-windows-64\dataTrack1\IMG\center_2024_11_20_20_11_27_259.jpg, C:\Users\Owner\Downloads\simulator-windows-64\dataTrack1\IMG\left_2024_11_20_20_11_27_259.jpg, C:\Users\Owner\Downloads\simulator-windows-64\dataTrack1\IMG\right_2024_11_20_20_11_27_259.jpg, 0, 0.2109316, 0, 21.605
C:\Users\Owner\Downloads\simulator-windows-64\dataTrack1\IMG\center_2024_11_20_20_11_27_364.jpg, C:\Users\Owner\Downloads\simulator-windows-64\dataTrack1\IMG\left_2024_11_20_20_11_27_364.jpg, C:\Users\Owner\Downloads\simulator-windows-64\dataTrack1\IMG\right_2024_11_20_20_11_27_364.jpg, 0, 0.0570168, 0, 21.33686
C:\Users\Owner\Downloads\simulator-windows-64\dataTrack1\IMG\center_2024_11_20_20_11_27_468.jpg, C:\Users\Owner\Downloads\simulator-windows-64\dataTrack1\IMG\left_2024_11_20_20_11_27_468.jpg, C:\Users\Owner\Downloads\simulator-windows-64\dataTrack1\IMG\right_2024_11_20_20_11_27_468.jpg, 0, 0.3671061, 0, 21.38113
C:\Users\Owner\Downloads\simulator-windows-64\dataTrack1\IMG\center_2024_11_20_20_11_27_571.jpg, C:\Users\Owner\Downloads\simulator-windows-64\dataTrack1\IMG\left_2024_11_20_20_11_27_571.jpg, C:\Users\Owner\Downloads\simulator-windows-64\dataTrack1\IMG\right_2024_11_20_20_11_27_571.jpg, 0, 0.0578487, 0, 21.61609
C:\Users\Owner\Downloads\simulator-windows-64\dataTrack1\IMG\center_2024_11_20_20_11_27_673.jpg, C:\Users\Owner\Downloads\simulator-windows-64\dataTrack1\IMG\left_2024_11_20_20_11_27_673.jpg, C:\Users\Owner\Downloads\simulator-windows-64\dataTrack1\IMG\right_2024_11_20_20_11_27_673.jpg, 0, 0.260607, 0, 21.43622
C:\Users\Owner\Downloads\simulator-windows-64\dataTrack1\IMG\center_2024_11_20_20_11_27_776.jpg, C:\Users\Owner\Downloads\simulator-windows-64\dataTrack1\IMG\left_2024_11_20_20_11_27_776.jpg, C:\Users\Owner\Downloads\simulator-windows-64\dataTrack1\IMG\right_2024_11_20_20_11_27_776.jpg, 0, 0, 0, 21.58817
C:\Users\Owner\Downloads\simulator-windows-64\dataTrack1\IMG\center_2024_11_20_20_11_27_881.jpg, C:\Users\Owner\Downloads\simulator-windows-64\dataTrack1\IMG\left_2024_11_20_20_11_27_881.jpg, C:\Users\Owner\Downloads\simulator-windows-64\dataTrack1\IMG\right_2024_11_20_20_11_27_881.jpg, 0, 0.3147018, 0, 21.29609
C:\Users\Owner\Downloads\simulator-windows-64\dataTrack1\IMG\center_2024_11_20_20_11_27_984.jpg, C:\Users\Owner\Downloads\simulator-windows-64\dataTrack1\IMG\left_2024_11_20_20_11_27_984.jpg, C:\Users\Owner\Downloads\simulator-windows-64\dataTrack1\IMG\right_2024_11_20_20_11_27_984.jpg, -0.0535305, 0.004266612, 0, 21.56191
C:\Users\Owner\Downloads\simulator-windows-64\dataTrack1\IMG\center_2024_11_20_20_11_28_086.jpg, C:\Users\Owner\Downloads\simulator-windows-64\dataTrack1\IMG\left_2024_11_20_20_11_28_086.jpg, C:\Users\Owner\Downloads\simulator-windows-64\dataTrack1\IMG\right_2024_11_20_20_11_28_086.jpg, -0.01006531, 0, 0, 21.04413
C:\Users\Owner\Downloads\simulator-windows-64\dataTrack1\IMG\center_2024_11_20_20_11_28_190.jpg, C:\Users\Owner\Downloads\simulator-windows-64\dataTrack1\IMG\left_2024_11_20_20_11_28_190.jpg, C:\Users\Owner\Downloads\simulator-windows-64\dataTrack1\IMG\right_2024_11_20_20_11_28_190.jpg, 0, 0, 0, 20.78284
C:\Users\Owner\Downloads\simulator-windows-64\dataTrack1\IMG\center_2024_11_20_20_11_28_295.jpg, C:\Users\Owner\Downloads\simulator-windows-64\dataTrack1\IMG\left_2024_11_20_20_11_28_295.jpg, C:\Users\Owner\Downloads\simulator-windows-64\dataTrack1\IMG\right_2024_11_20_20_11_28_295.jpg, 0, 0.0533229, 0, 20.87674
C:\Users\Owner\Downloads\simulator-windows-64\dataTrack1\IMG\center_2024_11_20_20_11_28_399.jpg, C:\Users\Owner\Downloads\simulator-windows-64\dataTrack1\IMG\left_2024_11_20_20_11_28_399.jpg, C:\Users\Owner\Downloads\simulator-windows-64\dataTrack1\IMG\right_2024_11_20_20_11_28_399.jpg, -0.2252043, 0.265428, 0, 20.62526
C:\Users\Owner\Downloads\simulator-windows-64\dataTrack1\IMG\center_2024_11_20_20_11_28_502.jpg, C:\Users\Owner\Downloads\simulator-windows-64\dataTrack1\IMG\left_2024_11_20_20_11_28_502.jpg, C:\Users\Owner\Downloads\simulator-windows-64\dataTrack1\IMG\right_2024_11_20_20_11_28_502.jpg, 0, 0, 0, 20.84232
C:\Users\Owner\Downloads\simulator-windows-64\dataTrack1\IMG\center_2024_11_20_20_11_28_604.jpg, C:\Users\Owner\Downloads\simulator-windows-64\dataTrack1\IMG\left_2024_11_20_20_11_28_604.jpg, C:\Users\Owner\Downloads\simulator-windows-64\dataTrack1\IMG\right_2024_11_20_20_11_28_604.jpg, -0.1012539, 0.1545345, 0, 20.37459
C:\Users\Owner\Downloads\simulator-windows-64\dataTrack1\IMG\center_2024_11_20_20_11_28_707.jpg, C:\Users\Owner\Downloads\simulator-windows-64\dataTrack1\IMG\left_2024_11_20_20_11_28_707.jpg, C:\Users\Owner\Downloads\simulator-windows-64\dataTrack1\IMG\right_2024_11_20_20_11_28_707.jpg, 0, 0.1120767, 0, 20.47506
C:\Users\Owner\Downloads\simulator-windows-64\dataTrack1\IMG\center_2024_11_20_20_11_28_812.jpg, C:\Users\Owner\Downloads\simulator-windows-64\dataTrack1\IMG\left_2024_11_20_20_11_28_812.jpg, C:\Users\Owner\Downloads\simulator-windows-64\dataTrack1\IMG\right_2024_11_20_20_11_28_812.jpg, 0, 0, 0, 20.5822
C:\Users\Owner\Downloads\simulator-windows-64\dataTrack1\IMG\center_2024_11_20_20_11_28_916.jpg, C:\Users\Owner\Downloads\simulator-windows-64\dataTrack1\IMG\left_2024_11_20_20_11_28_916.jpg, C:\Users\Owner\Downloads\simulator-windows-64\dataTrack1\IMG\right_2024_11_20_20_11_28_916.jpg, 0, 0.0549993, 0, 20.05334
C:\Users\Owner\Downloads\simulator-windows-64\dataTrack1\IMG\center_2024_11_20_20_11_29_019.jpg, C:\Users\Owner\Downloads\simulator-windows-64\dataTrack1\IMG\left_2024_11_20_20_11_29_019.jpg, C:\Users\Owner\Downloads\simulator-windows-64\dataTrack1\IMG\right_2024_11_20_20_11_29_019.jpg, 0, 0.25224, 0, 20.4112
C:\Users\Owner\Downloads\simulator-windows-64\dataTrack1\IMG\center_2024_11_20_20_11_29_121.jpg, C:\Users\Owner\Downloads\simulator-windows-64\dataTrack1\IMG\left_2024_11_20_20_11_29_121.jpg, C:\Users\Owner\Downloads\simulator-windows-64\dataTrack1\IMG\right_2024_11_20_20_11_29_121.jpg, 0, 0, 0, 20.03736
C:\Users\Owner\Downloads\simulator-windows-64\dataTrack1\IMG\center_2024_11_20_20_11_29_224.jpg, C:\Users\Owner\Downloads\simulator-windows-64\dataTrack1\IMG\left_2024_11_20_20_11_29_224.jpg, C:\Users\Owner\Downloads\simulator-windows-64\dataTrack1\IMG\right_2024_11_20_20_11_29_224.jpg, -0.1031727, 0, 0, 20.16265
C:\Users\Owner\Downloads\simulator-windows-64\dataTrack1\IMG\center_2024_11_20_20_11_29_329.jpg, C:\Users\Owner\Downloads\simulator-windows-64\dataTrack1\IMG\left_2024_11_20_20_11_29_329.jpg, C:\Users\Owner\Downloads\simulator-windows-64\dataTrack1\IMG\right_2024_11_20_20_11_29_329.jpg, -0.4704621, 0.3159621, 0, 19.99299
C:\Users\Owner\Downloads\simulator-windows-64\dataTrack1\IMG\center_2024_11_20_20_11_29_433.jpg, C:\Users\Owner\Downloads\simulator-windows-64\dataTrack1\IMG\left_2024_11_20_20_11_29_433.jpg, C:\Users\Owner\Downloads\simulator-windows-64\dataTrack1\IMG\right_2024_11_20_20_11_29_433.jpg, -0.1609827, 0.006482709, 0, 19.66547
C:\Users\Owner\Downloads\simulator-windows-64\dataTrack1\IMG\center_2024_11_20_20_11_29_536.jpg, C:\Users\Owner\Downloads\simulator-windows-64\dataTrack1\IMG\left_2024_11_20_20_11_29_536.jpg, C:\Users\Owner\Downloads\simulator-windows-64\dataTrack1\IMG\right_2024_11_20_20_11_29_536.jpg, 0, 0, 0, 19.78925
C:\Users\Owner\Downloads\simulator-windows-64\dataTrack1\IMG\center_2024_11_20_20_11_29_640.jpg, C:\Users\Owner\Downloads\simulator-windows-64\dataTrack1\IMG\left_2024_11_20_20_11_29_640.jpg, C:\Users\Owner\Downloads\simulator-windows-64\dataTrack1\IMG\right_2024_11_20_20_11_29_640.jpg, 0, 0.0550218, 0, 19.21605
C:\Users\Owner\Downloads\simulator-windows-64\dataTrack1\IMG\center_2024_11_20_20_11_29_742.jpg, C:\Users\Owner\Downloads\simulator-windows-64\dataTrack1\IMG\left_2024_11_20_20_11_29_742.jpg, C:\Users\Owner\Downloads\simulator-windows-64\dataTrack1\IMG\right_2024_11_20_20_11_29_742.jpg, 0, 0.05748177, 0, 19.57506
C:\Users\Owner\Downloads\simulator-windows-64\dataTrack1\IMG\center_2024_11_20_20_11_29_846.jpg, C:\Users\Owner\Downloads\simulator-windows-64\dataTrack1\IMG\left_2024_11_20_20_11_29_846.jpg, C:\Users\Owner\Downloads\simulator-windows-64\dataTrack1\IMG\right_2024_11_20_20_11_29_846.jpg, 0, 0, 0, 18.99817
C:\Users\Owner\Downloads\simulator-windows-64\dataTrack1\IMG\center_2024_11_20_20_11_29_950.jpg, C:\Users\Owner\Downloads\simulator-windows-64\dataTrack1\IMG\left_2024_11_20_20_11_29_950.jpg, C:\Users\Owner\Downloads\simulator-windows-64\dataTrack1\IMG\right_2024_11_20_20_11_29_950.jpg, 0, 0, 0, 18.73979
C:\Users\Owner\Downloads\simulator-windows-64\dataTrack1\IMG\center_2024_11_20_20_11_30_054.jpg, C:\Users\Owner\Downloads\simulator-windows-64\dataTrack1\IMG\left_2024_11_20_20_11_30_054.jpg, C:\Users\Owner\Downloads\simulator-windows-64\dataTrack1\IMG\right_2024_11_20_20_11_30_054.jpg, 0, 0.0573669, 0, 19.00486
C:\Users\Owner\Downloads\simulator-windows-64\dataTrack1\IMG\center_2024_11_20_20_11_30_156.jpg, C:\Users\Owner\Downloads\simulator-windows-64\dataTrack1\IMG\left_2024_11_20_20_11_30_156.jpg, C:\Users\Owner\Downloads\simulator-windows-64\dataTrack1\IMG\right_2024_11_20_20_11_30_156.jpg, 0, 0.2571492, 0, 18.6686
C:\Users\Owner\Downloads\simulator-windows-64\dataTrack1\IMG\center_2024_11_20_20_11_30_259.jpg, C:\Users\Owner\Downloads\simulator-windows-64\dataTrack1\IMG\left_2024_11_20_20_11_30_259.jpg, C:\Users\Owner\Downloads\simulator-windows-64\dataTrack1\IMG\right_2024_11_20_20_11_30_259.jpg, 0, 0, 0, 19.01931
C:\Users\Owner\Downloads\simulator-windows-64\dataTrack1\IMG\center_2024_11_20_20_11_30_363.jpg, C:\Users\Owner\Downloads\simulator-windows-64\dataTrack1\IMG\left_2024_11_20_20_11_30_363.jpg, C:\Users\Owner\Downloads\simulator-windows-64\dataTrack1\IMG\right_2024_11_20_20_11_30_363.jpg, 0, 0.1567209, 0, 18.42545
C:\Users\Owner\Downloads\simulator-windows-64\dataTrack1\IMG\center_2024_11_20_20_11_30_467.jpg, C:\Users\Owner\Downloads\simulator-windows-64\dataTrack1\IMG\left_2024_11_20_20_11_30_467.jpg, C:\Users\Owner\Downloads\simulator-windows-64\dataTrack1\IMG\right_2024_11_20_20_11_30_467.jpg, 0, 0.05725046, 0, 18.50704
C:\Users\Owner\Downloads\simulator-windows-64\dataTrack1\IMG\center_2024_11_20_20_11_30_570.jpg, C:\Users\Owner\Downloads\simulator-windows-64\dataTrack1\IMG\left_2024_11_20_20_11_30_570.jpg, C:\Users\Owner\Downloads\simulator-windows-64\dataTrack1\IMG\right_2024_11_20_20_11_30_570.jpg, 0, 0.2283726, 0, 18.861
C:\Users\Owner\Downloads\simulator-windows-64\dataTrack1\IMG\center_2024_11_20_20_11_30_674.jpg, C:\Users\Owner\Downloads\simulator-windows-64\dataTrack1\IMG\left_2024_11_20_20_11_30_674.jpg, C:\Users\Owner\Downloads\simulator-windows-64\dataTrack1\IMG\right_2024_11_20_20_11_30_674.jpg, 0, 0.132528, 0, 18.55142
C:\Users\Owner\Downloads\simulator-windows-64\dataTrack1\IMG\center_2024_11_20_20_11_30_776.jpg, C:\Users\Owner\Downloads\simulator-windows-64\dataTrack1\IMG\left_2024_11_20_20_11_30_776.jpg, C:\Users\Owner\Downloads\simulator-windows-64\dataTrack1\IMG\right_2024_11_20_20_11_30_776.jpg, 0, 0.4417278, 0, 19.09765
C:\Users\Owner\Downloads\simulator-windows-64\dataTrack1\IMG\center_2024_11_20_20_11_30_881.jpg, C:\Users\Owner\Downloads\simulator-windows-64\dataTrack1\IMG\left_2024_11_20_20_11_30_881.jpg, C:\Users\Owner\Downloads\simulator-windows-64\dataTrack1\IMG\right_2024_11_20_20_11_30_881.jpg, 0, 0.4408665, 0, 19.27184
C:\Users\Owner\Downloads\simulator-windows-64\dataTrack1\IMG\center_2024_11_20_20_11_30_984.jpg, C:\Users\Owner\Downloads\simulator-windows-64\dataTrack1\IMG\left_2024_11_20_20_11_30_984.jpg, C:\Users\Owner\Downloads\simulator-windows-64\dataTrack1\IMG\right_2024_11_20_20_11_30_984.jpg, 0, 0.180657, 0, 19.73243
C:\Users\Owner\Downloads\simulator-windows-64\dataTrack1\IMG\center_2024_11_20_20_11_31_087.jpg, C:\Users\Owner\Downloads\simulator-windows-64\dataTrack1\IMG\left_2024_11_20_20_11_31_087.jpg, C:\Users\Owner\Downloads\simulator-windows-64\dataTrack1\IMG\right_2024_11_20_20_11_31_087.jpg, 0, 0, 0, 19.2377
C:\Users\Owner\Downloads\simulator-windows-64\dataTrack1\IMG\center_2024_11_20_20_11_31_190.jpg, C:\Users\Owner\Downloads\simulator-windows-64\dataTrack1\IMG\left_2024_11_20_20_11_31_190.jpg, C:\Users\Owner\Downloads\simulator-windows-64\dataTrack1\IMG\right_2024_11_20_20_11_31_190.jpg, 0, 0.3618633, 0, 19.33119
C:\Users\Owner\Downloads\simulator-windows-64\dataTrack1\IMG\center_2024_11_20_20_11_31_294.jpg, C:\Users\Owner\Downloads\simulator-windows-64\dataTrack1\IMG\left_2024_11_20_20_11_31_294.jpg, C:\Users\Owner\Downloads\simulator-windows-64\dataTrack1\IMG\right_2024_11_20_20_11_31_294.jpg, 0, 0.2558121, 0, 19.88265
C:\Users\Owner\Downloads\simulator-windows-64\dataTrack1\IMG\center_2024_11_20_20_11_31_398.jpg, C:\Users\Owner\Downloads\simulator-windows-64\dataTrack1\IMG\left_2024_11_20_20_11_31_398.jpg, C:\Users\Owner\Downloads\simulator-windows-64\dataTrack1\IMG\right_2024_11_20_20_11_31_398.jpg, 0, 0.3597858, 0, 19.68016
C:\Users\Owner\Downloads\simulator-windows-64\dataTrack1\IMG\center_2024_11_20_20_11_31_502.jpg, C:\Users\Owner\Downloads\simulator-windows-64\dataTrack1\IMG\left_2024_11_20_20_11_31_502.jpg, C:\Users\Owner\Downloads\simulator-windows-64\dataTrack1\IMG\right_2024_11_20_20_11_31_502.jpg, 0, 0.4640151, 0, 20.33946
C:\Users\Owner\Downloads\simulator-windows-64\dataTrack1\IMG\center_2024_11_20_20_11_31_606.jpg, C:\Users\Owner\Downloads\simulator-windows-64\dataTrack1\IMG\left_2024_11_20_20_11_31_606.jpg, C:\Users\Owner\Downloads\simulator-windows-64\dataTrack1\IMG\right_2024_11_20_20_11_31_606.jpg, 0, 0.3108516, 0, 20.27732
C:\Users\Owner\Downloads\simulator-windows-64\dataTrack1\IMG\center_2024_11_20_20_11_31_709.jpg, C:\Users\Owner\Downloads\simulator-windows-64\dataTrack1\IMG\left_2024_11_20_20_11_31_709.jpg, C:\Users\Owner\Downloads\simulator-windows-64\dataTrack1\IMG\right_2024_11_20_20_11_31_709.jpg, 0, 0.5674065, 0, 20.83677
C:\Users\Owner\Downloads\simulator-windows-64\dataTrack1\IMG\center_2024_11_20_20_11_31_810.jpg, C:\Users\Owner\Downloads\simulator-windows-64\dataTrack1\IMG\left_2024_11_20_20_11_31_810.jpg, C:\Users\Owner\Downloads\simulator-windows-64\dataTrack1\IMG\right_2024_11_20_20_11_31_810.jpg, 0, 0.2636355, 0, 21.29802
C:\Users\Owner\Downloads\simulator-windows-64\dataTrack1\IMG\center_2024_11_20_20_11_31_916.jpg, C:\Users\Owner\Downloads\simulator-windows-64\dataTrack1\IMG\left_2024_11_20_20_11_31_916.jpg, C:\Users\Owner\Downloads\simulator-windows-64\dataTrack1\IMG\right_2024_11_20_20_11_31_916.jpg, 0, 0, 0, 20.95267
C:\Users\Owner\Downloads\simulator-windows-64\dataTrack1\IMG\center_2024_11_20_20_11_32_020.jpg, C:\Users\Owner\Downloads\simulator-windows-64\dataTrack1\IMG\left_2024_11_20_20_11_32_020.jpg, C:\Users\Owner\Downloads\simulator-windows-64\dataTrack1\IMG\right_2024_11_20_20_11_32_020.jpg, 0, 0, 0, 21.0321
C:\Users\Owner\Downloads\simulator-windows-64\dataTrack1\IMG\center_2024_11_20_20_11_32_122.jpg, C:\Users\Owner\Downloads\simulator-windows-64\dataTrack1\IMG\left_2024_11_20_20_11_32_122.jpg, C:\Users\Owner\Downloads\simulator-windows-64\dataTrack1\IMG\right_2024_11_20_20_11_32_122.jpg, 0, 0, 0, 20.51294
C:\Users\Owner\Downloads\simulator-windows-64\dataTrack1\IMG\center_2024_11_20_20_11_32_224.jpg, C:\Users\Owner\Downloads\simulator-windows-64\dataTrack1\IMG\left_2024_11_20_20_11_32_224.jpg, C:\Users\Owner\Downloads\simulator-windows-64\dataTrack1\IMG\right_2024_11_20_20_11_32_224.jpg, 0, 0.1550259, 0, 20.65983
C:\Users\Owner\Downloads\simulator-windows-64\dataTrack1\IMG\center_2024_11_20_20_11_32_328.jpg, C:\Users\Owner\Downloads\simulator-windows-64\dataTrack1\IMG\left_2024_11_20_20_11_32_328.jpg, C:\Users\Owner\Downloads\simulator-windows-64\dataTrack1\IMG\right_2024_11_20_20_11_32_328.jpg, 0, 0.1050768, 0, 20.74243
C:\Users\Owner\Downloads\simulator-windows-64\dataTrack1\IMG\center_2024_11_20_20_11_32_433.jpg, C:\Users\Owner\Downloads\simulator-windows-64\dataTrack1\IMG\left_2024_11_20_20_11_32_433.jpg, C:\Users\Owner\Downloads\simulator-windows-64\dataTrack1\IMG\right_2024_11_20_20_11_32_433.jpg, 0, 0.2047416, 0, 20.35584
C:\Users\Owner\Downloads\simulator-windows-64\dataTrack1\IMG\center_2024_11_20_20_11_32_536.jpg, C:\Users\Owner\Downloads\simulator-windows-64\dataTrack1\IMG\left_2024_11_20_20_11_32_536.jpg, C:\Users\Owner\Downloads\simulator-windows-64\dataTrack1\IMG\right_2024_11_20_20_11_32_536.jpg, 0, 0.3099501, 0, 20.8194
C:\Users\Owner\Downloads\simulator-windows-64\dataTrack1\IMG\center_2024_11_20_20_11_32_640.jpg, C:\Users\Owner\Downloads\simulator-windows-64\dataTrack1\IMG\left_2024_11_20_20_11_32_640.jpg, C:\Users\Owner\Downloads\simulator-windows-64\dataTrack1\IMG\right_2024_11_20_20_11_32_640.jpg, 0, 0.3083304, 0, 20.63525
C:\Users\Owner\Downloads\simulator-windows-64\dataTrack1\IMG\center_2024_11_20_20_11_32_743.jpg, C:\Users\Owner\Downloads\simulator-windows-64\dataTrack1\IMG\left_2024_11_20_20_11_32_743.jpg, C:\Users\Owner\Downloads\simulator-windows-64\dataTrack1\IMG\right_2024_11_20_20_11_32_743.jpg, 0, 0.5136632, 0, 21.1903
C:\Users\Owner\Downloads\simulator-windows-64\dataTrack1\IMG\center_2024_11_20_20_11_32_846.jpg, C:\Users\Owner\Downloads\simulator-windows-64\dataTrack1\IMG\left_2024_11_20_20_11_32_846.jpg, C:\Users\Owner\Downloads\simulator-windows-64\dataTrack1\IMG\right_2024_11_20_20_11_32_846.jpg, 0, 0.3622697, 0, 21.25587
C:\Users\Owner\Downloads\simulator-windows-64\dataTrack1\IMG\center_2024_11_20_20_11_32_951.jpg, C:\Users\Owner\Downloads\simulator-windows-64\dataTrack1\IMG\left_2024_11_20_20_11_32_951.jpg, C:\Users\Owner\Downloads\simulator-windows-64\dataTrack1\IMG\right_2024_11_20_20_11_32_951.jpg, 0, 0.7287926, 0, 21.87181
C:\Users\Owner\Downloads\simulator-windows-64\dataTrack1\IMG\center_2024_11_20_20_11_33_054.jpg, C:\Users\Owner\Downloads\simulator-windows-64\dataTrack1\IMG\left_2024_11_20_20_11_33_054.jpg, C:\Users\Owner\Downloads\simulator-windows-64\dataTrack1\IMG\right_2024_11_20_20_11_33_054.jpg, 0, 0.5242044, 0, 22.44033
C:\Users\Owner\Downloads\simulator-windows-64\dataTrack1\IMG\center_2024_11_20_20_11_33_155.jpg, C:\Users\Owner\Downloads\simulator-windows-64\dataTrack1\IMG\left_2024_11_20_20_11_33_155.jpg, C:\Users\Owner\Downloads\simulator-windows-64\dataTrack1\IMG\right_2024_11_20_20_11_33_155.jpg, 0, 0.8254296, 0, 22.96729
C:\Users\Owner\Downloads\simulator-windows-64\dataTrack1\IMG\center_2024_11_20_20_11_33_259.jpg, C:\Users\Owner\Downloads\simulator-windows-64\dataTrack1\IMG\left_2024_11_20_20_11_33_259.jpg, C:\Users\Owner\Downloads\simulator-windows-64\dataTrack1\IMG\right_2024_11_20_20_11_33_259.jpg, 0, 0.6188685, 0, 23.60883
C:\Users\Owner\Downloads\simulator-windows-64\dataTrack1\IMG\center_2024_11_20_20_11_33_363.jpg, C:\Users\Owner\Downloads\simulator-windows-64\dataTrack1\IMG\left_2024_11_20_20_11_33_363.jpg, C:\Users\Owner\Downloads\simulator-windows-64\dataTrack1\IMG\right_2024_11_20_20_11_33_363.jpg, 0, 0.9307341, 0, 24.2551
C:\Users\Owner\Downloads\simulator-windows-64\dataTrack1\IMG\center_2024_11_20_20_11_33_467.jpg, C:\Users\Owner\Downloads\simulator-windows-64\dataTrack1\IMG\left_2024_11_20_20_11_33_467.jpg, C:\Users\Owner\Downloads\simulator-windows-64\dataTrack1\IMG\right_2024_11_20_20_11_33_467.jpg, 0, 0.6170747, 0, 25.10253
C:\Users\Owner\Downloads\simulator-windows-64\dataTrack1\IMG\center_2024_11_20_20_11_33_570.jpg, C:\Users\Owner\Downloads\simulator-windows-64\dataTrack1\IMG\left_2024_11_20_20_11_33_570.jpg, C:\Users\Owner\Downloads\simulator-windows-64\dataTrack1\IMG\right_2024_11_20_20_11_33_570.jpg, 0, 0.9253955, 0, 25.79452
C:\Users\Owner\Downloads\simulator-windows-64\dataTrack1\IMG\center_2024_11_20_20_11_33_674.jpg, C:\Users\Owner\Downloads\simulator-windows-64\dataTrack1\IMG\left_2024_11_20_20_11_33_674.jpg, C:\Users\Owner\Downloads\simulator-windows-64\dataTrack1\IMG\right_2024_11_20_20_11_33_674.jpg, 0, 0.6140717, 0, 26.46218
C:\Users\Owner\Downloads\simulator-windows-64\dataTrack1\IMG\center_2024_11_20_20_11_33_776.jpg, C:\Users\Owner\Downloads\simulator-windows-64\dataTrack1\IMG\left_2024_11_20_20_11_33_776.jpg, C:\Users\Owner\Downloads\simulator-windows-64\dataTrack1\IMG\right_2024_11_20_20_11_33_776.jpg, 0, 0.74459, 0, 26.93212
C:\Users\Owner\Downloads\simulator-windows-64\dataTrack1\IMG\center_2024_11_20_20_11_33_881.jpg, C:\Users\Owner\Downloads\simulator-windows-64\dataTrack1\IMG\left_2024_11_20_20_11_33_881.jpg, C:\Users\Owner\Downloads\simulator-windows-64\dataTrack1\IMG\right_2024_11_20_20_11_33_881.jpg, 0, 0.6405004, 0, 27.60502
C:\Users\Owner\Downloads\simulator-windows-64\dataTrack1\IMG\center_2024_11_20_20_11_33_984.jpg, C:\Users\Owner\Downloads\simulator-windows-64\dataTrack1\IMG\left_2024_11_20_20_11_33_984.jpg, C:\Users\Owner\Downloads\simulator-windows-64\dataTrack1\IMG\right_2024_11_20_20_11_33_984.jpg, 0, 0.6873214, 0, 28.05005
C:\Users\Owner\Downloads\simulator-windows-64\dataTrack1\IMG\center_2024_11_20_20_11_34_088.jpg, C:\Users\Owner\Downloads\simulator-windows-64\dataTrack1\IMG\left_2024_11_20_20_11_34_088.jpg, C:\Users\Owner\Downloads\simulator-windows-64\dataTrack1\IMG\right_2024_11_20_20_11_34_088.jpg, 0, 0.6379156, 0, 28.81243
C:\Users\Owner\Downloads\simulator-windows-64\dataTrack1\IMG\center_2024_11_20_20_11_34_189.jpg, C:\Users\Owner\Downloads\simulator-windows-64\dataTrack1\IMG\left_2024_11_20_20_11_34_189.jpg, C:\Users\Owner\Downloads\simulator-windows-64\dataTrack1\IMG\right_2024_11_20_20_11_34_189.jpg, 0, 0.6430764, 0, 29.20026
C:\Users\Owner\Downloads\simulator-windows-64\dataTrack1\IMG\center_2024_11_20_20_11_34_294.jpg, C:\Users\Owner\Downloads\simulator-windows-64\dataTrack1\IMG\left_2024_11_20_20_11_34_294.jpg, C:\Users\Owner\Downloads\simulator-windows-64\dataTrack1\IMG\right_2024_11_20_20_11_34_294.jpg, 0, 0.6414297, 0, 29.78688
C:\Users\Owner\Downloads\simulator-windows-64\dataTrack1\IMG\center_2024_11_20_20_11_34_399.jpg, C:\Users\Owner\Downloads\simulator-windows-64\dataTrack1\IMG\left_2024_11_20_20_11_34_399.jpg, C:\Users\Owner\Downloads\simulator-windows-64\dataTrack1\IMG\right_2024_11_20_20_11_34_399.jpg, 0, 0.5332665, 0, 30.06923
C:\Users\Owner\Downloads\simulator-windows-64\dataTrack1\IMG\center_2024_11_20_20_11_34_502.jpg, C:\Users\Owner\Downloads\simulator-windows-64\dataTrack1\IMG\left_2024_11_20_20_11_34_502.jpg, C:\Users\Owner\Downloads\simulator-windows-64\dataTrack1\IMG\right_2024_11_20_20_11_34_502.jpg, 0, 0.6375852, 0, 30.12694
C:\Users\Owner\Downloads\simulator-windows-64\dataTrack1\IMG\center_2024_11_20_20_11_34_605.jpg, C:\Users\Owner\Downloads\simulator-windows-64\dataTrack1\IMG\left_2024_11_20_20_11_34_605.jpg, C:\Users\Owner\Downloads\simulator-windows-64\dataTrack1\IMG\right_2024_11_20_20_11_34_605.jpg, 0, 0.3799061, 0, 30.04412
C:\Users\Owner\Downloads\simulator-windows-64\dataTrack1\IMG\center_2024_11_20_20_11_34_708.jpg, C:\Users\Owner\Downloads\simulator-windows-64\dataTrack1\IMG\left_2024_11_20_20_11_34_708.jpg, C:\Users\Owner\Downloads\simulator-windows-64\dataTrack1\IMG\right_2024_11_20_20_11_34_708.jpg, 0, 0.01757067, 0, 29.88644
C:\Users\Owner\Downloads\simulator-windows-64\dataTrack1\IMG\center_2024_11_20_20_11_34_810.jpg, C:\Users\Owner\Downloads\simulator-windows-64\dataTrack1\IMG\left_2024_11_20_20_11_34_810.jpg, C:\Users\Owner\Downloads\simulator-windows-64\dataTrack1\IMG\right_2024_11_20_20_11_34_810.jpg, 0, 0, 0, 29.58789
C:\Users\Owner\Downloads\simulator-windows-64\dataTrack1\IMG\center_2024_11_20_20_11_34_916.jpg, C:\Users\Owner\Downloads\simulator-windows-64\dataTrack1\IMG\left_2024_11_20_20_11_34_916.jpg, C:\Users\Owner\Downloads\simulator-windows-64\dataTrack1\IMG\right_2024_11_20_20_11_34_916.jpg, 0, 0, 0, 29.29078
C:\Users\Owner\Downloads\simulator-windows-64\dataTrack1\IMG\center_2024_11_20_20_11_35_024.jpg, C:\Users\Owner\Downloads\simulator-windows-64\dataTrack1\IMG\left_2024_11_20_20_11_35_024.jpg, C:\Users\Owner\Downloads\simulator-windows-64\dataTrack1\IMG\right_2024_11_20_20_11_35_024.jpg, -0.1019751, 0, 0, 28.9934
C:\Users\Owner\Downloads\simulator-windows-64\dataTrack1\IMG\center_2024_11_20_20_11_35_129.jpg, C:\Users\Owner\Downloads\simulator-windows-64\dataTrack1\IMG\left_2024_11_20_20_11_35_129.jpg, C:\Users\Owner\Downloads\simulator-windows-64\dataTrack1\IMG\right_2024_11_20_20_11_35_129.jpg, -0.3598581, 0, 0, 28.50637
C:\Users\Owner\Downloads\simulator-windows-64\dataTrack1\IMG\center_2024_11_20_20_11_35_233.jpg, C:\Users\Owner\Downloads\simulator-windows-64\dataTrack1\IMG\left_2024_11_20_20_11_35_233.jpg, C:\Users\Owner\Downloads\simulator-windows-64\dataTrack1\IMG\right_2024_11_20_20_11_35_233.jpg, -0.0477486, 0, 0, 28.2158
C:\Users\Owner\Downloads\simulator-windows-64\dataTrack1\IMG\center_2024_11_20_20_11_35_337.jpg, C:\Users\Owner\Downloads\simulator-windows-64\dataTrack1\IMG\left_2024_11_20_20_11_35_337.jpg, C:\Users\Owner\Downloads\simulator-windows-64\dataTrack1\IMG\right_2024_11_20_20_11_35_337.jpg, -0.3596397, 0, 0, 27.89722
C:\Users\Owner\Downloads\simulator-windows-64\dataTrack1\IMG\center_2024_11_20_20_11_35_440.jpg, C:\Users\Owner\Downloads\simulator-windows-64\dataTrack1\IMG\left_2024_11_20_20_11_35_440.jpg, C:\Users\Owner\Downloads\simulator-windows-64\dataTrack1\IMG\right_2024_11_20_20_11_35_440.jpg, -0.0495171, 0, 0, 27.60938
C:\Users\Owner\Downloads\simulator-windows-64\dataTrack1\IMG\center_2024_11_20_20_11_35_552.jpg, C:\Users\Owner\Downloads\simulator-windows-64\dataTrack1\IMG\left_2024_11_20_20_11_35_552.jpg, C:\Users\Owner\Downloads\simulator-windows-64\dataTrack1\IMG\right_2024_11_20_20_11_35_552.jpg, 0, 0, 0, 27.26846
C:\Users\Owner\Downloads\simulator-windows-64\dataTrack1\IMG\center_2024_11_20_20_11_35_656.jpg, C:\Users\Owner\Downloads\simulator-windows-64\dataTrack1\IMG\left_2024_11_20_20_11_35_656.jpg, C:\Users\Owner\Downloads\simulator-windows-64\dataTrack1\IMG\right_2024_11_20_20_11_35_656.jpg, 0, 0, 0, 26.99389
C:\Users\Owner\Downloads\simulator-windows-64\dataTrack1\IMG\center_2024_11_20_20_11_35_759.jpg, C:\Users\Owner\Downloads\simulator-windows-64\dataTrack1\IMG\left_2024_11_20_20_11_35_759.jpg, C:\Users\Owner\Downloads\simulator-windows-64\dataTrack1\IMG\right_2024_11_20_20_11_35_759.jpg, 0, 0.2054517, 0, 26.78816
C:\Users\Owner\Downloads\simulator-windows-64\dataTrack1\IMG\center_2024_11_20_20_11_35_861.jpg, C:\Users\Owner\Downloads\simulator-windows-64\dataTrack1\IMG\left_2024_11_20_20_11_35_861.jpg, C:\Users\Owner\Downloads\simulator-windows-64\dataTrack1\IMG\right_2024_11_20_20_11_35_861.jpg, 0, 0, 0, 26.61939
C:\Users\Owner\Downloads\simulator-windows-64\dataTrack1\IMG\center_2024_11_20_20_11_35_967.jpg, C:\Users\Owner\Downloads\simulator-windows-64\dataTrack1\IMG\left_2024_11_20_20_11_35_967.jpg, C:\Users\Owner\Downloads\simulator-windows-64\dataTrack1\IMG\right_2024_11_20_20_11_35_967.jpg, 0, 0, 0, 26.35288
C:\Users\Owner\Downloads\simulator-windows-64\dataTrack1\IMG\center_2024_11_20_20_11_36_069.jpg, C:\Users\Owner\Downloads\simulator-windows-64\dataTrack1\IMG\left_2024_11_20_20_11_36_069.jpg, C:\Users\Owner\Downloads\simulator-windows-64\dataTrack1\IMG\right_2024_11_20_20_11_36_069.jpg, 0.1532523, 0, 0, 26.02645
C:\Users\Owner\Downloads\simulator-windows-64\dataTrack1\IMG\center_2024_11_20_20_11_36_171.jpg, C:\Users\Owner\Downloads\simulator-windows-64\dataTrack1\IMG\left_2024_11_20_20_11_36_171.jpg, C:\Users\Owner\Downloads\simulator-windows-64\dataTrack1\IMG\right_2024_11_20_20_11_36_171.jpg, 0.2525373, 0, 0, 25.68045
C:\Users\Owner\Downloads\simulator-windows-64\dataTrack1\IMG\center_2024_11_20_20_11_36_274.jpg, C:\Users\Owner\Downloads\simulator-windows-64\dataTrack1\IMG\left_2024_11_20_20_11_36_274.jpg, C:\Users\Owner\Downloads\simulator-windows-64\dataTrack1\IMG\right_2024_11_20_20_11_36_274.jpg, 0, 0, 0, 25.41822
C:\Users\Owner\Downloads\simulator-windows-64\dataTrack1\IMG\center_2024_11_20_20_11_36_378.jpg, C:\Users\Owner\Downloads\simulator-windows-64\dataTrack1\IMG\left_2024_11_20_20_11_36_378.jpg, C:\Users\Owner\Downloads\simulator-windows-64\dataTrack1\IMG\right_2024_11_20_20_11_36_378.jpg, 0, 0, 0, 25.16007
C:\Users\Owner\Downloads\simulator-windows-64\dataTrack1\IMG\center_2024_11_20_20_11_36_483.jpg, C:\Users\Owner\Downloads\simulator-windows-64\dataTrack1\IMG\left_2024_11_20_20_11_36_483.jpg, C:\Users\Owner\Downloads\simulator-windows-64\dataTrack1\IMG\right_2024_11_20_20_11_36_483.jpg, 0, 0.1778901, 0, 24.96449
C:\Users\Owner\Downloads\simulator-windows-64\dataTrack1\IMG\center_2024_11_20_20_11_36_587.jpg, C:\Users\Owner\Downloads\simulator-windows-64\dataTrack1\IMG\left_2024_11_20_20_11_36_587.jpg, C:\Users\Owner\Downloads\simulator-windows-64\dataTrack1\IMG\right_2024_11_20_20_11_36_587.jpg, 0, 0.1260468, 0, 25.0269
C:\Users\Owner\Downloads\simulator-windows-64\dataTrack1\IMG\center_2024_11_20_20_11_36_690.jpg, C:\Users\Owner\Downloads\simulator-windows-64\dataTrack1\IMG\left_2024_11_20_20_11_36_690.jpg, C:\Users\Owner\Downloads\simulator-windows-64\dataTrack1\IMG\right_2024_11_20_20_11_36_690.jpg, 0, 0.4369183, 0, 25.1202
C:\Users\Owner\Downloads\simulator-windows-64\dataTrack1\IMG\center_2024_11_20_20_11_36_793.jpg, C:\Users\Owner\Downloads\simulator-windows-64\dataTrack1\IMG\left_2024_11_20_20_11_36_793.jpg, C:\Users\Owner\Downloads\simulator-windows-64\dataTrack1\IMG\right_2024_11_20_20_11_36_793.jpg, 0, 0.3382029, 0, 25.41619
C:\Users\Owner\Downloads\simulator-windows-64\dataTrack1\IMG\center_2024_11_20_20_11_36_895.jpg, C:\Users\Owner\Downloads\simulator-windows-64\dataTrack1\IMG\left_2024_11_20_20_11_36_895.jpg, C:\Users\Owner\Downloads\simulator-windows-64\dataTrack1\IMG\right_2024_11_20_20_11_36_895.jpg, 0, 0.6436329, 0, 25.74681
C:\Users\Owner\Downloads\simulator-windows-64\dataTrack1\IMG\center_2024_11_20_20_11_37_000.jpg, C:\Users\Owner\Downloads\simulator-windows-64\dataTrack1\IMG\left_2024_11_20_20_11_37_000.jpg, C:\Users\Owner\Downloads\simulator-windows-64\dataTrack1\IMG\right_2024_11_20_20_11_37_000.jpg, 0, 0.4315854, 0, 26.09925
C:\Users\Owner\Downloads\simulator-windows-64\dataTrack1\IMG\center_2024_11_20_20_11_37_103.jpg, C:\Users\Owner\Downloads\simulator-windows-64\dataTrack1\IMG\left_2024_11_20_20_11_37_103.jpg, C:\Users\Owner\Downloads\simulator-windows-64\dataTrack1\IMG\right_2024_11_20_20_11_37_103.jpg, 0, 0.7405428, 0, 26.5106
C:\Users\Owner\Downloads\simulator-windows-64\dataTrack1\IMG\center_2024_11_20_20_11_37_205.jpg, C:\Users\Owner\Downloads\simulator-windows-64\dataTrack1\IMG\left_2024_11_20_20_11_37_205.jpg, C:\Users\Owner\Downloads\simulator-windows-64\dataTrack1\IMG\right_2024_11_20_20_11_37_205.jpg, 0, 0.5864685, 0, 27.00785
C:\Users\Owner\Downloads\simulator-windows-64\dataTrack1\IMG\center_2024_11_20_20_11_37_310.jpg, C:\Users\Owner\Downloads\simulator-windows-64\dataTrack1\IMG\left_2024_11_20_20_11_37_310.jpg, C:\Users\Owner\Downloads\simulator-windows-64\dataTrack1\IMG\right_2024_11_20_20_11_37_310.jpg, 0, 0.7463796, 0, 27.78721
C:\Users\Owner\Downloads\simulator-windows-64\dataTrack1\IMG\center_2024_11_20_20_11_37_415.jpg, C:\Users\Owner\Downloads\simulator-windows-64\dataTrack1\IMG\left_2024_11_20_20_11_37_415.jpg, C:\Users\Owner\Downloads\simulator-windows-64\dataTrack1\IMG\right_2024_11_20_20_11_37_415.jpg, 0, 0.6472892, 0, 28.25286
C:\Users\Owner\Downloads\simulator-windows-64\dataTrack1\IMG\center_2024_11_20_20_11_37_518.jpg, C:\Users\Owner\Downloads\simulator-windows-64\dataTrack1\IMG\left_2024_11_20_20_11_37_518.jpg, C:\Users\Owner\Downloads\simulator-windows-64\dataTrack1\IMG\right_2024_11_20_20_11_37_518.jpg, 0, 0.503565, 0, 28.75783
C:\Users\Owner\Downloads\simulator-windows-64\dataTrack1\IMG\center_2024_11_20_20_11_37_622.jpg, C:\Users\Owner\Downloads\simulator-windows-64\dataTrack1\IMG\left_2024_11_20_20_11_37_622.jpg, C:\Users\Owner\Downloads\simulator-windows-64\dataTrack1\IMG\right_2024_11_20_20_11_37_622.jpg, 0, 0.4994829, 0, 28.9646
C:\Users\Owner\Downloads\simulator-windows-64\dataTrack1\IMG\center_2024_11_20_20_11_37_725.jpg, C:\Users\Owner\Downloads\simulator-windows-64\dataTrack1\IMG\left_2024_11_20_20_11_37_725.jpg, C:\Users\Owner\Downloads\simulator-windows-64\dataTrack1\IMG\right_2024_11_20_20_11_37_725.jpg, 0, 0.2397861, 0, 29.13876
C:\Users\Owner\Downloads\simulator-windows-64\dataTrack1\IMG\center_2024_11_20_20_11_37_829.jpg, C:\Users\Owner\Downloads\simulator-windows-64\dataTrack1\IMG\left_2024_11_20_20_11_37_829.jpg, C:\Users\Owner\Downloads\simulator-windows-64\dataTrack1\IMG\right_2024_11_20_20_11_37_829.jpg, 0, 0.4998282, 0, 29.27852
C:\Users\Owner\Downloads\simulator-windows-64\dataTrack1\IMG\center_2024_11_20_20_11_37_932.jpg, C:\Users\Owner\Downloads\simulator-windows-64\dataTrack1\IMG\left_2024_11_20_20_11_37_932.jpg, C:\Users\Owner\Downloads\simulator-windows-64\dataTrack1\IMG\right_2024_11_20_20_11_37_932.jpg, 0, 0.1890087, 0, 29.40312
C:\Users\Owner\Downloads\simulator-windows-64\dataTrack1\IMG\center_2024_11_20_20_11_38_036.jpg, C:\Users\Owner\Downloads\simulator-windows-64\dataTrack1\IMG\left_2024_11_20_20_11_38_036.jpg, C:\Users\Owner\Downloads\simulator-windows-64\dataTrack1\IMG\right_2024_11_20_20_11_38_036.jpg, 0, 0.3963016, 0, 29.51295
C:\Users\Owner\Downloads\simulator-windows-64\dataTrack1\IMG\center_2024_11_20_20_11_38_137.jpg, C:\Users\Owner\Downloads\simulator-windows-64\dataTrack1\IMG\left_2024_11_20_20_11_38_137.jpg, C:\Users\Owner\Downloads\simulator-windows-64\dataTrack1\IMG\right_2024_11_20_20_11_38_137.jpg, 0, 0.2913013, 0, 29.56355
C:\Users\Owner\Downloads\simulator-windows-64\dataTrack1\IMG\center_2024_11_20_20_11_38_241.jpg, C:\Users\Owner\Downloads\simulator-windows-64\dataTrack1\IMG\left_2024_11_20_20_11_38_241.jpg, C:\Users\Owner\Downloads\simulator-windows-64\dataTrack1\IMG\right_2024_11_20_20_11_38_241.jpg, 0, 0.5002996, 0, 29.77247
C:\Users\Owner\Downloads\simulator-windows-64\dataTrack1\IMG\center_2024_11_20_20_11_38_344.jpg, C:\Users\Owner\Downloads\simulator-windows-64\dataTrack1\IMG\left_2024_11_20_20_11_38_344.jpg, C:\Users\Owner\Downloads\simulator-windows-64\dataTrack1\IMG\right_2024_11_20_20_11_38_344.jpg, 0, 0.2426293, 0, 29.93423
C:\Users\Owner\Downloads\simulator-windows-64\dataTrack1\IMG\center_2024_11_20_20_11_38_450.jpg, C:\Users\Owner\Downloads\simulator-windows-64\dataTrack1\IMG\left_2024_11_20_20_11_38_450.jpg, C:\Users\Owner\Downloads\simulator-windows-64\dataTrack1\IMG\right_2024_11_20_20_11_38_450.jpg, 0, 0.5008717, 0, 30.08262
C:\Users\Owner\Downloads\simulator-windows-64\dataTrack1\IMG\center_2024_11_20_20_11_38_553.jpg, C:\Users\Owner\Downloads\simulator-windows-64\dataTrack1\IMG\left_2024_11_20_20_11_38_553.jpg, C:\Users\Owner\Downloads\simulator-windows-64\dataTrack1\IMG\right_2024_11_20_20_11_38_553.jpg, 0, 0.1905468, 0, 29.99501
C:\Users\Owner\Downloads\simulator-windows-64\dataTrack1\IMG\center_2024_11_20_20_11_38_657.jpg, C:\Users\Owner\Downloads\simulator-windows-64\dataTrack1\IMG\left_2024_11_20_20_11_38_657.jpg, C:\Users\Owner\Downloads\simulator-windows-64\dataTrack1\IMG\right_2024_11_20_20_11_38_657.jpg, 0, 0, 0, 29.77324
C:\Users\Owner\Downloads\simulator-windows-64\dataTrack1\IMG\center_2024_11_20_20_11_38_760.jpg, C:\Users\Owner\Downloads\simulator-windows-64\dataTrack1\IMG\left_2024_11_20_20_11_38_760.jpg, C:\Users\Owner\Downloads\simulator-windows-64\dataTrack1\IMG\right_2024_11_20_20_11_38_760.jpg, 0, 0, 0, 29.47339
C:\Users\Owner\Downloads\simulator-windows-64\dataTrack1\IMG\center_2024_11_20_20_11_38_862.jpg, C:\Users\Owner\Downloads\simulator-windows-64\dataTrack1\IMG\left_2024_11_20_20_11_38_862.jpg, C:\Users\Owner\Downloads\simulator-windows-64\dataTrack1\IMG\right_2024_11_20_20_11_38_862.jpg, 0, 0, 0, 29.17749
C:\Users\Owner\Downloads\simulator-windows-64\dataTrack1\IMG\center_2024_11_20_20_11_38_968.jpg, C:\Users\Owner\Downloads\simulator-windows-64\dataTrack1\IMG\left_2024_11_20_20_11_38_968.jpg, C:\Users\Owner\Downloads\simulator-windows-64\dataTrack1\IMG\right_2024_11_20_20_11_38_968.jpg, -0.0526332, 0, 0, 28.82562
C:\Users\Owner\Downloads\simulator-windows-64\dataTrack1\IMG\center_2024_11_20_20_11_39_073.jpg, C:\Users\Owner\Downloads\simulator-windows-64\dataTrack1\IMG\left_2024_11_20_20_11_39_073.jpg, C:\Users\Owner\Downloads\simulator-windows-64\dataTrack1\IMG\right_2024_11_20_20_11_39_073.jpg, -0.3696441, 0, 0, 28.4477
C:\Users\Owner\Downloads\simulator-windows-64\dataTrack1\IMG\center_2024_11_20_20_11_39_175.jpg, C:\Users\Owner\Downloads\simulator-windows-64\dataTrack1\IMG\left_2024_11_20_20_11_39_175.jpg, C:\Users\Owner\Downloads\simulator-windows-64\dataTrack1\IMG\right_2024_11_20_20_11_39_175.jpg, -0.3781209, 0, 0, 28.00958
C:\Users\Owner\Downloads\simulator-windows-64\dataTrack1\IMG\center_2024_11_20_20_11_39_279.jpg, C:\Users\Owner\Downloads\simulator-windows-64\dataTrack1\IMG\left_2024_11_20_20_11_39_279.jpg, C:\Users\Owner\Downloads\simulator-windows-64\dataTrack1\IMG\right_2024_11_20_20_11_39_279.jpg, -0.06822955, 0, 0, 27.73031
C:\Users\Owner\Downloads\simulator-windows-64\dataTrack1\IMG\center_2024_11_20_20_11_39_384.jpg, C:\Users\Owner\Downloads\simulator-windows-64\dataTrack1\IMG\left_2024_11_20_20_11_39_384.jpg, C:\Users\Owner\Downloads\simulator-windows-64\dataTrack1\IMG\right_2024_11_20_20_11_39_384.jpg, 0, 0.0534324, 0, 27.43776
C:\Users\Owner\Downloads\simulator-windows-64\dataTrack1\IMG\center_2024_11_20_20_11_39_487.jpg, C:\Users\Owner\Downloads\simulator-windows-64\dataTrack1\IMG\left_2024_11_20_20_11_39_487.jpg, C:\Users\Owner\Downloads\simulator-windows-64\dataTrack1\IMG\right_2024_11_20_20_11_39_487.jpg, 0, 0.1577826, 0, 27.36065
C:\Users\Owner\Downloads\simulator-windows-64\dataTrack1\IMG\center_2024_11_20_20_11_39_591.jpg, C:\Users\Owner\Downloads\simulator-windows-64\dataTrack1\IMG\left_2024_11_20_20_11_39_591.jpg, C:\Users\Owner\Downloads\simulator-windows-64\dataTrack1\IMG\right_2024_11_20_20_11_39_591.jpg, 0, 0, 0, 27.12826
C:\Users\Owner\Downloads\simulator-windows-64\dataTrack1\IMG\center_2024_11_20_20_11_39_694.jpg, C:\Users\Owner\Downloads\simulator-windows-64\dataTrack1\IMG\left_2024_11_20_20_11_39_694.jpg, C:\Users\Owner\Downloads\simulator-windows-64\dataTrack1\IMG\right_2024_11_20_20_11_39_694.jpg, 0, 0, 0, 26.85613
C:\Users\Owner\Downloads\simulator-windows-64\dataTrack1\IMG\center_2024_11_20_20_11_39_796.jpg, C:\Users\Owner\Downloads\simulator-windows-64\dataTrack1\IMG\left_2024_11_20_20_11_39_796.jpg, C:\Users\Owner\Downloads\simulator-windows-64\dataTrack1\IMG\right_2024_11_20_20_11_39_796.jpg, 0, 0.0516021, 0, 26.58648
C:\Users\Owner\Downloads\simulator-windows-64\dataTrack1\IMG\center_2024_11_20_20_11_39_901.jpg, C:\Users\Owner\Downloads\simulator-windows-64\dataTrack1\IMG\left_2024_11_20_20_11_39_901.jpg, C:\Users\Owner\Downloads\simulator-windows-64\dataTrack1\IMG\right_2024_11_20_20_11_39_901.jpg, 0, 0.0482517, 0, 26.47929
C:\Users\Owner\Downloads\simulator-windows-64\dataTrack1\IMG\center_2024_11_20_20_11_40_005.jpg, C:\Users\Owner\Downloads\simulator-windows-64\dataTrack1\IMG\left_2024_11_20_20_11_40_005.jpg, C:\Users\Owner\Downloads\simulator-windows-64\dataTrack1\IMG\right_2024_11_20_20_11_40_005.jpg, 0, 0, 0, 26.22425
C:\Users\Owner\Downloads\simulator-windows-64\dataTrack1\IMG\center_2024_11_20_20_11_40_108.jpg, C:\Users\Owner\Downloads\simulator-windows-64\dataTrack1\IMG\left_2024_11_20_20_11_40_108.jpg, C:\Users\Owner\Downloads\simulator-windows-64\dataTrack1\IMG\right_2024_11_20_20_11_40_108.jpg, 0.2272683, 0, 0, 25.88282
C:\Users\Owner\Downloads\simulator-windows-64\dataTrack1\IMG\center_2024_11_20_20_11_40_210.jpg, C:\Users\Owner\Downloads\simulator-windows-64\dataTrack1\IMG\left_2024_11_20_20_11_40_210.jpg, C:\Users\Owner\Downloads\simulator-windows-64\dataTrack1\IMG\right_2024_11_20_20_11_40_210.jpg, 0.3242703, 0, 0, 25.50388
C:\Users\Owner\Downloads\simulator-windows-64\dataTrack1\IMG\center_2024_11_20_20_11_40_313.jpg, C:\Users\Owner\Downloads\simulator-windows-64\dataTrack1\IMG\left_2024_11_20_20_11_40_313.jpg, C:\Users\Owner\Downloads\simulator-windows-64\dataTrack1\IMG\right_2024_11_20_20_11_40_313.jpg, 0.01559044, 0, 0, 25.24633
C:\Users\Owner\Downloads\simulator-windows-64\dataTrack1\IMG\center_2024_11_20_20_11_40_419.jpg, C:\Users\Owner\Downloads\simulator-windows-64\dataTrack1\IMG\left_2024_11_20_20_11_40_419.jpg, C:\Users\Owner\Downloads\simulator-windows-64\dataTrack1\IMG\right_2024_11_20_20_11_40_419.jpg, 0, 0.0523872, 0, 24.98529
C:\Users\Owner\Downloads\simulator-windows-64\dataTrack1\IMG\center_2024_11_20_20_11_40_522.jpg, C:\Users\Owner\Downloads\simulator-windows-64\dataTrack1\IMG\left_2024_11_20_20_11_40_522.jpg, C:\Users\Owner\Downloads\simulator-windows-64\dataTrack1\IMG\right_2024_11_20_20_11_40_522.jpg, 0, 0.3618132, 0, 24.95285
C:\Users\Owner\Downloads\simulator-windows-64\dataTrack1\IMG\center_2024_11_20_20_11_40_625.jpg, C:\Users\Owner\Downloads\simulator-windows-64\dataTrack1\IMG\left_2024_11_20_20_11_40_625.jpg, C:\Users\Owner\Downloads\simulator-windows-64\dataTrack1\IMG\right_2024_11_20_20_11_40_625.jpg, 0, 0.1018596, 0, 25.00787
C:\Users\Owner\Downloads\simulator-windows-64\dataTrack1\IMG\center_2024_11_20_20_11_40_729.jpg, C:\Users\Owner\Downloads\simulator-windows-64\dataTrack1\IMG\left_2024_11_20_20_11_40_729.jpg, C:\Users\Owner\Downloads\simulator-windows-64\dataTrack1\IMG\right_2024_11_20_20_11_40_729.jpg, 0, 0, 0, 24.714
C:\Users\Owner\Downloads\simulator-windows-64\dataTrack1\IMG\center_2024_11_20_20_11_40_830.jpg, C:\Users\Owner\Downloads\simulator-windows-64\dataTrack1\IMG\left_2024_11_20_20_11_40_830.jpg, C:\Users\Owner\Downloads\simulator-windows-64\dataTrack1\IMG\right_2024_11_20_20_11_40_830.jpg, 0, 0, 0, 24.46611
C:\Users\Owner\Downloads\simulator-windows-64\dataTrack1\IMG\center_2024_11_20_20_11_40_936.jpg, C:\Users\Owner\Downloads\simulator-windows-64\dataTrack1\IMG\left_2024_11_20_20_11_40_936.jpg, C:\Users\Owner\Downloads\simulator-windows-64\dataTrack1\IMG\right_2024_11_20_20_11_40_936.jpg, 0, 0.2077044, 0, 24.40466
C:\Users\Owner\Downloads\simulator-windows-64\dataTrack1\IMG\center_2024_11_20_20_11_41_039.jpg, C:\Users\Owner\Downloads\simulator-windows-64\dataTrack1\IMG\left_2024_11_20_20_11_41_039.jpg, C:\Users\Owner\Downloads\simulator-windows-64\dataTrack1\IMG\right_2024_11_20_20_11_41_039.jpg, 0, 0, 0, 24.25738
C:\Users\Owner\Downloads\simulator-windows-64\dataTrack1\IMG\center_2024_11_20_20_11_41_142.jpg, C:\Users\Owner\Downloads\simulator-windows-64\dataTrack1\IMG\left_2024_11_20_20_11_41_142.jpg, C:\Users\Owner\Downloads\simulator-windows-64\dataTrack1\IMG\right_2024_11_20_20_11_41_142.jpg, 0, 0, 0, 24.01405
C:\Users\Owner\Downloads\simulator-windows-64\dataTrack1\IMG\center_2024_11_20_20_11_41_244.jpg, C:\Users\Owner\Downloads\simulator-windows-64\dataTrack1\IMG\left_2024_11_20_20_11_41_244.jpg, C:\Users\Owner\Downloads\simulator-windows-64\dataTrack1\IMG\right_2024_11_20_20_11_41_244.jpg, 0, 0.1547262, 0, 23.7936
C:\Users\Owner\Downloads\simulator-windows-64\dataTrack1\IMG\center_2024_11_20_20_11_41_348.jpg, C:\Users\Owner\Downloads\simulator-windows-64\dataTrack1\IMG\left_2024_11_20_20_11_41_348.jpg, C:\Users\Owner\Downloads\simulator-windows-64\dataTrack1\IMG\right_2024_11_20_20_11_41_348.jpg, -0.1044189, 0.2572983, 0, 23.90718
C:\Users\Owner\Downloads\simulator-windows-64\dataTrack1\IMG\center_2024_11_20_20_11_41_454.jpg, C:\Users\Owner\Downloads\simulator-windows-64\dataTrack1\IMG\left_2024_11_20_20_11_41_454.jpg, C:\Users\Owner\Downloads\simulator-windows-64\dataTrack1\IMG\right_2024_11_20_20_11_41_454.jpg, 0, 0, 0, 23.7739
C:\Users\Owner\Downloads\simulator-windows-64\dataTrack1\IMG\center_2024_11_20_20_11_41_557.jpg, C:\Users\Owner\Downloads\simulator-windows-64\dataTrack1\IMG\left_2024_11_20_20_11_41_557.jpg, C:\Users\Owner\Downloads\simulator-windows-64\dataTrack1\IMG\right_2024_11_20_20_11_41_557.jpg, 0, 0, 0, 23.53601
C:\Users\Owner\Downloads\simulator-windows-64\dataTrack1\IMG\center_2024_11_20_20_11_41_660.jpg, C:\Users\Owner\Downloads\simulator-windows-64\dataTrack1\IMG\left_2024_11_20_20_11_41_660.jpg, C:\Users\Owner\Downloads\simulator-windows-64\dataTrack1\IMG\right_2024_11_20_20_11_41_660.jpg, -0.1025205, 0, 0, 23.2967
C:\Users\Owner\Downloads\simulator-windows-64\dataTrack1\IMG\center_2024_11_20_20_11_41_762.jpg, C:\Users\Owner\Downloads\simulator-windows-64\dataTrack1\IMG\left_2024_11_20_20_11_41_762.jpg, C:\Users\Owner\Downloads\simulator-windows-64\dataTrack1\IMG\right_2024_11_20_20_11_41_762.jpg, -0.4087087, 0, 0, 22.98554
C:\Users\Owner\Downloads\simulator-windows-64\dataTrack1\IMG\center_2024_11_20_20_11_41_868.jpg, C:\Users\Owner\Downloads\simulator-windows-64\dataTrack1\IMG\left_2024_11_20_20_11_41_868.jpg, C:\Users\Owner\Downloads\simulator-windows-64\dataTrack1\IMG\right_2024_11_20_20_11_41_868.jpg, -0.4009542, 0, 0, 22.53562
C:\Users\Owner\Downloads\simulator-windows-64\dataTrack1\IMG\center_2024_11_20_20_11_41_970.jpg, C:\Users\Owner\Downloads\simulator-windows-64\dataTrack1\IMG\left_2024_11_20_20_11_41_970.jpg, C:\Users\Owner\Downloads\simulator-windows-64\dataTrack1\IMG\right_2024_11_20_20_11_41_970.jpg, -0.09478896, 0, 0, 22.32121
C:\Users\Owner\Downloads\simulator-windows-64\dataTrack1\IMG\center_2024_11_20_20_11_42_075.jpg, C:\Users\Owner\Downloads\simulator-windows-64\dataTrack1\IMG\left_2024_11_20_20_11_42_075.jpg, C:\Users\Owner\Downloads\simulator-windows-64\dataTrack1\IMG\right_2024_11_20_20_11_42_075.jpg, 0, 0.3137082, 0, 22.28117
C:\Users\Owner\Downloads\simulator-windows-64\dataTrack1\IMG\center_2024_11_20_20_11_42_177.jpg, C:\Users\Owner\Downloads\simulator-windows-64\dataTrack1\IMG\left_2024_11_20_20_11_42_177.jpg, C:\Users\Owner\Downloads\simulator-windows-64\dataTrack1\IMG\right_2024_11_20_20_11_42_177.jpg, 0, 0.006587423, 0, 22.26789
C:\Users\Owner\Downloads\simulator-windows-64\dataTrack1\IMG\center_2024_11_20_20_11_42_280.jpg, C:\Users\Owner\Downloads\simulator-windows-64\dataTrack1\IMG\left_2024_11_20_20_11_42_280.jpg, C:\Users\Owner\Downloads\simulator-windows-64\dataTrack1\IMG\right_2024_11_20_20_11_42_280.jpg, 0, 0, 0, 22.03226
C:\Users\Owner\Downloads\simulator-windows-64\dataTrack1\IMG\center_2024_11_20_20_11_42_384.jpg, C:\Users\Owner\Downloads\simulator-windows-64\dataTrack1\IMG\left_2024_11_20_20_11_42_384.jpg, C:\Users\Owner\Downloads\simulator-windows-64\dataTrack1\IMG\right_2024_11_20_20_11_42_384.jpg, 0, 0, 0, 21.81915
C:\Users\Owner\Downloads\simulator-windows-64\dataTrack1\IMG\center_2024_11_20_20_11_42_488.jpg, C:\Users\Owner\Downloads\simulator-windows-64\dataTrack1\IMG\left_2024_11_20_20_11_42_488.jpg, C:\Users\Owner\Downloads\simulator-windows-64\dataTrack1\IMG\right_2024_11_20_20_11_42_488.jpg, 0.3107391, 0, 0, 21.50314
C:\Users\Owner\Downloads\simulator-windows-64\dataTrack1\IMG\center_2024_11_20_20_11_42_592.jpg, C:\Users\Owner\Downloads\simulator-windows-64\dataTrack1\IMG\left_2024_11_20_20_11_42_592.jpg, C:\Users\Owner\Downloads\simulator-windows-64\dataTrack1\IMG\right_2024_11_20_20_11_42_592.jpg, 0.212111, 0, 0, 21.22641
C:\Users\Owner\Downloads\simulator-windows-64\dataTrack1\IMG\center_2024_11_20_20_11_42_695.jpg, C:\Users\Owner\Downloads\simulator-windows-64\dataTrack1\IMG\left_2024_11_20_20_11_42_695.jpg, C:\Users\Owner\Downloads\simulator-windows-64\dataTrack1\IMG\right_2024_11_20_20_11_42_695.jpg, 0, 0, 0, 21.0062
C:\Users\Owner\Downloads\simulator-windows-64\dataTrack1\IMG\center_2024_11_20_20_11_42_797.jpg, C:\Users\Owner\Downloads\simulator-windows-64\dataTrack1\IMG\left_2024_11_20_20_11_42_797.jpg, C:\Users\Owner\Downloads\simulator-windows-64\dataTrack1\IMG\right_2024_11_20_20_11_42_797.jpg, 0, 0.20199, 0, 20.86347
C:\Users\Owner\Downloads\simulator-windows-64\dataTrack1\IMG\center_2024_11_20_20_11_42_902.jpg, C:\Users\Owner\Downloads\simulator-windows-64\dataTrack1\IMG\left_2024_11_20_20_11_42_902.jpg, C:\Users\Owner\Downloads\simulator-windows-64\dataTrack1\IMG\right_2024_11_20_20_11_42_902.jpg, 0, 0.2124474, 0, 21.02933
C:\Users\Owner\Downloads\simulator-windows-64\dataTrack1\IMG\center_2024_11_20_20_11_43_006.jpg, C:\Users\Owner\Downloads\simulator-windows-64\dataTrack1\IMG\left_2024_11_20_20_11_43_006.jpg, C:\Users\Owner\Downloads\simulator-windows-64\dataTrack1\IMG\right_2024_11_20_20_11_43_006.jpg, 0, 0.2933208, 0, 21.03643
C:\Users\Owner\Downloads\simulator-windows-64\dataTrack1\IMG\center_2024_11_20_20_11_43_109.jpg, C:\Users\Owner\Downloads\simulator-windows-64\dataTrack1\IMG\left_2024_11_20_20_11_43_109.jpg, C:\Users\Owner\Downloads\simulator-windows-64\dataTrack1\IMG\right_2024_11_20_20_11_43_109.jpg, 0, 0.2456301, 0, 21.32911
C:\Users\Owner\Downloads\simulator-windows-64\dataTrack1\IMG\center_2024_11_20_20_11_43_211.jpg, C:\Users\Owner\Downloads\simulator-windows-64\dataTrack1\IMG\left_2024_11_20_20_11_43_211.jpg, C:\Users\Owner\Downloads\simulator-windows-64\dataTrack1\IMG\right_2024_11_20_20_11_43_211.jpg, 0, 0.1482957, 0, 21.23483
C:\Users\Owner\Downloads\simulator-windows-64\dataTrack1\IMG\center_2024_11_20_20_11_43_315.jpg, C:\Users\Owner\Downloads\simulator-windows-64\dataTrack1\IMG\left_2024_11_20_20_11_43_315.jpg, C:\Users\Owner\Downloads\simulator-windows-64\dataTrack1\IMG\right_2024_11_20_20_11_43_315.jpg, 0, 0.04556068, 0, 21.22476
C:\Users\Owner\Downloads\simulator-windows-64\dataTrack1\IMG\center_2024_11_20_20_11_43_420.jpg, C:\Users\Owner\Downloads\simulator-windows-64\dataTrack1\IMG\left_2024_11_20_20_11_43_420.jpg, C:\Users\Owner\Downloads\simulator-windows-64\dataTrack1\IMG\right_2024_11_20_20_11_43_420.jpg, 0, 0.1541838, 0, 21.06158
C:\Users\Owner\Downloads\simulator-windows-64\dataTrack1\IMG\center_2024_11_20_20_11_43_523.jpg, C:\Users\Owner\Downloads\simulator-windows-64\dataTrack1\IMG\left_2024_11_20_20_11_43_523.jpg, C:\Users\Owner\Downloads\simulator-windows-64\dataTrack1\IMG\right_2024_11_20_20_11_43_523.jpg, 0, 0.1555233, 0, 21.11991
C:\Users\Owner\Downloads\simulator-windows-64\dataTrack1\IMG\center_2024_11_20_20_11_43_627.jpg, C:\Users\Owner\Downloads\simulator-windows-64\dataTrack1\IMG\left_2024_11_20_20_11_43_627.jpg, C:\Users\Owner\Downloads\simulator-windows-64\dataTrack1\IMG\right_2024_11_20_20_11_43_627.jpg, 0, 0, 0, 21.02878
C:\Users\Owner\Downloads\simulator-windows-64\dataTrack1\IMG\center_2024_11_20_20_11_43_730.jpg, C:\Users\Owner\Downloads\simulator-windows-64\dataTrack1\IMG\left_2024_11_20_20_11_43_730.jpg, C:\Users\Owner\Downloads\simulator-windows-64\dataTrack1\IMG\right_2024_11_20_20_11_43_730.jpg, 0, 0.2036367, 0, 20.93309
C:\Users\Owner\Downloads\simulator-windows-64\dataTrack1\IMG\center_2024_11_20_20_11_43_832.jpg, C:\Users\Owner\Downloads\simulator-windows-64\dataTrack1\IMG\left_2024_11_20_20_11_43_832.jpg, C:\Users\Owner\Downloads\simulator-windows-64\dataTrack1\IMG\right_2024_11_20_20_11_43_832.jpg, 0, 0.0668985, 0, 20.6876
C:\Users\Owner\Downloads\simulator-windows-64\dataTrack1\IMG\center_2024_11_20_20_11_43_938.jpg, C:\Users\Owner\Downloads\simulator-windows-64\dataTrack1\IMG\left_2024_11_20_20_11_43_938.jpg, C:\Users\Owner\Downloads\simulator-windows-64\dataTrack1\IMG\right_2024_11_20_20_11_43_938.jpg, 0, 0.104883, 0, 20.79324
C:\Users\Owner\Downloads\simulator-windows-64\dataTrack1\IMG\center_2024_11_20_20_11_44_041.jpg, C:\Users\Owner\Downloads\simulator-windows-64\dataTrack1\IMG\left_2024_11_20_20_11_44_041.jpg, C:\Users\Owner\Downloads\simulator-windows-64\dataTrack1\IMG\right_2024_11_20_20_11_44_041.jpg, -0.2066448, 0.4153197, 0, 20.60904
C:\Users\Owner\Downloads\simulator-windows-64\dataTrack1\IMG\center_2024_11_20_20_11_44_144.jpg, C:\Users\Owner\Downloads\simulator-windows-64\dataTrack1\IMG\left_2024_11_20_20_11_44_144.jpg, C:\Users\Owner\Downloads\simulator-windows-64\dataTrack1\IMG\right_2024_11_20_20_11_44_144.jpg, -0.111708, 0.1569261, 0, 20.97161
C:\Users\Owner\Downloads\simulator-windows-64\dataTrack1\IMG\center_2024_11_20_20_11_44_246.jpg, C:\Users\Owner\Downloads\simulator-windows-64\dataTrack1\IMG\left_2024_11_20_20_11_44_246.jpg, C:\Users\Owner\Downloads\simulator-windows-64\dataTrack1\IMG\right_2024_11_20_20_11_44_246.jpg, 0, 0, 0, 20.49228
C:\Users\Owner\Downloads\simulator-windows-64\dataTrack1\IMG\center_2024_11_20_20_11_44_351.jpg, C:\Users\Owner\Downloads\simulator-windows-64\dataTrack1\IMG\left_2024_11_20_20_11_44_351.jpg, C:\Users\Owner\Downloads\simulator-windows-64\dataTrack1\IMG\right_2024_11_20_20_11_44_351.jpg, 0, 0.3618381, 0, 20.56437
C:\Users\Owner\Downloads\simulator-windows-64\dataTrack1\IMG\center_2024_11_20_20_11_44_455.jpg, C:\Users\Owner\Downloads\simulator-windows-64\dataTrack1\IMG\left_2024_11_20_20_11_44_455.jpg, C:\Users\Owner\Downloads\simulator-windows-64\dataTrack1\IMG\right_2024_11_20_20_11_44_455.jpg, 0, 0.04762528, 0, 20.86032
C:\Users\Owner\Downloads\simulator-windows-64\dataTrack1\IMG\center_2024_11_20_20_11_44_558.jpg, C:\Users\Owner\Downloads\simulator-windows-64\dataTrack1\IMG\left_2024_11_20_20_11_44_558.jpg, C:\Users\Owner\Downloads\simulator-windows-64\dataTrack1\IMG\right_2024_11_20_20_11_44_558.jpg, 0, 0.359136, 0, 20.61756
C:\Users\Owner\Downloads\simulator-windows-64\dataTrack1\IMG\center_2024_11_20_20_11_44_662.jpg, C:\Users\Owner\Downloads\simulator-windows-64\dataTrack1\IMG\left_2024_11_20_20_11_44_662.jpg, C:\Users\Owner\Downloads\simulator-windows-64\dataTrack1\IMG\right_2024_11_20_20_11_44_662.jpg, 0, 0.3586863, 0, 21.19796
C:\Users\Owner\Downloads\simulator-windows-64\dataTrack1\IMG\center_2024_11_20_20_11_44_763.jpg, C:\Users\Owner\Downloads\simulator-windows-64\dataTrack1\IMG\left_2024_11_20_20_11_44_763.jpg, C:\Users\Owner\Downloads\simulator-windows-64\dataTrack1\IMG\right_2024_11_20_20_11_44_763.jpg, -0.2032275, 0.6630321, 0, 21.36686
C:\Users\Owner\Downloads\simulator-windows-64\dataTrack1\IMG\center_2024_11_20_20_11_44_869.jpg, C:\Users\Owner\Downloads\simulator-windows-64\dataTrack1\IMG\left_2024_11_20_20_11_44_869.jpg, C:\Users\Owner\Downloads\simulator-windows-64\dataTrack1\IMG\right_2024_11_20_20_11_44_869.jpg, -0.3045423, 0.6631845, 0, 22.15038
C:\Users\Owner\Downloads\simulator-windows-64\dataTrack1\IMG\center_2024_11_20_20_11_44_972.jpg, C:\Users\Owner\Downloads\simulator-windows-64\dataTrack1\IMG\left_2024_11_20_20_11_44_972.jpg, C:\Users\Owner\Downloads\simulator-windows-64\dataTrack1\IMG\right_2024_11_20_20_11_44_972.jpg, 0, 0.3512088, 0, 22.59457
C:\Users\Owner\Downloads\simulator-windows-64\dataTrack1\IMG\center_2024_11_20_20_11_45_076.jpg, C:\Users\Owner\Downloads\simulator-windows-64\dataTrack1\IMG\left_2024_11_20_20_11_45_076.jpg, C:\Users\Owner\Downloads\simulator-windows-64\dataTrack1\IMG\right_2024_11_20_20_11_45_076.jpg, 0, 0.6601161, 0, 22.90518
C:\Users\Owner\Downloads\simulator-windows-64\dataTrack1\IMG\center_2024_11_20_20_11_45_180.jpg, C:\Users\Owner\Downloads\simulator-windows-64\dataTrack1\IMG\left_2024_11_20_20_11_45_180.jpg, C:\Users\Owner\Downloads\simulator-windows-64\dataTrack1\IMG\right_2024_11_20_20_11_45_180.jpg, 0, 0.5554885, 0, 23.56215
C:\Users\Owner\Downloads\simulator-windows-64\dataTrack1\IMG\center_2024_11_20_20_11_45_281.jpg, C:\Users\Owner\Downloads\simulator-windows-64\dataTrack1\IMG\left_2024_11_20_20_11_45_281.jpg, C:\Users\Owner\Downloads\simulator-windows-64\dataTrack1\IMG\right_2024_11_20_20_11_45_281.jpg, 0, 0.4569238, 0, 23.82941
C:\Users\Owner\Downloads\simulator-windows-64\dataTrack1\IMG\center_2024_11_20_20_11_45_386.jpg, C:\Users\Owner\Downloads\simulator-windows-64\dataTrack1\IMG\left_2024_11_20_20_11_45_386.jpg, C:\Users\Owner\Downloads\simulator-windows-64\dataTrack1\IMG\right_2024_11_20_20_11_45_386.jpg, 0, 0.7205644, 0, 24.31563
C:\Users\Owner\Downloads\simulator-windows-64\dataTrack1\IMG\center_2024_11_20_20_11_45_490.jpg, C:\Users\Owner\Downloads\simulator-windows-64\dataTrack1\IMG\left_2024_11_20_20_11_45_490.jpg, C:\Users\Owner\Downloads\simulator-windows-64\dataTrack1\IMG\right_2024_11_20_20_11_45_490.jpg, 0, 0.6788982, 0, 24.88484
C:\Users\Owner\Downloads\simulator-windows-64\dataTrack1\IMG\center_2024_11_20_20_11_45_594.jpg, C:\Users\Owner\Downloads\simulator-windows-64\dataTrack1\IMG\left_2024_11_20_20_11_45_594.jpg, C:\Users\Owner\Downloads\simulator-windows-64\dataTrack1\IMG\right_2024_11_20_20_11_45_594.jpg, 0, 0.883794, 0, 25.66347
C:\Users\Owner\Downloads\simulator-windows-64\dataTrack1\IMG\center_2024_11_20_20_11_45_696.jpg, C:\Users\Owner\Downloads\simulator-windows-64\dataTrack1\IMG\left_2024_11_20_20_11_45_696.jpg, C:\Users\Owner\Downloads\simulator-windows-64\dataTrack1\IMG\right_2024_11_20_20_11_45_696.jpg, 0, 0.7830105, 0, 26.32865
C:\Users\Owner\Downloads\simulator-windows-64\dataTrack1\IMG\center_2024_11_20_20_11_45_799.jpg, C:\Users\Owner\Downloads\simulator-windows-64\dataTrack1\IMG\left_2024_11_20_20_11_45_799.jpg, C:\Users\Owner\Downloads\simulator-windows-64\dataTrack1\IMG\right_2024_11_20_20_11_45_799.jpg, 0, 1, 0, 27.16123
C:\Users\Owner\Downloads\simulator-windows-64\dataTrack1\IMG\center_2024_11_20_20_11_45_903.jpg, C:\Users\Owner\Downloads\simulator-windows-64\dataTrack1\IMG\left_2024_11_20_20_11_45_903.jpg, C:\Users\Owner\Downloads\simulator-windows-64\dataTrack1\IMG\right_2024_11_20_20_11_45_903.jpg, 0, 0.6878775, 0, 27.94993
C:\Users\Owner\Downloads\simulator-windows-64\dataTrack1\IMG\center_2024_11_20_20_11_46_007.jpg, C:\Users\Owner\Downloads\simulator-windows-64\dataTrack1\IMG\left_2024_11_20_20_11_46_007.jpg, C:\Users\Owner\Downloads\simulator-windows-64\dataTrack1\IMG\right_2024_11_20_20_11_46_007.jpg, 0, 0.9462387, 0, 28.63502
C:\Users\Owner\Downloads\simulator-windows-64\dataTrack1\IMG\center_2024_11_20_20_11_46_110.jpg, C:\Users\Owner\Downloads\simulator-windows-64\dataTrack1\IMG\left_2024_11_20_20_11_46_110.jpg, C:\Users\Owner\Downloads\simulator-windows-64\dataTrack1\IMG\right_2024_11_20_20_11_46_110.jpg, 0, 0.6852549, 0, 29.51981
C:\Users\Owner\Downloads\simulator-windows-64\dataTrack1\IMG\center_2024_11_20_20_11_46_212.jpg, C:\Users\Owner\Downloads\simulator-windows-64\dataTrack1\IMG\left_2024_11_20_20_11_46_212.jpg, C:\Users\Owner\Downloads\simulator-windows-64\dataTrack1\IMG\right_2024_11_20_20_11_46_212.jpg, 0, 0.9907114, 0, 30.17373
C:\Users\Owner\Downloads\simulator-windows-64\dataTrack1\IMG\center_2024_11_20_20_11_46_316.jpg, C:\Users\Owner\Downloads\simulator-windows-64\dataTrack1\IMG\left_2024_11_20_20_11_46_316.jpg, C:\Users\Owner\Downloads\simulator-windows-64\dataTrack1\IMG\right_2024_11_20_20_11_46_316.jpg, 0, 0.7786375, 0, 30.14588
C:\Users\Owner\Downloads\simulator-windows-64\dataTrack1\IMG\center_2024_11_20_20_11_46_421.jpg, C:\Users\Owner\Downloads\simulator-windows-64\dataTrack1\IMG\left_2024_11_20_20_11_46_421.jpg, C:\Users\Owner\Downloads\simulator-windows-64\dataTrack1\IMG\right_2024_11_20_20_11_46_421.jpg, -0.2142057, 0.4630888, 0, 30.04613
C:\Users\Owner\Downloads\simulator-windows-64\dataTrack1\IMG\center_2024_11_20_20_11_46_523.jpg, C:\Users\Owner\Downloads\simulator-windows-64\dataTrack1\IMG\left_2024_11_20_20_11_46_523.jpg, C:\Users\Owner\Downloads\simulator-windows-64\dataTrack1\IMG\right_2024_11_20_20_11_46_523.jpg, 0, 0.154622, 0, 30.00034
C:\Users\Owner\Downloads\simulator-windows-64\dataTrack1\IMG\center_2024_11_20_20_11_46_627.jpg, C:\Users\Owner\Downloads\simulator-windows-64\dataTrack1\IMG\left_2024_11_20_20_11_46_627.jpg, C:\Users\Owner\Downloads\simulator-windows-64\dataTrack1\IMG\right_2024_11_20_20_11_46_627.jpg, 0, 0, 0, 29.69386
C:\Users\Owner\Downloads\simulator-windows-64\dataTrack1\IMG\center_2024_11_20_20_11_46_731.jpg, C:\Users\Owner\Downloads\simulator-windows-64\dataTrack1\IMG\left_2024_11_20_20_11_46_731.jpg, C:\Users\Owner\Downloads\simulator-windows-64\dataTrack1\IMG\right_2024_11_20_20_11_46_731.jpg, 0, 0.1030836, 0, 29.41309
C:\Users\Owner\Downloads\simulator-windows-64\dataTrack1\IMG\center_2024_11_20_20_11_46_833.jpg, C:\Users\Owner\Downloads\simulator-windows-64\dataTrack1\IMG\left_2024_11_20_20_11_46_833.jpg, C:\Users\Owner\Downloads\simulator-windows-64\dataTrack1\IMG\right_2024_11_20_20_11_46_833.jpg, 0, 0.3043782, 0, 29.43229
C:\Users\Owner\Downloads\simulator-windows-64\dataTrack1\IMG\center_2024_11_20_20_11_46_938.jpg, C:\Users\Owner\Downloads\simulator-windows-64\dataTrack1\IMG\left_2024_11_20_20_11_46_938.jpg, C:\Users\Owner\Downloads\simulator-windows-64\dataTrack1\IMG\right_2024_11_20_20_11_46_938.jpg, 0, 0, 0, 29.32191
C:\Users\Owner\Downloads\simulator-windows-64\dataTrack1\IMG\center_2024_11_20_20_11_47_041.jpg, C:\Users\Owner\Downloads\simulator-windows-64\dataTrack1\IMG\left_2024_11_20_20_11_47_041.jpg, C:\Users\Owner\Downloads\simulator-windows-64\dataTrack1\IMG\right_2024_11_20_20_11_47_041.jpg, 0, 0, 0, 29.02498
C:\Users\Owner\Downloads\simulator-windows-64\dataTrack1\IMG\center_2024_11_20_20_11_47_147.jpg, C:\Users\Owner\Downloads\simulator-windows-64\dataTrack1\IMG\left_2024_11_20_20_11_47_147.jpg, C:\Users\Owner\Downloads\simulator-windows-64\dataTrack1\IMG\right_2024_11_20_20_11_47_147.jpg, 0, 0, 0, 28.67564
C:\Users\Owner\Downloads\simulator-windows-64\dataTrack1\IMG\center_2024_11_20_20_11_47_249.jpg, C:\Users\Owner\Downloads\simulator-windows-64\dataTrack1\IMG\left_2024_11_20_20_11_47_249.jpg, C:\Users\Owner\Downloads\simulator-windows-64\dataTrack1\IMG\right_2024_11_20_20_11_47_249.jpg, 0, 0, 0, 28.3877
C:\Users\Owner\Downloads\simulator-windows-64\dataTrack1\IMG\center_2024_11_20_20_11_47_353.jpg, C:\Users\Owner\Downloads\simulator-windows-64\dataTrack1\IMG\left_2024_11_20_20_11_47_353.jpg, C:\Users\Owner\Downloads\simulator-windows-64\dataTrack1\IMG\right_2024_11_20_20_11_47_353.jpg, 0, 0, 0, 28.10265
C:\Users\Owner\Downloads\simulator-windows-64\dataTrack1\IMG\center_2024_11_20_20_11_47_457.jpg, C:\Users\Owner\Downloads\simulator-windows-64\dataTrack1\IMG\left_2024_11_20_20_11_47_457.jpg, C:\Users\Owner\Downloads\simulator-windows-64\dataTrack1\IMG\right_2024_11_20_20_11_47_457.jpg, -0.3125388, 0, 0, 27.76487
C:\Users\Owner\Downloads\simulator-windows-64\dataTrack1\IMG\center_2024_11_20_20_11_47_561.jpg, C:\Users\Owner\Downloads\simulator-windows-64\dataTrack1\IMG\left_2024_11_20_20_11_47_561.jpg, C:\Users\Owner\Downloads\simulator-windows-64\dataTrack1\IMG\right_2024_11_20_20_11_47_561.jpg, -0.3139035, 0, 0, 27.35727
C:\Users\Owner\Downloads\simulator-windows-64\dataTrack1\IMG\center_2024_11_20_20_11_47_664.jpg, C:\Users\Owner\Downloads\simulator-windows-64\dataTrack1\IMG\left_2024_11_20_20_11_47_664.jpg, C:\Users\Owner\Downloads\simulator-windows-64\dataTrack1\IMG\right_2024_11_20_20_11_47_664.jpg, -0.05465039, 0, 0, 27.0848
C:\Users\Owner\Downloads\simulator-windows-64\dataTrack1\IMG\center_2024_11_20_20_11_47_765.jpg, C:\Users\Owner\Downloads\simulator-windows-64\dataTrack1\IMG\left_2024_11_20_20_11_47_765.jpg, C:\Users\Owner\Downloads\simulator-windows-64\dataTrack1\IMG\right_2024_11_20_20_11_47_765.jpg, 0, 0, 0, 26.80279
C:\Users\Owner\Downloads\simulator-windows-64\dataTrack1\IMG\center_2024_11_20_20_11_47_871.jpg, C:\Users\Owner\Downloads\simulator-windows-64\dataTrack1\IMG\left_2024_11_20_20_11_47_871.jpg, C:\Users\Owner\Downloads\simulator-windows-64\dataTrack1\IMG\right_2024_11_20_20_11_47_871.jpg, 0, 0, 0, 26.47852
C:\Users\Owner\Downloads\simulator-windows-64\dataTrack1\IMG\center_2024_11_20_20_11_47_974.jpg, C:\Users\Owner\Downloads\simulator-windows-64\dataTrack1\IMG\left_2024_11_20_20_11_47_974.jpg, C:\Users\Owner\Downloads\simulator-windows-64\dataTrack1\IMG\right_2024_11_20_20_11_47_974.jpg, 0, 0.1037556, 0, 26.23183
C:\Users\Owner\Downloads\simulator-windows-64\dataTrack1\IMG\center_2024_11_20_20_11_48_078.jpg, C:\Users\Owner\Downloads\simulator-windows-64\dataTrack1\IMG\left_2024_11_20_20_11_48_078.jpg, C:\Users\Owner\Downloads\simulator-windows-64\dataTrack1\IMG\right_2024_11_20_20_11_48_078.jpg, 0, 0.311571, 0, 26.27537
C:\Users\Owner\Downloads\simulator-windows-64\dataTrack1\IMG\center_2024_11_20_20_11_48_182.jpg, C:\Users\Owner\Downloads\simulator-windows-64\dataTrack1\IMG\left_2024_11_20_20_11_48_182.jpg, C:\Users\Owner\Downloads\simulator-windows-64\dataTrack1\IMG\right_2024_11_20_20_11_48_182.jpg, 0, 0.1118856, 0, 26.23404
C:\Users\Owner\Downloads\simulator-windows-64\dataTrack1\IMG\center_2024_11_20_20_11_48_284.jpg, C:\Users\Owner\Downloads\simulator-windows-64\dataTrack1\IMG\left_2024_11_20_20_11_48_284.jpg, C:\Users\Owner\Downloads\simulator-windows-64\dataTrack1\IMG\right_2024_11_20_20_11_48_284.jpg, 0, 0.2628918, 0, 26.25522
C:\Users\Owner\Downloads\simulator-windows-64\dataTrack1\IMG\center_2024_11_20_20_11_48_390.jpg, C:\Users\Owner\Downloads\simulator-windows-64\dataTrack1\IMG\left_2024_11_20_20_11_48_390.jpg, C:\Users\Owner\Downloads\simulator-windows-64\dataTrack1\IMG\right_2024_11_20_20_11_48_390.jpg, 0, 0.1048128, 0, 26.06754
C:\Users\Owner\Downloads\simulator-windows-64\dataTrack1\IMG\center_2024_11_20_20_11_48_493.jpg, C:\Users\Owner\Downloads\simulator-windows-64\dataTrack1\IMG\left_2024_11_20_20_11_48_493.jpg, C:\Users\Owner\Downloads\simulator-windows-64\dataTrack1\IMG\right_2024_11_20_20_11_48_493.jpg, 0, 0.1082595, 0, 26.03656
C:\Users\Owner\Downloads\simulator-windows-64\dataTrack1\IMG\center_2024_11_20_20_11_48_596.jpg, C:\Users\Owner\Downloads\simulator-windows-64\dataTrack1\IMG\left_2024_11_20_20_11_48_596.jpg, C:\Users\Owner\Downloads\simulator-windows-64\dataTrack1\IMG\right_2024_11_20_20_11_48_596.jpg, 0, 0.1537173, 0, 25.83932
C:\Users\Owner\Downloads\simulator-windows-64\dataTrack1\IMG\center_2024_11_20_20_11_48_698.jpg, C:\Users\Owner\Downloads\simulator-windows-64\dataTrack1\IMG\left_2024_11_20_20_11_48_698.jpg, C:\Users\Owner\Downloads\simulator-windows-64\dataTrack1\IMG\right_2024_11_20_20_11_48_698.jpg, 0, 0.1499535, 0, 25.85228
C:\Users\Owner\Downloads\simulator-windows-64\dataTrack1\IMG\center_2024_11_20_20_11_48_803.jpg, C:\Users\Owner\Downloads\simulator-windows-64\dataTrack1\IMG\left_2024_11_20_20_11_48_803.jpg, C:\Users\Owner\Downloads\simulator-windows-64\dataTrack1\IMG\right_2024_11_20_20_11_48_803.jpg, 0, 0.1596807, 0, 25.66636
C:\Users\Owner\Downloads\simulator-windows-64\dataTrack1\IMG\center_2024_11_20_20_11_48_906.jpg, C:\Users\Owner\Downloads\simulator-windows-64\dataTrack1\IMG\left_2024_11_20_20_11_48_906.jpg, C:\Users\Owner\Downloads\simulator-windows-64\dataTrack1\IMG\right_2024_11_20_20_11_48_906.jpg, 0, 0.2166039, 0, 25.71254
C:\Users\Owner\Downloads\simulator-windows-64\dataTrack1\IMG\center_2024_11_20_20_11_49_010.jpg, C:\Users\Owner\Downloads\simulator-windows-64\dataTrack1\IMG\left_2024_11_20_20_11_49_010.jpg, C:\Users\Owner\Downloads\simulator-windows-64\dataTrack1\IMG\right_2024_11_20_20_11_49_010.jpg, 0, 0.2611662, 0, 25.60847
C:\Users\Owner\Downloads\simulator-windows-64\dataTrack1\IMG\center_2024_11_20_20_11_49_114.jpg, C:\Users\Owner\Downloads\simulator-windows-64\dataTrack1\IMG\left_2024_11_20_20_11_49_114.jpg, C:\Users\Owner\Downloads\simulator-windows-64\dataTrack1\IMG\right_2024_11_20_20_11_49_114.jpg, 0, 0, 0, 25.47877
C:\Users\Owner\Downloads\simulator-windows-64\dataTrack1\IMG\center_2024_11_20_20_11_49_215.jpg, C:\Users\Owner\Downloads\simulator-windows-64\dataTrack1\IMG\left_2024_11_20_20_11_49_215.jpg, C:\Users\Owner\Downloads\simulator-windows-64\dataTrack1\IMG\right_2024_11_20_20_11_49_215.jpg, 0, 0.2190078, 0, 25.31061
C:\Users\Owner\Downloads\simulator-windows-64\dataTrack1\IMG\center_2024_11_20_20_11_49_320.jpg, C:\Users\Owner\Downloads\simulator-windows-64\dataTrack1\IMG\left_2024_11_20_20_11_49_320.jpg, C:\Users\Owner\Downloads\simulator-windows-64\dataTrack1\IMG\right_2024_11_20_20_11_49_320.jpg, 0, 0, 0, 25.17097
C:\Users\Owner\Downloads\simulator-windows-64\dataTrack1\IMG\center_2024_11_20_20_11_49_424.jpg, C:\Users\Owner\Downloads\simulator-windows-64\dataTrack1\IMG\left_2024_11_20_20_11_49_424.jpg, C:\Users\Owner\Downloads\simulator-windows-64\dataTrack1\IMG\right_2024_11_20_20_11_49_424.jpg, 0, 0.2302485, 0, 24.98562
C:\Users\Owner\Downloads\simulator-windows-64\dataTrack1\IMG\center_2024_11_20_20_11_49_526.jpg, C:\Users\Owner\Downloads\simulator-windows-64\dataTrack1\IMG\left_2024_11_20_20_11_49_526.jpg, C:\Users\Owner\Downloads\simulator-windows-64\dataTrack1\IMG\right_2024_11_20_20_11_49_526.jpg, 0, 0, 0, 24.87797
C:\Users\Owner\Downloads\simulator-windows-64\dataTrack1\IMG\center_2024_11_20_20_11_49_630.jpg, C:\Users\Owner\Downloads\simulator-windows-64\dataTrack1\IMG\left_2024_11_20_20_11_49_630.jpg, C:\Users\Owner\Downloads\simulator-windows-64\dataTrack1\IMG\right_2024_11_20_20_11_49_630.jpg, 0, 0, 0, 24.5742
C:\Users\Owner\Downloads\simulator-windows-64\dataTrack1\IMG\center_2024_11_20_20_11_49_733.jpg, C:\Users\Owner\Downloads\simulator-windows-64\dataTrack1\IMG\left_2024_11_20_20_11_49_733.jpg, C:\Users\Owner\Downloads\simulator-windows-64\dataTrack1\IMG\right_2024_11_20_20_11_49_733.jpg, 0, 0.2014176, 0, 24.5205
C:\Users\Owner\Downloads\simulator-windows-64\dataTrack1\IMG\center_2024_11_20_20_11_49_837.jpg, C:\Users\Owner\Downloads\simulator-windows-64\dataTrack1\IMG\left_2024_11_20_20_11_49_837.jpg, C:\Users\Owner\Downloads\simulator-windows-64\dataTrack1\IMG\right_2024_11_20_20_11_49_837.jpg, 0, 0, 0, 24.35316
C:\Users\Owner\Downloads\simulator-windows-64\dataTrack1\IMG\center_2024_11_20_20_11_49_940.jpg, C:\Users\Owner\Downloads\simulator-windows-64\dataTrack1\IMG\left_2024_11_20_20_11_49_940.jpg, C:\Users\Owner\Downloads\simulator-windows-64\dataTrack1\IMG\right_2024_11_20_20_11_49_940.jpg, 0, 0.2038284, 0, 24.17173
C:\Users\Owner\Downloads\simulator-windows-64\dataTrack1\IMG\center_2024_11_20_20_11_50_044.jpg, C:\Users\Owner\Downloads\simulator-windows-64\dataTrack1\IMG\left_2024_11_20_20_11_50_044.jpg, C:\Users\Owner\Downloads\simulator-windows-64\dataTrack1\IMG\right_2024_11_20_20_11_50_044.jpg, 0, 0.2101098, 0, 24.28623
C:\Users\Owner\Downloads\simulator-windows-64\dataTrack1\IMG\center_2024_11_20_20_11_50_147.jpg, C:\Users\Owner\Downloads\simulator-windows-64\dataTrack1\IMG\left_2024_11_20_20_11_50_147.jpg, C:\Users\Owner\Downloads\simulator-windows-64\dataTrack1\IMG\right_2024_11_20_20_11_50_147.jpg, -0.174588, 0, 0, 24.14004
C:\Users\Owner\Downloads\simulator-windows-64\dataTrack1\IMG\center_2024_11_20_20_11_50_249.jpg, C:\Users\Owner\Downloads\simulator-windows-64\dataTrack1\IMG\left_2024_11_20_20_11_50_249.jpg, C:\Users\Owner\Downloads\simulator-windows-64\dataTrack1\IMG\right_2024_11_20_20_11_50_249.jpg, -0.2301447, 0, 0, 23.74775
C:\Users\Owner\Downloads\simulator-windows-64\dataTrack1\IMG\center_2024_11_20_20_11_50_355.jpg, C:\Users\Owner\Downloads\simulator-windows-64\dataTrack1\IMG\left_2024_11_20_20_11_50_355.jpg, C:\Users\Owner\Downloads\simulator-windows-64\dataTrack1\IMG\right_2024_11_20_20_11_50_355.jpg, 0, 0, 0, 23.50534
C:\Users\Owner\Downloads\simulator-windows-64\dataTrack1\IMG\center_2024_11_20_20_11_50_458.jpg, C:\Users\Owner\Downloads\simulator-windows-64\dataTrack1\IMG\left_2024_11_20_20_11_50_458.jpg, C:\Users\Owner\Downloads\simulator-windows-64\dataTrack1\IMG\right_2024_11_20_20_11_50_458.jpg, 0, 0, 0, 23.26577
C:\Users\Owner\Downloads\simulator-windows-64\dataTrack1\IMG\center_2024_11_20_20_11_50_561.jpg, C:\Users\Owner\Downloads\simulator-windows-64\dataTrack1\IMG\left_2024_11_20_20_11_50_561.jpg, C:\Users\Owner\Downloads\simulator-windows-64\dataTrack1\IMG\right_2024_11_20_20_11_50_561.jpg, 0, 0.2044782, 0, 23.08091
C:\Users\Owner\Downloads\simulator-windows-64\dataTrack1\IMG\center_2024_11_20_20_11_50_665.jpg, C:\Users\Owner\Downloads\simulator-windows-64\dataTrack1\IMG\left_2024_11_20_20_11_50_665.jpg, C:\Users\Owner\Downloads\simulator-windows-64\dataTrack1\IMG\right_2024_11_20_20_11_50_665.jpg, -0.0551553, 0.2498523, 0, 23.21075
C:\Users\Owner\Downloads\simulator-windows-64\dataTrack1\IMG\center_2024_11_20_20_11_50_766.jpg, C:\Users\Owner\Downloads\simulator-windows-64\dataTrack1\IMG\left_2024_11_20_20_11_50_766.jpg, C:\Users\Owner\Downloads\simulator-windows-64\dataTrack1\IMG\right_2024_11_20_20_11_50_766.jpg, -0.3586413, 0, 0, 23.02168
C:\Users\Owner\Downloads\simulator-windows-64\dataTrack1\IMG\center_2024_11_20_20_11_50_872.jpg, C:\Users\Owner\Downloads\simulator-windows-64\dataTrack1\IMG\left_2024_11_20_20_11_50_872.jpg, C:\Users\Owner\Downloads\simulator-windows-64\dataTrack1\IMG\right_2024_11_20_20_11_50_872.jpg, -0.2683119, 0.1170351, 0, 22.73562
C:\Users\Owner\Downloads\simulator-windows-64\dataTrack1\IMG\center_2024_11_20_20_11_50_976.jpg, C:\Users\Owner\Downloads\simulator-windows-64\dataTrack1\IMG\left_2024_11_20_20_11_50_976.jpg, C:\Users\Owner\Downloads\simulator-windows-64\dataTrack1\IMG\right_2024_11_20_20_11_50_976.jpg, 0, 0, 0, 22.50711
C:\Users\Owner\Downloads\simulator-windows-64\dataTrack1\IMG\center_2024_11_20_20_11_51_079.jpg, C:\Users\Owner\Downloads\simulator-windows-64\dataTrack1\IMG\left_2024_11_20_20_11_51_079.jpg, C:\Users\Owner\Downloads\simulator-windows-64\dataTrack1\IMG\right_2024_11_20_20_11_51_079.jpg, 0, 0, 0, 22.28351
C:\Users\Owner\Downloads\simulator-windows-64\dataTrack1\IMG\center_2024_11_20_20_11_51_181.jpg, C:\Users\Owner\Downloads\simulator-windows-64\dataTrack1\IMG\left_2024_11_20_20_11_51_181.jpg, C:\Users\Owner\Downloads\simulator-windows-64\dataTrack1\IMG\right_2024_11_20_20_11_51_181.jpg, 0, 0, 0, 22.05222
C:\Users\Owner\Downloads\simulator-windows-64\dataTrack1\IMG\center_2024_11_20_20_11_51_284.jpg, C:\Users\Owner\Downloads\simulator-windows-64\dataTrack1\IMG\left_2024_11_20_20_11_51_284.jpg, C:\Users\Owner\Downloads\simulator-windows-64\dataTrack1\IMG\right_2024_11_20_20_11_51_284.jpg, 0, 0.2580927, 0, 21.98176
C:\Users\Owner\Downloads\simulator-windows-64\dataTrack1\IMG\center_2024_11_20_20_11_51_389.jpg, C:\Users\Owner\Downloads\simulator-windows-64\dataTrack1\IMG\left_2024_11_20_20_11_51_389.jpg, C:\Users\Owner\Downloads\simulator-windows-64\dataTrack1\IMG\right_2024_11_20_20_11_51_389.jpg, 0, 0.1685595, 0, 22.16979
C:\Users\Owner\Downloads\simulator-windows-64\dataTrack1\IMG\center_2024_11_20_20_11_51_492.jpg, C:\Users\Owner\Downloads\simulator-windows-64\dataTrack1\IMG\left_2024_11_20_20_11_51_492.jpg, C:\Users\Owner\Downloads\simulator-windows-64\dataTrack1\IMG\right_2024_11_20_20_11_51_492.jpg, 0, 0, 0, 21.99177
C:\Users\Owner\Downloads\simulator-windows-64\dataTrack1\IMG\center_2024_11_20_20_11_51_596.jpg, C:\Users\Owner\Downloads\simulator-windows-64\dataTrack1\IMG\left_2024_11_20_20_11_51_596.jpg, C:\Users\Owner\Downloads\simulator-windows-64\dataTrack1\IMG\right_2024_11_20_20_11_51_596.jpg, 0, 0.0543861, 0, 21.77114
C:\Users\Owner\Downloads\simulator-windows-64\dataTrack1\IMG\center_2024_11_20_20_11_51_699.jpg, C:\Users\Owner\Downloads\simulator-windows-64\dataTrack1\IMG\left_2024_11_20_20_11_51_699.jpg, C:\Users\Owner\Downloads\simulator-windows-64\dataTrack1\IMG\right_2024_11_20_20_11_51_699.jpg, 0, 0.3625482, 0, 21.80312
C:\Users\Owner\Downloads\simulator-windows-64\dataTrack1\IMG\center_2024_11_20_20_11_51_802.jpg, C:\Users\Owner\Downloads\simulator-windows-64\dataTrack1\IMG\left_2024_11_20_20_11_51_802.jpg, C:\Users\Owner\Downloads\simulator-windows-64\dataTrack1\IMG\right_2024_11_20_20_11_51_802.jpg, -4.260615E-05, 0.05274001, 0, 21.88208
C:\Users\Owner\Downloads\simulator-windows-64\dataTrack1\IMG\center_2024_11_20_20_11_51_906.jpg, C:\Users\Owner\Downloads\simulator-windows-64\dataTrack1\IMG\left_2024_11_20_20_11_51_906.jpg, C:\Users\Owner\Downloads\simulator-windows-64\dataTrack1\IMG\right_2024_11_20_20_11_51_906.jpg, 0, 0, 0, 21.61988
C:\Users\Owner\Downloads\simulator-windows-64\dataTrack1\IMG\center_2024_11_20_20_11_52_010.jpg, C:\Users\Owner\Downloads\simulator-windows-64\dataTrack1\IMG\left_2024_11_20_20_11_52_010.jpg, C:\Users\Owner\Downloads\simulator-windows-64\dataTrack1\IMG\right_2024_11_20_20_11_52_010.jpg, 0, 0.3666237, 0, 21.66589
C:\Users\Owner\Downloads\simulator-windows-64\dataTrack1\IMG\center_2024_11_20_20_11_52_113.jpg, C:\Users\Owner\Downloads\simulator-windows-64\dataTrack1\IMG\left_2024_11_20_20_11_52_113.jpg, C:\Users\Owner\Downloads\simulator-windows-64\dataTrack1\IMG\right_2024_11_20_20_11_52_113.jpg, 0, 0.2168643, 0, 21.87996
C:\Users\Owner\Downloads\simulator-windows-64\dataTrack1\IMG\center_2024_11_20_20_11_52_215.jpg, C:\Users\Owner\Downloads\simulator-windows-64\dataTrack1\IMG\left_2024_11_20_20_11_52_215.jpg, C:\Users\Owner\Downloads\simulator-windows-64\dataTrack1\IMG\right_2024_11_20_20_11_52_215.jpg, 0, 0, 0, 21.73528
C:\Users\Owner\Downloads\simulator-windows-64\dataTrack1\IMG\center_2024_11_20_20_11_52_318.jpg, C:\Users\Owner\Downloads\simulator-windows-64\dataTrack1\IMG\left_2024_11_20_20_11_52_318.jpg, C:\Users\Owner\Downloads\simulator-windows-64\dataTrack1\IMG\right_2024_11_20_20_11_52_318.jpg, -0.1533459, 0, 0, 21.51012
C:\Users\Owner\Downloads\simulator-windows-64\dataTrack1\IMG\center_2024_11_20_20_11_52_423.jpg, C:\Users\Owner\Downloads\simulator-windows-64\dataTrack1\IMG\left_2024_11_20_20_11_52_423.jpg, C:\Users\Owner\Downloads\simulator-windows-64\dataTrack1\IMG\right_2024_11_20_20_11_52_423.jpg, -0.4662693, 0, 0, 21.19143
C:\Users\Owner\Downloads\simulator-windows-64\dataTrack1\IMG\center_2024_11_20_20_11_52_527.jpg, C:\Users\Owner\Downloads\simulator-windows-64\dataTrack1\IMG\left_2024_11_20_20_11_52_527.jpg, C:\Users\Owner\Downloads\simulator-windows-64\dataTrack1\IMG\right_2024_11_20_20_11_52_527.jpg, -0.2028141, 0, 0, 20.94216
C:\Users\Owner\Downloads\simulator-windows-64\dataTrack1\IMG\center_2024_11_20_20_11_52_629.jpg, C:\Users\Owner\Downloads\simulator-windows-64\dataTrack1\IMG\left_2024_11_20_20_11_52_629.jpg, C:\Users\Owner\Downloads\simulator-windows-64\dataTrack1\IMG\right_2024_11_20_20_11_52_629.jpg, 0, 0, 0, 20.67215
C:\Users\Owner\Downloads\simulator-windows-64\dataTrack1\IMG\center_2024_11_20_20_11_52_734.jpg, C:\Users\Owner\Downloads\simulator-windows-64\dataTrack1\IMG\left_2024_11_20_20_11_52_734.jpg, C:\Users\Owner\Downloads\simulator-windows-64\dataTrack1\IMG\right_2024_11_20_20_11_52_734.jpg, 0, 0.0563931, 0, 20.48815
C:\Users\Owner\Downloads\simulator-windows-64\dataTrack1\IMG\center_2024_11_20_20_11_52_836.jpg, C:\Users\Owner\Downloads\simulator-windows-64\dataTrack1\IMG\left_2024_11_20_20_11_52_836.jpg, C:\Users\Owner\Downloads\simulator-windows-64\dataTrack1\IMG\right_2024_11_20_20_11_52_836.jpg, 0, 0.2585268, 0, 20.47885
C:\Users\Owner\Downloads\simulator-windows-64\dataTrack1\IMG\center_2024_11_20_20_11_52_940.jpg, C:\Users\Owner\Downloads\simulator-windows-64\dataTrack1\IMG\left_2024_11_20_20_11_52_940.jpg, C:\Users\Owner\Downloads\simulator-windows-64\dataTrack1\IMG\right_2024_11_20_20_11_52_940.jpg, -0.2049264, 0, 0, 20.50933
C:\Users\Owner\Downloads\simulator-windows-64\dataTrack1\IMG\center_2024_11_20_20_11_53_043.jpg, C:\Users\Owner\Downloads\simulator-windows-64\dataTrack1\IMG\left_2024_11_20_20_11_53_043.jpg, C:\Users\Owner\Downloads\simulator-windows-64\dataTrack1\IMG\right_2024_11_20_20_11_53_043.jpg, -0.512605, 0, 0, 19.9761
C:\Users\Owner\Downloads\simulator-windows-64\dataTrack1\IMG\center_2024_11_20_20_11_53_148.jpg, C:\Users\Owner\Downloads\simulator-windows-64\dataTrack1\IMG\left_2024_11_20_20_11_53_148.jpg, C:\Users\Owner\Downloads\simulator-windows-64\dataTrack1\IMG\right_2024_11_20_20_11_53_148.jpg, -0.1944468, 0.1087728, 0, 19.67264
C:\Users\Owner\Downloads\simulator-windows-64\dataTrack1\IMG\center_2024_11_20_20_11_53_251.jpg, C:\Users\Owner\Downloads\simulator-windows-64\dataTrack1\IMG\left_2024_11_20_20_11_53_251.jpg, C:\Users\Owner\Downloads\simulator-windows-64\dataTrack1\IMG\right_2024_11_20_20_11_53_251.jpg, 0, 0.1067778, 0, 20.01521
C:\Users\Owner\Downloads\simulator-windows-64\dataTrack1\IMG\center_2024_11_20_20_11_53_355.jpg, C:\Users\Owner\Downloads\simulator-windows-64\dataTrack1\IMG\left_2024_11_20_20_11_53_355.jpg, C:\Users\Owner\Downloads\simulator-windows-64\dataTrack1\IMG\right_2024_11_20_20_11_53_355.jpg, 0, 0, 0, 19.48495
C:\Users\Owner\Downloads\simulator-windows-64\dataTrack1\IMG\center_2024_11_20_20_11_53_459.jpg, C:\Users\Owner\Downloads\simulator-windows-64\dataTrack1\IMG\left_2024_11_20_20_11_53_459.jpg, C:\Users\Owner\Downloads\simulator-windows-64\dataTrack1\IMG\right_2024_11_20_20_11_53_459.jpg, -0.3136749, 0, 0, 19.61082
C:\Users\Owner\Downloads\simulator-windows-64\dataTrack1\IMG\center_2024_11_20_20_11_53_561.jpg, C:\Users\Owner\Downloads\simulator-windows-64\dataTrack1\IMG\left_2024_11_20_20_11_53_561.jpg, C:\Users\Owner\Downloads\simulator-windows-64\dataTrack1\IMG\right_2024_11_20_20_11_53_561.jpg, -0.007066488, 0, 0, 19.0174
C:\Users\Owner\Downloads\simulator-windows-64\dataTrack1\IMG\center_2024_11_20_20_11_53_666.jpg, C:\Users\Owner\Downloads\simulator-windows-64\dataTrack1\IMG\left_2024_11_20_20_11_53_666.jpg, C:\Users\Owner\Downloads\simulator-windows-64\dataTrack1\IMG\right_2024_11_20_20_11_53_666.jpg, 0, 0.2591208, 0, 19.36316
C:\Users\Owner\Downloads\simulator-windows-64\dataTrack1\IMG\center_2024_11_20_20_11_53_768.jpg, C:\Users\Owner\Downloads\simulator-windows-64\dataTrack1\IMG\left_2024_11_20_20_11_53_768.jpg, C:\Users\Owner\Downloads\simulator-windows-64\dataTrack1\IMG\right_2024_11_20_20_11_53_768.jpg, 0, 0, 0, 19.25789
C:\Users\Owner\Downloads\simulator-windows-64\dataTrack1\IMG\center_2024_11_20_20_11_53_872.jpg, C:\Users\Owner\Downloads\simulator-windows-64\dataTrack1\IMG\left_2024_11_20_20_11_53_872.jpg, C:\Users\Owner\Downloads\simulator-windows-64\dataTrack1\IMG\right_2024_11_20_20_11_53_872.jpg, -0.3096165, 0, 0, 18.61204
C:\Users\Owner\Downloads\simulator-windows-64\dataTrack1\IMG\center_2024_11_20_20_11_53_976.jpg, C:\Users\Owner\Downloads\simulator-windows-64\dataTrack1\IMG\left_2024_11_20_20_11_53_976.jpg, C:\Users\Owner\Downloads\simulator-windows-64\dataTrack1\IMG\right_2024_11_20_20_11_53_976.jpg, -0.2165079, 0, 0, 18.80789
C:\Users\Owner\Downloads\simulator-windows-64\dataTrack1\IMG\center_2024_11_20_20_11_54_080.jpg, C:\Users\Owner\Downloads\simulator-windows-64\dataTrack1\IMG\left_2024_11_20_20_11_54_080.jpg, C:\Users\Owner\Downloads\simulator-windows-64\dataTrack1\IMG\right_2024_11_20_20_11_54_080.jpg, 0, 0.3102126, 0, 18.37082
C:\Users\Owner\Downloads\simulator-windows-64\dataTrack1\IMG\center_2024_11_20_20_11_54_182.jpg, C:\Users\Owner\Downloads\simulator-windows-64\dataTrack1\IMG\left_2024_11_20_20_11_54_182.jpg, C:\Users\Owner\Downloads\simulator-windows-64\dataTrack1\IMG\right_2024_11_20_20_11_54_182.jpg, 0, 0.003737979, 0, 18.81153
C:\Users\Owner\Downloads\simulator-windows-64\dataTrack1\IMG\center_2024_11_20_20_11_54_286.jpg, C:\Users\Owner\Downloads\simulator-windows-64\dataTrack1\IMG\left_2024_11_20_20_11_54_286.jpg, C:\Users\Owner\Downloads\simulator-windows-64\dataTrack1\IMG\right_2024_11_20_20_11_54_286.jpg, 0, 0, 0, 18.14088
C:\Users\Owner\Downloads\simulator-windows-64\dataTrack1\IMG\center_2024_11_20_20_11_54_390.jpg, C:\Users\Owner\Downloads\simulator-windows-64\dataTrack1\IMG\left_2024_11_20_20_11_54_390.jpg, C:\Users\Owner\Downloads\simulator-windows-64\dataTrack1\IMG\right_2024_11_20_20_11_54_390.jpg, -0.0002033822, 0, 0, 17.9018
C:\Users\Owner\Downloads\simulator-windows-64\dataTrack1\IMG\center_2024_11_20_20_11_54_494.jpg, C:\Users\Owner\Downloads\simulator-windows-64\dataTrack1\IMG\left_2024_11_20_20_11_54_494.jpg, C:\Users\Owner\Downloads\simulator-windows-64\dataTrack1\IMG\right_2024_11_20_20_11_54_494.jpg, 0, 0.0552003, 0, 18.22329
C:\Users\Owner\Downloads\simulator-windows-64\dataTrack1\IMG\center_2024_11_20_20_11_54_597.jpg, C:\Users\Owner\Downloads\simulator-windows-64\dataTrack1\IMG\left_2024_11_20_20_11_54_597.jpg, C:\Users\Owner\Downloads\simulator-windows-64\dataTrack1\IMG\right_2024_11_20_20_11_54_597.jpg, 0, 0.05024011, 0, 17.69956
C:\Users\Owner\Downloads\simulator-windows-64\dataTrack1\IMG\center_2024_11_20_20_11_54_699.jpg, C:\Users\Owner\Downloads\simulator-windows-64\dataTrack1\IMG\left_2024_11_20_20_11_54_699.jpg, C:\Users\Owner\Downloads\simulator-windows-64\dataTrack1\IMG\right_2024_11_20_20_11_54_699.jpg, 0, 0, 0, 18.02392
C:\Users\Owner\Downloads\simulator-windows-64\dataTrack1\IMG\center_2024_11_20_20_11_54_803.jpg, C:\Users\Owner\Downloads\simulator-windows-64\dataTrack1\IMG\left_2024_11_20_20_11_54_803.jpg, C:\Users\Owner\Downloads\simulator-windows-64\dataTrack1\IMG\right_2024_11_20_20_11_54_803.jpg, 0, 0, 0, 17.32211
C:\Users\Owner\Downloads\simulator-windows-64\dataTrack1\IMG\center_2024_11_20_20_11_54_908.jpg, C:\Users\Owner\Downloads\simulator-windows-64\dataTrack1\IMG\left_2024_11_20_20_11_54_908.jpg, C:\Users\Owner\Downloads\simulator-windows-64\dataTrack1\IMG\right_2024_11_20_20_11_54_908.jpg, 0, 0.2045307, 0, 17.37736
C:\Users\Owner\Downloads\simulator-windows-64\dataTrack1\IMG\center_2024_11_20_20_11_55_010.jpg, C:\Users\Owner\Downloads\simulator-windows-64\dataTrack1\IMG\left_2024_11_20_20_11_55_010.jpg, C:\Users\Owner\Downloads\simulator-windows-64\dataTrack1\IMG\right_2024_11_20_20_11_55_010.jpg, 0, 0, 0, 17.74473
C:\Users\Owner\Downloads\simulator-windows-64\dataTrack1\IMG\center_2024_11_20_20_11_55_115.jpg, C:\Users\Owner\Downloads\simulator-windows-64\dataTrack1\IMG\left_2024_11_20_20_11_55_115.jpg, C:\Users\Owner\Downloads\simulator-windows-64\dataTrack1\IMG\right_2024_11_20_20_11_55_115.jpg, -0.2068707, 0, 0, 17.03597
C:\Users\Owner\Downloads\simulator-windows-64\dataTrack1\IMG\center_2024_11_20_20_11_55_216.jpg, C:\Users\Owner\Downloads\simulator-windows-64\dataTrack1\IMG\left_2024_11_20_20_11_55_216.jpg, C:\Users\Owner\Downloads\simulator-windows-64\dataTrack1\IMG\right_2024_11_20_20_11_55_216.jpg, 0, 0, 0, 17.38087
C:\Users\Owner\Downloads\simulator-windows-64\dataTrack1\IMG\center_2024_11_20_20_11_55_322.jpg, C:\Users\Owner\Downloads\simulator-windows-64\dataTrack1\IMG\left_2024_11_20_20_11_55_322.jpg, C:\Users\Owner\Downloads\simulator-windows-64\dataTrack1\IMG\right_2024_11_20_20_11_55_322.jpg, 0, 0.2070456, 0, 16.88939
C:\Users\Owner\Downloads\simulator-windows-64\dataTrack1\IMG\center_2024_11_20_20_11_55_423.jpg, C:\Users\Owner\Downloads\simulator-windows-64\dataTrack1\IMG\left_2024_11_20_20_11_55_423.jpg, C:\Users\Owner\Downloads\simulator-windows-64\dataTrack1\IMG\right_2024_11_20_20_11_55_423.jpg, 0, 0, 0, 17.3009
C:\Users\Owner\Downloads\simulator-windows-64\dataTrack1\IMG\center_2024_11_20_20_11_55_528.jpg, C:\Users\Owner\Downloads\simulator-windows-64\dataTrack1\IMG\left_2024_11_20_20_11_55_528.jpg, C:\Users\Owner\Downloads\simulator-windows-64\dataTrack1\IMG\right_2024_11_20_20_11_55_528.jpg, 0, 0.1512135, 0, 17.11925
C:\Users\Owner\Downloads\simulator-windows-64\dataTrack1\IMG\center_2024_11_20_20_11_55_632.jpg, C:\Users\Owner\Downloads\simulator-windows-64\dataTrack1\IMG\left_2024_11_20_20_11_55_632.jpg, C:\Users\Owner\Downloads\simulator-windows-64\dataTrack1\IMG\right_2024_11_20_20_11_55_632.jpg, -0.0528144, 0.04608091, 0, 16.63568
C:\Users\Owner\Downloads\simulator-windows-64\dataTrack1\IMG\center_2024_11_20_20_11_55_735.jpg, C:\Users\Owner\Downloads\simulator-windows-64\dataTrack1\IMG\left_2024_11_20_20_11_55_735.jpg, C:\Users\Owner\Downloads\simulator-windows-64\dataTrack1\IMG\right_2024_11_20_20_11_55_735.jpg, -0.3637431, 0, 0, 16.9205
C:\Users\Owner\Downloads\simulator-windows-64\dataTrack1\IMG\center_2024_11_20_20_11_55_838.jpg, C:\Users\Owner\Downloads\simulator-windows-64\dataTrack1\IMG\left_2024_11_20_20_11_55_838.jpg, C:\Users\Owner\Downloads\simulator-windows-64\dataTrack1\IMG\right_2024_11_20_20_11_55_838.jpg, -0.05561935, 0, 0, 16.22867
C:\Users\Owner\Downloads\simulator-windows-64\dataTrack1\IMG\center_2024_11_20_20_11_55_943.jpg, C:\Users\Owner\Downloads\simulator-windows-64\dataTrack1\IMG\left_2024_11_20_20_11_55_943.jpg, C:\Users\Owner\Downloads\simulator-windows-64\dataTrack1\IMG\right_2024_11_20_20_11_55_943.jpg, 0, 0.2278734, 0, 16.63163
C:\Users\Owner\Downloads\simulator-windows-64\dataTrack1\IMG\center_2024_11_20_20_11_56_044.jpg, C:\Users\Owner\Downloads\simulator-windows-64\dataTrack1\IMG\left_2024_11_20_20_11_56_044.jpg, C:\Users\Owner\Downloads\simulator-windows-64\dataTrack1\IMG\right_2024_11_20_20_11_56_044.jpg, 0, 0, 0, 16.08677
C:\Users\Owner\Downloads\simulator-windows-64\dataTrack1\IMG\center_2024_11_20_20_11_56_149.jpg, C:\Users\Owner\Downloads\simulator-windows-64\dataTrack1\IMG\left_2024_11_20_20_11_56_149.jpg, C:\Users\Owner\Downloads\simulator-windows-64\dataTrack1\IMG\right_2024_11_20_20_11_56_149.jpg, 0, 0, 0, 15.89276
C:\Users\Owner\Downloads\simulator-windows-64\dataTrack1\IMG\center_2024_11_20_20_11_56_251.jpg, C:\Users\Owner\Downloads\simulator-windows-64\dataTrack1\IMG\left_2024_11_20_20_11_56_251.jpg, C:\Users\Owner\Downloads\simulator-windows-64\dataTrack1\IMG\right_2024_11_20_20_11_56_251.jpg, -0.3097254, 0, 0, 16.22789
C:\Users\Owner\Downloads\simulator-windows-64\dataTrack1\IMG\center_2024_11_20_20_11_56_355.jpg, C:\Users\Owner\Downloads\simulator-windows-64\dataTrack1\IMG\left_2024_11_20_20_11_56_355.jpg, C:\Users\Owner\Downloads\simulator-windows-64\dataTrack1\IMG\right_2024_11_20_20_11_56_355.jpg, -0.6187271, 0, 0, 15.42184
C:\Users\Owner\Downloads\simulator-windows-64\dataTrack1\IMG\center_2024_11_20_20_11_56_459.jpg, C:\Users\Owner\Downloads\simulator-windows-64\dataTrack1\IMG\left_2024_11_20_20_11_56_459.jpg, C:\Users\Owner\Downloads\simulator-windows-64\dataTrack1\IMG\right_2024_11_20_20_11_56_459.jpg, -0.4865004, 0.009517197, 0, 15.76876
C:\Users\Owner\Downloads\simulator-windows-64\dataTrack1\IMG\center_2024_11_20_20_11_56_562.jpg, C:\Users\Owner\Downloads\simulator-windows-64\dataTrack1\IMG\left_2024_11_20_20_11_56_562.jpg, C:\Users\Owner\Downloads\simulator-windows-64\dataTrack1\IMG\right_2024_11_20_20_11_56_562.jpg, -0.1767971, 0.0485112, 0, 15.11212
C:\Users\Owner\Downloads\simulator-windows-64\dataTrack1\IMG\center_2024_11_20_20_11_56_666.jpg, C:\Users\Owner\Downloads\simulator-windows-64\dataTrack1\IMG\left_2024_11_20_20_11_56_666.jpg, C:\Users\Owner\Downloads\simulator-windows-64\dataTrack1\IMG\right_2024_11_20_20_11_56_666.jpg, 0, 0.2053482, 0, 15.65113
C:\Users\Owner\Downloads\simulator-windows-64\dataTrack1\IMG\center_2024_11_20_20_11_56_768.jpg, C:\Users\Owner\Downloads\simulator-windows-64\dataTrack1\IMG\left_2024_11_20_20_11_56_768.jpg, C:\Users\Owner\Downloads\simulator-windows-64\dataTrack1\IMG\right_2024_11_20_20_11_56_768.jpg, 0, 0, 0, 15.54482
C:\Users\Owner\Downloads\simulator-windows-64\dataTrack1\IMG\center_2024_11_20_20_11_56_873.jpg, C:\Users\Owner\Downloads\simulator-windows-64\dataTrack1\IMG\left_2024_11_20_20_11_56_873.jpg, C:\Users\Owner\Downloads\simulator-windows-64\dataTrack1\IMG\right_2024_11_20_20_11_56_873.jpg, 0, 0, 0, 14.85105
C:\Users\Owner\Downloads\simulator-windows-64\dataTrack1\IMG\center_2024_11_20_20_11_56_976.jpg, C:\Users\Owner\Downloads\simulator-windows-64\dataTrack1\IMG\left_2024_11_20_20_11_56_976.jpg, C:\Users\Owner\Downloads\simulator-windows-64\dataTrack1\IMG\right_2024_11_20_20_11_56_976.jpg, 0, 0.2286177, 0, 15.31613
C:\Users\Owner\Downloads\simulator-windows-64\dataTrack1\IMG\center_2024_11_20_20_11_57_080.jpg, C:\Users\Owner\Downloads\simulator-windows-64\dataTrack1\IMG\left_2024_11_20_20_11_57_080.jpg, C:\Users\Owner\Downloads\simulator-windows-64\dataTrack1\IMG\right_2024_11_20_20_11_57_080.jpg, 0, 0, 0, 14.74071
C:\Users\Owner\Downloads\simulator-windows-64\dataTrack1\IMG\center_2024_11_20_20_11_57_183.jpg, C:\Users\Owner\Downloads\simulator-windows-64\dataTrack1\IMG\left_2024_11_20_20_11_57_183.jpg, C:\Users\Owner\Downloads\simulator-windows-64\dataTrack1\IMG\right_2024_11_20_20_11_57_183.jpg, -0.1042056, 0.2032938, 0, 15.17467
C:\Users\Owner\Downloads\simulator-windows-64\dataTrack1\IMG\center_2024_11_20_20_11_57_285.jpg, C:\Users\Owner\Downloads\simulator-windows-64\dataTrack1\IMG\left_2024_11_20_20_11_57_285.jpg, C:\Users\Owner\Downloads\simulator-windows-64\dataTrack1\IMG\right_2024_11_20_20_11_57_285.jpg, -0.3605406, 0, 0, 14.53654
C:\Users\Owner\Downloads\simulator-windows-64\dataTrack1\IMG\center_2024_11_20_20_11_57_391.jpg, C:\Users\Owner\Downloads\simulator-windows-64\dataTrack1\IMG\left_2024_11_20_20_11_57_391.jpg, C:\Users\Owner\Downloads\simulator-windows-64\dataTrack1\IMG\right_2024_11_20_20_11_57_391.jpg, -0.4114079, 0, 0, 14.23448
C:\Users\Owner\Downloads\simulator-windows-64\dataTrack1\IMG\center_2024_11_20_20_11_57_493.jpg, C:\Users\Owner\Downloads\simulator-windows-64\dataTrack1\IMG\left_2024_11_20_20_11_57_493.jpg, C:\Users\Owner\Downloads\simulator-windows-64\dataTrack1\IMG\right_2024_11_20_20_11_57_493.jpg, -0.1008233, 0.2054028, 0, 14.68191
C:\Users\Owner\Downloads\simulator-windows-64\dataTrack1\IMG\center_2024_11_20_20_11_57_597.jpg, C:\Users\Owner\Downloads\simulator-windows-64\dataTrack1\IMG\left_2024_11_20_20_11_57_597.jpg, C:\Users\Owner\Downloads\simulator-windows-64\dataTrack1\IMG\right_2024_11_20_20_11_57_597.jpg, 0, 0.1034898, 0, 14.31467
C:\Users\Owner\Downloads\simulator-windows-64\dataTrack1\IMG\center_2024_11_20_20_11_57_700.jpg, C:\Users\Owner\Downloads\simulator-windows-64\dataTrack1\IMG\left_2024_11_20_20_11_57_700.jpg, C:\Users\Owner\Downloads\simulator-windows-64\dataTrack1\IMG\right_2024_11_20_20_11_57_700.jpg, 0, 0.099681, 0, 14.75467
C:\Users\Owner\Downloads\simulator-windows-64\dataTrack1\IMG\center_2024_11_20_20_11_57_802.jpg, C:\Users\Owner\Downloads\simulator-windows-64\dataTrack1\IMG\left_2024_11_20_20_11_57_802.jpg, C:\Users\Owner\Downloads\simulator-windows-64\dataTrack1\IMG\right_2024_11_20_20_11_57_802.jpg, 0, 0, 0, 14.20916
C:\Users\Owner\Downloads\simulator-windows-64\dataTrack1\IMG\center_2024_11_20_20_11_57_907.jpg, C:\Users\Owner\Downloads\simulator-windows-64\dataTrack1\IMG\left_2024_11_20_20_11_57_907.jpg, C:\Users\Owner\Downloads\simulator-windows-64\dataTrack1\IMG\right_2024_11_20_20_11_57_907.jpg, 0, 0.2110842, 0, 14.13565
C:\Users\Owner\Downloads\simulator-windows-64\dataTrack1\IMG\center_2024_11_20_20_11_58_011.jpg, C:\Users\Owner\Downloads\simulator-windows-64\dataTrack1\IMG\left_2024_11_20_20_11_58_011.jpg, C:\Users\Owner\Downloads\simulator-windows-64\dataTrack1\IMG\right_2024_11_20_20_11_58_011.jpg, 0, 0.07313342, 0, 14.76533
C:\Users\Owner\Downloads\simulator-windows-64\dataTrack1\IMG\center_2024_11_20_20_11_58_114.jpg, C:\Users\Owner\Downloads\simulator-windows-64\dataTrack1\IMG\left_2024_11_20_20_11_58_114.jpg, C:\Users\Owner\Downloads\simulator-windows-64\dataTrack1\IMG\right_2024_11_20_20_11_58_114.jpg, 0, 0.3842406, 0, 14.40316
C:\Users\Owner\Downloads\simulator-windows-64\dataTrack1\IMG\center_2024_11_20_20_11_58_216.jpg, C:\Users\Owner\Downloads\simulator-windows-64\dataTrack1\IMG\left_2024_11_20_20_11_58_216.jpg, C:\Users\Owner\Downloads\simulator-windows-64\dataTrack1\IMG\right_2024_11_20_20_11_58_216.jpg, 0, 0.07650933, 0, 15.0539
C:\Users\Owner\Downloads\simulator-windows-64\dataTrack1\IMG\center_2024_11_20_20_11_58_320.jpg, C:\Users\Owner\Downloads\simulator-windows-64\dataTrack1\IMG\left_2024_11_20_20_11_58_320.jpg, C:\Users\Owner\Downloads\simulator-windows-64\dataTrack1\IMG\right_2024_11_20_20_11_58_320.jpg, 0, 0.386271, 0, 14.66006
C:\Users\Owner\Downloads\simulator-windows-64\dataTrack1\IMG\center_2024_11_20_20_11_58_423.jpg, C:\Users\Owner\Downloads\simulator-windows-64\dataTrack1\IMG\left_2024_11_20_20_11_58_423.jpg, C:\Users\Owner\Downloads\simulator-windows-64\dataTrack1\IMG\right_2024_11_20_20_11_58_423.jpg, 0, 0.1250694, 0, 15.33719
C:\Users\Owner\Downloads\simulator-windows-64\dataTrack1\IMG\center_2024_11_20_20_11_58_528.jpg, C:\Users\Owner\Downloads\simulator-windows-64\dataTrack1\IMG\left_2024_11_20_20_11_58_528.jpg, C:\Users\Owner\Downloads\simulator-windows-64\dataTrack1\IMG\right_2024_11_20_20_11_58_528.jpg, 0, 0.3901464, 0, 15.46104
C:\Users\Owner\Downloads\simulator-windows-64\dataTrack1\IMG\center_2024_11_20_20_11_58_631.jpg, C:\Users\Owner\Downloads\simulator-windows-64\dataTrack1\IMG\left_2024_11_20_20_11_58_631.jpg, C:\Users\Owner\Downloads\simulator-windows-64\dataTrack1\IMG\right_2024_11_20_20_11_58_631.jpg, 0, 0.08392048, 0, 15.08197
C:\Users\Owner\Downloads\simulator-windows-64\dataTrack1\IMG\center_2024_11_20_20_11_58_735.jpg, C:\Users\Owner\Downloads\simulator-windows-64\dataTrack1\IMG\left_2024_11_20_20_11_58_735.jpg, C:\Users\Owner\Downloads\simulator-windows-64\dataTrack1\IMG\right_2024_11_20_20_11_58_735.jpg, 0, 0.3993606, 0, 15.75827
C:\Users\Owner\Downloads\simulator-windows-64\dataTrack1\IMG\center_2024_11_20_20_11_58_837.jpg, C:\Users\Owner\Downloads\simulator-windows-64\dataTrack1\IMG\left_2024_11_20_20_11_58_837.jpg, C:\Users\Owner\Downloads\simulator-windows-64\dataTrack1\IMG\right_2024_11_20_20_11_58_837.jpg, -0.2039037, 0.09384058, 0, 15.37608
C:\Users\Owner\Downloads\simulator-windows-64\dataTrack1\IMG\center_2024_11_20_20_11_58_941.jpg, C:\Users\Owner\Downloads\simulator-windows-64\dataTrack1\IMG\left_2024_11_20_20_11_58_941.jpg, C:\Users\Owner\Downloads\simulator-windows-64\dataTrack1\IMG\right_2024_11_20_20_11_58_941.jpg, -0.3160326, 0, 0, 15.70345
C:\Users\Owner\Downloads\simulator-windows-64\dataTrack1\IMG\center_2024_11_20_20_11_59_045.jpg, C:\Users\Owner\Downloads\simulator-windows-64\dataTrack1\IMG\left_2024_11_20_20_11_59_045.jpg, C:\Users\Owner\Downloads\simulator-windows-64\dataTrack1\IMG\right_2024_11_20_20_11_59_045.jpg, -0.006562806, 0.2034285, 0, 15.05938
C:\Users\Owner\Downloads\simulator-windows-64\dataTrack1\IMG\center_2024_11_20_20_11_59_149.jpg, C:\Users\Owner\Downloads\simulator-windows-64\dataTrack1\IMG\left_2024_11_20_20_11_59_149.jpg, C:\Users\Owner\Downloads\simulator-windows-64\dataTrack1\IMG\right_2024_11_20_20_11_59_149.jpg, -0.0546732, 0.101985, 0, 15.18213
C:\Users\Owner\Downloads\simulator-windows-64\dataTrack1\IMG\center_2024_11_20_20_11_59_250.jpg, C:\Users\Owner\Downloads\simulator-windows-64\dataTrack1\IMG\left_2024_11_20_20_11_59_250.jpg, C:\Users\Owner\Downloads\simulator-windows-64\dataTrack1\IMG\right_2024_11_20_20_11_59_250.jpg, -0.3591597, 0, 0, 15.52634
C:\Users\Owner\Downloads\simulator-windows-64\dataTrack1\IMG\center_2024_11_20_20_11_59_354.jpg, C:\Users\Owner\Downloads\simulator-windows-64\dataTrack1\IMG\left_2024_11_20_20_11_59_354.jpg, C:\Users\Owner\Downloads\simulator-windows-64\dataTrack1\IMG\right_2024_11_20_20_11_59_354.jpg, -0.04681381, 0.2067645, 0, 14.92576
C:\Users\Owner\Downloads\simulator-windows-64\dataTrack1\IMG\center_2024_11_20_20_11_59_459.jpg, C:\Users\Owner\Downloads\simulator-windows-64\dataTrack1\IMG\left_2024_11_20_20_11_59_459.jpg, C:\Users\Owner\Downloads\simulator-windows-64\dataTrack1\IMG\right_2024_11_20_20_11_59_459.jpg, 0, 0.1045335, 0, 15.57912
C:\Users\Owner\Downloads\simulator-windows-64\dataTrack1\IMG\center_2024_11_20_20_11_59_563.jpg, C:\Users\Owner\Downloads\simulator-windows-64\dataTrack1\IMG\left_2024_11_20_20_11_59_563.jpg, C:\Users\Owner\Downloads\simulator-windows-64\dataTrack1\IMG\right_2024_11_20_20_11_59_563.jpg, -0.2279229, 0, 0, 14.90939
C:\Users\Owner\Downloads\simulator-windows-64\dataTrack1\IMG\center_2024_11_20_20_11_59_664.jpg, C:\Users\Owner\Downloads\simulator-windows-64\dataTrack1\IMG\left_2024_11_20_20_11_59_664.jpg, C:\Users\Owner\Downloads\simulator-windows-64\dataTrack1\IMG\right_2024_11_20_20_11_59_664.jpg, 0, 0.1026348, 0, 15.33392
C:\Users\Owner\Downloads\simulator-windows-64\dataTrack1\IMG\center_2024_11_20_20_11_59_769.jpg, C:\Users\Owner\Downloads\simulator-windows-64\dataTrack1\IMG\left_2024_11_20_20_11_59_769.jpg, C:\Users\Owner\Downloads\simulator-windows-64\dataTrack1\IMG\right_2024_11_20_20_11_59_769.jpg, 0, 0.2574399, 0, 15.52003
C:\Users\Owner\Downloads\simulator-windows-64\dataTrack1\IMG\center_2024_11_20_20_11_59_872.jpg, C:\Users\Owner\Downloads\simulator-windows-64\dataTrack1\IMG\left_2024_11_20_20_11_59_872.jpg, C:\Users\Owner\Downloads\simulator-windows-64\dataTrack1\IMG\right_2024_11_20_20_11_59_872.jpg, -0.2058807, 0, 0, 14.92413
C:\Users\Owner\Downloads\simulator-windows-64\dataTrack1\IMG\center_2024_11_20_20_11_59_977.jpg, C:\Users\Owner\Downloads\simulator-windows-64\dataTrack1\IMG\left_2024_11_20_20_11_59_977.jpg, C:\Users\Owner\Downloads\simulator-windows-64\dataTrack1\IMG\right_2024_11_20_20_11_59_977.jpg, -0.2075832, 0.1047261, 0, 15.29807
C:\Users\Owner\Downloads\simulator-windows-64\dataTrack1\IMG\center_2024_11_20_20_12_00_081.jpg, C:\Users\Owner\Downloads\simulator-windows-64\dataTrack1\IMG\left_2024_11_20_20_12_00_081.jpg, C:\Users\Owner\Downloads\simulator-windows-64\dataTrack1\IMG\right_2024_11_20_20_12_00_081.jpg, 0, 0.308316, 0, 14.94281
C:\Users\Owner\Downloads\simulator-windows-64\dataTrack1\IMG\center_2024_11_20_20_12_00_184.jpg, C:\Users\Owner\Downloads\simulator-windows-64\dataTrack1\IMG\left_2024_11_20_20_12_00_184.jpg, C:\Users\Owner\Downloads\simulator-windows-64\dataTrack1\IMG\right_2024_11_20_20_12_00_184.jpg, -0.3077046, 0.0006113946, 0, 15.46016
C:\Users\Owner\Downloads\simulator-windows-64\dataTrack1\IMG\center_2024_11_20_20_12_00_285.jpg, C:\Users\Owner\Downloads\simulator-windows-64\dataTrack1\IMG\left_2024_11_20_20_12_00_285.jpg, C:\Users\Owner\Downloads\simulator-windows-64\dataTrack1\IMG\right_2024_11_20_20_12_00_285.jpg, -0.2657979, 0, 0, 14.74711
C:\Users\Owner\Downloads\simulator-windows-64\dataTrack1\IMG\center_2024_11_20_20_12_00_388.jpg, C:\Users\Owner\Downloads\simulator-windows-64\dataTrack1\IMG\left_2024_11_20_20_12_00_388.jpg, C:\Users\Owner\Downloads\simulator-windows-64\dataTrack1\IMG\right_2024_11_20_20_12_00_388.jpg, 0, 0.3086799, 0, 14.81643
C:\Users\Owner\Downloads\simulator-windows-64\dataTrack1\IMG\center_2024_11_20_20_12_00_493.jpg, C:\Users\Owner\Downloads\simulator-windows-64\dataTrack1\IMG\left_2024_11_20_20_12_00_493.jpg, C:\Users\Owner\Downloads\simulator-windows-64\dataTrack1\IMG\right_2024_11_20_20_12_00_493.jpg, -0.1505676, 0, 0, 15.32107
C:\Users\Owner\Downloads\simulator-windows-64\dataTrack1\IMG\center_2024_11_20_20_12_00_597.jpg, C:\Users\Owner\Downloads\simulator-windows-64\dataTrack1\IMG\left_2024_11_20_20_12_00_597.jpg, C:\Users\Owner\Downloads\simulator-windows-64\dataTrack1\IMG\right_2024_11_20_20_12_00_597.jpg, -0.2550546, 0, 0, 14.61144
C:\Users\Owner\Downloads\simulator-windows-64\dataTrack1\IMG\center_2024_11_20_20_12_00_701.jpg, C:\Users\Owner\Downloads\simulator-windows-64\dataTrack1\IMG\left_2024_11_20_20_12_00_701.jpg, C:\Users\Owner\Downloads\simulator-windows-64\dataTrack1\IMG\right_2024_11_20_20_12_00_701.jpg, 0, 0.2038326, 0, 15.09908
C:\Users\Owner\Downloads\simulator-windows-64\dataTrack1\IMG\center_2024_11_20_20_12_00_803.jpg, C:\Users\Owner\Downloads\simulator-windows-64\dataTrack1\IMG\left_2024_11_20_20_12_00_803.jpg, C:\Users\Owner\Downloads\simulator-windows-64\dataTrack1\IMG\right_2024_11_20_20_12_00_803.jpg, 0, 0, 0, 14.52456
C:\Users\Owner\Downloads\simulator-windows-64\dataTrack1\IMG\center_2024_11_20_20_12_00_907.jpg, C:\Users\Owner\Downloads\simulator-windows-64\dataTrack1\IMG\left_2024_11_20_20_12_00_907.jpg, C:\Users\Owner\Downloads\simulator-windows-64\dataTrack1\IMG\right_2024_11_20_20_12_00_907.jpg, 0, 0.1054674, 0, 14.9582
C:\Users\Owner\Downloads\simulator-windows-64\dataTrack1\IMG\center_2024_11_20_20_12_01_011.jpg, C:\Users\Owner\Downloads\simulator-windows-64\dataTrack1\IMG\left_2024_11_20_20_12_01_011.jpg, C:\Users\Owner\Downloads\simulator-windows-64\dataTrack1\IMG\right_2024_11_20_20_12_01_011.jpg, 0, 0.0536367, 0, 15.03829
C:\Users\Owner\Downloads\simulator-windows-64\dataTrack1\IMG\center_2024_11_20_20_12_01_115.jpg, C:\Users\Owner\Downloads\simulator-windows-64\dataTrack1\IMG\left_2024_11_20_20_12_01_115.jpg, C:\Users\Owner\Downloads\simulator-windows-64\dataTrack1\IMG\right_2024_11_20_20_12_01_115.jpg, -0.0519801, 0.1514544, 0, 14.39388
C:\Users\Owner\Downloads\simulator-windows-64\dataTrack1\IMG\center_2024_11_20_20_12_01_217.jpg, C:\Users\Owner\Downloads\simulator-windows-64\dataTrack1\IMG\left_2024_11_20_20_12_01_217.jpg, C:\Users\Owner\Downloads\simulator-windows-64\dataTrack1\IMG\right_2024_11_20_20_12_01_217.jpg, -0.1562061, 0.2556804, 0, 15.0619
C:\Users\Owner\Downloads\simulator-windows-64\dataTrack1\IMG\center_2024_11_20_20_12_01_319.jpg, C:\Users\Owner\Downloads\simulator-windows-64\dataTrack1\IMG\left_2024_11_20_20_12_01_319.jpg, C:\Users\Owner\Downloads\simulator-windows-64\dataTrack1\IMG\right_2024_11_20_20_12_01_319.jpg, 0, 0, 0, 14.50483
C:\Users\Owner\Downloads\simulator-windows-64\dataTrack1\IMG\center_2024_11_20_20_12_01_425.jpg, C:\Users\Owner\Downloads\simulator-windows-64\dataTrack1\IMG\left_2024_11_20_20_12_01_425.jpg, C:\Users\Owner\Downloads\simulator-windows-64\dataTrack1\IMG\right_2024_11_20_20_12_01_425.jpg, 0, 0, 0, 14.93079
C:\Users\Owner\Downloads\simulator-windows-64\dataTrack1\IMG\center_2024_11_20_20_12_01_528.jpg, C:\Users\Owner\Downloads\simulator-windows-64\dataTrack1\IMG\left_2024_11_20_20_12_01_528.jpg, C:\Users\Owner\Downloads\simulator-windows-64\dataTrack1\IMG\right_2024_11_20_20_12_01_528.jpg, -0.1062252, 0.1475247, 0, 14.97168
C:\Users\Owner\Downloads\simulator-windows-64\dataTrack1\IMG\center_2024_11_20_20_12_01_632.jpg, C:\Users\Owner\Downloads\simulator-windows-64\dataTrack1\IMG\left_2024_11_20_20_12_01_632.jpg, C:\Users\Owner\Downloads\simulator-windows-64\dataTrack1\IMG\right_2024_11_20_20_12_01_632.jpg, 0, 0, 0, 14.29618
C:\Users\Owner\Downloads\simulator-windows-64\dataTrack1\IMG\center_2024_11_20_20_12_01_735.jpg, C:\Users\Owner\Downloads\simulator-windows-64\dataTrack1\IMG\left_2024_11_20_20_12_01_735.jpg, C:\Users\Owner\Downloads\simulator-windows-64\dataTrack1\IMG\right_2024_11_20_20_12_01_735.jpg, 0, 0, 0, 14.73048
C:\Users\Owner\Downloads\simulator-windows-64\dataTrack1\IMG\center_2024_11_20_20_12_01_837.jpg, C:\Users\Owner\Downloads\simulator-windows-64\dataTrack1\IMG\left_2024_11_20_20_12_01_837.jpg, C:\Users\Owner\Downloads\simulator-windows-64\dataTrack1\IMG\right_2024_11_20_20_12_01_837.jpg, -0.3102765, 0.1522035, 0, 14.04594
C:\Users\Owner\Downloads\simulator-windows-64\dataTrack1\IMG\center_2024_11_20_20_12_01_942.jpg, C:\Users\Owner\Downloads\simulator-windows-64\dataTrack1\IMG\left_2024_11_20_20_12_01_942.jpg, C:\Users\Owner\Downloads\simulator-windows-64\dataTrack1\IMG\right_2024_11_20_20_12_01_942.jpg, -0.2084448, 0.05037181, 0, 14.62492
C:\Users\Owner\Downloads\simulator-windows-64\dataTrack1\IMG\center_2024_11_20_20_12_02_045.jpg, C:\Users\Owner\Downloads\simulator-windows-64\dataTrack1\IMG\left_2024_11_20_20_12_02_045.jpg, C:\Users\Owner\Downloads\simulator-windows-64\dataTrack1\IMG\right_2024_11_20_20_12_02_045.jpg, 0, 0, 0, 13.96329
C:\Users\Owner\Downloads\simulator-windows-64\dataTrack1\IMG\center_2024_11_20_20_12_02_149.jpg, C:\Users\Owner\Downloads\simulator-windows-64\dataTrack1\IMG\left_2024_11_20_20_12_02_149.jpg, C:\Users\Owner\Downloads\simulator-windows-64\dataTrack1\IMG\right_2024_11_20_20_12_02_149.jpg, -0.3604683, 0, 0, 13.77658
C:\Users\Owner\Downloads\simulator-windows-64\dataTrack1\IMG\center_2024_11_20_20_12_02_253.jpg, C:\Users\Owner\Downloads\simulator-windows-64\dataTrack1\IMG\left_2024_11_20_20_12_02_253.jpg, C:\Users\Owner\Downloads\simulator-windows-64\dataTrack1\IMG\right_2024_11_20_20_12_02_253.jpg, -0.04810022, 0.2108517, 0, 14.26408
C:\Users\Owner\Downloads\simulator-windows-64\dataTrack1\IMG\center_2024_11_20_20_12_02_354.jpg, C:\Users\Owner\Downloads\simulator-windows-64\dataTrack1\IMG\left_2024_11_20_20_12_02_354.jpg, C:\Users\Owner\Downloads\simulator-windows-64\dataTrack1\IMG\right_2024_11_20_20_12_02_354.jpg, 0, 0, 0, 13.73284
C:\Users\Owner\Downloads\simulator-windows-64\dataTrack1\IMG\center_2024_11_20_20_12_02_460.jpg, C:\Users\Owner\Downloads\simulator-windows-64\dataTrack1\IMG\left_2024_11_20_20_12_02_460.jpg, C:\Users\Owner\Downloads\simulator-windows-64\dataTrack1\IMG\right_2024_11_20_20_12_02_460.jpg, -0.1183626, 0.0553998, 0, 14.13092
C:\Users\Owner\Downloads\simulator-windows-64\dataTrack1\IMG\center_2024_11_20_20_12_02_563.jpg, C:\Users\Owner\Downloads\simulator-windows-64\dataTrack1\IMG\left_2024_11_20_20_12_02_563.jpg, C:\Users\Owner\Downloads\simulator-windows-64\dataTrack1\IMG\right_2024_11_20_20_12_02_563.jpg, 0, 0.04861919, 0, 13.61554
C:\Users\Owner\Downloads\simulator-windows-64\dataTrack1\IMG\center_2024_11_20_20_12_02_665.jpg, C:\Users\Owner\Downloads\simulator-windows-64\dataTrack1\IMG\left_2024_11_20_20_12_02_665.jpg, C:\Users\Owner\Downloads\simulator-windows-64\dataTrack1\IMG\right_2024_11_20_20_12_02_665.jpg, 0, 0, 0, 14.01293
C:\Users\Owner\Downloads\simulator-windows-64\dataTrack1\IMG\center_2024_11_20_20_12_02_769.jpg, C:\Users\Owner\Downloads\simulator-windows-64\dataTrack1\IMG\left_2024_11_20_20_12_02_769.jpg, C:\Users\Owner\Downloads\simulator-windows-64\dataTrack1\IMG\right_2024_11_20_20_12_02_769.jpg, -0.151554, 0, 0, 13.83354
C:\Users\Owner\Downloads\simulator-windows-64\dataTrack1\IMG\center_2024_11_20_20_12_02_872.jpg, C:\Users\Owner\Downloads\simulator-windows-64\dataTrack1\IMG\left_2024_11_20_20_12_02_872.jpg, C:\Users\Owner\Downloads\simulator-windows-64\dataTrack1\IMG\right_2024_11_20_20_12_02_872.jpg, -0.2542068, 0.3087492, 0, 13.28108
C:\Users\Owner\Downloads\simulator-windows-64\dataTrack1\IMG\center_2024_11_20_20_12_02_977.jpg, C:\Users\Owner\Downloads\simulator-windows-64\dataTrack1\IMG\left_2024_11_20_20_12_02_977.jpg, C:\Users\Owner\Downloads\simulator-windows-64\dataTrack1\IMG\right_2024_11_20_20_12_02_977.jpg, 0, 0.1636743, 0, 14.01061
C:\Users\Owner\Downloads\simulator-windows-64\dataTrack1\IMG\center_2024_11_20_20_12_03_081.jpg, C:\Users\Owner\Downloads\simulator-windows-64\dataTrack1\IMG\left_2024_11_20_20_12_03_081.jpg, C:\Users\Owner\Downloads\simulator-windows-64\dataTrack1\IMG\right_2024_11_20_20_12_03_081.jpg, -0.1041912, 0, 0, 13.46933
C:\Users\Owner\Downloads\simulator-windows-64\dataTrack1\IMG\center_2024_11_20_20_12_03_183.jpg, C:\Users\Owner\Downloads\simulator-windows-64\dataTrack1\IMG\left_2024_11_20_20_12_03_183.jpg, C:\Users\Owner\Downloads\simulator-windows-64\dataTrack1\IMG\right_2024_11_20_20_12_03_183.jpg, -0.1046658, 0.1541652, 0, 13.82472
C:\Users\Owner\Downloads\simulator-windows-64\dataTrack1\IMG\center_2024_11_20_20_12_03_285.jpg, C:\Users\Owner\Downloads\simulator-windows-64\dataTrack1\IMG\left_2024_11_20_20_12_03_285.jpg, C:\Users\Owner\Downloads\simulator-windows-64\dataTrack1\IMG\right_2024_11_20_20_12_03_285.jpg, 0, 0.3109119, 0, 13.53271
C:\Users\Owner\Downloads\simulator-windows-64\dataTrack1\IMG\center_2024_11_20_20_12_03_389.jpg, C:\Users\Owner\Downloads\simulator-windows-64\dataTrack1\IMG\left_2024_11_20_20_12_03_389.jpg, C:\Users\Owner\Downloads\simulator-windows-64\dataTrack1\IMG\right_2024_11_20_20_12_03_389.jpg, -0.1531098, 0, 0, 13.47356
C:\Users\Owner\Downloads\simulator-windows-64\dataTrack1\IMG\center_2024_11_20_20_12_03_494.jpg, C:\Users\Owner\Downloads\simulator-windows-64\dataTrack1\IMG\left_2024_11_20_20_12_03_494.jpg, C:\Users\Owner\Downloads\simulator-windows-64\dataTrack1\IMG\right_2024_11_20_20_12_03_494.jpg, -0.2635524, 0.158523, 0, 13.86778
C:\Users\Owner\Downloads\simulator-windows-64\dataTrack1\IMG\center_2024_11_20_20_12_03_597.jpg, C:\Users\Owner\Downloads\simulator-windows-64\dataTrack1\IMG\left_2024_11_20_20_12_03_597.jpg, C:\Users\Owner\Downloads\simulator-windows-64\dataTrack1\IMG\right_2024_11_20_20_12_03_597.jpg, 0, 0.2627019, 0, 13.53883
C:\Users\Owner\Downloads\simulator-windows-64\dataTrack1\IMG\center_2024_11_20_20_12_03_701.jpg, C:\Users\Owner\Downloads\simulator-windows-64\dataTrack1\IMG\left_2024_11_20_20_12_03_701.jpg, C:\Users\Owner\Downloads\simulator-windows-64\dataTrack1\IMG\right_2024_11_20_20_12_03_701.jpg, -0.1529472, 0, 0, 14.08009
C:\Users\Owner\Downloads\simulator-windows-64\dataTrack1\IMG\center_2024_11_20_20_12_03_805.jpg, C:\Users\Owner\Downloads\simulator-windows-64\dataTrack1\IMG\left_2024_11_20_20_12_03_805.jpg, C:\Users\Owner\Downloads\simulator-windows-64\dataTrack1\IMG\right_2024_11_20_20_12_03_805.jpg, -0.1579446, 0.1211904, 0, 13.41096
C:\Users\Owner\Downloads\simulator-windows-64\dataTrack1\IMG\center_2024_11_20_20_12_03_906.jpg, C:\Users\Owner\Downloads\simulator-windows-64\dataTrack1\IMG\left_2024_11_20_20_12_03_906.jpg, C:\Users\Owner\Downloads\simulator-windows-64\dataTrack1\IMG\right_2024_11_20_20_12_03_906.jpg, 0, 0, 0, 13.86784
C:\Users\Owner\Downloads\simulator-windows-64\dataTrack1\IMG\center_2024_11_20_20_12_04_012.jpg, C:\Users\Owner\Downloads\simulator-windows-64\dataTrack1\IMG\left_2024_11_20_20_12_04_012.jpg, C:\Users\Owner\Downloads\simulator-windows-64\dataTrack1\IMG\right_2024_11_20_20_12_04_012.jpg, 0, 0.2056782, 0, 13.73825
C:\Users\Owner\Downloads\simulator-windows-64\dataTrack1\IMG\center_2024_11_20_20_12_04_115.jpg, C:\Users\Owner\Downloads\simulator-windows-64\dataTrack1\IMG\left_2024_11_20_20_12_04_115.jpg, C:\Users\Owner\Downloads\simulator-windows-64\dataTrack1\IMG\right_2024_11_20_20_12_04_115.jpg, 0, 0, 0, 13.26129
C:\Users\Owner\Downloads\simulator-windows-64\dataTrack1\IMG\center_2024_11_20_20_12_04_218.jpg, C:\Users\Owner\Downloads\simulator-windows-64\dataTrack1\IMG\left_2024_11_20_20_12_04_218.jpg, C:\Users\Owner\Downloads\simulator-windows-64\dataTrack1\IMG\right_2024_11_20_20_12_04_218.jpg, 0, 0.3103728, 0, 13.77877
C:\Users\Owner\Downloads\simulator-windows-64\dataTrack1\IMG\center_2024_11_20_20_12_04_320.jpg, C:\Users\Owner\Downloads\simulator-windows-64\dataTrack1\IMG\left_2024_11_20_20_12_04_320.jpg, C:\Users\Owner\Downloads\simulator-windows-64\dataTrack1\IMG\right_2024_11_20_20_12_04_320.jpg, 0, 0.1938684, 0, 13.3464
C:\Users\Owner\Downloads\simulator-windows-64\dataTrack1\IMG\center_2024_11_20_20_12_04_427.jpg, C:\Users\Owner\Downloads\simulator-windows-64\dataTrack1\IMG\left_2024_11_20_20_12_04_427.jpg, C:\Users\Owner\Downloads\simulator-windows-64\dataTrack1\IMG\right_2024_11_20_20_12_04_427.jpg, 0, 0.410407, 0, 13.90692
C:\Users\Owner\Downloads\simulator-windows-64\dataTrack1\IMG\center_2024_11_20_20_12_04_530.jpg, C:\Users\Owner\Downloads\simulator-windows-64\dataTrack1\IMG\left_2024_11_20_20_12_04_530.jpg, C:\Users\Owner\Downloads\simulator-windows-64\dataTrack1\IMG\right_2024_11_20_20_12_04_530.jpg, -0.3101349, 0.1002721, 0, 14.25017
C:\Users\Owner\Downloads\simulator-windows-64\dataTrack1\IMG\center_2024_11_20_20_12_04_633.jpg, C:\Users\Owner\Downloads\simulator-windows-64\dataTrack1\IMG\left_2024_11_20_20_12_04_633.jpg, C:\Users\Owner\Downloads\simulator-windows-64\dataTrack1\IMG\right_2024_11_20_20_12_04_633.jpg, -0.3128935, 0.153483, 0, 13.81854
C:\Users\Owner\Downloads\simulator-windows-64\dataTrack1\IMG\center_2024_11_20_20_12_04_737.jpg, C:\Users\Owner\Downloads\simulator-windows-64\dataTrack1\IMG\left_2024_11_20_20_12_04_737.jpg, C:\Users\Owner\Downloads\simulator-windows-64\dataTrack1\IMG\right_2024_11_20_20_12_04_737.jpg, -0.002178948, 0, 0, 14.00149
C:\Users\Owner\Downloads\simulator-windows-64\dataTrack1\IMG\center_2024_11_20_20_12_04_839.jpg, C:\Users\Owner\Downloads\simulator-windows-64\dataTrack1\IMG\left_2024_11_20_20_12_04_839.jpg, C:\Users\Owner\Downloads\simulator-windows-64\dataTrack1\IMG\right_2024_11_20_20_12_04_839.jpg, 0, 0.2024895, 0, 13.60276
C:\Users\Owner\Downloads\simulator-windows-64\dataTrack1\IMG\center_2024_11_20_20_12_04_944.jpg, C:\Users\Owner\Downloads\simulator-windows-64\dataTrack1\IMG\left_2024_11_20_20_12_04_944.jpg, C:\Users\Owner\Downloads\simulator-windows-64\dataTrack1\IMG\right_2024_11_20_20_12_04_944.jpg, 0, 0, 0, 13.84143
C:\Users\Owner\Downloads\simulator-windows-64\dataTrack1\IMG\center_2024_11_20_20_12_05_048.jpg, C:\Users\Owner\Downloads\simulator-windows-64\dataTrack1\IMG\left_2024_11_20_20_12_05_048.jpg, C:\Users\Owner\Downloads\simulator-windows-64\dataTrack1\IMG\right_2024_11_20_20_12_05_048.jpg, 0, 0.2044533, 0, 13.8428
C:\Users\Owner\Downloads\simulator-windows-64\dataTrack1\IMG\center_2024_11_20_20_12_05_151.jpg, C:\Users\Owner\Downloads\simulator-windows-64\dataTrack1\IMG\left_2024_11_20_20_12_05_151.jpg, C:\Users\Owner\Downloads\simulator-windows-64\dataTrack1\IMG\right_2024_11_20_20_12_05_151.jpg, 0, 0.0513513, 0, 13.54856
C:\Users\Owner\Downloads\simulator-windows-64\dataTrack1\IMG\center_2024_11_20_20_12_05_253.jpg, C:\Users\Owner\Downloads\simulator-windows-64\dataTrack1\IMG\left_2024_11_20_20_12_05_253.jpg, C:\Users\Owner\Downloads\simulator-windows-64\dataTrack1\IMG\right_2024_11_20_20_12_05_253.jpg, 0, 0.1528206, 0, 13.90871
C:\Users\Owner\Downloads\simulator-windows-64\dataTrack1\IMG\center_2024_11_20_20_12_05_356.jpg, C:\Users\Owner\Downloads\simulator-windows-64\dataTrack1\IMG\left_2024_11_20_20_12_05_356.jpg, C:\Users\Owner\Downloads\simulator-windows-64\dataTrack1\IMG\right_2024_11_20_20_12_05_356.jpg, 0, 0.2494197, 0, 13.67583
C:\Users\Owner\Downloads\simulator-windows-64\dataTrack1\IMG\center_2024_11_20_20_12_05_461.jpg, C:\Users\Owner\Downloads\simulator-windows-64\dataTrack1\IMG\left_2024_11_20_20_12_05_461.jpg, C:\Users\Owner\Downloads\simulator-windows-64\dataTrack1\IMG\right_2024_11_20_20_12_05_461.jpg, 0, 0.3607434, 0, 14.16153
C:\Users\Owner\Downloads\simulator-windows-64\dataTrack1\IMG\center_2024_11_20_20_12_05_563.jpg, C:\Users\Owner\Downloads\simulator-windows-64\dataTrack1\IMG\left_2024_11_20_20_12_05_563.jpg, C:\Users\Owner\Downloads\simulator-windows-64\dataTrack1\IMG\right_2024_11_20_20_12_05_563.jpg, 0, 0.4562736, 0, 14.35643
C:\Users\Owner\Downloads\simulator-windows-64\dataTrack1\IMG\center_2024_11_20_20_12_05_668.jpg, C:\Users\Owner\Downloads\simulator-windows-64\dataTrack1\IMG\left_2024_11_20_20_12_05_668.jpg, C:\Users\Owner\Downloads\simulator-windows-64\dataTrack1\IMG\right_2024_11_20_20_12_05_668.jpg, 0, 0.1911905, 0, 14.53823
C:\Users\Owner\Downloads\simulator-windows-64\dataTrack1\IMG\center_2024_11_20_20_12_05_771.jpg, C:\Users\Owner\Downloads\simulator-windows-64\dataTrack1\IMG\left_2024_11_20_20_12_05_771.jpg, C:\Users\Owner\Downloads\simulator-windows-64\dataTrack1\IMG\right_2024_11_20_20_12_05_771.jpg, 0, 0.4990187, 0, 15.10831
C:\Users\Owner\Downloads\simulator-windows-64\dataTrack1\IMG\center_2024_11_20_20_12_05_873.jpg, C:\Users\Owner\Downloads\simulator-windows-64\dataTrack1\IMG\left_2024_11_20_20_12_05_873.jpg, C:\Users\Owner\Downloads\simulator-windows-64\dataTrack1\IMG\right_2024_11_20_20_12_05_873.jpg, -0.1027482, 0.3580269, 0, 15.29099
C:\Users\Owner\Downloads\simulator-windows-64\dataTrack1\IMG\center_2024_11_20_20_12_05_979.jpg, C:\Users\Owner\Downloads\simulator-windows-64\dataTrack1\IMG\left_2024_11_20_20_12_05_979.jpg, C:\Users\Owner\Downloads\simulator-windows-64\dataTrack1\IMG\right_2024_11_20_20_12_05_979.jpg, -0.4193712, 0.6746499, 0, 15.96123
C:\Users\Owner\Downloads\simulator-windows-64\dataTrack1\IMG\center_2024_11_20_20_12_06_082.jpg, C:\Users\Owner\Downloads\simulator-windows-64\dataTrack1\IMG\left_2024_11_20_20_12_06_082.jpg, C:\Users\Owner\Downloads\simulator-windows-64\dataTrack1\IMG\right_2024_11_20_20_12_06_082.jpg, -0.4142238, 0.4743987, 0, 16.14148
C:\Users\Owner\Downloads\simulator-windows-64\dataTrack1\IMG\center_2024_11_20_20_12_06_185.jpg, C:\Users\Owner\Downloads\simulator-windows-64\dataTrack1\IMG\left_2024_11_20_20_12_06_185.jpg, C:\Users\Owner\Downloads\simulator-windows-64\dataTrack1\IMG\right_2024_11_20_20_12_06_185.jpg, -0.1570584, 0.6299908, 0, 16.92856
C:\Users\Owner\Downloads\simulator-windows-64\dataTrack1\IMG\center_2024_11_20_20_12_06_289.jpg, C:\Users\Owner\Downloads\simulator-windows-64\dataTrack1\IMG\left_2024_11_20_20_12_06_289.jpg, C:\Users\Owner\Downloads\simulator-windows-64\dataTrack1\IMG\right_2024_11_20_20_12_06_289.jpg, 0, 0.3726813, 0, 17.30038
C:\Users\Owner\Downloads\simulator-windows-64\dataTrack1\IMG\center_2024_11_20_20_12_06_391.jpg, C:\Users\Owner\Downloads\simulator-windows-64\dataTrack1\IMG\left_2024_11_20_20_12_06_391.jpg, C:\Users\Owner\Downloads\simulator-windows-64\dataTrack1\IMG\right_2024_11_20_20_12_06_391.jpg, 0, 0.4716039, 0, 17.60116
C:\Users\Owner\Downloads\simulator-windows-64\dataTrack1\IMG\center_2024_11_20_20_12_06_496.jpg, C:\Users\Owner\Downloads\simulator-windows-64\dataTrack1\IMG\left_2024_11_20_20_12_06_496.jpg, C:\Users\Owner\Downloads\simulator-windows-64\dataTrack1\IMG\right_2024_11_20_20_12_06_496.jpg, 0, 0.4657687, 0, 17.97388
C:\Users\Owner\Downloads\simulator-windows-64\dataTrack1\IMG\center_2024_11_20_20_12_06_599.jpg, C:\Users\Owner\Downloads\simulator-windows-64\dataTrack1\IMG\left_2024_11_20_20_12_06_599.jpg, C:\Users\Owner\Downloads\simulator-windows-64\dataTrack1\IMG\right_2024_11_20_20_12_06_599.jpg, 0, 0.5700706, 0, 18.45877
C:\Users\Owner\Downloads\simulator-windows-64\dataTrack1\IMG\center_2024_11_20_20_12_06_702.jpg, C:\Users\Owner\Downloads\simulator-windows-64\dataTrack1\IMG\left_2024_11_20_20_12_06_702.jpg, C:\Users\Owner\Downloads\simulator-windows-64\dataTrack1\IMG\right_2024_11_20_20_12_06_702.jpg, 0, 0.6724156, 0, 18.96033
C:\Users\Owner\Downloads\simulator-windows-64\dataTrack1\IMG\center_2024_11_20_20_12_06_804.jpg, C:\Users\Owner\Downloads\simulator-windows-64\dataTrack1\IMG\left_2024_11_20_20_12_06_804.jpg, C:\Users\Owner\Downloads\simulator-windows-64\dataTrack1\IMG\right_2024_11_20_20_12_06_804.jpg, 0, 0.722815, 0, 19.68353
C:\Users\Owner\Downloads\simulator-windows-64\dataTrack1\IMG\center_2024_11_20_20_12_06_908.jpg, C:\Users\Owner\Downloads\simulator-windows-64\dataTrack1\IMG\left_2024_11_20_20_12_06_908.jpg, C:\Users\Owner\Downloads\simulator-windows-64\dataTrack1\IMG\right_2024_11_20_20_12_06_908.jpg, 0, 0.9802399, 0, 20.66095
C:\Users\Owner\Downloads\simulator-windows-64\dataTrack1\IMG\center_2024_11_20_20_12_07_012.jpg, C:\Users\Owner\Downloads\simulator-windows-64\dataTrack1\IMG\left_2024_11_20_20_12_07_012.jpg, C:\Users\Owner\Downloads\simulator-windows-64\dataTrack1\IMG\right_2024_11_20_20_12_07_012.jpg, 0, 0.7736863, 0, 21.55026
C:\Users\Owner\Downloads\simulator-windows-64\dataTrack1\IMG\center_2024_11_20_20_12_07_116.jpg, C:\Users\Owner\Downloads\simulator-windows-64\dataTrack1\IMG\left_2024_11_20_20_12_07_116.jpg, C:\Users\Owner\Downloads\simulator-windows-64\dataTrack1\IMG\right_2024_11_20_20_12_07_116.jpg, 0, 1, 0, 22.43986
C:\Users\Owner\Downloads\simulator-windows-64\dataTrack1\IMG\center_2024_11_20_20_12_07_220.jpg, C:\Users\Owner\Downloads\simulator-windows-64\dataTrack1\IMG\left_2024_11_20_20_12_07_220.jpg, C:\Users\Owner\Downloads\simulator-windows-64\dataTrack1\IMG\right_2024_11_20_20_12_07_220.jpg, 0, 0.687407, 0, 23.25558
C:\Users\Owner\Downloads\simulator-windows-64\dataTrack1\IMG\center_2024_11_20_20_12_07_321.jpg, C:\Users\Owner\Downloads\simulator-windows-64\dataTrack1\IMG\left_2024_11_20_20_12_07_321.jpg, C:\Users\Owner\Downloads\simulator-windows-64\dataTrack1\IMG\right_2024_11_20_20_12_07_321.jpg, 0, 0.8864165, 0, 23.99018
C:\Users\Owner\Downloads\simulator-windows-64\dataTrack1\IMG\center_2024_11_20_20_12_07_426.jpg, C:\Users\Owner\Downloads\simulator-windows-64\dataTrack1\IMG\left_2024_11_20_20_12_07_426.jpg, C:\Users\Owner\Downloads\simulator-windows-64\dataTrack1\IMG\right_2024_11_20_20_12_07_426.jpg, 0, 0.8351039, 0, 24.7245
C:\Users\Owner\Downloads\simulator-windows-64\dataTrack1\IMG\center_2024_11_20_20_12_07_529.jpg, C:\Users\Owner\Downloads\simulator-windows-64\dataTrack1\IMG\left_2024_11_20_20_12_07_529.jpg, C:\Users\Owner\Downloads\simulator-windows-64\dataTrack1\IMG\right_2024_11_20_20_12_07_529.jpg, 0, 0.8989963, 0, 25.8145
C:\Users\Owner\Downloads\simulator-windows-64\dataTrack1\IMG\center_2024_11_20_20_12_07_632.jpg, C:\Users\Owner\Downloads\simulator-windows-64\dataTrack1\IMG\left_2024_11_20_20_12_07_632.jpg, C:\Users\Owner\Downloads\simulator-windows-64\dataTrack1\IMG\right_2024_11_20_20_12_07_632.jpg, -0.1524837, 0.5903404, 0, 26.43489
C:\Users\Owner\Downloads\simulator-windows-64\dataTrack1\IMG\center_2024_11_20_20_12_07_737.jpg, C:\Users\Owner\Downloads\simulator-windows-64\dataTrack1\IMG\left_2024_11_20_20_12_07_737.jpg, C:\Users\Owner\Downloads\simulator-windows-64\dataTrack1\IMG\right_2024_11_20_20_12_07_737.jpg, -0.3586287, 0.2730521, 0, 26.58213
C:\Users\Owner\Downloads\simulator-windows-64\dataTrack1\IMG\center_2024_11_20_20_12_07_839.jpg, C:\Users\Owner\Downloads\simulator-windows-64\dataTrack1\IMG\left_2024_11_20_20_12_07_839.jpg, C:\Users\Owner\Downloads\simulator-windows-64\dataTrack1\IMG\right_2024_11_20_20_12_07_839.jpg, -0.05380862, 0.374756, 0, 26.59498
C:\Users\Owner\Downloads\simulator-windows-64\dataTrack1\IMG\center_2024_11_20_20_12_07_944.jpg, C:\Users\Owner\Downloads\simulator-windows-64\dataTrack1\IMG\left_2024_11_20_20_12_07_944.jpg, C:\Users\Owner\Downloads\simulator-windows-64\dataTrack1\IMG\right_2024_11_20_20_12_07_944.jpg, 0, 0.3756152, 0, 26.88443
C:\Users\Owner\Downloads\simulator-windows-64\dataTrack1\IMG\center_2024_11_20_20_12_08_046.jpg, C:\Users\Owner\Downloads\simulator-windows-64\dataTrack1\IMG\left_2024_11_20_20_12_08_046.jpg, C:\Users\Owner\Downloads\simulator-windows-64\dataTrack1\IMG\right_2024_11_20_20_12_08_046.jpg, 0, 0.1174133, 0, 26.9198
C:\Users\Owner\Downloads\simulator-windows-64\dataTrack1\IMG\center_2024_11_20_20_12_08_150.jpg, C:\Users\Owner\Downloads\simulator-windows-64\dataTrack1\IMG\left_2024_11_20_20_12_08_150.jpg, C:\Users\Owner\Downloads\simulator-windows-64\dataTrack1\IMG\right_2024_11_20_20_12_08_150.jpg, 0, 0, 0, 26.61002
C:\Users\Owner\Downloads\simulator-windows-64\dataTrack1\IMG\center_2024_11_20_20_12_08_253.jpg, C:\Users\Owner\Downloads\simulator-windows-64\dataTrack1\IMG\left_2024_11_20_20_12_08_253.jpg, C:\Users\Owner\Downloads\simulator-windows-64\dataTrack1\IMG\right_2024_11_20_20_12_08_253.jpg, 0, 0.2050785, 0, 26.43415
C:\Users\Owner\Downloads\simulator-windows-64\dataTrack1\IMG\center_2024_11_20_20_12_08_355.jpg, C:\Users\Owner\Downloads\simulator-windows-64\dataTrack1\IMG\left_2024_11_20_20_12_08_355.jpg, C:\Users\Owner\Downloads\simulator-windows-64\dataTrack1\IMG\right_2024_11_20_20_12_08_355.jpg, 0, 0, 0, 26.25792
C:\Users\Owner\Downloads\simulator-windows-64\dataTrack1\IMG\center_2024_11_20_20_12_08_461.jpg, C:\Users\Owner\Downloads\simulator-windows-64\dataTrack1\IMG\left_2024_11_20_20_12_08_461.jpg, C:\Users\Owner\Downloads\simulator-windows-64\dataTrack1\IMG\right_2024_11_20_20_12_08_461.jpg, 0, 0.3165447, 0, 26.1661
C:\Users\Owner\Downloads\simulator-windows-64\dataTrack1\IMG\center_2024_11_20_20_12_08_563.jpg, C:\Users\Owner\Downloads\simulator-windows-64\dataTrack1\IMG\left_2024_11_20_20_12_08_563.jpg, C:\Users\Owner\Downloads\simulator-windows-64\dataTrack1\IMG\right_2024_11_20_20_12_08_563.jpg, 0, 0.0583608, 0, 26.14444
C:\Users\Owner\Downloads\simulator-windows-64\dataTrack1\IMG\center_2024_11_20_20_12_08_667.jpg, C:\Users\Owner\Downloads\simulator-windows-64\dataTrack1\IMG\left_2024_11_20_20_12_08_667.jpg, C:\Users\Owner\Downloads\simulator-windows-64\dataTrack1\IMG\right_2024_11_20_20_12_08_667.jpg, 0, 0.2141352, 0, 26.06435
C:\Users\Owner\Downloads\simulator-windows-64\dataTrack1\IMG\center_2024_11_20_20_12_08_771.jpg, C:\Users\Owner\Downloads\simulator-windows-64\dataTrack1\IMG\left_2024_11_20_20_12_08_771.jpg, C:\Users\Owner\Downloads\simulator-windows-64\dataTrack1\IMG\right_2024_11_20_20_12_08_771.jpg, 0, 0, 0, 25.87612
C:\Users\Owner\Downloads\simulator-windows-64\dataTrack1\IMG\center_2024_11_20_20_12_08_873.jpg, C:\Users\Owner\Downloads\simulator-windows-64\dataTrack1\IMG\left_2024_11_20_20_12_08_873.jpg, C:\Users\Owner\Downloads\simulator-windows-64\dataTrack1\IMG\right_2024_11_20_20_12_08_873.jpg, 0, 0.2026962, 0, 25.80813
C:\Users\Owner\Downloads\simulator-windows-64\dataTrack1\IMG\center_2024_11_20_20_12_08_978.jpg, C:\Users\Owner\Downloads\simulator-windows-64\dataTrack1\IMG\left_2024_11_20_20_12_08_978.jpg, C:\Users\Owner\Downloads\simulator-windows-64\dataTrack1\IMG\right_2024_11_20_20_12_08_978.jpg, 0, 0.0507192, 0, 25.63008
C:\Users\Owner\Downloads\simulator-windows-64\dataTrack1\IMG\center_2024_11_20_20_12_09_081.jpg, C:\Users\Owner\Downloads\simulator-windows-64\dataTrack1\IMG\left_2024_11_20_20_12_09_081.jpg, C:\Users\Owner\Downloads\simulator-windows-64\dataTrack1\IMG\right_2024_11_20_20_12_09_081.jpg, 0, 0.2653227, 0, 25.60827
C:\Users\Owner\Downloads\simulator-windows-64\dataTrack1\IMG\center_2024_11_20_20_12_09_185.jpg, C:\Users\Owner\Downloads\simulator-windows-64\dataTrack1\IMG\left_2024_11_20_20_12_09_185.jpg, C:\Users\Owner\Downloads\simulator-windows-64\dataTrack1\IMG\right_2024_11_20_20_12_09_185.jpg, 0, 0.1081398, 0, 25.51464
C:\Users\Owner\Downloads\simulator-windows-64\dataTrack1\IMG\center_2024_11_20_20_12_09_288.jpg, C:\Users\Owner\Downloads\simulator-windows-64\dataTrack1\IMG\left_2024_11_20_20_12_09_288.jpg, C:\Users\Owner\Downloads\simulator-windows-64\dataTrack1\IMG\right_2024_11_20_20_12_09_288.jpg, 0, 0.2566425, 0, 25.6063
C:\Users\Owner\Downloads\simulator-windows-64\dataTrack1\IMG\center_2024_11_20_20_12_09_390.jpg, C:\Users\Owner\Downloads\simulator-windows-64\dataTrack1\IMG\left_2024_11_20_20_12_09_390.jpg, C:\Users\Owner\Downloads\simulator-windows-64\dataTrack1\IMG\right_2024_11_20_20_12_09_390.jpg, 0, 0.4620723, 0, 25.85252
C:\Users\Owner\Downloads\simulator-windows-64\dataTrack1\IMG\center_2024_11_20_20_12_09_495.jpg, C:\Users\Owner\Downloads\simulator-windows-64\dataTrack1\IMG\left_2024_11_20_20_12_09_495.jpg, C:\Users\Owner\Downloads\simulator-windows-64\dataTrack1\IMG\right_2024_11_20_20_12_09_495.jpg, 0, 0.2509737, 0, 25.94843
C:\Users\Owner\Downloads\simulator-windows-64\dataTrack1\IMG\center_2024_11_20_20_12_09_598.jpg, C:\Users\Owner\Downloads\simulator-windows-64\dataTrack1\IMG\left_2024_11_20_20_12_09_598.jpg, C:\Users\Owner\Downloads\simulator-windows-64\dataTrack1\IMG\right_2024_11_20_20_12_09_598.jpg, 0, 0.3547608, 0, 26.1372
C:\Users\Owner\Downloads\simulator-windows-64\dataTrack1\IMG\center_2024_11_20_20_12_09_702.jpg, C:\Users\Owner\Downloads\simulator-windows-64\dataTrack1\IMG\left_2024_11_20_20_12_09_702.jpg, C:\Users\Owner\Downloads\simulator-windows-64\dataTrack1\IMG\right_2024_11_20_20_12_09_702.jpg, 0, 0.04279921, 0, 26.15601
C:\Users\Owner\Downloads\simulator-windows-64\dataTrack1\IMG\center_2024_11_20_20_12_09_806.jpg, C:\Users\Owner\Downloads\simulator-windows-64\dataTrack1\IMG\left_2024_11_20_20_12_09_806.jpg, C:\Users\Owner\Downloads\simulator-windows-64\dataTrack1\IMG\right_2024_11_20_20_12_09_806.jpg, 0, 0.3008973, 0, 26.07812
C:\Users\Owner\Downloads\simulator-windows-64\dataTrack1\IMG\center_2024_11_20_20_12_09_908.jpg, C:\Users\Owner\Downloads\simulator-windows-64\dataTrack1\IMG\left_2024_11_20_20_12_09_908.jpg, C:\Users\Owner\Downloads\simulator-windows-64\dataTrack1\IMG\right_2024_11_20_20_12_09_908.jpg, 0, 0.04577009, 0, 26.06
C:\Users\Owner\Downloads\simulator-windows-64\dataTrack1\IMG\center_2024_11_20_20_12_10_013.jpg, C:\Users\Owner\Downloads\simulator-windows-64\dataTrack1\IMG\left_2024_11_20_20_12_10_013.jpg, C:\Users\Owner\Downloads\simulator-windows-64\dataTrack1\IMG\right_2024_11_20_20_12_10_013.jpg, -0.2105304, 0, 0, 25.78514
C:\Users\Owner\Downloads\simulator-windows-64\dataTrack1\IMG\center_2024_11_20_20_12_10_116.jpg, C:\Users\Owner\Downloads\simulator-windows-64\dataTrack1\IMG\left_2024_11_20_20_12_10_116.jpg, C:\Users\Owner\Downloads\simulator-windows-64\dataTrack1\IMG\right_2024_11_20_20_12_10_116.jpg, -0.1116573, 0, 0, 25.47837
C:\Users\Owner\Downloads\simulator-windows-64\dataTrack1\IMG\center_2024_11_20_20_12_10_220.jpg, C:\Users\Owner\Downloads\simulator-windows-64\dataTrack1\IMG\left_2024_11_20_20_12_10_220.jpg, C:\Users\Owner\Downloads\simulator-windows-64\dataTrack1\IMG\right_2024_11_20_20_12_10_220.jpg, 0, 0, 0, 25.21877
C:\Users\Owner\Downloads\simulator-windows-64\dataTrack1\IMG\center_2024_11_20_20_12_10_322.jpg, C:\Users\Owner\Downloads\simulator-windows-64\dataTrack1\IMG\left_2024_11_20_20_12_10_322.jpg, C:\Users\Owner\Downloads\simulator-windows-64\dataTrack1\IMG\right_2024_11_20_20_12_10_322.jpg, 0, 0.2026947, 0, 25.01123
C:\Users\Owner\Downloads\simulator-windows-64\dataTrack1\IMG\center_2024_11_20_20_12_10_424.jpg, C:\Users\Owner\Downloads\simulator-windows-64\dataTrack1\IMG\left_2024_11_20_20_12_10_424.jpg, C:\Users\Owner\Downloads\simulator-windows-64\dataTrack1\IMG\right_2024_11_20_20_12_10_424.jpg, 0, 0.1511277, 0, 25.06501
C:\Users\Owner\Downloads\simulator-windows-64\dataTrack1\IMG\center_2024_11_20_20_12_10_530.jpg, C:\Users\Owner\Downloads\simulator-windows-64\dataTrack1\IMG\left_2024_11_20_20_12_10_530.jpg, C:\Users\Owner\Downloads\simulator-windows-64\dataTrack1\IMG\right_2024_11_20_20_12_10_530.jpg, 0, 0, 0, 24.78902
C:\Users\Owner\Downloads\simulator-windows-64\dataTrack1\IMG\center_2024_11_20_20_12_10_633.jpg, C:\Users\Owner\Downloads\simulator-windows-64\dataTrack1\IMG\left_2024_11_20_20_12_10_633.jpg, C:\Users\Owner\Downloads\simulator-windows-64\dataTrack1\IMG\right_2024_11_20_20_12_10_633.jpg, -0.0538521, 0.09827519, 0, 24.63128
C:\Users\Owner\Downloads\simulator-windows-64\dataTrack1\IMG\center_2024_11_20_20_12_10_737.jpg, C:\Users\Owner\Downloads\simulator-windows-64\dataTrack1\IMG\left_2024_11_20_20_12_10_737.jpg, C:\Users\Owner\Downloads\simulator-windows-64\dataTrack1\IMG\right_2024_11_20_20_12_10_737.jpg, -0.1523265, 0, 0, 24.35821
C:\Users\Owner\Downloads\simulator-windows-64\dataTrack1\IMG\center_2024_11_20_20_12_10_840.jpg, C:\Users\Owner\Downloads\simulator-windows-64\dataTrack1\IMG\left_2024_11_20_20_12_10_840.jpg, C:\Users\Owner\Downloads\simulator-windows-64\dataTrack1\IMG\right_2024_11_20_20_12_10_840.jpg, 0, 0, 0, 24.11104
C:\Users\Owner\Downloads\simulator-windows-64\dataTrack1\IMG\center_2024_11_20_20_12_10_942.jpg, C:\Users\Owner\Downloads\simulator-windows-64\dataTrack1\IMG\left_2024_11_20_20_12_10_942.jpg, C:\Users\Owner\Downloads\simulator-windows-64\dataTrack1\IMG\right_2024_11_20_20_12_10_942.jpg, 0, 0, 0, 23.86817
C:\Users\Owner\Downloads\simulator-windows-64\dataTrack1\IMG\center_2024_11_20_20_12_11_046.jpg, C:\Users\Owner\Downloads\simulator-windows-64\dataTrack1\IMG\left_2024_11_20_20_12_11_046.jpg, C:\Users\Owner\Downloads\simulator-windows-64\dataTrack1\IMG\right_2024_11_20_20_12_11_046.jpg, 0, 0.2639058, 0, 23.77808
C:\Users\Owner\Downloads\simulator-windows-64\dataTrack1\IMG\center_2024_11_20_20_12_11_149.jpg, C:\Users\Owner\Downloads\simulator-windows-64\dataTrack1\IMG\left_2024_11_20_20_12_11_149.jpg, C:\Users\Owner\Downloads\simulator-windows-64\dataTrack1\IMG\right_2024_11_20_20_12_11_149.jpg, 0, 0.006678887, 0, 23.72679
C:\Users\Owner\Downloads\simulator-windows-64\dataTrack1\IMG\center_2024_11_20_20_12_11_254.jpg, C:\Users\Owner\Downloads\simulator-windows-64\dataTrack1\IMG\left_2024_11_20_20_12_11_254.jpg, C:\Users\Owner\Downloads\simulator-windows-64\dataTrack1\IMG\right_2024_11_20_20_12_11_254.jpg, 0, 0.028179, 0, 23.49292
C:\Users\Owner\Downloads\simulator-windows-64\dataTrack1\IMG\center_2024_11_20_20_12_11_356.jpg, C:\Users\Owner\Downloads\simulator-windows-64\dataTrack1\IMG\left_2024_11_20_20_12_11_356.jpg, C:\Users\Owner\Downloads\simulator-windows-64\dataTrack1\IMG\right_2024_11_20_20_12_11_356.jpg, 0, 0.2437755, 0, 23.47511
C:\Users\Owner\Downloads\simulator-windows-64\dataTrack1\IMG\center_2024_11_20_20_12_11_459.jpg, C:\Users\Owner\Downloads\simulator-windows-64\dataTrack1\IMG\left_2024_11_20_20_12_11_459.jpg, C:\Users\Owner\Downloads\simulator-windows-64\dataTrack1\IMG\right_2024_11_20_20_12_11_459.jpg, 0, 0, 0, 23.36522
C:\Users\Owner\Downloads\simulator-windows-64\dataTrack1\IMG\center_2024_11_20_20_12_11_564.jpg, C:\Users\Owner\Downloads\simulator-windows-64\dataTrack1\IMG\left_2024_11_20_20_12_11_564.jpg, C:\Users\Owner\Downloads\simulator-windows-64\dataTrack1\IMG\right_2024_11_20_20_12_11_564.jpg, 0, 0.2016006, 0, 23.28068
C:\Users\Owner\Downloads\simulator-windows-64\dataTrack1\IMG\center_2024_11_20_20_12_11_666.jpg, C:\Users\Owner\Downloads\simulator-windows-64\dataTrack1\IMG\left_2024_11_20_20_12_11_666.jpg, C:\Users\Owner\Downloads\simulator-windows-64\dataTrack1\IMG\right_2024_11_20_20_12_11_666.jpg, 0, 0, 0, 23.15329
C:\Users\Owner\Downloads\simulator-windows-64\dataTrack1\IMG\center_2024_11_20_20_12_11_771.jpg, C:\Users\Owner\Downloads\simulator-windows-64\dataTrack1\IMG\left_2024_11_20_20_12_11_771.jpg, C:\Users\Owner\Downloads\simulator-windows-64\dataTrack1\IMG\right_2024_11_20_20_12_11_771.jpg, 0, 0.2082606, 0, 23.10002
C:\Users\Owner\Downloads\simulator-windows-64\dataTrack1\IMG\center_2024_11_20_20_12_11_874.jpg, C:\Users\Owner\Downloads\simulator-windows-64\dataTrack1\IMG\left_2024_11_20_20_12_11_874.jpg, C:\Users\Owner\Downloads\simulator-windows-64\dataTrack1\IMG\right_2024_11_20_20_12_11_874.jpg, 0, 0, 0, 22.92288
C:\Users\Owner\Downloads\simulator-windows-64\dataTrack1\IMG\center_2024_11_20_20_12_11_978.jpg, C:\Users\Owner\Downloads\simulator-windows-64\dataTrack1\IMG\left_2024_11_20_20_12_11_978.jpg, C:\Users\Owner\Downloads\simulator-windows-64\dataTrack1\IMG\right_2024_11_20_20_12_11_978.jpg, 0, 0.3125391, 0, 22.8795
C:\Users\Owner\Downloads\simulator-windows-64\dataTrack1\IMG\center_2024_11_20_20_12_12_081.jpg, C:\Users\Owner\Downloads\simulator-windows-64\dataTrack1\IMG\left_2024_11_20_20_12_12_081.jpg, C:\Users\Owner\Downloads\simulator-windows-64\dataTrack1\IMG\right_2024_11_20_20_12_12_081.jpg, 0, 0.003074102, 0, 22.89072
C:\Users\Owner\Downloads\simulator-windows-64\dataTrack1\IMG\center_2024_11_20_20_12_12_184.jpg, C:\Users\Owner\Downloads\simulator-windows-64\dataTrack1\IMG\left_2024_11_20_20_12_12_184.jpg, C:\Users\Owner\Downloads\simulator-windows-64\dataTrack1\IMG\right_2024_11_20_20_12_12_184.jpg, 0, 0.3101292, 0, 22.78773
C:\Users\Owner\Downloads\simulator-windows-64\dataTrack1\IMG\center_2024_11_20_20_12_12_288.jpg, C:\Users\Owner\Downloads\simulator-windows-64\dataTrack1\IMG\left_2024_11_20_20_12_12_288.jpg, C:\Users\Owner\Downloads\simulator-windows-64\dataTrack1\IMG\right_2024_11_20_20_12_12_288.jpg, 0, 0.1667019, 0, 22.9777
C:\Users\Owner\Downloads\simulator-windows-64\dataTrack1\IMG\center_2024_11_20_20_12_12_390.jpg, C:\Users\Owner\Downloads\simulator-windows-64\dataTrack1\IMG\left_2024_11_20_20_12_12_390.jpg, C:\Users\Owner\Downloads\simulator-windows-64\dataTrack1\IMG\right_2024_11_20_20_12_12_390.jpg, 0, 0.3040938, 0, 22.98582
C:\Users\Owner\Downloads\simulator-windows-64\dataTrack1\IMG\center_2024_11_20_20_12_12_495.jpg, C:\Users\Owner\Downloads\simulator-windows-64\dataTrack1\IMG\left_2024_11_20_20_12_12_495.jpg, C:\Users\Owner\Downloads\simulator-windows-64\dataTrack1\IMG\right_2024_11_20_20_12_12_495.jpg, 0, 0, 0, 22.9122
C:\Users\Owner\Downloads\simulator-windows-64\dataTrack1\IMG\center_2024_11_20_20_12_12_598.jpg, C:\Users\Owner\Downloads\simulator-windows-64\dataTrack1\IMG\left_2024_11_20_20_12_12_598.jpg, C:\Users\Owner\Downloads\simulator-windows-64\dataTrack1\IMG\right_2024_11_20_20_12_12_598.jpg, 0, 0, 0, 22.68388
C:\Users\Owner\Downloads\simulator-windows-64\dataTrack1\IMG\center_2024_11_20_20_12_12_701.jpg, C:\Users\Owner\Downloads\simulator-windows-64\dataTrack1\IMG\left_2024_11_20_20_12_12_701.jpg, C:\Users\Owner\Downloads\simulator-windows-64\dataTrack1\IMG\right_2024_11_20_20_12_12_701.jpg, 0, 0, 0, 22.45508
C:\Users\Owner\Downloads\simulator-windows-64\dataTrack1\IMG\center_2024_11_20_20_12_12_805.jpg, C:\Users\Owner\Downloads\simulator-windows-64\dataTrack1\IMG\left_2024_11_20_20_12_12_805.jpg, C:\Users\Owner\Downloads\simulator-windows-64\dataTrack1\IMG\right_2024_11_20_20_12_12_805.jpg, 0, 0.2602668, 0, 22.37684
C:\Users\Owner\Downloads\simulator-windows-64\dataTrack1\IMG\center_2024_11_20_20_12_12_907.jpg, C:\Users\Owner\Downloads\simulator-windows-64\dataTrack1\IMG\left_2024_11_20_20_12_12_907.jpg, C:\Users\Owner\Downloads\simulator-windows-64\dataTrack1\IMG\right_2024_11_20_20_12_12_907.jpg, -0.2027712, 0.214296, 0, 22.58263
C:\Users\Owner\Downloads\simulator-windows-64\dataTrack1\IMG\center_2024_11_20_20_12_13_013.jpg, C:\Users\Owner\Downloads\simulator-windows-64\dataTrack1\IMG\left_2024_11_20_20_12_13_013.jpg, C:\Users\Owner\Downloads\simulator-windows-64\dataTrack1\IMG\right_2024_11_20_20_12_13_013.jpg, -0.4165932, 0, 0, 22.29791
C:\Users\Owner\Downloads\simulator-windows-64\dataTrack1\IMG\center_2024_11_20_20_12_13_116.jpg, C:\Users\Owner\Downloads\simulator-windows-64\dataTrack1\IMG\left_2024_11_20_20_12_13_116.jpg, C:\Users\Owner\Downloads\simulator-windows-64\dataTrack1\IMG\right_2024_11_20_20_12_13_116.jpg, -0.1068681, 0, 0, 22.06852
C:\Users\Owner\Downloads\simulator-windows-64\dataTrack1\IMG\center_2024_11_20_20_12_13_220.jpg, C:\Users\Owner\Downloads\simulator-windows-64\dataTrack1\IMG\left_2024_11_20_20_12_13_220.jpg, C:\Users\Owner\Downloads\simulator-windows-64\dataTrack1\IMG\right_2024_11_20_20_12_13_220.jpg, -0.2062683, 0, 0, 21.8361
C:\Users\Owner\Downloads\simulator-windows-64\dataTrack1\IMG\center_2024_11_20_20_12_13_321.jpg, C:\Users\Owner\Downloads\simulator-windows-64\dataTrack1\IMG\left_2024_11_20_20_12_13_321.jpg, C:\Users\Owner\Downloads\simulator-windows-64\dataTrack1\IMG\right_2024_11_20_20_12_13_321.jpg, -0.2037228, 0, 0, 21.57894
C:\Users\Owner\Downloads\simulator-windows-64\dataTrack1\IMG\center_2024_11_20_20_12_13_424.jpg, C:\Users\Owner\Downloads\simulator-windows-64\dataTrack1\IMG\left_2024_11_20_20_12_13_424.jpg, C:\Users\Owner\Downloads\simulator-windows-64\dataTrack1\IMG\right_2024_11_20_20_12_13_424.jpg, 0, 0.1691832, 0, 21.4142
C:\Users\Owner\Downloads\simulator-windows-64\dataTrack1\IMG\center_2024_11_20_20_12_13_530.jpg, C:\Users\Owner\Downloads\simulator-windows-64\dataTrack1\IMG\left_2024_11_20_20_12_13_530.jpg, C:\Users\Owner\Downloads\simulator-windows-64\dataTrack1\IMG\right_2024_11_20_20_12_13_530.jpg, 0, 0.2187873, 0, 21.61425
C:\Users\Owner\Downloads\simulator-windows-64\dataTrack1\IMG\center_2024_11_20_20_12_13_633.jpg, C:\Users\Owner\Downloads\simulator-windows-64\dataTrack1\IMG\left_2024_11_20_20_12_13_633.jpg, C:\Users\Owner\Downloads\simulator-windows-64\dataTrack1\IMG\right_2024_11_20_20_12_13_633.jpg, 0, 0, 0, 21.44342
C:\Users\Owner\Downloads\simulator-windows-64\dataTrack1\IMG\center_2024_11_20_20_12_13_737.jpg, C:\Users\Owner\Downloads\simulator-windows-64\dataTrack1\IMG\left_2024_11_20_20_12_13_737.jpg, C:\Users\Owner\Downloads\simulator-windows-64\dataTrack1\IMG\right_2024_11_20_20_12_13_737.jpg, 0, 0, 0, 21.26011
C:\Users\Owner\Downloads\simulator-windows-64\dataTrack1\IMG\center_2024_11_20_20_12_13_840.jpg, C:\Users\Owner\Downloads\simulator-windows-64\dataTrack1\IMG\left_2024_11_20_20_12_13_840.jpg, C:\Users\Owner\Downloads\simulator-windows-64\dataTrack1\IMG\right_2024_11_20_20_12_13_840.jpg, 0, 0, 0, 20.98783
C:\Users\Owner\Downloads\simulator-windows-64\dataTrack1\IMG\center_2024_11_20_20_12_13_942.jpg, C:\Users\Owner\Downloads\simulator-windows-64\dataTrack1\IMG\left_2024_11_20_20_12_13_942.jpg, C:\Users\Owner\Downloads\simulator-windows-64\dataTrack1\IMG\right_2024_11_20_20_12_13_942.jpg, 0, 0, 0, 20.7776
C:\Users\Owner\Downloads\simulator-windows-64\dataTrack1\IMG\center_2024_11_20_20_12_14_047.jpg, C:\Users\Owner\Downloads\simulator-windows-64\dataTrack1\IMG\left_2024_11_20_20_12_14_047.jpg, C:\Users\Owner\Downloads\simulator-windows-64\dataTrack1\IMG\right_2024_11_20_20_12_14_047.jpg, 0.05107139, 0, 0, 20.56081
C:\Users\Owner\Downloads\simulator-windows-64\dataTrack1\IMG\center_2024_11_20_20_12_14_151.jpg, C:\Users\Owner\Downloads\simulator-windows-64\dataTrack1\IMG\left_2024_11_20_20_12_14_151.jpg, C:\Users\Owner\Downloads\simulator-windows-64\dataTrack1\IMG\right_2024_11_20_20_12_14_151.jpg, 0.2546247, 0, 0, 20.25515
C:\Users\Owner\Downloads\simulator-windows-64\dataTrack1\IMG\center_2024_11_20_20_12_14_253.jpg, C:\Users\Owner\Downloads\simulator-windows-64\dataTrack1\IMG\left_2024_11_20_20_12_14_253.jpg, C:\Users\Owner\Downloads\simulator-windows-64\dataTrack1\IMG\right_2024_11_20_20_12_14_253.jpg, 0, 0, 0, 20.05343
C:\Users\Owner\Downloads\simulator-windows-64\dataTrack1\IMG\center_2024_11_20_20_12_14_357.jpg, C:\Users\Owner\Downloads\simulator-windows-64\dataTrack1\IMG\left_2024_11_20_20_12_14_357.jpg, C:\Users\Owner\Downloads\simulator-windows-64\dataTrack1\IMG\right_2024_11_20_20_12_14_357.jpg, 0, 0.2056434, 0, 19.92291
C:\Users\Owner\Downloads\simulator-windows-64\dataTrack1\IMG\center_2024_11_20_20_12_14_459.jpg, C:\Users\Owner\Downloads\simulator-windows-64\dataTrack1\IMG\left_2024_11_20_20_12_14_459.jpg, C:\Users\Owner\Downloads\simulator-windows-64\dataTrack1\IMG\right_2024_11_20_20_12_14_459.jpg, 0, 0.408888, 0, 20.15427
C:\Users\Owner\Downloads\simulator-windows-64\dataTrack1\IMG\center_2024_11_20_20_12_14_563.jpg, C:\Users\Owner\Downloads\simulator-windows-64\dataTrack1\IMG\left_2024_11_20_20_12_14_563.jpg, C:\Users\Owner\Downloads\simulator-windows-64\dataTrack1\IMG\right_2024_11_20_20_12_14_563.jpg, 0, 0.35448, 0, 20.32575
C:\Users\Owner\Downloads\simulator-windows-64\dataTrack1\IMG\center_2024_11_20_20_12_14_668.jpg, C:\Users\Owner\Downloads\simulator-windows-64\dataTrack1\IMG\left_2024_11_20_20_12_14_668.jpg, C:\Users\Owner\Downloads\simulator-windows-64\dataTrack1\IMG\right_2024_11_20_20_12_14_668.jpg, 0, 0.5130966, 0, 20.85681
C:\Users\Owner\Downloads\simulator-windows-64\dataTrack1\IMG\center_2024_11_20_20_12_14_771.jpg, C:\Users\Owner\Downloads\simulator-windows-64\dataTrack1\IMG\left_2024_11_20_20_12_14_771.jpg, C:\Users\Owner\Downloads\simulator-windows-64\dataTrack1\IMG\right_2024_11_20_20_12_14_771.jpg, 0, 0.6118023, 0, 21.25207
C:\Users\Owner\Downloads\simulator-windows-64\dataTrack1\IMG\center_2024_11_20_20_12_14_875.jpg, C:\Users\Owner\Downloads\simulator-windows-64\dataTrack1\IMG\left_2024_11_20_20_12_14_875.jpg, C:\Users\Owner\Downloads\simulator-windows-64\dataTrack1\IMG\right_2024_11_20_20_12_14_875.jpg, 0, 0.9237543, 0, 21.98191
C:\Users\Owner\Downloads\simulator-windows-64\dataTrack1\IMG\center_2024_11_20_20_12_14_976.jpg, C:\Users\Owner\Downloads\simulator-windows-64\dataTrack1\IMG\left_2024_11_20_20_12_14_976.jpg, C:\Users\Owner\Downloads\simulator-windows-64\dataTrack1\IMG\right_2024_11_20_20_12_14_976.jpg, 0, 0.8463165, 0, 22.91431
C:\Users\Owner\Downloads\simulator-windows-64\dataTrack1\IMG\center_2024_11_20_20_12_15_081.jpg, C:\Users\Owner\Downloads\simulator-windows-64\dataTrack1\IMG\left_2024_11_20_20_12_15_081.jpg, C:\Users\Owner\Downloads\simulator-windows-64\dataTrack1\IMG\right_2024_11_20_20_12_15_081.jpg, 0, 1, 0, 23.83446
C:\Users\Owner\Downloads\simulator-windows-64\dataTrack1\IMG\center_2024_11_20_20_12_15_186.jpg, C:\Users\Owner\Downloads\simulator-windows-64\dataTrack1\IMG\left_2024_11_20_20_12_15_186.jpg, C:\Users\Owner\Downloads\simulator-windows-64\dataTrack1\IMG\right_2024_11_20_20_12_15_186.jpg, 0, 0.845761, 0, 24.7607
C:\Users\Owner\Downloads\simulator-windows-64\dataTrack1\IMG\center_2024_11_20_20_12_15_288.jpg, C:\Users\Owner\Downloads\simulator-windows-64\dataTrack1\IMG\left_2024_11_20_20_12_15_288.jpg, C:\Users\Owner\Downloads\simulator-windows-64\dataTrack1\IMG\right_2024_11_20_20_12_15_288.jpg, 0, 0.8997746, 0, 25.58462
C:\Users\Owner\Downloads\simulator-windows-64\dataTrack1\IMG\center_2024_11_20_20_12_15_392.jpg, C:\Users\Owner\Downloads\simulator-windows-64\dataTrack1\IMG\left_2024_11_20_20_12_15_392.jpg, C:\Users\Owner\Downloads\simulator-windows-64\dataTrack1\IMG\right_2024_11_20_20_12_15_392.jpg, 0, 1, 0, 26.51581
C:\Users\Owner\Downloads\simulator-windows-64\dataTrack1\IMG\center_2024_11_20_20_12_15_494.jpg, C:\Users\Owner\Downloads\simulator-windows-64\dataTrack1\IMG\left_2024_11_20_20_12_15_494.jpg, C:\Users\Owner\Downloads\simulator-windows-64\dataTrack1\IMG\right_2024_11_20_20_12_15_494.jpg, 0, 1, 0, 27.45601
C:\Users\Owner\Downloads\simulator-windows-64\dataTrack1\IMG\center_2024_11_20_20_12_15_599.jpg, C:\Users\Owner\Downloads\simulator-windows-64\dataTrack1\IMG\left_2024_11_20_20_12_15_599.jpg, C:\Users\Owner\Downloads\simulator-windows-64\dataTrack1\IMG\right_2024_11_20_20_12_15_599.jpg, 0, 1, 0, 28.3865
C:\Users\Owner\Downloads\simulator-windows-64\dataTrack1\IMG\center_2024_11_20_20_12_15_702.jpg, C:\Users\Owner\Downloads\simulator-windows-64\dataTrack1\IMG\left_2024_11_20_20_12_15_702.jpg, C:\Users\Owner\Downloads\simulator-windows-64\dataTrack1\IMG\right_2024_11_20_20_12_15_702.jpg, 0, 1, 0, 29.30761
C:\Users\Owner\Downloads\simulator-windows-64\dataTrack1\IMG\center_2024_11_20_20_12_15_806.jpg, C:\Users\Owner\Downloads\simulator-windows-64\dataTrack1\IMG\left_2024_11_20_20_12_15_806.jpg, C:\Users\Owner\Downloads\simulator-windows-64\dataTrack1\IMG\right_2024_11_20_20_12_15_806.jpg, 0, 1, 0, 30.18388
C:\Users\Owner\Downloads\simulator-windows-64\dataTrack1\IMG\center_2024_11_20_20_12_15_909.jpg, C:\Users\Owner\Downloads\simulator-windows-64\dataTrack1\IMG\left_2024_11_20_20_12_15_909.jpg, C:\Users\Owner\Downloads\simulator-windows-64\dataTrack1\IMG\right_2024_11_20_20_12_15_909.jpg, 0, 1, 0, 30.18992
C:\Users\Owner\Downloads\simulator-windows-64\dataTrack1\IMG\center_2024_11_20_20_12_16_014.jpg, C:\Users\Owner\Downloads\simulator-windows-64\dataTrack1\IMG\left_2024_11_20_20_12_16_014.jpg, C:\Users\Owner\Downloads\simulator-windows-64\dataTrack1\IMG\right_2024_11_20_20_12_16_014.jpg, 0, 1, 0, 30.18993
C:\Users\Owner\Downloads\simulator-windows-64\dataTrack1\IMG\center_2024_11_20_20_12_16_117.jpg, C:\Users\Owner\Downloads\simulator-windows-64\dataTrack1\IMG\left_2024_11_20_20_12_16_117.jpg, C:\Users\Owner\Downloads\simulator-windows-64\dataTrack1\IMG\right_2024_11_20_20_12_16_117.jpg, 0, 1, 0, 30.18993
C:\Users\Owner\Downloads\simulator-windows-64\dataTrack1\IMG\center_2024_11_20_20_12_16_220.jpg, C:\Users\Owner\Downloads\simulator-windows-64\dataTrack1\IMG\left_2024_11_20_20_12_16_220.jpg, C:\Users\Owner\Downloads\simulator-windows-64\dataTrack1\IMG\right_2024_11_20_20_12_16_220.jpg, 0, 1, 0, 30.18993
C:\Users\Owner\Downloads\simulator-windows-64\dataTrack1\IMG\center_2024_11_20_20_12_16_323.jpg, C:\Users\Owner\Downloads\simulator-windows-64\dataTrack1\IMG\left_2024_11_20_20_12_16_323.jpg, C:\Users\Owner\Downloads\simulator-windows-64\dataTrack1\IMG\right_2024_11_20_20_12_16_323.jpg, 0, 1, 0, 30.18998
C:\Users\Owner\Downloads\simulator-windows-64\dataTrack1\IMG\center_2024_11_20_20_12_16_425.jpg, C:\Users\Owner\Downloads\simulator-windows-64\dataTrack1\IMG\left_2024_11_20_20_12_16_425.jpg, C:\Users\Owner\Downloads\simulator-windows-64\dataTrack1\IMG\right_2024_11_20_20_12_16_425.jpg, 0, 1, 0, 30.18993
C:\Users\Owner\Downloads\simulator-windows-64\dataTrack1\IMG\center_2024_11_20_20_12_16_530.jpg, C:\Users\Owner\Downloads\simulator-windows-64\dataTrack1\IMG\left_2024_11_20_20_12_16_530.jpg, C:\Users\Owner\Downloads\simulator-windows-64\dataTrack1\IMG\right_2024_11_20_20_12_16_530.jpg, 0, 1, 0, 30.18996
C:\Users\Owner\Downloads\simulator-windows-64\dataTrack1\IMG\center_2024_11_20_20_12_16_633.jpg, C:\Users\Owner\Downloads\simulator-windows-64\dataTrack1\IMG\left_2024_11_20_20_12_16_633.jpg, C:\Users\Owner\Downloads\simulator-windows-64\dataTrack1\IMG\right_2024_11_20_20_12_16_633.jpg, 0, 1, 0, 30.18995
C:\Users\Owner\Downloads\simulator-windows-64\dataTrack1\IMG\center_2024_11_20_20_12_16_737.jpg, C:\Users\Owner\Downloads\simulator-windows-64\dataTrack1\IMG\left_2024_11_20_20_12_16_737.jpg, C:\Users\Owner\Downloads\simulator-windows-64\dataTrack1\IMG\right_2024_11_20_20_12_16_737.jpg, 0, 1, 0, 30.18995
C:\Users\Owner\Downloads\simulator-windows-64\dataTrack1\IMG\center_2024_11_20_20_12_16_841.jpg, C:\Users\Owner\Downloads\simulator-windows-64\dataTrack1\IMG\left_2024_11_20_20_12_16_841.jpg, C:\Users\Owner\Downloads\simulator-windows-64\dataTrack1\IMG\right_2024_11_20_20_12_16_841.jpg, 0, 1, 0, 30.18995
C:\Users\Owner\Downloads\simulator-windows-64\dataTrack1\IMG\center_2024_11_20_20_12_16_942.jpg, C:\Users\Owner\Downloads\simulator-windows-64\dataTrack1\IMG\left_2024_11_20_20_12_16_942.jpg, C:\Users\Owner\Downloads\simulator-windows-64\dataTrack1\IMG\right_2024_11_20_20_12_16_942.jpg, 0, 1, 0, 30.18997
C:\Users\Owner\Downloads\simulator-windows-64\dataTrack1\IMG\center_2024_11_20_20_12_17_047.jpg, C:\Users\Owner\Downloads\simulator-windows-64\dataTrack1\IMG\left_2024_11_20_20_12_17_047.jpg, C:\Users\Owner\Downloads\simulator-windows-64\dataTrack1\IMG\right_2024_11_20_20_12_17_047.jpg, 0, 1, 0, 30.18995
C:\Users\Owner\Downloads\simulator-windows-64\dataTrack1\IMG\center_2024_11_20_20_12_17_150.jpg, C:\Users\Owner\Downloads\simulator-windows-64\dataTrack1\IMG\left_2024_11_20_20_12_17_150.jpg, C:\Users\Owner\Downloads\simulator-windows-64\dataTrack1\IMG\right_2024_11_20_20_12_17_150.jpg, 0, 1, 0, 30.18995
C:\Users\Owner\Downloads\simulator-windows-64\dataTrack1\IMG\center_2024_11_20_20_12_17_255.jpg, C:\Users\Owner\Downloads\simulator-windows-64\dataTrack1\IMG\left_2024_11_20_20_12_17_255.jpg, C:\Users\Owner\Downloads\simulator-windows-64\dataTrack1\IMG\right_2024_11_20_20_12_17_255.jpg, 0, 1, 0, 30.18996
C:\Users\Owner\Downloads\simulator-windows-64\dataTrack1\IMG\center_2024_11_20_20_12_17_358.jpg, C:\Users\Owner\Downloads\simulator-windows-64\dataTrack1\IMG\left_2024_11_20_20_12_17_358.jpg, C:\Users\Owner\Downloads\simulator-windows-64\dataTrack1\IMG\right_2024_11_20_20_12_17_358.jpg, 0, 1, 0, 30.18994
C:\Users\Owner\Downloads\simulator-windows-64\dataTrack1\IMG\center_2024_11_20_20_12_17_468.jpg, C:\Users\Owner\Downloads\simulator-windows-64\dataTrack1\IMG\left_2024_11_20_20_12_17_468.jpg, C:\Users\Owner\Downloads\simulator-windows-64\dataTrack1\IMG\right_2024_11_20_20_12_17_468.jpg, 0, 1, 0, 30.18995
C:\Users\Owner\Downloads\simulator-windows-64\dataTrack1\IMG\center_2024_11_20_20_12_17_571.jpg, C:\Users\Owner\Downloads\simulator-windows-64\dataTrack1\IMG\left_2024_11_20_20_12_17_571.jpg, C:\Users\Owner\Downloads\simulator-windows-64\dataTrack1\IMG\right_2024_11_20_20_12_17_571.jpg, 0, 1, 0, 30.18993
C:\Users\Owner\Downloads\simulator-windows-64\dataTrack1\IMG\center_2024_11_20_20_12_17_674.jpg, C:\Users\Owner\Downloads\simulator-windows-64\dataTrack1\IMG\left_2024_11_20_20_12_17_674.jpg, C:\Users\Owner\Downloads\simulator-windows-64\dataTrack1\IMG\right_2024_11_20_20_12_17_674.jpg, 0, 1, 0, 30.18994
C:\Users\Owner\Downloads\simulator-windows-64\dataTrack1\IMG\center_2024_11_20_20_12_17_779.jpg, C:\Users\Owner\Downloads\simulator-windows-64\dataTrack1\IMG\left_2024_11_20_20_12_17_779.jpg, C:\Users\Owner\Downloads\simulator-windows-64\dataTrack1\IMG\right_2024_11_20_20_12_17_779.jpg, 0, 1, 0, 30.18993
C:\Users\Owner\Downloads\simulator-windows-64\dataTrack1\IMG\center_2024_11_20_20_12_17_883.jpg, C:\Users\Owner\Downloads\simulator-windows-64\dataTrack1\IMG\left_2024_11_20_20_12_17_883.jpg, C:\Users\Owner\Downloads\simulator-windows-64\dataTrack1\IMG\right_2024_11_20_20_12_17_883.jpg, 0, 1, 0, 30.18995
C:\Users\Owner\Downloads\simulator-windows-64\dataTrack1\IMG\center_2024_11_20_20_12_17_987.jpg, C:\Users\Owner\Downloads\simulator-windows-64\dataTrack1\IMG\left_2024_11_20_20_12_17_987.jpg, C:\Users\Owner\Downloads\simulator-windows-64\dataTrack1\IMG\right_2024_11_20_20_12_17_987.jpg, 0, 1, 0, 30.18995
C:\Users\Owner\Downloads\simulator-windows-64\dataTrack1\IMG\center_2024_11_20_20_12_18_090.jpg, C:\Users\Owner\Downloads\simulator-windows-64\dataTrack1\IMG\left_2024_11_20_20_12_18_090.jpg, C:\Users\Owner\Downloads\simulator-windows-64\dataTrack1\IMG\right_2024_11_20_20_12_18_090.jpg, 0, 1, 0, 30.18993
C:\Users\Owner\Downloads\simulator-windows-64\dataTrack1\IMG\center_2024_11_20_20_12_18_193.jpg, C:\Users\Owner\Downloads\simulator-windows-64\dataTrack1\IMG\left_2024_11_20_20_12_18_193.jpg, C:\Users\Owner\Downloads\simulator-windows-64\dataTrack1\IMG\right_2024_11_20_20_12_18_193.jpg, 0, 1, 0, 30.18995
C:\Users\Owner\Downloads\simulator-windows-64\dataTrack1\IMG\center_2024_11_20_20_12_18_298.jpg, C:\Users\Owner\Downloads\simulator-windows-64\dataTrack1\IMG\left_2024_11_20_20_12_18_298.jpg, C:\Users\Owner\Downloads\simulator-windows-64\dataTrack1\IMG\right_2024_11_20_20_12_18_298.jpg, 0, 1, 0, 30.18995
C:\Users\Owner\Downloads\simulator-windows-64\dataTrack1\IMG\center_2024_11_20_20_12_18_401.jpg, C:\Users\Owner\Downloads\simulator-windows-64\dataTrack1\IMG\left_2024_11_20_20_12_18_401.jpg, C:\Users\Owner\Downloads\simulator-windows-64\dataTrack1\IMG\right_2024_11_20_20_12_18_401.jpg, 0, 1, 0, 30.18995
C:\Users\Owner\Downloads\simulator-windows-64\dataTrack1\IMG\center_2024_11_20_20_12_18_504.jpg, C:\Users\Owner\Downloads\simulator-windows-64\dataTrack1\IMG\left_2024_11_20_20_12_18_504.jpg, C:\Users\Owner\Downloads\simulator-windows-64\dataTrack1\IMG\right_2024_11_20_20_12_18_504.jpg, 0, 1, 0, 30.18993
C:\Users\Owner\Downloads\simulator-windows-64\dataTrack1\IMG\center_2024_11_20_20_12_18_606.jpg, C:\Users\Owner\Downloads\simulator-windows-64\dataTrack1\IMG\left_2024_11_20_20_12_18_606.jpg, C:\Users\Owner\Downloads\simulator-windows-64\dataTrack1\IMG\right_2024_11_20_20_12_18_606.jpg, 0, 1, 0, 30.18994
C:\Users\Owner\Downloads\simulator-windows-64\dataTrack1\IMG\center_2024_11_20_20_12_18_710.jpg, C:\Users\Owner\Downloads\simulator-windows-64\dataTrack1\IMG\left_2024_11_20_20_12_18_710.jpg, C:\Users\Owner\Downloads\simulator-windows-64\dataTrack1\IMG\right_2024_11_20_20_12_18_710.jpg, 0, 1, 0, 30.18997
C:\Users\Owner\Downloads\simulator-windows-64\dataTrack1\IMG\center_2024_11_20_20_12_18_816.jpg, C:\Users\Owner\Downloads\simulator-windows-64\dataTrack1\IMG\left_2024_11_20_20_12_18_816.jpg, C:\Users\Owner\Downloads\simulator-windows-64\dataTrack1\IMG\right_2024_11_20_20_12_18_816.jpg, 0, 1, 0, 30.18993
C:\Users\Owner\Downloads\simulator-windows-64\dataTrack1\IMG\center_2024_11_20_20_12_18_920.jpg, C:\Users\Owner\Downloads\simulator-windows-64\dataTrack1\IMG\left_2024_11_20_20_12_18_920.jpg, C:\Users\Owner\Downloads\simulator-windows-64\dataTrack1\IMG\right_2024_11_20_20_12_18_920.jpg, 0, 1, 0, 30.18996
C:\Users\Owner\Downloads\simulator-windows-64\dataTrack1\IMG\center_2024_11_20_20_12_19_022.jpg, C:\Users\Owner\Downloads\simulator-windows-64\dataTrack1\IMG\left_2024_11_20_20_12_19_022.jpg, C:\Users\Owner\Downloads\simulator-windows-64\dataTrack1\IMG\right_2024_11_20_20_12_19_022.jpg, 0, 1, 0, 30.18997
C:\Users\Owner\Downloads\simulator-windows-64\dataTrack1\IMG\center_2024_11_20_20_12_19_126.jpg, C:\Users\Owner\Downloads\simulator-windows-64\dataTrack1\IMG\left_2024_11_20_20_12_19_126.jpg, C:\Users\Owner\Downloads\simulator-windows-64\dataTrack1\IMG\right_2024_11_20_20_12_19_126.jpg, 0, 1, 0, 30.18995
C:\Users\Owner\Downloads\simulator-windows-64\dataTrack1\IMG\center_2024_11_20_20_12_19_228.jpg, C:\Users\Owner\Downloads\simulator-windows-64\dataTrack1\IMG\left_2024_11_20_20_12_19_228.jpg, C:\Users\Owner\Downloads\simulator-windows-64\dataTrack1\IMG\right_2024_11_20_20_12_19_228.jpg, 0, 1, 0, 30.18994
C:\Users\Owner\Downloads\simulator-windows-64\dataTrack1\IMG\center_2024_11_20_20_12_19_333.jpg, C:\Users\Owner\Downloads\simulator-windows-64\dataTrack1\IMG\left_2024_11_20_20_12_19_333.jpg, C:\Users\Owner\Downloads\simulator-windows-64\dataTrack1\IMG\right_2024_11_20_20_12_19_333.jpg, 0, 1, 0, 30.18994
C:\Users\Owner\Downloads\simulator-windows-64\dataTrack1\IMG\center_2024_11_20_20_12_19_435.jpg, C:\Users\Owner\Downloads\simulator-windows-64\dataTrack1\IMG\left_2024_11_20_20_12_19_435.jpg, C:\Users\Owner\Downloads\simulator-windows-64\dataTrack1\IMG\right_2024_11_20_20_12_19_435.jpg, 0, 1, 0, 30.18994
C:\Users\Owner\Downloads\simulator-windows-64\dataTrack1\IMG\center_2024_11_20_20_12_19_538.jpg, C:\Users\Owner\Downloads\simulator-windows-64\dataTrack1\IMG\left_2024_11_20_20_12_19_538.jpg, C:\Users\Owner\Downloads\simulator-windows-64\dataTrack1\IMG\right_2024_11_20_20_12_19_538.jpg, 0, 1, 0, 30.18996
C:\Users\Owner\Downloads\simulator-windows-64\dataTrack1\IMG\center_2024_11_20_20_12_19_642.jpg, C:\Users\Owner\Downloads\simulator-windows-64\dataTrack1\IMG\left_2024_11_20_20_12_19_642.jpg, C:\Users\Owner\Downloads\simulator-windows-64\dataTrack1\IMG\right_2024_11_20_20_12_19_642.jpg, 0, 1, 0, 30.18994
C:\Users\Owner\Downloads\simulator-windows-64\dataTrack1\IMG\center_2024_11_20_20_12_19_745.jpg, C:\Users\Owner\Downloads\simulator-windows-64\dataTrack1\IMG\left_2024_11_20_20_12_19_745.jpg, C:\Users\Owner\Downloads\simulator-windows-64\dataTrack1\IMG\right_2024_11_20_20_12_19_745.jpg, 0, 1, 0, 30.18995
C:\Users\Owner\Downloads\simulator-windows-64\dataTrack1\IMG\center_2024_11_20_20_12_19_850.jpg, C:\Users\Owner\Downloads\simulator-windows-64\dataTrack1\IMG\left_2024_11_20_20_12_19_850.jpg, C:\Users\Owner\Downloads\simulator-windows-64\dataTrack1\IMG\right_2024_11_20_20_12_19_850.jpg, 0, 1, 0, 30.18996
C:\Users\Owner\Downloads\simulator-windows-64\dataTrack1\IMG\center_2024_11_20_20_12_19_953.jpg, C:\Users\Owner\Downloads\simulator-windows-64\dataTrack1\IMG\left_2024_11_20_20_12_19_953.jpg, C:\Users\Owner\Downloads\simulator-windows-64\dataTrack1\IMG\right_2024_11_20_20_12_19_953.jpg, 0, 1, 0, 30.18993
C:\Users\Owner\Downloads\simulator-windows-64\dataTrack1\IMG\center_2024_11_20_20_12_20_058.jpg, C:\Users\Owner\Downloads\simulator-windows-64\dataTrack1\IMG\left_2024_11_20_20_12_20_058.jpg, C:\Users\Owner\Downloads\simulator-windows-64\dataTrack1\IMG\right_2024_11_20_20_12_20_058.jpg, 0, 1, 0, 30.18995
C:\Users\Owner\Downloads\simulator-windows-64\dataTrack1\IMG\center_2024_11_20_20_12_20_162.jpg, C:\Users\Owner\Downloads\simulator-windows-64\dataTrack1\IMG\left_2024_11_20_20_12_20_162.jpg, C:\Users\Owner\Downloads\simulator-windows-64\dataTrack1\IMG\right_2024_11_20_20_12_20_162.jpg, 0, 1, 0, 30.18993
C:\Users\Owner\Downloads\simulator-windows-64\dataTrack1\IMG\center_2024_11_20_20_12_20_265.jpg, C:\Users\Owner\Downloads\simulator-windows-64\dataTrack1\IMG\left_2024_11_20_20_12_20_265.jpg, C:\Users\Owner\Downloads\simulator-windows-64\dataTrack1\IMG\right_2024_11_20_20_12_20_265.jpg, 0, 1, 0, 30.18994
C:\Users\Owner\Downloads\simulator-windows-64\dataTrack1\IMG\center_2024_11_20_20_12_20_368.jpg, C:\Users\Owner\Downloads\simulator-windows-64\dataTrack1\IMG\left_2024_11_20_20_12_20_368.jpg, C:\Users\Owner\Downloads\simulator-windows-64\dataTrack1\IMG\right_2024_11_20_20_12_20_368.jpg, 0, 1, 0, 30.18994
C:\Users\Owner\Downloads\simulator-windows-64\dataTrack1\IMG\center_2024_11_20_20_12_20_469.jpg, C:\Users\Owner\Downloads\simulator-windows-64\dataTrack1\IMG\left_2024_11_20_20_12_20_469.jpg, C:\Users\Owner\Downloads\simulator-windows-64\dataTrack1\IMG\right_2024_11_20_20_12_20_469.jpg, 0, 1, 0, 30.18993
C:\Users\Owner\Downloads\simulator-windows-64\dataTrack1\IMG\center_2024_11_20_20_12_20_573.jpg, C:\Users\Owner\Downloads\simulator-windows-64\dataTrack1\IMG\left_2024_11_20_20_12_20_573.jpg, C:\Users\Owner\Downloads\simulator-windows-64\dataTrack1\IMG\right_2024_11_20_20_12_20_573.jpg, 0, 1, 0, 30.18992
C:\Users\Owner\Downloads\simulator-windows-64\dataTrack1\IMG\center_2024_11_20_20_12_20_677.jpg, C:\Users\Owner\Downloads\simulator-windows-64\dataTrack1\IMG\left_2024_11_20_20_12_20_677.jpg, C:\Users\Owner\Downloads\simulator-windows-64\dataTrack1\IMG\right_2024_11_20_20_12_20_677.jpg, 0, 1, 0, 30.18995
C:\Users\Owner\Downloads\simulator-windows-64\dataTrack1\IMG\center_2024_11_20_20_12_20_781.jpg, C:\Users\Owner\Downloads\simulator-windows-64\dataTrack1\IMG\left_2024_11_20_20_12_20_781.jpg, C:\Users\Owner\Downloads\simulator-windows-64\dataTrack1\IMG\right_2024_11_20_20_12_20_781.jpg, 0, 1, 0, 30.18994
C:\Users\Owner\Downloads\simulator-windows-64\dataTrack1\IMG\center_2024_11_20_20_12_20_886.jpg, C:\Users\Owner\Downloads\simulator-windows-64\dataTrack1\IMG\left_2024_11_20_20_12_20_886.jpg, C:\Users\Owner\Downloads\simulator-windows-64\dataTrack1\IMG\right_2024_11_20_20_12_20_886.jpg, 0, 1, 0, 30.18995
C:\Users\Owner\Downloads\simulator-windows-64\dataTrack1\IMG\center_2024_11_20_20_12_20_991.jpg, C:\Users\Owner\Downloads\simulator-windows-64\dataTrack1\IMG\left_2024_11_20_20_12_20_991.jpg, C:\Users\Owner\Downloads\simulator-windows-64\dataTrack1\IMG\right_2024_11_20_20_12_20_991.jpg, 0, 1, 0, 30.18996
C:\Users\Owner\Downloads\simulator-windows-64\dataTrack1\IMG\center_2024_11_20_20_12_21_093.jpg, C:\Users\Owner\Downloads\simulator-windows-64\dataTrack1\IMG\left_2024_11_20_20_12_21_093.jpg, C:\Users\Owner\Downloads\simulator-windows-64\dataTrack1\IMG\right_2024_11_20_20_12_21_093.jpg, 0, 1, 0, 30.18993
C:\Users\Owner\Downloads\simulator-windows-64\dataTrack1\IMG\center_2024_11_20_20_12_21_195.jpg, C:\Users\Owner\Downloads\simulator-windows-64\dataTrack1\IMG\left_2024_11_20_20_12_21_195.jpg, C:\Users\Owner\Downloads\simulator-windows-64\dataTrack1\IMG\right_2024_11_20_20_12_21_195.jpg, 0, 1, 0, 30.18997
C:\Users\Owner\Downloads\simulator-windows-64\dataTrack1\IMG\center_2024_11_20_20_12_21_300.jpg, C:\Users\Owner\Downloads\simulator-windows-64\dataTrack1\IMG\left_2024_11_20_20_12_21_300.jpg, C:\Users\Owner\Downloads\simulator-windows-64\dataTrack1\IMG\right_2024_11_20_20_12_21_300.jpg, 0, 1, 0, 30.18996
C:\Users\Owner\Downloads\simulator-windows-64\dataTrack1\IMG\center_2024_11_20_20_12_21_404.jpg, C:\Users\Owner\Downloads\simulator-windows-64\dataTrack1\IMG\left_2024_11_20_20_12_21_404.jpg, C:\Users\Owner\Downloads\simulator-windows-64\dataTrack1\IMG\right_2024_11_20_20_12_21_404.jpg, 0, 1, 0, 30.18995
C:\Users\Owner\Downloads\simulator-windows-64\dataTrack1\IMG\center_2024_11_20_20_12_21_507.jpg, C:\Users\Owner\Downloads\simulator-windows-64\dataTrack1\IMG\left_2024_11_20_20_12_21_507.jpg, C:\Users\Owner\Downloads\simulator-windows-64\dataTrack1\IMG\right_2024_11_20_20_12_21_507.jpg, 0, 0.894802, 0, 30.17328
C:\Users\Owner\Downloads\simulator-windows-64\dataTrack1\IMG\center_2024_11_20_20_12_21_610.jpg, C:\Users\Owner\Downloads\simulator-windows-64\dataTrack1\IMG\left_2024_11_20_20_12_21_610.jpg, C:\Users\Owner\Downloads\simulator-windows-64\dataTrack1\IMG\right_2024_11_20_20_12_21_610.jpg, 0, 0.5852176, 0, 30.09497
C:\Users\Owner\Downloads\simulator-windows-64\dataTrack1\IMG\center_2024_11_20_20_12_21_715.jpg, C:\Users\Owner\Downloads\simulator-windows-64\dataTrack1\IMG\left_2024_11_20_20_12_21_715.jpg, C:\Users\Owner\Downloads\simulator-windows-64\dataTrack1\IMG\right_2024_11_20_20_12_21_715.jpg, 0, 0.3821395, 0, 30.01626
C:\Users\Owner\Downloads\simulator-windows-64\dataTrack1\IMG\center_2024_11_20_20_12_21_819.jpg, C:\Users\Owner\Downloads\simulator-windows-64\dataTrack1\IMG\left_2024_11_20_20_12_21_819.jpg, C:\Users\Owner\Downloads\simulator-windows-64\dataTrack1\IMG\right_2024_11_20_20_12_21_819.jpg, 0, 0.6924914, 0, 30.10643
C:\Users\Owner\Downloads\simulator-windows-64\dataTrack1\IMG\center_2024_11_20_20_12_21_923.jpg, C:\Users\Owner\Downloads\simulator-windows-64\dataTrack1\IMG\left_2024_11_20_20_12_21_923.jpg, C:\Users\Owner\Downloads\simulator-windows-64\dataTrack1\IMG\right_2024_11_20_20_12_21_923.jpg, 0, 0.3785758, 0, 30.05644
C:\Users\Owner\Downloads\simulator-windows-64\dataTrack1\IMG\center_2024_11_20_20_12_22_026.jpg, C:\Users\Owner\Downloads\simulator-windows-64\dataTrack1\IMG\left_2024_11_20_20_12_22_026.jpg, C:\Users\Owner\Downloads\simulator-windows-64\dataTrack1\IMG\right_2024_11_20_20_12_22_026.jpg, 0, 0.3242371, 0, 30.00014
C:\Users\Owner\Downloads\simulator-windows-64\dataTrack1\IMG\center_2024_11_20_20_12_22_127.jpg, C:\Users\Owner\Downloads\simulator-windows-64\dataTrack1\IMG\left_2024_11_20_20_12_22_127.jpg, C:\Users\Owner\Downloads\simulator-windows-64\dataTrack1\IMG\right_2024_11_20_20_12_22_127.jpg, 0, 0.0718255, 0, 29.93289
C:\Users\Owner\Downloads\simulator-windows-64\dataTrack1\IMG\center_2024_11_20_20_12_22_233.jpg, C:\Users\Owner\Downloads\simulator-windows-64\dataTrack1\IMG\left_2024_11_20_20_12_22_233.jpg, C:\Users\Owner\Downloads\simulator-windows-64\dataTrack1\IMG\right_2024_11_20_20_12_22_233.jpg, 0, 0, 0, 29.64446
C:\Users\Owner\Downloads\simulator-windows-64\dataTrack1\IMG\center_2024_11_20_20_12_22_337.jpg, C:\Users\Owner\Downloads\simulator-windows-64\dataTrack1\IMG\left_2024_11_20_20_12_22_337.jpg, C:\Users\Owner\Downloads\simulator-windows-64\dataTrack1\IMG\right_2024_11_20_20_12_22_337.jpg, 0, 0, 0, 29.34684
C:\Users\Owner\Downloads\simulator-windows-64\dataTrack1\IMG\center_2024_11_20_20_12_22_440.jpg, C:\Users\Owner\Downloads\simulator-windows-64\dataTrack1\IMG\left_2024_11_20_20_12_22_440.jpg, C:\Users\Owner\Downloads\simulator-windows-64\dataTrack1\IMG\right_2024_11_20_20_12_22_440.jpg, 0, 0, 0, 29.03773
C:\Users\Owner\Downloads\simulator-windows-64\dataTrack1\IMG\center_2024_11_20_20_12_22_541.jpg, C:\Users\Owner\Downloads\simulator-windows-64\dataTrack1\IMG\left_2024_11_20_20_12_22_541.jpg, C:\Users\Owner\Downloads\simulator-windows-64\dataTrack1\IMG\right_2024_11_20_20_12_22_541.jpg, 0, 0, 0, 28.74317
C:\Users\Owner\Downloads\simulator-windows-64\dataTrack1\IMG\center_2024_11_20_20_12_22_644.jpg, C:\Users\Owner\Downloads\simulator-windows-64\dataTrack1\IMG\left_2024_11_20_20_12_22_644.jpg, C:\Users\Owner\Downloads\simulator-windows-64\dataTrack1\IMG\right_2024_11_20_20_12_22_644.jpg, 0, 0, 0, 28.45467
C:\Users\Owner\Downloads\simulator-windows-64\dataTrack1\IMG\center_2024_11_20_20_12_22_750.jpg, C:\Users\Owner\Downloads\simulator-windows-64\dataTrack1\IMG\left_2024_11_20_20_12_22_750.jpg, C:\Users\Owner\Downloads\simulator-windows-64\dataTrack1\IMG\right_2024_11_20_20_12_22_750.jpg, 0, 0, 0, 28.11255
C:\Users\Owner\Downloads\simulator-windows-64\dataTrack1\IMG\center_2024_11_20_20_12_22_854.jpg, C:\Users\Owner\Downloads\simulator-windows-64\dataTrack1\IMG\left_2024_11_20_20_12_22_854.jpg, C:\Users\Owner\Downloads\simulator-windows-64\dataTrack1\IMG\right_2024_11_20_20_12_22_854.jpg, -0.23292, 0, 0, 27.80346
C:\Users\Owner\Downloads\simulator-windows-64\dataTrack1\IMG\center_2024_11_20_20_12_22_957.jpg, C:\Users\Owner\Downloads\simulator-windows-64\dataTrack1\IMG\left_2024_11_20_20_12_22_957.jpg, C:\Users\Owner\Downloads\simulator-windows-64\dataTrack1\IMG\right_2024_11_20_20_12_22_957.jpg, 0, 0, 0, 27.5169
C:\Users\Owner\Downloads\simulator-windows-64\dataTrack1\IMG\center_2024_11_20_20_12_23_062.jpg, C:\Users\Owner\Downloads\simulator-windows-64\dataTrack1\IMG\left_2024_11_20_20_12_23_062.jpg, C:\Users\Owner\Downloads\simulator-windows-64\dataTrack1\IMG\right_2024_11_20_20_12_23_062.jpg, 0, 0, 0, 27.2397
C:\Users\Owner\Downloads\simulator-windows-64\dataTrack1\IMG\center_2024_11_20_20_12_23_166.jpg, C:\Users\Owner\Downloads\simulator-windows-64\dataTrack1\IMG\left_2024_11_20_20_12_23_166.jpg, C:\Users\Owner\Downloads\simulator-windows-64\dataTrack1\IMG\right_2024_11_20_20_12_23_166.jpg, 0, 0, 0, 26.966
C:\Users\Owner\Downloads\simulator-windows-64\dataTrack1\IMG\center_2024_11_20_20_12_23_269.jpg, C:\Users\Owner\Downloads\simulator-windows-64\dataTrack1\IMG\left_2024_11_20_20_12_23_269.jpg, C:\Users\Owner\Downloads\simulator-windows-64\dataTrack1\IMG\right_2024_11_20_20_12_23_269.jpg, -0.1523106, 0, 0, 26.63308
C:\Users\Owner\Downloads\simulator-windows-64\dataTrack1\IMG\center_2024_11_20_20_12_23_373.jpg, C:\Users\Owner\Downloads\simulator-windows-64\dataTrack1\IMG\left_2024_11_20_20_12_23_373.jpg, C:\Users\Owner\Downloads\simulator-windows-64\dataTrack1\IMG\right_2024_11_20_20_12_23_373.jpg, -0.4612428, 0, 0, 26.23223
C:\Users\Owner\Downloads\simulator-windows-64\dataTrack1\IMG\center_2024_11_20_20_12_23_475.jpg, C:\Users\Owner\Downloads\simulator-windows-64\dataTrack1\IMG\left_2024_11_20_20_12_23_475.jpg, C:\Users\Owner\Downloads\simulator-windows-64\dataTrack1\IMG\right_2024_11_20_20_12_23_475.jpg, -0.1536942, 0, 0, 25.94062
C:\Users\Owner\Downloads\simulator-windows-64\dataTrack1\IMG\center_2024_11_20_20_12_23_578.jpg, C:\Users\Owner\Downloads\simulator-windows-64\dataTrack1\IMG\left_2024_11_20_20_12_23_578.jpg, C:\Users\Owner\Downloads\simulator-windows-64\dataTrack1\IMG\right_2024_11_20_20_12_23_578.jpg, 0, 0, 0, 25.67207
C:\Users\Owner\Downloads\simulator-windows-64\dataTrack1\IMG\center_2024_11_20_20_12_23_684.jpg, C:\Users\Owner\Downloads\simulator-windows-64\dataTrack1\IMG\left_2024_11_20_20_12_23_684.jpg, C:\Users\Owner\Downloads\simulator-windows-64\dataTrack1\IMG\right_2024_11_20_20_12_23_684.jpg, 0, 0, 0, 25.4108
C:\Users\Owner\Downloads\simulator-windows-64\dataTrack1\IMG\center_2024_11_20_20_12_23_787.jpg, C:\Users\Owner\Downloads\simulator-windows-64\dataTrack1\IMG\left_2024_11_20_20_12_23_787.jpg, C:\Users\Owner\Downloads\simulator-windows-64\dataTrack1\IMG\right_2024_11_20_20_12_23_787.jpg, 0, 0, 0, 25.10454
C:\Users\Owner\Downloads\simulator-windows-64\dataTrack1\IMG\center_2024_11_20_20_12_23_891.jpg, C:\Users\Owner\Downloads\simulator-windows-64\dataTrack1\IMG\left_2024_11_20_20_12_23_891.jpg, C:\Users\Owner\Downloads\simulator-windows-64\dataTrack1\IMG\right_2024_11_20_20_12_23_891.jpg, 0, 0, 0, 24.85246
C:\Users\Owner\Downloads\simulator-windows-64\dataTrack1\IMG\center_2024_11_20_20_12_23_993.jpg, C:\Users\Owner\Downloads\simulator-windows-64\dataTrack1\IMG\left_2024_11_20_20_12_23_993.jpg, C:\Users\Owner\Downloads\simulator-windows-64\dataTrack1\IMG\right_2024_11_20_20_12_23_993.jpg, 0, 0, 0, 24.60293
C:\Users\Owner\Downloads\simulator-windows-64\dataTrack1\IMG\center_2024_11_20_20_12_24_095.jpg, C:\Users\Owner\Downloads\simulator-windows-64\dataTrack1\IMG\left_2024_11_20_20_12_24_095.jpg, C:\Users\Owner\Downloads\simulator-windows-64\dataTrack1\IMG\right_2024_11_20_20_12_24_095.jpg, 0, 0, 0, 24.35591
C:\Users\Owner\Downloads\simulator-windows-64\dataTrack1\IMG\center_2024_11_20_20_12_24_201.jpg, C:\Users\Owner\Downloads\simulator-windows-64\dataTrack1\IMG\left_2024_11_20_20_12_24_201.jpg, C:\Users\Owner\Downloads\simulator-windows-64\dataTrack1\IMG\right_2024_11_20_20_12_24_201.jpg, 0, 0, 0, 24.11136
C:\Users\Owner\Downloads\simulator-windows-64\dataTrack1\IMG\center_2024_11_20_20_12_24_305.jpg, C:\Users\Owner\Downloads\simulator-windows-64\dataTrack1\IMG\left_2024_11_20_20_12_24_305.jpg, C:\Users\Owner\Downloads\simulator-windows-64\dataTrack1\IMG\right_2024_11_20_20_12_24_305.jpg, -0.1754826, 0, 0, 23.85653
C:\Users\Owner\Downloads\simulator-windows-64\dataTrack1\IMG\center_2024_11_20_20_12_24_410.jpg, C:\Users\Owner\Downloads\simulator-windows-64\dataTrack1\IMG\left_2024_11_20_20_12_24_410.jpg, C:\Users\Owner\Downloads\simulator-windows-64\dataTrack1\IMG\right_2024_11_20_20_12_24_410.jpg, 0, 0, 0, 23.56821
C:\Users\Owner\Downloads\simulator-windows-64\dataTrack1\IMG\center_2024_11_20_20_12_24_511.jpg, C:\Users\Owner\Downloads\simulator-windows-64\dataTrack1\IMG\left_2024_11_20_20_12_24_511.jpg, C:\Users\Owner\Downloads\simulator-windows-64\dataTrack1\IMG\right_2024_11_20_20_12_24_511.jpg, 0, 0, 0, 23.33117
C:\Users\Owner\Downloads\simulator-windows-64\dataTrack1\IMG\center_2024_11_20_20_12_24_616.jpg, C:\Users\Owner\Downloads\simulator-windows-64\dataTrack1\IMG\left_2024_11_20_20_12_24_616.jpg, C:\Users\Owner\Downloads\simulator-windows-64\dataTrack1\IMG\right_2024_11_20_20_12_24_616.jpg, 0, 0, 0, 23.09696
C:\Users\Owner\Downloads\simulator-windows-64\dataTrack1\IMG\center_2024_11_20_20_12_24_720.jpg, C:\Users\Owner\Downloads\simulator-windows-64\dataTrack1\IMG\left_2024_11_20_20_12_24_720.jpg, C:\Users\Owner\Downloads\simulator-windows-64\dataTrack1\IMG\right_2024_11_20_20_12_24_720.jpg, 0, 0, 0, 22.86505
C:\Users\Owner\Downloads\simulator-windows-64\dataTrack1\IMG\center_2024_11_20_20_12_24_823.jpg, C:\Users\Owner\Downloads\simulator-windows-64\dataTrack1\IMG\left_2024_11_20_20_12_24_823.jpg, C:\Users\Owner\Downloads\simulator-windows-64\dataTrack1\IMG\right_2024_11_20_20_12_24_823.jpg, 0, 0, 0, 22.63549
C:\Users\Owner\Downloads\simulator-windows-64\dataTrack1\IMG\center_2024_11_20_20_12_24_926.jpg, C:\Users\Owner\Downloads\simulator-windows-64\dataTrack1\IMG\left_2024_11_20_20_12_24_926.jpg, C:\Users\Owner\Downloads\simulator-windows-64\dataTrack1\IMG\right_2024_11_20_20_12_24_926.jpg, 0, 0, 0, 22.40823
C:\Users\Owner\Downloads\simulator-windows-64\dataTrack1\IMG\center_2024_11_20_20_12_25_028.jpg, C:\Users\Owner\Downloads\simulator-windows-64\dataTrack1\IMG\left_2024_11_20_20_12_25_028.jpg, C:\Users\Owner\Downloads\simulator-windows-64\dataTrack1\IMG\right_2024_11_20_20_12_25_028.jpg, 0, 0, 0, 22.13853
C:\Users\Owner\Downloads\simulator-windows-64\dataTrack1\IMG\center_2024_11_20_20_12_25_134.jpg, C:\Users\Owner\Downloads\simulator-windows-64\dataTrack1\IMG\left_2024_11_20_20_12_25_134.jpg, C:\Users\Owner\Downloads\simulator-windows-64\dataTrack1\IMG\right_2024_11_20_20_12_25_134.jpg, 0, 0, 0, 21.91628
C:\Users\Owner\Downloads\simulator-windows-64\dataTrack1\IMG\center_2024_11_20_20_12_25_236.jpg, C:\Users\Owner\Downloads\simulator-windows-64\dataTrack1\IMG\left_2024_11_20_20_12_25_236.jpg, C:\Users\Owner\Downloads\simulator-windows-64\dataTrack1\IMG\right_2024_11_20_20_12_25_236.jpg, 0, 0, 0, 21.69624
C:\Users\Owner\Downloads\simulator-windows-64\dataTrack1\IMG\center_2024_11_20_20_12_25_340.jpg, C:\Users\Owner\Downloads\simulator-windows-64\dataTrack1\IMG\left_2024_11_20_20_12_25_340.jpg, C:\Users\Owner\Downloads\simulator-windows-64\dataTrack1\IMG\right_2024_11_20_20_12_25_340.jpg, 0, 0, 0, 21.47841
C:\Users\Owner\Downloads\simulator-windows-64\dataTrack1\IMG\center_2024_11_20_20_12_25_444.jpg, C:\Users\Owner\Downloads\simulator-windows-64\dataTrack1\IMG\left_2024_11_20_20_12_25_444.jpg, C:\Users\Owner\Downloads\simulator-windows-64\dataTrack1\IMG\right_2024_11_20_20_12_25_444.jpg, -0.1544175, 0.0520053, 0, 21.25408
C:\Users\Owner\Downloads\simulator-windows-64\dataTrack1\IMG\center_2024_11_20_20_12_25_547.jpg, C:\Users\Owner\Downloads\simulator-windows-64\dataTrack1\IMG\left_2024_11_20_20_12_25_547.jpg, C:\Users\Owner\Downloads\simulator-windows-64\dataTrack1\IMG\right_2024_11_20_20_12_25_547.jpg, -0.1026483, 0.2035569, 0, 21.28298
C:\Users\Owner\Downloads\simulator-windows-64\dataTrack1\IMG\center_2024_11_20_20_12_25_652.jpg, C:\Users\Owner\Downloads\simulator-windows-64\dataTrack1\IMG\left_2024_11_20_20_12_25_652.jpg, C:\Users\Owner\Downloads\simulator-windows-64\dataTrack1\IMG\right_2024_11_20_20_12_25_652.jpg, 0, 0, 0, 21.11587
C:\Users\Owner\Downloads\simulator-windows-64\dataTrack1\IMG\center_2024_11_20_20_12_25_756.jpg, C:\Users\Owner\Downloads\simulator-windows-64\dataTrack1\IMG\left_2024_11_20_20_12_25_756.jpg, C:\Users\Owner\Downloads\simulator-windows-64\dataTrack1\IMG\right_2024_11_20_20_12_25_756.jpg, 0, 0, 0, 20.91209
C:\Users\Owner\Downloads\simulator-windows-64\dataTrack1\IMG\center_2024_11_20_20_12_25_859.jpg, C:\Users\Owner\Downloads\simulator-windows-64\dataTrack1\IMG\left_2024_11_20_20_12_25_859.jpg, C:\Users\Owner\Downloads\simulator-windows-64\dataTrack1\IMG\right_2024_11_20_20_12_25_859.jpg, 0, 0, 0, 20.69022
C:\Users\Owner\Downloads\simulator-windows-64\dataTrack1\IMG\center_2024_11_20_20_12_25_963.jpg, C:\Users\Owner\Downloads\simulator-windows-64\dataTrack1\IMG\left_2024_11_20_20_12_25_963.jpg, C:\Users\Owner\Downloads\simulator-windows-64\dataTrack1\IMG\right_2024_11_20_20_12_25_963.jpg, 0, 0.1512903, 0, 20.52267
C:\Users\Owner\Downloads\simulator-windows-64\dataTrack1\IMG\center_2024_11_20_20_12_26_063.jpg, C:\Users\Owner\Downloads\simulator-windows-64\dataTrack1\IMG\left_2024_11_20_20_12_26_063.jpg, C:\Users\Owner\Downloads\simulator-windows-64\dataTrack1\IMG\right_2024_11_20_20_12_26_063.jpg, -0.1531743, 0.3031725, 0, 20.61516
C:\Users\Owner\Downloads\simulator-windows-64\dataTrack1\IMG\center_2024_11_20_20_12_26_170.jpg, C:\Users\Owner\Downloads\simulator-windows-64\dataTrack1\IMG\left_2024_11_20_20_12_26_170.jpg, C:\Users\Owner\Downloads\simulator-windows-64\dataTrack1\IMG\right_2024_11_20_20_12_26_170.jpg, -0.5193879, 0, 0, 20.25264
C:\Users\Owner\Downloads\simulator-windows-64\dataTrack1\IMG\center_2024_11_20_20_12_26_273.jpg, C:\Users\Owner\Downloads\simulator-windows-64\dataTrack1\IMG\left_2024_11_20_20_12_26_273.jpg, C:\Users\Owner\Downloads\simulator-windows-64\dataTrack1\IMG\right_2024_11_20_20_12_26_273.jpg, -0.2069094, 0, 0, 20.28904
C:\Users\Owner\Downloads\simulator-windows-64\dataTrack1\IMG\center_2024_11_20_20_12_26_378.jpg, C:\Users\Owner\Downloads\simulator-windows-64\dataTrack1\IMG\left_2024_11_20_20_12_26_378.jpg, C:\Users\Owner\Downloads\simulator-windows-64\dataTrack1\IMG\right_2024_11_20_20_12_26_378.jpg, 0, 0, 0, 19.74913
C:\Users\Owner\Downloads\simulator-windows-64\dataTrack1\IMG\center_2024_11_20_20_12_26_479.jpg, C:\Users\Owner\Downloads\simulator-windows-64\dataTrack1\IMG\left_2024_11_20_20_12_26_479.jpg, C:\Users\Owner\Downloads\simulator-windows-64\dataTrack1\IMG\right_2024_11_20_20_12_26_479.jpg, 0, 0, 0, 19.88958
C:\Users\Owner\Downloads\simulator-windows-64\dataTrack1\IMG\center_2024_11_20_20_12_26_584.jpg, C:\Users\Owner\Downloads\simulator-windows-64\dataTrack1\IMG\left_2024_11_20_20_12_26_584.jpg, C:\Users\Owner\Downloads\simulator-windows-64\dataTrack1\IMG\right_2024_11_20_20_12_26_584.jpg, 0, 0, 0, 19.31096
C:\Users\Owner\Downloads\simulator-windows-64\dataTrack1\IMG\center_2024_11_20_20_12_26_688.jpg, C:\Users\Owner\Downloads\simulator-windows-64\dataTrack1\IMG\left_2024_11_20_20_12_26_688.jpg, C:\Users\Owner\Downloads\simulator-windows-64\dataTrack1\IMG\right_2024_11_20_20_12_26_688.jpg, 0, 0.2061384, 0, 19.33877
C:\Users\Owner\Downloads\simulator-windows-64\dataTrack1\IMG\center_2024_11_20_20_12_26_791.jpg, C:\Users\Owner\Downloads\simulator-windows-64\dataTrack1\IMG\left_2024_11_20_20_12_26_791.jpg, C:\Users\Owner\Downloads\simulator-windows-64\dataTrack1\IMG\right_2024_11_20_20_12_26_791.jpg, -0.1045761, 0, 0, 19.55094
C:\Users\Owner\Downloads\simulator-windows-64\dataTrack1\IMG\center_2024_11_20_20_12_26_894.jpg, C:\Users\Owner\Downloads\simulator-windows-64\dataTrack1\IMG\left_2024_11_20_20_12_26_894.jpg, C:\Users\Owner\Downloads\simulator-windows-64\dataTrack1\IMG\right_2024_11_20_20_12_26_894.jpg, -0.414333, 0, 0, 18.89701
C:\Users\Owner\Downloads\simulator-windows-64\dataTrack1\IMG\center_2024_11_20_20_12_26_996.jpg, C:\Users\Owner\Downloads\simulator-windows-64\dataTrack1\IMG\left_2024_11_20_20_12_26_996.jpg, C:\Users\Owner\Downloads\simulator-windows-64\dataTrack1\IMG\right_2024_11_20_20_12_26_996.jpg, -0.3184809, 0, 0, 19.02562
C:\Users\Owner\Downloads\simulator-windows-64\dataTrack1\IMG\center_2024_11_20_20_12_27_101.jpg, C:\Users\Owner\Downloads\simulator-windows-64\dataTrack1\IMG\left_2024_11_20_20_12_27_101.jpg, C:\Users\Owner\Downloads\simulator-windows-64\dataTrack1\IMG\right_2024_11_20_20_12_27_101.jpg, -0.002841339, 0, 0, 18.38094
C:\Users\Owner\Downloads\simulator-windows-64\dataTrack1\IMG\center_2024_11_20_20_12_27_204.jpg, C:\Users\Owner\Downloads\simulator-windows-64\dataTrack1\IMG\left_2024_11_20_20_12_27_204.jpg, C:\Users\Owner\Downloads\simulator-windows-64\dataTrack1\IMG\right_2024_11_20_20_12_27_204.jpg, 0, 0, 0, 18.65115
C:\Users\Owner\Downloads\simulator-windows-64\dataTrack1\IMG\center_2024_11_20_20_12_27_310.jpg, C:\Users\Owner\Downloads\simulator-windows-64\dataTrack1\IMG\left_2024_11_20_20_12_27_310.jpg, C:\Users\Owner\Downloads\simulator-windows-64\dataTrack1\IMG\right_2024_11_20_20_12_27_310.jpg, 0, 0.2052354, 0, 18.49575
C:\Users\Owner\Downloads\simulator-windows-64\dataTrack1\IMG\center_2024_11_20_20_12_27_412.jpg, C:\Users\Owner\Downloads\simulator-windows-64\dataTrack1\IMG\left_2024_11_20_20_12_27_412.jpg, C:\Users\Owner\Downloads\simulator-windows-64\dataTrack1\IMG\right_2024_11_20_20_12_27_412.jpg, 0, 0.09785818, 0, 18.12245
C:\Users\Owner\Downloads\simulator-windows-64\dataTrack1\IMG\center_2024_11_20_20_12_27_514.jpg, C:\Users\Owner\Downloads\simulator-windows-64\dataTrack1\IMG\left_2024_11_20_20_12_27_514.jpg, C:\Users\Owner\Downloads\simulator-windows-64\dataTrack1\IMG\right_2024_11_20_20_12_27_514.jpg, -0.1541766, 0, 0, 18.41589
C:\Users\Owner\Downloads\simulator-windows-64\dataTrack1\IMG\center_2024_11_20_20_12_27_619.jpg, C:\Users\Owner\Downloads\simulator-windows-64\dataTrack1\IMG\left_2024_11_20_20_12_27_619.jpg, C:\Users\Owner\Downloads\simulator-windows-64\dataTrack1\IMG\right_2024_11_20_20_12_27_619.jpg, -0.2652933, 0, 0, 17.67864
C:\Users\Owner\Downloads\simulator-windows-64\dataTrack1\IMG\center_2024_11_20_20_12_27_723.jpg, C:\Users\Owner\Downloads\simulator-windows-64\dataTrack1\IMG\left_2024_11_20_20_12_27_723.jpg, C:\Users\Owner\Downloads\simulator-windows-64\dataTrack1\IMG\right_2024_11_20_20_12_27_723.jpg, 0, 0, 0, 17.99755
C:\Users\Owner\Downloads\simulator-windows-64\dataTrack1\IMG\center_2024_11_20_20_12_27_826.jpg, C:\Users\Owner\Downloads\simulator-windows-64\dataTrack1\IMG\left_2024_11_20_20_12_27_826.jpg, C:\Users\Owner\Downloads\simulator-windows-64\dataTrack1\IMG\right_2024_11_20_20_12_27_826.jpg, -0.1025271, 0, 0, 17.29951
C:\Users\Owner\Downloads\simulator-windows-64\dataTrack1\IMG\center_2024_11_20_20_12_27_931.jpg, C:\Users\Owner\Downloads\simulator-windows-64\dataTrack1\IMG\left_2024_11_20_20_12_27_931.jpg, C:\Users\Owner\Downloads\simulator-windows-64\dataTrack1\IMG\right_2024_11_20_20_12_27_931.jpg, -0.3607782, 0, 0, 17.00513
C:\Users\Owner\Downloads\simulator-windows-64\dataTrack1\IMG\center_2024_11_20_20_12_28_035.jpg, C:\Users\Owner\Downloads\simulator-windows-64\dataTrack1\IMG\left_2024_11_20_20_12_28_035.jpg, C:\Users\Owner\Downloads\simulator-windows-64\dataTrack1\IMG\right_2024_11_20_20_12_28_035.jpg, -0.04754369, 0, 0, 17.35308
C:\Users\Owner\Downloads\simulator-windows-64\dataTrack1\IMG\center_2024_11_20_20_12_28_138.jpg, C:\Users\Owner\Downloads\simulator-windows-64\dataTrack1\IMG\left_2024_11_20_20_12_28_138.jpg, C:\Users\Owner\Downloads\simulator-windows-64\dataTrack1\IMG\right_2024_11_20_20_12_28_138.jpg, -0.3567984, 0, 0, 16.64404
C:\Users\Owner\Downloads\simulator-windows-64\dataTrack1\IMG\center_2024_11_20_20_12_28_241.jpg, C:\Users\Owner\Downloads\simulator-windows-64\dataTrack1\IMG\left_2024_11_20_20_12_28_241.jpg, C:\Users\Owner\Downloads\simulator-windows-64\dataTrack1\IMG\right_2024_11_20_20_12_28_241.jpg, -0.4617309, 0, 0, 16.91157
C:\Users\Owner\Downloads\simulator-windows-64\dataTrack1\IMG\center_2024_11_20_20_12_28_345.jpg, C:\Users\Owner\Downloads\simulator-windows-64\dataTrack1\IMG\left_2024_11_20_20_12_28_345.jpg, C:\Users\Owner\Downloads\simulator-windows-64\dataTrack1\IMG\right_2024_11_20_20_12_28_345.jpg, -0.2025294, 0, 0, 16.2246
C:\Users\Owner\Downloads\simulator-windows-64\dataTrack1\IMG\center_2024_11_20_20_12_28_447.jpg, C:\Users\Owner\Downloads\simulator-windows-64\dataTrack1\IMG\left_2024_11_20_20_12_28_447.jpg, C:\Users\Owner\Downloads\simulator-windows-64\dataTrack1\IMG\right_2024_11_20_20_12_28_447.jpg, -0.09757771, 0, 0, 15.99399
C:\Users\Owner\Downloads\simulator-windows-64\dataTrack1\IMG\center_2024_11_20_20_12_28_553.jpg, C:\Users\Owner\Downloads\simulator-windows-64\dataTrack1\IMG\left_2024_11_20_20_12_28_553.jpg, C:\Users\Owner\Downloads\simulator-windows-64\dataTrack1\IMG\right_2024_11_20_20_12_28_553.jpg, -0.3131178, 0, 0, 16.34375
C:\Users\Owner\Downloads\simulator-windows-64\dataTrack1\IMG\center_2024_11_20_20_12_28_658.jpg, C:\Users\Owner\Downloads\simulator-windows-64\dataTrack1\IMG\left_2024_11_20_20_12_28_658.jpg, C:\Users\Owner\Downloads\simulator-windows-64\dataTrack1\IMG\right_2024_11_20_20_12_28_658.jpg, 0, 0.103218, 0, 15.65808
C:\Users\Owner\Downloads\simulator-windows-64\dataTrack1\IMG\center_2024_11_20_20_12_28_761.jpg, C:\Users\Owner\Downloads\simulator-windows-64\dataTrack1\IMG\left_2024_11_20_20_12_28_761.jpg, C:\Users\Owner\Downloads\simulator-windows-64\dataTrack1\IMG\right_2024_11_20_20_12_28_761.jpg, 0, 0.2124924, 0, 16.25718
C:\Users\Owner\Downloads\simulator-windows-64\dataTrack1\IMG\center_2024_11_20_20_12_28_863.jpg, C:\Users\Owner\Downloads\simulator-windows-64\dataTrack1\IMG\left_2024_11_20_20_12_28_863.jpg, C:\Users\Owner\Downloads\simulator-windows-64\dataTrack1\IMG\right_2024_11_20_20_12_28_863.jpg, -0.3069618, 0, 0, 15.66708
C:\Users\Owner\Downloads\simulator-windows-64\dataTrack1\IMG\center_2024_11_20_20_12_28_969.jpg, C:\Users\Owner\Downloads\simulator-windows-64\dataTrack1\IMG\left_2024_11_20_20_12_28_969.jpg, C:\Users\Owner\Downloads\simulator-windows-64\dataTrack1\IMG\right_2024_11_20_20_12_28_969.jpg, -0.4111637, 0, 0, 15.35595
C:\Users\Owner\Downloads\simulator-windows-64\dataTrack1\IMG\center_2024_11_20_20_12_29_073.jpg, C:\Users\Owner\Downloads\simulator-windows-64\dataTrack1\IMG\left_2024_11_20_20_12_29_073.jpg, C:\Users\Owner\Downloads\simulator-windows-64\dataTrack1\IMG\right_2024_11_20_20_12_29_073.jpg, -0.09858352, 0, 0, 15.75388
C:\Users\Owner\Downloads\simulator-windows-64\dataTrack1\IMG\center_2024_11_20_20_12_29_176.jpg, C:\Users\Owner\Downloads\simulator-windows-64\dataTrack1\IMG\left_2024_11_20_20_12_29_176.jpg, C:\Users\Owner\Downloads\simulator-windows-64\dataTrack1\IMG\right_2024_11_20_20_12_29_176.jpg, -0.4077935, 0, 0, 15.05704
C:\Users\Owner\Downloads\simulator-windows-64\dataTrack1\IMG\center_2024_11_20_20_12_29_279.jpg, C:\Users\Owner\Downloads\simulator-windows-64\dataTrack1\IMG\left_2024_11_20_20_12_29_279.jpg, C:\Users\Owner\Downloads\simulator-windows-64\dataTrack1\IMG\right_2024_11_20_20_12_29_279.jpg, -0.3076693, 0, 0, 15.39368
C:\Users\Owner\Downloads\simulator-windows-64\dataTrack1\IMG\center_2024_11_20_20_12_29_382.jpg, C:\Users\Owner\Downloads\simulator-windows-64\dataTrack1\IMG\left_2024_11_20_20_12_29_382.jpg, C:\Users\Owner\Downloads\simulator-windows-64\dataTrack1\IMG\right_2024_11_20_20_12_29_382.jpg, -0.1060195, 0, 0, 14.7083
C:\Users\Owner\Downloads\simulator-windows-64\dataTrack1\IMG\center_2024_11_20_20_12_29_487.jpg, C:\Users\Owner\Downloads\simulator-windows-64\dataTrack1\IMG\left_2024_11_20_20_12_29_487.jpg, C:\Users\Owner\Downloads\simulator-windows-64\dataTrack1\IMG\right_2024_11_20_20_12_29_487.jpg, -0.3693224, 0, 0, 15.08315
C:\Users\Owner\Downloads\simulator-windows-64\dataTrack1\IMG\center_2024_11_20_20_12_29_590.jpg, C:\Users\Owner\Downloads\simulator-windows-64\dataTrack1\IMG\left_2024_11_20_20_12_29_590.jpg, C:\Users\Owner\Downloads\simulator-windows-64\dataTrack1\IMG\right_2024_11_20_20_12_29_590.jpg, -0.3266015, 0, 0, 14.85587
C:\Users\Owner\Downloads\simulator-windows-64\dataTrack1\IMG\center_2024_11_20_20_12_29_692.jpg, C:\Users\Owner\Downloads\simulator-windows-64\dataTrack1\IMG\left_2024_11_20_20_12_29_692.jpg, C:\Users\Owner\Downloads\simulator-windows-64\dataTrack1\IMG\right_2024_11_20_20_12_29_692.jpg, -0.01974796, 0, 0, 14.17682
C:\Users\Owner\Downloads\simulator-windows-64\dataTrack1\IMG\center_2024_11_20_20_12_29_795.jpg, C:\Users\Owner\Downloads\simulator-windows-64\dataTrack1\IMG\left_2024_11_20_20_12_29_795.jpg, C:\Users\Owner\Downloads\simulator-windows-64\dataTrack1\IMG\right_2024_11_20_20_12_29_795.jpg, -0.204849, 0, 0, 14.53586
C:\Users\Owner\Downloads\simulator-windows-64\dataTrack1\IMG\center_2024_11_20_20_12_29_899.jpg, C:\Users\Owner\Downloads\simulator-windows-64\dataTrack1\IMG\left_2024_11_20_20_12_29_899.jpg, C:\Users\Owner\Downloads\simulator-windows-64\dataTrack1\IMG\right_2024_11_20_20_12_29_899.jpg, -0.2081898, 0, 0, 13.87233
C:\Users\Owner\Downloads\simulator-windows-64\dataTrack1\IMG\center_2024_11_20_20_12_30_004.jpg, C:\Users\Owner\Downloads\simulator-windows-64\dataTrack1\IMG\left_2024_11_20_20_12_30_004.jpg, C:\Users\Owner\Downloads\simulator-windows-64\dataTrack1\IMG\right_2024_11_20_20_12_30_004.jpg, 0, 0, 0, 14.22918
C:\Users\Owner\Downloads\simulator-windows-64\dataTrack1\IMG\center_2024_11_20_20_12_30_108.jpg, C:\Users\Owner\Downloads\simulator-windows-64\dataTrack1\IMG\left_2024_11_20_20_12_30_108.jpg, C:\Users\Owner\Downloads\simulator-windows-64\dataTrack1\IMG\right_2024_11_20_20_12_30_108.jpg, -0.3114102, 0, 0, 13.99001
C:\Users\Owner\Downloads\simulator-windows-64\dataTrack1\IMG\center_2024_11_20_20_12_30_211.jpg, C:\Users\Owner\Downloads\simulator-windows-64\dataTrack1\IMG\left_2024_11_20_20_12_30_211.jpg, C:\Users\Owner\Downloads\simulator-windows-64\dataTrack1\IMG\right_2024_11_20_20_12_30_211.jpg, -0.6222864, 0.0521862, 0, 13.21374
C:\Users\Owner\Downloads\simulator-windows-64\dataTrack1\IMG\center_2024_11_20_20_12_30_316.jpg, C:\Users\Owner\Downloads\simulator-windows-64\dataTrack1\IMG\left_2024_11_20_20_12_30_316.jpg, C:\Users\Owner\Downloads\simulator-windows-64\dataTrack1\IMG\right_2024_11_20_20_12_30_316.jpg, -0.3099369, 0.1557771, 0, 13.8315
C:\Users\Owner\Downloads\simulator-windows-64\dataTrack1\IMG\center_2024_11_20_20_12_30_416.jpg, C:\Users\Owner\Downloads\simulator-windows-64\dataTrack1\IMG\left_2024_11_20_20_12_30_416.jpg, C:\Users\Owner\Downloads\simulator-windows-64\dataTrack1\IMG\right_2024_11_20_20_12_30_416.jpg, -0.3144401, 0, 0, 13.16669
C:\Users\Owner\Downloads\simulator-windows-64\dataTrack1\IMG\center_2024_11_20_20_12_30_522.jpg, C:\Users\Owner\Downloads\simulator-windows-64\dataTrack1\IMG\left_2024_11_20_20_12_30_522.jpg, C:\Users\Owner\Downloads\simulator-windows-64\dataTrack1\IMG\right_2024_11_20_20_12_30_522.jpg, -0.6334013, 0, 0, 13.49373
C:\Users\Owner\Downloads\simulator-windows-64\dataTrack1\IMG\center_2024_11_20_20_12_30_624.jpg, C:\Users\Owner\Downloads\simulator-windows-64\dataTrack1\IMG\left_2024_11_20_20_12_30_624.jpg, C:\Users\Owner\Downloads\simulator-windows-64\dataTrack1\IMG\right_2024_11_20_20_12_30_624.jpg, -0.3806315, 0, 0, 12.80963
C:\Users\Owner\Downloads\simulator-windows-64\dataTrack1\IMG\center_2024_11_20_20_12_30_729.jpg, C:\Users\Owner\Downloads\simulator-windows-64\dataTrack1\IMG\left_2024_11_20_20_12_30_729.jpg, C:\Users\Owner\Downloads\simulator-windows-64\dataTrack1\IMG\right_2024_11_20_20_12_30_729.jpg, -0.1169057, 0, 0, 12.66334
C:\Users\Owner\Downloads\simulator-windows-64\dataTrack1\IMG\center_2024_11_20_20_12_30_836.jpg, C:\Users\Owner\Downloads\simulator-windows-64\dataTrack1\IMG\left_2024_11_20_20_12_30_836.jpg, C:\Users\Owner\Downloads\simulator-windows-64\dataTrack1\IMG\right_2024_11_20_20_12_30_836.jpg, -0.2247461, 0, 0, 13.08045
C:\Users\Owner\Downloads\simulator-windows-64\dataTrack1\IMG\center_2024_11_20_20_12_30_942.jpg, C:\Users\Owner\Downloads\simulator-windows-64\dataTrack1\IMG\left_2024_11_20_20_12_30_942.jpg, C:\Users\Owner\Downloads\simulator-windows-64\dataTrack1\IMG\right_2024_11_20_20_12_30_942.jpg, 0, 0, 0, 12.44154
C:\Users\Owner\Downloads\simulator-windows-64\dataTrack1\IMG\center_2024_11_20_20_12_31_046.jpg, C:\Users\Owner\Downloads\simulator-windows-64\dataTrack1\IMG\left_2024_11_20_20_12_31_046.jpg, C:\Users\Owner\Downloads\simulator-windows-64\dataTrack1\IMG\right_2024_11_20_20_12_31_046.jpg, 0, 0, 0, 12.77632
C:\Users\Owner\Downloads\simulator-windows-64\dataTrack1\IMG\center_2024_11_20_20_12_31_150.jpg, C:\Users\Owner\Downloads\simulator-windows-64\dataTrack1\IMG\left_2024_11_20_20_12_31_150.jpg, C:\Users\Owner\Downloads\simulator-windows-64\dataTrack1\IMG\right_2024_11_20_20_12_31_150.jpg, -0.1031697, 0.2601909, 0, 12.89265
C:\Users\Owner\Downloads\simulator-windows-64\dataTrack1\IMG\center_2024_11_20_20_12_31_255.jpg, C:\Users\Owner\Downloads\simulator-windows-64\dataTrack1\IMG\left_2024_11_20_20_12_31_255.jpg, C:\Users\Owner\Downloads\simulator-windows-64\dataTrack1\IMG\right_2024_11_20_20_12_31_255.jpg, -0.417534, 0, 0, 12.34408
C:\Users\Owner\Downloads\simulator-windows-64\dataTrack1\IMG\center_2024_11_20_20_12_31_360.jpg, C:\Users\Owner\Downloads\simulator-windows-64\dataTrack1\IMG\left_2024_11_20_20_12_31_360.jpg, C:\Users\Owner\Downloads\simulator-windows-64\dataTrack1\IMG\right_2024_11_20_20_12_31_360.jpg, -0.1036794, 0, 0, 12.72674
C:\Users\Owner\Downloads\simulator-windows-64\dataTrack1\IMG\center_2024_11_20_20_12_31_463.jpg, C:\Users\Owner\Downloads\simulator-windows-64\dataTrack1\IMG\left_2024_11_20_20_12_31_463.jpg, C:\Users\Owner\Downloads\simulator-windows-64\dataTrack1\IMG\right_2024_11_20_20_12_31_463.jpg, -0.2000925, 0, 0, 12.05444
C:\Users\Owner\Downloads\simulator-windows-64\dataTrack1\IMG\center_2024_11_20_20_12_31_563.jpg, C:\Users\Owner\Downloads\simulator-windows-64\dataTrack1\IMG\left_2024_11_20_20_12_31_563.jpg, C:\Users\Owner\Downloads\simulator-windows-64\dataTrack1\IMG\right_2024_11_20_20_12_31_563.jpg, -0.2477103, 0, 0, 12.43093
C:\Users\Owner\Downloads\simulator-windows-64\dataTrack1\IMG\center_2024_11_20_20_12_31_670.jpg, C:\Users\Owner\Downloads\simulator-windows-64\dataTrack1\IMG\left_2024_11_20_20_12_31_670.jpg, C:\Users\Owner\Downloads\simulator-windows-64\dataTrack1\IMG\right_2024_11_20_20_12_31_670.jpg, 0, 0.1986954, 0, 12.3944
C:\Users\Owner\Downloads\simulator-windows-64\dataTrack1\IMG\center_2024_11_20_20_12_31_773.jpg, C:\Users\Owner\Downloads\simulator-windows-64\dataTrack1\IMG\left_2024_11_20_20_12_31_773.jpg, C:\Users\Owner\Downloads\simulator-windows-64\dataTrack1\IMG\right_2024_11_20_20_12_31_773.jpg, 0, 0, 0, 12.08457
C:\Users\Owner\Downloads\simulator-windows-64\dataTrack1\IMG\center_2024_11_20_20_12_31_877.jpg, C:\Users\Owner\Downloads\simulator-windows-64\dataTrack1\IMG\left_2024_11_20_20_12_31_877.jpg, C:\Users\Owner\Downloads\simulator-windows-64\dataTrack1\IMG\right_2024_11_20_20_12_31_877.jpg, -0.2030955, 0, 0, 12.19255
C:\Users\Owner\Downloads\simulator-windows-64\dataTrack1\IMG\center_2024_11_20_20_12_31_982.jpg, C:\Users\Owner\Downloads\simulator-windows-64\dataTrack1\IMG\left_2024_11_20_20_12_31_982.jpg, C:\Users\Owner\Downloads\simulator-windows-64\dataTrack1\IMG\right_2024_11_20_20_12_31_982.jpg, -0.4129581, 0.1026672, 0, 11.81844
C:\Users\Owner\Downloads\simulator-windows-64\dataTrack1\IMG\center_2024_11_20_20_12_32_083.jpg, C:\Users\Owner\Downloads\simulator-windows-64\dataTrack1\IMG\left_2024_11_20_20_12_32_083.jpg, C:\Users\Owner\Downloads\simulator-windows-64\dataTrack1\IMG\right_2024_11_20_20_12_32_083.jpg, -0.1081503, 0.0127956, 0, 12.04585
C:\Users\Owner\Downloads\simulator-windows-64\dataTrack1\IMG\center_2024_11_20_20_12_32_188.jpg, C:\Users\Owner\Downloads\simulator-windows-64\dataTrack1\IMG\left_2024_11_20_20_12_32_188.jpg, C:\Users\Owner\Downloads\simulator-windows-64\dataTrack1\IMG\right_2024_11_20_20_12_32_188.jpg, -0.1528512, 0, 0, 11.79076
C:\Users\Owner\Downloads\simulator-windows-64\dataTrack1\IMG\center_2024_11_20_20_12_32_291.jpg, C:\Users\Owner\Downloads\simulator-windows-64\dataTrack1\IMG\left_2024_11_20_20_12_32_291.jpg, C:\Users\Owner\Downloads\simulator-windows-64\dataTrack1\IMG\right_2024_11_20_20_12_32_291.jpg, -0.4626251, 0, 0, 11.57512
C:\Users\Owner\Downloads\simulator-windows-64\dataTrack1\IMG\center_2024_11_20_20_12_32_395.jpg, C:\Users\Owner\Downloads\simulator-windows-64\dataTrack1\IMG\left_2024_11_20_20_12_32_395.jpg, C:\Users\Owner\Downloads\simulator-windows-64\dataTrack1\IMG\right_2024_11_20_20_12_32_395.jpg, -0.1526321, 0, 0, 11.42212
C:\Users\Owner\Downloads\simulator-windows-64\dataTrack1\IMG\center_2024_11_20_20_12_32_499.jpg, C:\Users\Owner\Downloads\simulator-windows-64\dataTrack1\IMG\left_2024_11_20_20_12_32_499.jpg, C:\Users\Owner\Downloads\simulator-windows-64\dataTrack1\IMG\right_2024_11_20_20_12_32_499.jpg, 0, 0.1524627, 0, 11.33653
C:\Users\Owner\Downloads\simulator-windows-64\dataTrack1\IMG\center_2024_11_20_20_12_32_603.jpg, C:\Users\Owner\Downloads\simulator-windows-64\dataTrack1\IMG\left_2024_11_20_20_12_32_603.jpg, C:\Users\Owner\Downloads\simulator-windows-64\dataTrack1\IMG\right_2024_11_20_20_12_32_603.jpg, -0.2113119, 0.1479315, 0, 11.56506
C:\Users\Owner\Downloads\simulator-windows-64\dataTrack1\IMG\center_2024_11_20_20_12_32_707.jpg, C:\Users\Owner\Downloads\simulator-windows-64\dataTrack1\IMG\left_2024_11_20_20_12_32_707.jpg, C:\Users\Owner\Downloads\simulator-windows-64\dataTrack1\IMG\right_2024_11_20_20_12_32_707.jpg, -0.4191318, 0, 0, 11.56717
C:\Users\Owner\Downloads\simulator-windows-64\dataTrack1\IMG\center_2024_11_20_20_12_32_811.jpg, C:\Users\Owner\Downloads\simulator-windows-64\dataTrack1\IMG\left_2024_11_20_20_12_32_811.jpg, C:\Users\Owner\Downloads\simulator-windows-64\dataTrack1\IMG\right_2024_11_20_20_12_32_811.jpg, -0.1091286, 0.3100032, 0, 11.65443
C:\Users\Owner\Downloads\simulator-windows-64\dataTrack1\IMG\center_2024_11_20_20_12_32_916.jpg, C:\Users\Owner\Downloads\simulator-windows-64\dataTrack1\IMG\left_2024_11_20_20_12_32_916.jpg, C:\Users\Owner\Downloads\simulator-windows-64\dataTrack1\IMG\right_2024_11_20_20_12_32_916.jpg, -0.0524241, 0, 0, 11.31234
C:\Users\Owner\Downloads\simulator-windows-64\dataTrack1\IMG\center_2024_11_20_20_12_33_016.jpg, C:\Users\Owner\Downloads\simulator-windows-64\dataTrack1\IMG\left_2024_11_20_20_12_33_016.jpg, C:\Users\Owner\Downloads\simulator-windows-64\dataTrack1\IMG\right_2024_11_20_20_12_33_016.jpg, -0.3531138, 0.3006897, 0, 11.72316
C:\Users\Owner\Downloads\simulator-windows-64\dataTrack1\IMG\center_2024_11_20_20_12_33_121.jpg, C:\Users\Owner\Downloads\simulator-windows-64\dataTrack1\IMG\left_2024_11_20_20_12_33_121.jpg, C:\Users\Owner\Downloads\simulator-windows-64\dataTrack1\IMG\right_2024_11_20_20_12_33_121.jpg, -0.03709113, 0, 0, 11.55638
C:\Users\Owner\Downloads\simulator-windows-64\dataTrack1\IMG\center_2024_11_20_20_12_33_225.jpg, C:\Users\Owner\Downloads\simulator-windows-64\dataTrack1\IMG\left_2024_11_20_20_12_33_225.jpg, C:\Users\Owner\Downloads\simulator-windows-64\dataTrack1\IMG\right_2024_11_20_20_12_33_225.jpg, 0, 0.2606838, 0, 11.67367
C:\Users\Owner\Downloads\simulator-windows-64\dataTrack1\IMG\center_2024_11_20_20_12_33_329.jpg, C:\Users\Owner\Downloads\simulator-windows-64\dataTrack1\IMG\left_2024_11_20_20_12_33_329.jpg, C:\Users\Owner\Downloads\simulator-windows-64\dataTrack1\IMG\right_2024_11_20_20_12_33_329.jpg, -0.1561566, 0, 0, 11.83493
C:\Users\Owner\Downloads\simulator-windows-64\dataTrack1\IMG\center_2024_11_20_20_12_33_435.jpg, C:\Users\Owner\Downloads\simulator-windows-64\dataTrack1\IMG\left_2024_11_20_20_12_33_435.jpg, C:\Users\Owner\Downloads\simulator-windows-64\dataTrack1\IMG\right_2024_11_20_20_12_33_435.jpg, 0, 0.3166476, 0, 11.66791
C:\Users\Owner\Downloads\simulator-windows-64\dataTrack1\IMG\center_2024_11_20_20_12_33_538.jpg, C:\Users\Owner\Downloads\simulator-windows-64\dataTrack1\IMG\left_2024_11_20_20_12_33_538.jpg, C:\Users\Owner\Downloads\simulator-windows-64\dataTrack1\IMG\right_2024_11_20_20_12_33_538.jpg, -0.165972, 0.1239714, 0, 12.04775
C:\Users\Owner\Downloads\simulator-windows-64\dataTrack1\IMG\center_2024_11_20_20_12_33_642.jpg, C:\Users\Owner\Downloads\simulator-windows-64\dataTrack1\IMG\left_2024_11_20_20_12_33_642.jpg, C:\Users\Owner\Downloads\simulator-windows-64\dataTrack1\IMG\right_2024_11_20_20_12_33_642.jpg, -0.4777275, 0.2328249, 0, 11.78871
C:\Users\Owner\Downloads\simulator-windows-64\dataTrack1\IMG\center_2024_11_20_20_12_33_743.jpg, C:\Users\Owner\Downloads\simulator-windows-64\dataTrack1\IMG\left_2024_11_20_20_12_33_743.jpg, C:\Users\Owner\Downloads\simulator-windows-64\dataTrack1\IMG\right_2024_11_20_20_12_33_743.jpg, -0.1749939, 0.1376349, 0, 12.27123
C:\Users\Owner\Downloads\simulator-windows-64\dataTrack1\IMG\center_2024_11_20_20_12_33_847.jpg, C:\Users\Owner\Downloads\simulator-windows-64\dataTrack1\IMG\left_2024_11_20_20_12_33_847.jpg, C:\Users\Owner\Downloads\simulator-windows-64\dataTrack1\IMG\right_2024_11_20_20_12_33_847.jpg, 0, 0.2438412, 0, 12.42132
C:\Users\Owner\Downloads\simulator-windows-64\dataTrack1\IMG\center_2024_11_20_20_12_33_952.jpg, C:\Users\Owner\Downloads\simulator-windows-64\dataTrack1\IMG\left_2024_11_20_20_12_33_952.jpg, C:\Users\Owner\Downloads\simulator-windows-64\dataTrack1\IMG\right_2024_11_20_20_12_33_952.jpg, -0.154602, 0.3392361, 0, 12.19107
C:\Users\Owner\Downloads\simulator-windows-64\dataTrack1\IMG\center_2024_11_20_20_12_34_056.jpg, C:\Users\Owner\Downloads\simulator-windows-64\dataTrack1\IMG\left_2024_11_20_20_12_34_056.jpg, C:\Users\Owner\Downloads\simulator-windows-64\dataTrack1\IMG\right_2024_11_20_20_12_34_056.jpg, -0.01592011, 0.2005542, 0, 12.87395
C:\Users\Owner\Downloads\simulator-windows-64\dataTrack1\IMG\center_2024_11_20_20_12_34_160.jpg, C:\Users\Owner\Downloads\simulator-windows-64\dataTrack1\IMG\left_2024_11_20_20_12_34_160.jpg, C:\Users\Owner\Downloads\simulator-windows-64\dataTrack1\IMG\right_2024_11_20_20_12_34_160.jpg, 0, 0.5102583, 0, 12.57805
C:\Users\Owner\Downloads\simulator-windows-64\dataTrack1\IMG\center_2024_11_20_20_12_34_263.jpg, C:\Users\Owner\Downloads\simulator-windows-64\dataTrack1\IMG\left_2024_11_20_20_12_34_263.jpg, C:\Users\Owner\Downloads\simulator-windows-64\dataTrack1\IMG\right_2024_11_20_20_12_34_263.jpg, 0, 0.3638709, 0, 13.37347
C:\Users\Owner\Downloads\simulator-windows-64\dataTrack1\IMG\center_2024_11_20_20_12_34_367.jpg, C:\Users\Owner\Downloads\simulator-windows-64\dataTrack1\IMG\left_2024_11_20_20_12_34_367.jpg, C:\Users\Owner\Downloads\simulator-windows-64\dataTrack1\IMG\right_2024_11_20_20_12_34_367.jpg, 0, 0.6739215, 0, 14.17331
C:\Users\Owner\Downloads\simulator-windows-64\dataTrack1\IMG\center_2024_11_20_20_12_34_470.jpg, C:\Users\Owner\Downloads\simulator-windows-64\dataTrack1\IMG\left_2024_11_20_20_12_34_470.jpg, C:\Users\Owner\Downloads\simulator-windows-64\dataTrack1\IMG\right_2024_11_20_20_12_34_470.jpg, 0, 0.9832749, 0, 14.9063
C:\Users\Owner\Downloads\simulator-windows-64\dataTrack1\IMG\center_2024_11_20_20_12_34_574.jpg, C:\Users\Owner\Downloads\simulator-windows-64\dataTrack1\IMG\left_2024_11_20_20_12_34_574.jpg, C:\Users\Owner\Downloads\simulator-windows-64\dataTrack1\IMG\right_2024_11_20_20_12_34_574.jpg, 0, 0.9454453, 0, 16.04822
C:\Users\Owner\Downloads\simulator-windows-64\dataTrack1\IMG\center_2024_11_20_20_12_34_675.jpg, C:\Users\Owner\Downloads\simulator-windows-64\dataTrack1\IMG\left_2024_11_20_20_12_34_675.jpg, C:\Users\Owner\Downloads\simulator-windows-64\dataTrack1\IMG\right_2024_11_20_20_12_34_675.jpg, -0.1029423, 0.7435483, 0, 16.76368
C:\Users\Owner\Downloads\simulator-windows-64\dataTrack1\IMG\center_2024_11_20_20_12_34_780.jpg, C:\Users\Owner\Downloads\simulator-windows-64\dataTrack1\IMG\left_2024_11_20_20_12_34_780.jpg, C:\Users\Owner\Downloads\simulator-windows-64\dataTrack1\IMG\right_2024_11_20_20_12_34_780.jpg, -0.4164843, 0.8548819, 0, 17.62646
C:\Users\Owner\Downloads\simulator-windows-64\dataTrack1\IMG\center_2024_11_20_20_12_34_884.jpg, C:\Users\Owner\Downloads\simulator-windows-64\dataTrack1\IMG\left_2024_11_20_20_12_34_884.jpg, C:\Users\Owner\Downloads\simulator-windows-64\dataTrack1\IMG\right_2024_11_20_20_12_34_884.jpg, -0.5775222, 0.693844, 0, 18.13609
C:\Users\Owner\Downloads\simulator-windows-64\dataTrack1\IMG\center_2024_11_20_20_12_34_990.jpg, C:\Users\Owner\Downloads\simulator-windows-64\dataTrack1\IMG\left_2024_11_20_20_12_34_990.jpg, C:\Users\Owner\Downloads\simulator-windows-64\dataTrack1\IMG\right_2024_11_20_20_12_34_990.jpg, -0.2112948, 0.9470203, 0, 19.22867
C:\Users\Owner\Downloads\simulator-windows-64\dataTrack1\IMG\center_2024_11_20_20_12_35_093.jpg, C:\Users\Owner\Downloads\simulator-windows-64\dataTrack1\IMG\left_2024_11_20_20_12_35_093.jpg, C:\Users\Owner\Downloads\simulator-windows-64\dataTrack1\IMG\right_2024_11_20_20_12_35_093.jpg, 0, 0.6367822, 0, 20.00442
C:\Users\Owner\Downloads\simulator-windows-64\dataTrack1\IMG\center_2024_11_20_20_12_35_196.jpg, C:\Users\Owner\Downloads\simulator-windows-64\dataTrack1\IMG\left_2024_11_20_20_12_35_196.jpg, C:\Users\Owner\Downloads\simulator-windows-64\dataTrack1\IMG\right_2024_11_20_20_12_35_196.jpg, 0, 0.3284776, 0, 20.27877
C:\Users\Owner\Downloads\simulator-windows-64\dataTrack1\IMG\center_2024_11_20_20_12_35_299.jpg, C:\Users\Owner\Downloads\simulator-windows-64\dataTrack1\IMG\left_2024_11_20_20_12_35_299.jpg, C:\Users\Owner\Downloads\simulator-windows-64\dataTrack1\IMG\right_2024_11_20_20_12_35_299.jpg, 0, 0.3247261, 0, 20.4542
C:\Users\Owner\Downloads\simulator-windows-64\dataTrack1\IMG\center_2024_11_20_20_12_35_401.jpg, C:\Users\Owner\Downloads\simulator-windows-64\dataTrack1\IMG\left_2024_11_20_20_12_35_401.jpg, C:\Users\Owner\Downloads\simulator-windows-64\dataTrack1\IMG\right_2024_11_20_20_12_35_401.jpg, 0, 0.3201349, 0, 20.69427
C:\Users\Owner\Downloads\simulator-windows-64\dataTrack1\IMG\center_2024_11_20_20_12_35_506.jpg, C:\Users\Owner\Downloads\simulator-windows-64\dataTrack1\IMG\left_2024_11_20_20_12_35_506.jpg, C:\Users\Owner\Downloads\simulator-windows-64\dataTrack1\IMG\right_2024_11_20_20_12_35_506.jpg, 0, 0.2603902, 0, 20.7788
C:\Users\Owner\Downloads\simulator-windows-64\dataTrack1\IMG\center_2024_11_20_20_12_35_608.jpg, C:\Users\Owner\Downloads\simulator-windows-64\dataTrack1\IMG\left_2024_11_20_20_12_35_608.jpg, C:\Users\Owner\Downloads\simulator-windows-64\dataTrack1\IMG\right_2024_11_20_20_12_35_608.jpg, -0.1016607, 0.226636, 0, 21.01174
C:\Users\Owner\Downloads\simulator-windows-64\dataTrack1\IMG\center_2024_11_20_20_12_35_713.jpg, C:\Users\Owner\Downloads\simulator-windows-64\dataTrack1\IMG\left_2024_11_20_20_12_35_713.jpg, C:\Users\Owner\Downloads\simulator-windows-64\dataTrack1\IMG\right_2024_11_20_20_12_35_713.jpg, -0.3127257, 0.0509154, 0, 20.78625
C:\Users\Owner\Downloads\simulator-windows-64\dataTrack1\IMG\center_2024_11_20_20_12_35_817.jpg, C:\Users\Owner\Downloads\simulator-windows-64\dataTrack1\IMG\left_2024_11_20_20_12_35_817.jpg, C:\Users\Owner\Downloads\simulator-windows-64\dataTrack1\IMG\right_2024_11_20_20_12_35_817.jpg, 0, 0.1553343, 0, 20.80145
C:\Users\Owner\Downloads\simulator-windows-64\dataTrack1\IMG\center_2024_11_20_20_12_35_921.jpg, C:\Users\Owner\Downloads\simulator-windows-64\dataTrack1\IMG\left_2024_11_20_20_12_35_921.jpg, C:\Users\Owner\Downloads\simulator-windows-64\dataTrack1\IMG\right_2024_11_20_20_12_35_921.jpg, 0, 0, 0, 20.61691
C:\Users\Owner\Downloads\simulator-windows-64\dataTrack1\IMG\center_2024_11_20_20_12_36_025.jpg, C:\Users\Owner\Downloads\simulator-windows-64\dataTrack1\IMG\left_2024_11_20_20_12_36_025.jpg, C:\Users\Owner\Downloads\simulator-windows-64\dataTrack1\IMG\right_2024_11_20_20_12_36_025.jpg, 0, 0.2599944, 0, 20.57095
C:\Users\Owner\Downloads\simulator-windows-64\dataTrack1\IMG\center_2024_11_20_20_12_36_129.jpg, C:\Users\Owner\Downloads\simulator-windows-64\dataTrack1\IMG\left_2024_11_20_20_12_36_129.jpg, C:\Users\Owner\Downloads\simulator-windows-64\dataTrack1\IMG\right_2024_11_20_20_12_36_129.jpg, 0, 0.002529878, 0, 20.55162
C:\Users\Owner\Downloads\simulator-windows-64\dataTrack1\IMG\center_2024_11_20_20_12_36_232.jpg, C:\Users\Owner\Downloads\simulator-windows-64\dataTrack1\IMG\left_2024_11_20_20_12_36_232.jpg, C:\Users\Owner\Downloads\simulator-windows-64\dataTrack1\IMG\right_2024_11_20_20_12_36_232.jpg, 0, 0.3128787, 0, 20.54728
C:\Users\Owner\Downloads\simulator-windows-64\dataTrack1\IMG\center_2024_11_20_20_12_36_334.jpg, C:\Users\Owner\Downloads\simulator-windows-64\dataTrack1\IMG\left_2024_11_20_20_12_36_334.jpg, C:\Users\Owner\Downloads\simulator-windows-64\dataTrack1\IMG\right_2024_11_20_20_12_36_334.jpg, 0, 0.006654017, 0, 20.54006
C:\Users\Owner\Downloads\simulator-windows-64\dataTrack1\IMG\center_2024_11_20_20_12_36_440.jpg, C:\Users\Owner\Downloads\simulator-windows-64\dataTrack1\IMG\left_2024_11_20_20_12_36_440.jpg, C:\Users\Owner\Downloads\simulator-windows-64\dataTrack1\IMG\right_2024_11_20_20_12_36_440.jpg, 0, 0.2134389, 0, 20.51375
C:\Users\Owner\Downloads\simulator-windows-64\dataTrack1\IMG\center_2024_11_20_20_12_36_543.jpg, C:\Users\Owner\Downloads\simulator-windows-64\dataTrack1\IMG\left_2024_11_20_20_12_36_543.jpg, C:\Users\Owner\Downloads\simulator-windows-64\dataTrack1\IMG\right_2024_11_20_20_12_36_543.jpg, 0, 0, 0, 20.40103
C:\Users\Owner\Downloads\simulator-windows-64\dataTrack1\IMG\center_2024_11_20_20_12_36_645.jpg, C:\Users\Owner\Downloads\simulator-windows-64\dataTrack1\IMG\left_2024_11_20_20_12_36_645.jpg, C:\Users\Owner\Downloads\simulator-windows-64\dataTrack1\IMG\right_2024_11_20_20_12_36_645.jpg, 0, 0, 0, 20.19336
C:\Users\Owner\Downloads\simulator-windows-64\dataTrack1\IMG\center_2024_11_20_20_12_36_748.jpg, C:\Users\Owner\Downloads\simulator-windows-64\dataTrack1\IMG\left_2024_11_20_20_12_36_748.jpg, C:\Users\Owner\Downloads\simulator-windows-64\dataTrack1\IMG\right_2024_11_20_20_12_36_748.jpg, 0, 0.1532751, 0, 19.99906
C:\Users\Owner\Downloads\simulator-windows-64\dataTrack1\IMG\center_2024_11_20_20_12_36_854.jpg, C:\Users\Owner\Downloads\simulator-windows-64\dataTrack1\IMG\left_2024_11_20_20_12_36_854.jpg, C:\Users\Owner\Downloads\simulator-windows-64\dataTrack1\IMG\right_2024_11_20_20_12_36_854.jpg, 0, 0.359283, 0, 20.20259
C:\Users\Owner\Downloads\simulator-windows-64\dataTrack1\IMG\center_2024_11_20_20_12_36_957.jpg, C:\Users\Owner\Downloads\simulator-windows-64\dataTrack1\IMG\left_2024_11_20_20_12_36_957.jpg, C:\Users\Owner\Downloads\simulator-windows-64\dataTrack1\IMG\right_2024_11_20_20_12_36_957.jpg, -0.1528731, 0.04843266, 0, 20.22512
C:\Users\Owner\Downloads\simulator-windows-64\dataTrack1\IMG\center_2024_11_20_20_12_37_061.jpg, C:\Users\Owner\Downloads\simulator-windows-64\dataTrack1\IMG\left_2024_11_20_20_12_37_061.jpg, C:\Users\Owner\Downloads\simulator-windows-64\dataTrack1\IMG\right_2024_11_20_20_12_37_061.jpg, -0.01620269, 0.0505227, 0, 19.99491
C:\Users\Owner\Downloads\simulator-windows-64\dataTrack1\IMG\center_2024_11_20_20_12_37_165.jpg, C:\Users\Owner\Downloads\simulator-windows-64\dataTrack1\IMG\left_2024_11_20_20_12_37_165.jpg, C:\Users\Owner\Downloads\simulator-windows-64\dataTrack1\IMG\right_2024_11_20_20_12_37_165.jpg, 0, 0.310272, 0, 20.00872
C:\Users\Owner\Downloads\simulator-windows-64\dataTrack1\IMG\center_2024_11_20_20_12_37_266.jpg, C:\Users\Owner\Downloads\simulator-windows-64\dataTrack1\IMG\left_2024_11_20_20_12_37_266.jpg, C:\Users\Owner\Downloads\simulator-windows-64\dataTrack1\IMG\right_2024_11_20_20_12_37_266.jpg, 0, 0.0006768219, 0, 19.98931
C:\Users\Owner\Downloads\simulator-windows-64\dataTrack1\IMG\center_2024_11_20_20_12_37_371.jpg, C:\Users\Owner\Downloads\simulator-windows-64\dataTrack1\IMG\left_2024_11_20_20_12_37_371.jpg, C:\Users\Owner\Downloads\simulator-windows-64\dataTrack1\IMG\right_2024_11_20_20_12_37_371.jpg, 0, 0.2096439, 0, 19.83485
C:\Users\Owner\Downloads\simulator-windows-64\dataTrack1\IMG\center_2024_11_20_20_12_37_476.jpg, C:\Users\Owner\Downloads\simulator-windows-64\dataTrack1\IMG\left_2024_11_20_20_12_37_476.jpg, C:\Users\Owner\Downloads\simulator-windows-64\dataTrack1\IMG\right_2024_11_20_20_12_37_476.jpg, 0, 0.1042554, 0, 19.90309
C:\Users\Owner\Downloads\simulator-windows-64\dataTrack1\IMG\center_2024_11_20_20_12_37_581.jpg, C:\Users\Owner\Downloads\simulator-windows-64\dataTrack1\IMG\left_2024_11_20_20_12_37_581.jpg, C:\Users\Owner\Downloads\simulator-windows-64\dataTrack1\IMG\right_2024_11_20_20_12_37_581.jpg, 0, 0.2479596, 0, 19.82209
C:\Users\Owner\Downloads\simulator-windows-64\dataTrack1\IMG\center_2024_11_20_20_12_37_682.jpg, C:\Users\Owner\Downloads\simulator-windows-64\dataTrack1\IMG\left_2024_11_20_20_12_37_682.jpg, C:\Users\Owner\Downloads\simulator-windows-64\dataTrack1\IMG\right_2024_11_20_20_12_37_682.jpg, 0, 0, 0, 19.77397
C:\Users\Owner\Downloads\simulator-windows-64\dataTrack1\IMG\center_2024_11_20_20_12_37_788.jpg, C:\Users\Owner\Downloads\simulator-windows-64\dataTrack1\IMG\left_2024_11_20_20_12_37_788.jpg, C:\Users\Owner\Downloads\simulator-windows-64\dataTrack1\IMG\right_2024_11_20_20_12_37_788.jpg, 0, 0.2018007, 0, 19.76202
C:\Users\Owner\Downloads\simulator-windows-64\dataTrack1\IMG\center_2024_11_20_20_12_37_893.jpg, C:\Users\Owner\Downloads\simulator-windows-64\dataTrack1\IMG\left_2024_11_20_20_12_37_893.jpg, C:\Users\Owner\Downloads\simulator-windows-64\dataTrack1\IMG\right_2024_11_20_20_12_37_893.jpg, 0, 0.0549579, 0, 19.61243
C:\Users\Owner\Downloads\simulator-windows-64\dataTrack1\IMG\center_2024_11_20_20_12_37_998.jpg, C:\Users\Owner\Downloads\simulator-windows-64\dataTrack1\IMG\left_2024_11_20_20_12_37_998.jpg, C:\Users\Owner\Downloads\simulator-windows-64\dataTrack1\IMG\right_2024_11_20_20_12_37_998.jpg, 0, 0.2623413, 0, 19.68991
C:\Users\Owner\Downloads\simulator-windows-64\dataTrack1\IMG\center_2024_11_20_20_12_38_101.jpg, C:\Users\Owner\Downloads\simulator-windows-64\dataTrack1\IMG\left_2024_11_20_20_12_38_101.jpg, C:\Users\Owner\Downloads\simulator-windows-64\dataTrack1\IMG\right_2024_11_20_20_12_38_101.jpg, 0, 0, 0, 19.62326
C:\Users\Owner\Downloads\simulator-windows-64\dataTrack1\IMG\center_2024_11_20_20_12_38_202.jpg, C:\Users\Owner\Downloads\simulator-windows-64\dataTrack1\IMG\left_2024_11_20_20_12_38_202.jpg, C:\Users\Owner\Downloads\simulator-windows-64\dataTrack1\IMG\right_2024_11_20_20_12_38_202.jpg, 0, 0, 0, 19.42828
C:\Users\Owner\Downloads\simulator-windows-64\dataTrack1\IMG\center_2024_11_20_20_12_38_307.jpg, C:\Users\Owner\Downloads\simulator-windows-64\dataTrack1\IMG\left_2024_11_20_20_12_38_307.jpg, C:\Users\Owner\Downloads\simulator-windows-64\dataTrack1\IMG\right_2024_11_20_20_12_38_307.jpg, 0, 0, 0, 19.19208
C:\Users\Owner\Downloads\simulator-windows-64\dataTrack1\IMG\center_2024_11_20_20_12_38_411.jpg, C:\Users\Owner\Downloads\simulator-windows-64\dataTrack1\IMG\left_2024_11_20_20_12_38_411.jpg, C:\Users\Owner\Downloads\simulator-windows-64\dataTrack1\IMG\right_2024_11_20_20_12_38_411.jpg, 0, 0.1543743, 0, 19.04576
C:\Users\Owner\Downloads\simulator-windows-64\dataTrack1\IMG\center_2024_11_20_20_12_38_514.jpg, C:\Users\Owner\Downloads\simulator-windows-64\dataTrack1\IMG\left_2024_11_20_20_12_38_514.jpg, C:\Users\Owner\Downloads\simulator-windows-64\dataTrack1\IMG\right_2024_11_20_20_12_38_514.jpg, 0, 0.2668527, 0, 19.2198
C:\Users\Owner\Downloads\simulator-windows-64\dataTrack1\IMG\center_2024_11_20_20_12_38_616.jpg, C:\Users\Owner\Downloads\simulator-windows-64\dataTrack1\IMG\left_2024_11_20_20_12_38_616.jpg, C:\Users\Owner\Downloads\simulator-windows-64\dataTrack1\IMG\right_2024_11_20_20_12_38_616.jpg, -0.3053682, 0, 0, 19.11177
C:\Users\Owner\Downloads\simulator-windows-64\dataTrack1\IMG\center_2024_11_20_20_12_38_724.jpg, C:\Users\Owner\Downloads\simulator-windows-64\dataTrack1\IMG\left_2024_11_20_20_12_38_724.jpg, C:\Users\Owner\Downloads\simulator-windows-64\dataTrack1\IMG\right_2024_11_20_20_12_38_724.jpg, 0, 0, 0, 18.89521
C:\Users\Owner\Downloads\simulator-windows-64\dataTrack1\IMG\center_2024_11_20_20_12_38_828.jpg, C:\Users\Owner\Downloads\simulator-windows-64\dataTrack1\IMG\left_2024_11_20_20_12_38_828.jpg, C:\Users\Owner\Downloads\simulator-windows-64\dataTrack1\IMG\right_2024_11_20_20_12_38_828.jpg, 0, 0.2021889, 0, 18.75241
C:\Users\Owner\Downloads\simulator-windows-64\dataTrack1\IMG\center_2024_11_20_20_12_38_932.jpg, C:\Users\Owner\Downloads\simulator-windows-64\dataTrack1\IMG\left_2024_11_20_20_12_38_932.jpg, C:\Users\Owner\Downloads\simulator-windows-64\dataTrack1\IMG\right_2024_11_20_20_12_38_932.jpg, 0, 0.09699783, 0, 18.84208
C:\Users\Owner\Downloads\simulator-windows-64\dataTrack1\IMG\center_2024_11_20_20_12_39_035.jpg, C:\Users\Owner\Downloads\simulator-windows-64\dataTrack1\IMG\left_2024_11_20_20_12_39_035.jpg, C:\Users\Owner\Downloads\simulator-windows-64\dataTrack1\IMG\right_2024_11_20_20_12_39_035.jpg, 0, 0.1009188, 0, 18.67311
C:\Users\Owner\Downloads\simulator-windows-64\dataTrack1\IMG\center_2024_11_20_20_12_39_137.jpg, C:\Users\Owner\Downloads\simulator-windows-64\dataTrack1\IMG\left_2024_11_20_20_12_39_137.jpg, C:\Users\Owner\Downloads\simulator-windows-64\dataTrack1\IMG\right_2024_11_20_20_12_39_137.jpg, 0, 0.2028528, 0, 18.76345
C:\Users\Owner\Downloads\simulator-windows-64\dataTrack1\IMG\center_2024_11_20_20_12_39_242.jpg, C:\Users\Owner\Downloads\simulator-windows-64\dataTrack1\IMG\left_2024_11_20_20_12_39_242.jpg, C:\Users\Owner\Downloads\simulator-windows-64\dataTrack1\IMG\right_2024_11_20_20_12_39_242.jpg, -0.0523239, 0, 0, 18.66512
C:\Users\Owner\Downloads\simulator-windows-64\dataTrack1\IMG\center_2024_11_20_20_12_39_344.jpg, C:\Users\Owner\Downloads\simulator-windows-64\dataTrack1\IMG\left_2024_11_20_20_12_39_344.jpg, C:\Users\Owner\Downloads\simulator-windows-64\dataTrack1\IMG\right_2024_11_20_20_12_39_344.jpg, -0.308103, 0, 0, 18.41035
C:\Users\Owner\Downloads\simulator-windows-64\dataTrack1\IMG\center_2024_11_20_20_12_39_448.jpg, C:\Users\Owner\Downloads\simulator-windows-64\dataTrack1\IMG\left_2024_11_20_20_12_39_448.jpg, C:\Users\Owner\Downloads\simulator-windows-64\dataTrack1\IMG\right_2024_11_20_20_12_39_448.jpg, -0.2629245, 0, 0, 18.10593
C:\Users\Owner\Downloads\simulator-windows-64\dataTrack1\IMG\center_2024_11_20_20_12_39_552.jpg, C:\Users\Owner\Downloads\simulator-windows-64\dataTrack1\IMG\left_2024_11_20_20_12_39_552.jpg, C:\Users\Owner\Downloads\simulator-windows-64\dataTrack1\IMG\right_2024_11_20_20_12_39_552.jpg, 0, 0.2073654, 0, 18.10822
C:\Users\Owner\Downloads\simulator-windows-64\dataTrack1\IMG\center_2024_11_20_20_12_39_655.jpg, C:\Users\Owner\Downloads\simulator-windows-64\dataTrack1\IMG\left_2024_11_20_20_12_39_655.jpg, C:\Users\Owner\Downloads\simulator-windows-64\dataTrack1\IMG\right_2024_11_20_20_12_39_655.jpg, 0, 0, 0, 18.01999
C:\Users\Owner\Downloads\simulator-windows-64\dataTrack1\IMG\center_2024_11_20_20_12_39_759.jpg, C:\Users\Owner\Downloads\simulator-windows-64\dataTrack1\IMG\left_2024_11_20_20_12_39_759.jpg, C:\Users\Owner\Downloads\simulator-windows-64\dataTrack1\IMG\right_2024_11_20_20_12_39_759.jpg, 0, 0.2076909, 0, 17.98865
C:\Users\Owner\Downloads\simulator-windows-64\dataTrack1\IMG\center_2024_11_20_20_12_39_862.jpg, C:\Users\Owner\Downloads\simulator-windows-64\dataTrack1\IMG\left_2024_11_20_20_12_39_862.jpg, C:\Users\Owner\Downloads\simulator-windows-64\dataTrack1\IMG\right_2024_11_20_20_12_39_862.jpg, 0, 0.0527334, 0, 17.90426
C:\Users\Owner\Downloads\simulator-windows-64\dataTrack1\IMG\center_2024_11_20_20_12_39_965.jpg, C:\Users\Owner\Downloads\simulator-windows-64\dataTrack1\IMG\left_2024_11_20_20_12_39_965.jpg, C:\Users\Owner\Downloads\simulator-windows-64\dataTrack1\IMG\right_2024_11_20_20_12_39_965.jpg, 0, 0.1003995, 0, 17.8974
C:\Users\Owner\Downloads\simulator-windows-64\dataTrack1\IMG\center_2024_11_20_20_12_40_067.jpg, C:\Users\Owner\Downloads\simulator-windows-64\dataTrack1\IMG\left_2024_11_20_20_12_40_067.jpg, C:\Users\Owner\Downloads\simulator-windows-64\dataTrack1\IMG\right_2024_11_20_20_12_40_067.jpg, 0, 0.2007444, 0, 17.78083
C:\Users\Owner\Downloads\simulator-windows-64\dataTrack1\IMG\center_2024_11_20_20_12_40_173.jpg, C:\Users\Owner\Downloads\simulator-windows-64\dataTrack1\IMG\left_2024_11_20_20_12_40_173.jpg, C:\Users\Owner\Downloads\simulator-windows-64\dataTrack1\IMG\right_2024_11_20_20_12_40_173.jpg, 0, 0.09376769, 0, 17.85995
C:\Users\Owner\Downloads\simulator-windows-64\dataTrack1\IMG\center_2024_11_20_20_12_40_276.jpg, C:\Users\Owner\Downloads\simulator-windows-64\dataTrack1\IMG\left_2024_11_20_20_12_40_276.jpg, C:\Users\Owner\Downloads\simulator-windows-64\dataTrack1\IMG\right_2024_11_20_20_12_40_276.jpg, 0, 0.4047537, 0, 18.00618
C:\Users\Owner\Downloads\simulator-windows-64\dataTrack1\IMG\center_2024_11_20_20_12_40_379.jpg, C:\Users\Owner\Downloads\simulator-windows-64\dataTrack1\IMG\left_2024_11_20_20_12_40_379.jpg, C:\Users\Owner\Downloads\simulator-windows-64\dataTrack1\IMG\right_2024_11_20_20_12_40_379.jpg, 0, 0.7147677, 0, 18.51714
C:\Users\Owner\Downloads\simulator-windows-64\dataTrack1\IMG\center_2024_11_20_20_12_40_483.jpg, C:\Users\Owner\Downloads\simulator-windows-64\dataTrack1\IMG\left_2024_11_20_20_12_40_483.jpg, C:\Users\Owner\Downloads\simulator-windows-64\dataTrack1\IMG\right_2024_11_20_20_12_40_483.jpg, 0, 0.8238236, 0, 19.37009
C:\Users\Owner\Downloads\simulator-windows-64\dataTrack1\IMG\center_2024_11_20_20_12_40_584.jpg, C:\Users\Owner\Downloads\simulator-windows-64\dataTrack1\IMG\left_2024_11_20_20_12_40_584.jpg, C:\Users\Owner\Downloads\simulator-windows-64\dataTrack1\IMG\right_2024_11_20_20_12_40_584.jpg, 0, 0.5730032, 0, 20.01454
C:\Users\Owner\Downloads\simulator-windows-64\dataTrack1\IMG\center_2024_11_20_20_12_40_689.jpg, C:\Users\Owner\Downloads\simulator-windows-64\dataTrack1\IMG\left_2024_11_20_20_12_40_689.jpg, C:\Users\Owner\Downloads\simulator-windows-64\dataTrack1\IMG\right_2024_11_20_20_12_40_689.jpg, 0, 0.2072468, 0, 20.28382
C:\Users\Owner\Downloads\simulator-windows-64\dataTrack1\IMG\center_2024_11_20_20_12_40_793.jpg, C:\Users\Owner\Downloads\simulator-windows-64\dataTrack1\IMG\left_2024_11_20_20_12_40_793.jpg, C:\Users\Owner\Downloads\simulator-windows-64\dataTrack1\IMG\right_2024_11_20_20_12_40_793.jpg, 0, 0.5192766, 0, 20.53822
C:\Users\Owner\Downloads\simulator-windows-64\dataTrack1\IMG\center_2024_11_20_20_12_40_896.jpg, C:\Users\Owner\Downloads\simulator-windows-64\dataTrack1\IMG\left_2024_11_20_20_12_40_896.jpg, C:\Users\Owner\Downloads\simulator-windows-64\dataTrack1\IMG\right_2024_11_20_20_12_40_896.jpg, 0, 0.4190856, 0, 21.00518
C:\Users\Owner\Downloads\simulator-windows-64\dataTrack1\IMG\center_2024_11_20_20_12_41_001.jpg, C:\Users\Owner\Downloads\simulator-windows-64\dataTrack1\IMG\left_2024_11_20_20_12_41_001.jpg, C:\Users\Owner\Downloads\simulator-windows-64\dataTrack1\IMG\right_2024_11_20_20_12_41_001.jpg, 0, 0.1066928, 0, 21.10093
C:\Users\Owner\Downloads\simulator-windows-64\dataTrack1\IMG\center_2024_11_20_20_12_41_102.jpg, C:\Users\Owner\Downloads\simulator-windows-64\dataTrack1\IMG\left_2024_11_20_20_12_41_102.jpg, C:\Users\Owner\Downloads\simulator-windows-64\dataTrack1\IMG\right_2024_11_20_20_12_41_102.jpg, 0, 0, 0, 20.90934
C:\Users\Owner\Downloads\simulator-windows-64\dataTrack1\IMG\center_2024_11_20_20_12_41_207.jpg, C:\Users\Owner\Downloads\simulator-windows-64\dataTrack1\IMG\left_2024_11_20_20_12_41_207.jpg, C:\Users\Owner\Downloads\simulator-windows-64\dataTrack1\IMG\right_2024_11_20_20_12_41_207.jpg, 0, 0, 0, 20.65322
C:\Users\Owner\Downloads\simulator-windows-64\dataTrack1\IMG\center_2024_11_20_20_12_41_310.jpg, C:\Users\Owner\Downloads\simulator-windows-64\dataTrack1\IMG\left_2024_11_20_20_12_41_310.jpg, C:\Users\Owner\Downloads\simulator-windows-64\dataTrack1\IMG\right_2024_11_20_20_12_41_310.jpg, 0, 0, 0, 20.4421
C:\Users\Owner\Downloads\simulator-windows-64\dataTrack1\IMG\center_2024_11_20_20_12_41_413.jpg, C:\Users\Owner\Downloads\simulator-windows-64\dataTrack1\IMG\left_2024_11_20_20_12_41_413.jpg, C:\Users\Owner\Downloads\simulator-windows-64\dataTrack1\IMG\right_2024_11_20_20_12_41_413.jpg, 0.0522195, 0, 0, 20.23571
C:\Users\Owner\Downloads\simulator-windows-64\dataTrack1\IMG\center_2024_11_20_20_12_41_518.jpg, C:\Users\Owner\Downloads\simulator-windows-64\dataTrack1\IMG\left_2024_11_20_20_12_41_518.jpg, C:\Users\Owner\Downloads\simulator-windows-64\dataTrack1\IMG\right_2024_11_20_20_12_41_518.jpg, 0.364038, 0, 0, 19.96716
C:\Users\Owner\Downloads\simulator-windows-64\dataTrack1\IMG\center_2024_11_20_20_12_41_620.jpg, C:\Users\Owner\Downloads\simulator-windows-64\dataTrack1\IMG\left_2024_11_20_20_12_41_620.jpg, C:\Users\Owner\Downloads\simulator-windows-64\dataTrack1\IMG\right_2024_11_20_20_12_41_620.jpg, 0.05826453, 0.2004852, 0, 19.80975
C:\Users\Owner\Downloads\simulator-windows-64\dataTrack1\IMG\center_2024_11_20_20_12_41_723.jpg, C:\Users\Owner\Downloads\simulator-windows-64\dataTrack1\IMG\left_2024_11_20_20_12_41_723.jpg, C:\Users\Owner\Downloads\simulator-windows-64\dataTrack1\IMG\right_2024_11_20_20_12_41_723.jpg, 0, 0.2526132, 0, 19.98284
C:\Users\Owner\Downloads\simulator-windows-64\dataTrack1\IMG\center_2024_11_20_20_12_41_828.jpg, C:\Users\Owner\Downloads\simulator-windows-64\dataTrack1\IMG\left_2024_11_20_20_12_41_828.jpg, C:\Users\Owner\Downloads\simulator-windows-64\dataTrack1\IMG\right_2024_11_20_20_12_41_828.jpg, 0, 0, 0, 19.82703
C:\Users\Owner\Downloads\simulator-windows-64\dataTrack1\IMG\center_2024_11_20_20_12_41_930.jpg, C:\Users\Owner\Downloads\simulator-windows-64\dataTrack1\IMG\left_2024_11_20_20_12_41_930.jpg, C:\Users\Owner\Downloads\simulator-windows-64\dataTrack1\IMG\right_2024_11_20_20_12_41_930.jpg, 0, 0, 0, 19.62601
C:\Users\Owner\Downloads\simulator-windows-64\dataTrack1\IMG\center_2024_11_20_20_12_42_034.jpg, C:\Users\Owner\Downloads\simulator-windows-64\dataTrack1\IMG\left_2024_11_20_20_12_42_034.jpg, C:\Users\Owner\Downloads\simulator-windows-64\dataTrack1\IMG\right_2024_11_20_20_12_42_034.jpg, 0, 0.2044479, 0, 19.52314
C:\Users\Owner\Downloads\simulator-windows-64\dataTrack1\IMG\center_2024_11_20_20_12_42_136.jpg, C:\Users\Owner\Downloads\simulator-windows-64\dataTrack1\IMG\left_2024_11_20_20_12_42_136.jpg, C:\Users\Owner\Downloads\simulator-windows-64\dataTrack1\IMG\right_2024_11_20_20_12_42_136.jpg, 0, 0.107325, 0, 19.60905
C:\Users\Owner\Downloads\simulator-windows-64\dataTrack1\IMG\center_2024_11_20_20_12_42_242.jpg, C:\Users\Owner\Downloads\simulator-windows-64\dataTrack1\IMG\left_2024_11_20_20_12_42_242.jpg, C:\Users\Owner\Downloads\simulator-windows-64\dataTrack1\IMG\right_2024_11_20_20_12_42_242.jpg, 0.3172566, 0.1039377, 0, 19.38704
C:\Users\Owner\Downloads\simulator-windows-64\dataTrack1\IMG\center_2024_11_20_20_12_42_345.jpg, C:\Users\Owner\Downloads\simulator-windows-64\dataTrack1\IMG\left_2024_11_20_20_12_42_345.jpg, C:\Users\Owner\Downloads\simulator-windows-64\dataTrack1\IMG\right_2024_11_20_20_12_42_345.jpg, 0.06144299, 0.2570313, 0, 19.47039
C:\Users\Owner\Downloads\simulator-windows-64\dataTrack1\IMG\center_2024_11_20_20_12_42_449.jpg, C:\Users\Owner\Downloads\simulator-windows-64\dataTrack1\IMG\left_2024_11_20_20_12_42_449.jpg, C:\Users\Owner\Downloads\simulator-windows-64\dataTrack1\IMG\right_2024_11_20_20_12_42_449.jpg, 0, 0, 0, 19.31244
C:\Users\Owner\Downloads\simulator-windows-64\dataTrack1\IMG\center_2024_11_20_20_12_42_552.jpg, C:\Users\Owner\Downloads\simulator-windows-64\dataTrack1\IMG\left_2024_11_20_20_12_42_552.jpg, C:\Users\Owner\Downloads\simulator-windows-64\dataTrack1\IMG\right_2024_11_20_20_12_42_552.jpg, 0, 0.2032386, 0, 19.22892
C:\Users\Owner\Downloads\simulator-windows-64\dataTrack1\IMG\center_2024_11_20_20_12_42_654.jpg, C:\Users\Owner\Downloads\simulator-windows-64\dataTrack1\IMG\left_2024_11_20_20_12_42_654.jpg, C:\Users\Owner\Downloads\simulator-windows-64\dataTrack1\IMG\right_2024_11_20_20_12_42_654.jpg, 0, 0.1036665, 0, 19.28904
C:\Users\Owner\Downloads\simulator-windows-64\dataTrack1\IMG\center_2024_11_20_20_12_42_759.jpg, C:\Users\Owner\Downloads\simulator-windows-64\dataTrack1\IMG\left_2024_11_20_20_12_42_759.jpg, C:\Users\Owner\Downloads\simulator-windows-64\dataTrack1\IMG\right_2024_11_20_20_12_42_759.jpg, 0.1554045, 0.0532611, 0, 19.10973
C:\Users\Owner\Downloads\simulator-windows-64\dataTrack1\IMG\center_2024_11_20_20_12_42_862.jpg, C:\Users\Owner\Downloads\simulator-windows-64\dataTrack1\IMG\left_2024_11_20_20_12_42_862.jpg, C:\Users\Owner\Downloads\simulator-windows-64\dataTrack1\IMG\right_2024_11_20_20_12_42_862.jpg, 0.3516729, 0.3606993, 0, 19.06836
C:\Users\Owner\Downloads\simulator-windows-64\dataTrack1\IMG\center_2024_11_20_20_12_42_964.jpg, C:\Users\Owner\Downloads\simulator-windows-64\dataTrack1\IMG\left_2024_11_20_20_12_42_964.jpg, C:\Users\Owner\Downloads\simulator-windows-64\dataTrack1\IMG\right_2024_11_20_20_12_42_964.jpg, 0.09200213, 0.315165, 0, 19.39404
C:\Users\Owner\Downloads\simulator-windows-64\dataTrack1\IMG\center_2024_11_20_20_12_43_069.jpg, C:\Users\Owner\Downloads\simulator-windows-64\dataTrack1\IMG\left_2024_11_20_20_12_43_069.jpg, C:\Users\Owner\Downloads\simulator-windows-64\dataTrack1\IMG\right_2024_11_20_20_12_43_069.jpg, 0, 0, 0, 19.29828
C:\Users\Owner\Downloads\simulator-windows-64\dataTrack1\IMG\center_2024_11_20_20_12_43_172.jpg, C:\Users\Owner\Downloads\simulator-windows-64\dataTrack1\IMG\left_2024_11_20_20_12_43_172.jpg, C:\Users\Owner\Downloads\simulator-windows-64\dataTrack1\IMG\right_2024_11_20_20_12_43_172.jpg, 0, 0.0514521, 0, 19.09236
C:\Users\Owner\Downloads\simulator-windows-64\dataTrack1\IMG\center_2024_11_20_20_12_43_275.jpg, C:\Users\Owner\Downloads\simulator-windows-64\dataTrack1\IMG\left_2024_11_20_20_12_43_275.jpg, C:\Users\Owner\Downloads\simulator-windows-64\dataTrack1\IMG\right_2024_11_20_20_12_43_275.jpg, 0, 0.3637785, 0, 19.17148
C:\Users\Owner\Downloads\simulator-windows-64\dataTrack1\IMG\center_2024_11_20_20_12_43_379.jpg, C:\Users\Owner\Downloads\simulator-windows-64\dataTrack1\IMG\left_2024_11_20_20_12_43_379.jpg, C:\Users\Owner\Downloads\simulator-windows-64\dataTrack1\IMG\right_2024_11_20_20_12_43_379.jpg, 0.3084537, 0.05532481, 0, 19.19958
C:\Users\Owner\Downloads\simulator-windows-64\dataTrack1\IMG\center_2024_11_20_20_12_43_482.jpg, C:\Users\Owner\Downloads\simulator-windows-64\dataTrack1\IMG\left_2024_11_20_20_12_43_482.jpg, C:\Users\Owner\Downloads\simulator-windows-64\dataTrack1\IMG\right_2024_11_20_20_12_43_482.jpg, 0.0008813664, 0.1525113, 0, 19.0251
C:\Users\Owner\Downloads\simulator-windows-64\dataTrack1\IMG\center_2024_11_20_20_12_43_591.jpg, C:\Users\Owner\Downloads\simulator-windows-64\dataTrack1\IMG\left_2024_11_20_20_12_43_591.jpg, C:\Users\Owner\Downloads\simulator-windows-64\dataTrack1\IMG\right_2024_11_20_20_12_43_591.jpg, 0, 0.2749269, 0, 19.23982
C:\Users\Owner\Downloads\simulator-windows-64\dataTrack1\IMG\center_2024_11_20_20_12_43_693.jpg, C:\Users\Owner\Downloads\simulator-windows-64\dataTrack1\IMG\left_2024_11_20_20_12_43_693.jpg, C:\Users\Owner\Downloads\simulator-windows-64\dataTrack1\IMG\right_2024_11_20_20_12_43_693.jpg, 0, 0, 0, 19.15434
C:\Users\Owner\Downloads\simulator-windows-64\dataTrack1\IMG\center_2024_11_20_20_12_43_796.jpg, C:\Users\Owner\Downloads\simulator-windows-64\dataTrack1\IMG\left_2024_11_20_20_12_43_796.jpg, C:\Users\Owner\Downloads\simulator-windows-64\dataTrack1\IMG\right_2024_11_20_20_12_43_796.jpg, 0, 0.1541925, 0, 19.01275
C:\Users\Owner\Downloads\simulator-windows-64\dataTrack1\IMG\center_2024_11_20_20_12_43_900.jpg, C:\Users\Owner\Downloads\simulator-windows-64\dataTrack1\IMG\left_2024_11_20_20_12_43_900.jpg, C:\Users\Owner\Downloads\simulator-windows-64\dataTrack1\IMG\right_2024_11_20_20_12_43_900.jpg, 0, 0.3583572, 0, 19.1964
C:\Users\Owner\Downloads\simulator-windows-64\dataTrack1\IMG\center_2024_11_20_20_12_44_003.jpg, C:\Users\Owner\Downloads\simulator-windows-64\dataTrack1\IMG\left_2024_11_20_20_12_44_003.jpg, C:\Users\Owner\Downloads\simulator-windows-64\dataTrack1\IMG\right_2024_11_20_20_12_44_003.jpg, 0.223692, 0.0509511, 0, 19.26065
C:\Users\Owner\Downloads\simulator-windows-64\dataTrack1\IMG\center_2024_11_20_20_12_44_106.jpg, C:\Users\Owner\Downloads\simulator-windows-64\dataTrack1\IMG\left_2024_11_20_20_12_44_106.jpg, C:\Users\Owner\Downloads\simulator-windows-64\dataTrack1\IMG\right_2024_11_20_20_12_44_106.jpg, 0.2763135, 0.0475767, 0, 18.98002
C:\Users\Owner\Downloads\simulator-windows-64\dataTrack1\IMG\center_2024_11_20_20_12_44_211.jpg, C:\Users\Owner\Downloads\simulator-windows-64\dataTrack1\IMG\left_2024_11_20_20_12_44_211.jpg, C:\Users\Owner\Downloads\simulator-windows-64\dataTrack1\IMG\right_2024_11_20_20_12_44_211.jpg, 0, 0.1997049, 0, 19.07219
C:\Users\Owner\Downloads\simulator-windows-64\dataTrack1\IMG\center_2024_11_20_20_12_44_315.jpg, C:\Users\Owner\Downloads\simulator-windows-64\dataTrack1\IMG\left_2024_11_20_20_12_44_315.jpg, C:\Users\Owner\Downloads\simulator-windows-64\dataTrack1\IMG\right_2024_11_20_20_12_44_315.jpg, 0.3097674, 0, 0, 18.92141
C:\Users\Owner\Downloads\simulator-windows-64\dataTrack1\IMG\center_2024_11_20_20_12_44_418.jpg, C:\Users\Owner\Downloads\simulator-windows-64\dataTrack1\IMG\left_2024_11_20_20_12_44_418.jpg, C:\Users\Owner\Downloads\simulator-windows-64\dataTrack1\IMG\right_2024_11_20_20_12_44_418.jpg, 0.3186297, 0.3100809, 0, 18.80737
C:\Users\Owner\Downloads\simulator-windows-64\dataTrack1\IMG\center_2024_11_20_20_12_44_520.jpg, C:\Users\Owner\Downloads\simulator-windows-64\dataTrack1\IMG\left_2024_11_20_20_12_44_520.jpg, C:\Users\Owner\Downloads\simulator-windows-64\dataTrack1\IMG\right_2024_11_20_20_12_44_520.jpg, 0.008474723, 0, 0, 18.85796
C:\Users\Owner\Downloads\simulator-windows-64\dataTrack1\IMG\center_2024_11_20_20_12_44_624.jpg, C:\Users\Owner\Downloads\simulator-windows-64\dataTrack1\IMG\left_2024_11_20_20_12_44_624.jpg, C:\Users\Owner\Downloads\simulator-windows-64\dataTrack1\IMG\right_2024_11_20_20_12_44_624.jpg, 0, 0.0465717, 0, 18.58697
C:\Users\Owner\Downloads\simulator-windows-64\dataTrack1\IMG\center_2024_11_20_20_12_44_728.jpg, C:\Users\Owner\Downloads\simulator-windows-64\dataTrack1\IMG\left_2024_11_20_20_12_44_728.jpg, C:\Users\Owner\Downloads\simulator-windows-64\dataTrack1\IMG\right_2024_11_20_20_12_44_728.jpg, 0.1011864, 0.1978665, 0, 18.70161
C:\Users\Owner\Downloads\simulator-windows-64\dataTrack1\IMG\center_2024_11_20_20_12_44_830.jpg, C:\Users\Owner\Downloads\simulator-windows-64\dataTrack1\IMG\left_2024_11_20_20_12_44_830.jpg, C:\Users\Owner\Downloads\simulator-windows-64\dataTrack1\IMG\right_2024_11_20_20_12_44_830.jpg, 0, 0, 0, 18.61679
C:\Users\Owner\Downloads\simulator-windows-64\dataTrack1\IMG\center_2024_11_20_20_12_44_933.jpg, C:\Users\Owner\Downloads\simulator-windows-64\dataTrack1\IMG\left_2024_11_20_20_12_44_933.jpg, C:\Users\Owner\Downloads\simulator-windows-64\dataTrack1\IMG\right_2024_11_20_20_12_44_933.jpg, 0, 0, 0, 18.3632
C:\Users\Owner\Downloads\simulator-windows-64\dataTrack1\IMG\center_2024_11_20_20_12_45_037.jpg, C:\Users\Owner\Downloads\simulator-windows-64\dataTrack1\IMG\left_2024_11_20_20_12_45_037.jpg, C:\Users\Owner\Downloads\simulator-windows-64\dataTrack1\IMG\right_2024_11_20_20_12_45_037.jpg, 0, 0, 0, 18.23991
C:\Users\Owner\Downloads\simulator-windows-64\dataTrack1\IMG\center_2024_11_20_20_12_45_142.jpg, C:\Users\Owner\Downloads\simulator-windows-64\dataTrack1\IMG\left_2024_11_20_20_12_45_142.jpg, C:\Users\Owner\Downloads\simulator-windows-64\dataTrack1\IMG\right_2024_11_20_20_12_45_142.jpg, 0, 0.312579, 0, 18.16447
C:\Users\Owner\Downloads\simulator-windows-64\dataTrack1\IMG\center_2024_11_20_20_12_45_246.jpg, C:\Users\Owner\Downloads\simulator-windows-64\dataTrack1\IMG\left_2024_11_20_20_12_45_246.jpg, C:\Users\Owner\Downloads\simulator-windows-64\dataTrack1\IMG\right_2024_11_20_20_12_45_246.jpg, 0, 0.3724962, 0, 18.53454
C:\Users\Owner\Downloads\simulator-windows-64\dataTrack1\IMG\center_2024_11_20_20_12_45_349.jpg, C:\Users\Owner\Downloads\simulator-windows-64\dataTrack1\IMG\left_2024_11_20_20_12_45_349.jpg, C:\Users\Owner\Downloads\simulator-windows-64\dataTrack1\IMG\right_2024_11_20_20_12_45_349.jpg, 0, 0.01400106, 0, 18.53945
C:\Users\Owner\Downloads\simulator-windows-64\dataTrack1\IMG\center_2024_11_20_20_12_45_451.jpg, C:\Users\Owner\Downloads\simulator-windows-64\dataTrack1\IMG\left_2024_11_20_20_12_45_451.jpg, C:\Users\Owner\Downloads\simulator-windows-64\dataTrack1\IMG\right_2024_11_20_20_12_45_451.jpg, 0.1508691, 0.3223591, 0, 18.57467
C:\Users\Owner\Downloads\simulator-windows-64\dataTrack1\IMG\center_2024_11_20_20_12_45_557.jpg, C:\Users\Owner\Downloads\simulator-windows-64\dataTrack1\IMG\left_2024_11_20_20_12_45_557.jpg, C:\Users\Owner\Downloads\simulator-windows-64\dataTrack1\IMG\right_2024_11_20_20_12_45_557.jpg, 0.3558192, 0.2186458, 0, 18.70969
C:\Users\Owner\Downloads\simulator-windows-64\dataTrack1\IMG\center_2024_11_20_20_12_45_660.jpg, C:\Users\Owner\Downloads\simulator-windows-64\dataTrack1\IMG\left_2024_11_20_20_12_45_660.jpg, C:\Users\Owner\Downloads\simulator-windows-64\dataTrack1\IMG\right_2024_11_20_20_12_45_660.jpg, 0.04635901, 0, 0, 18.60097
C:\Users\Owner\Downloads\simulator-windows-64\dataTrack1\IMG\center_2024_11_20_20_12_45_762.jpg, C:\Users\Owner\Downloads\simulator-windows-64\dataTrack1\IMG\left_2024_11_20_20_12_45_762.jpg, C:\Users\Owner\Downloads\simulator-windows-64\dataTrack1\IMG\right_2024_11_20_20_12_45_762.jpg, 0.3523605, 0, 0, 18.42125
C:\Users\Owner\Downloads\simulator-windows-64\dataTrack1\IMG\center_2024_11_20_20_12_45_865.jpg, C:\Users\Owner\Downloads\simulator-windows-64\dataTrack1\IMG\left_2024_11_20_20_12_45_865.jpg, C:\Users\Owner\Downloads\simulator-windows-64\dataTrack1\IMG\right_2024_11_20_20_12_45_865.jpg, 0.09016917, 0, 0, 18.16263
C:\Users\Owner\Downloads\simulator-windows-64\dataTrack1\IMG\center_2024_11_20_20_12_45_968.jpg, C:\Users\Owner\Downloads\simulator-windows-64\dataTrack1\IMG\left_2024_11_20_20_12_45_968.jpg, C:\Users\Owner\Downloads\simulator-windows-64\dataTrack1\IMG\right_2024_11_20_20_12_45_968.jpg, 0, 0, 0, 17.93464
C:\Users\Owner\Downloads\simulator-windows-64\dataTrack1\IMG\center_2024_11_20_20_12_46_072.jpg, C:\Users\Owner\Downloads\simulator-windows-64\dataTrack1\IMG\left_2024_11_20_20_12_46_072.jpg, C:\Users\Owner\Downloads\simulator-windows-64\dataTrack1\IMG\right_2024_11_20_20_12_46_072.jpg, 0.3099957, 0, 0, 17.78993
C:\Users\Owner\Downloads\simulator-windows-64\dataTrack1\IMG\center_2024_11_20_20_12_46_177.jpg, C:\Users\Owner\Downloads\simulator-windows-64\dataTrack1\IMG\left_2024_11_20_20_12_46_177.jpg, C:\Users\Owner\Downloads\simulator-windows-64\dataTrack1\IMG\right_2024_11_20_20_12_46_177.jpg, 0, 0, 0, 17.54916
C:\Users\Owner\Downloads\simulator-windows-64\dataTrack1\IMG\center_2024_11_20_20_12_46_280.jpg, C:\Users\Owner\Downloads\simulator-windows-64\dataTrack1\IMG\left_2024_11_20_20_12_46_280.jpg, C:\Users\Owner\Downloads\simulator-windows-64\dataTrack1\IMG\right_2024_11_20_20_12_46_280.jpg, 0.1019256, 0, 0, 17.39619
C:\Users\Owner\Downloads\simulator-windows-64\dataTrack1\IMG\center_2024_11_20_20_12_46_382.jpg, C:\Users\Owner\Downloads\simulator-windows-64\dataTrack1\IMG\left_2024_11_20_20_12_46_382.jpg, C:\Users\Owner\Downloads\simulator-windows-64\dataTrack1\IMG\right_2024_11_20_20_12_46_382.jpg, 0.3617313, 0, 0, 17.16427
C:\Users\Owner\Downloads\simulator-windows-64\dataTrack1\IMG\center_2024_11_20_20_12_46_487.jpg, C:\Users\Owner\Downloads\simulator-windows-64\dataTrack1\IMG\left_2024_11_20_20_12_46_487.jpg, C:\Users\Owner\Downloads\simulator-windows-64\dataTrack1\IMG\right_2024_11_20_20_12_46_487.jpg, 0.7215244, 0, 0, 16.7458
C:\Users\Owner\Downloads\simulator-windows-64\dataTrack1\IMG\center_2024_11_20_20_12_46_591.jpg, C:\Users\Owner\Downloads\simulator-windows-64\dataTrack1\IMG\left_2024_11_20_20_12_46_591.jpg, C:\Users\Owner\Downloads\simulator-windows-64\dataTrack1\IMG\right_2024_11_20_20_12_46_591.jpg, 1, 0, 0, 16.3362
C:\Users\Owner\Downloads\simulator-windows-64\dataTrack1\IMG\center_2024_11_20_20_12_46_695.jpg, C:\Users\Owner\Downloads\simulator-windows-64\dataTrack1\IMG\left_2024_11_20_20_12_46_695.jpg, C:\Users\Owner\Downloads\simulator-windows-64\dataTrack1\IMG\right_2024_11_20_20_12_46_695.jpg, 0.9029111, 0, 0, 16.00877
C:\Users\Owner\Downloads\simulator-windows-64\dataTrack1\IMG\center_2024_11_20_20_12_46_796.jpg, C:\Users\Owner\Downloads\simulator-windows-64\dataTrack1\IMG\left_2024_11_20_20_12_46_796.jpg, C:\Users\Owner\Downloads\simulator-windows-64\dataTrack1\IMG\right_2024_11_20_20_12_46_796.jpg, 1, 0, 0, 15.75901
C:\Users\Owner\Downloads\simulator-windows-64\dataTrack1\IMG\center_2024_11_20_20_12_46_901.jpg, C:\Users\Owner\Downloads\simulator-windows-64\dataTrack1\IMG\left_2024_11_20_20_12_46_901.jpg, C:\Users\Owner\Downloads\simulator-windows-64\dataTrack1\IMG\right_2024_11_20_20_12_46_901.jpg, 1, 0, 0, 15.48484
C:\Users\Owner\Downloads\simulator-windows-64\dataTrack1\IMG\center_2024_11_20_20_12_47_003.jpg, C:\Users\Owner\Downloads\simulator-windows-64\dataTrack1\IMG\left_2024_11_20_20_12_47_003.jpg, C:\Users\Owner\Downloads\simulator-windows-64\dataTrack1\IMG\right_2024_11_20_20_12_47_003.jpg, 0.6905776, 0, 0, 15.36068
C:\Users\Owner\Downloads\simulator-windows-64\dataTrack1\IMG\center_2024_11_20_20_12_47_109.jpg, C:\Users\Owner\Downloads\simulator-windows-64\dataTrack1\IMG\left_2024_11_20_20_12_47_109.jpg, C:\Users\Owner\Downloads\simulator-windows-64\dataTrack1\IMG\right_2024_11_20_20_12_47_109.jpg, 0.3756022, 0, 0, 15.21994
C:\Users\Owner\Downloads\simulator-windows-64\dataTrack1\IMG\center_2024_11_20_20_12_47_217.jpg, C:\Users\Owner\Downloads\simulator-windows-64\dataTrack1\IMG\left_2024_11_20_20_12_47_217.jpg, C:\Users\Owner\Downloads\simulator-windows-64\dataTrack1\IMG\right_2024_11_20_20_12_47_217.jpg, 0.04985529, 0, 0, 15.04768
C:\Users\Owner\Downloads\simulator-windows-64\dataTrack1\IMG\center_2024_11_20_20_12_47_321.jpg, C:\Users\Owner\Downloads\simulator-windows-64\dataTrack1\IMG\left_2024_11_20_20_12_47_321.jpg, C:\Users\Owner\Downloads\simulator-windows-64\dataTrack1\IMG\right_2024_11_20_20_12_47_321.jpg, -0.1528896, 0, 0, 14.86264
C:\Users\Owner\Downloads\simulator-windows-64\dataTrack1\IMG\center_2024_11_20_20_12_47_422.jpg, C:\Users\Owner\Downloads\simulator-windows-64\dataTrack1\IMG\left_2024_11_20_20_12_47_422.jpg, C:\Users\Owner\Downloads\simulator-windows-64\dataTrack1\IMG\right_2024_11_20_20_12_47_422.jpg, -0.4584243, 0, 0, 14.62071
C:\Users\Owner\Downloads\simulator-windows-64\dataTrack1\IMG\center_2024_11_20_20_12_47_528.jpg, C:\Users\Owner\Downloads\simulator-windows-64\dataTrack1\IMG\left_2024_11_20_20_12_47_528.jpg, C:\Users\Owner\Downloads\simulator-windows-64\dataTrack1\IMG\right_2024_11_20_20_12_47_528.jpg, -0.7757355, 0, 0, 14.2348
C:\Users\Owner\Downloads\simulator-windows-64\dataTrack1\IMG\center_2024_11_20_20_12_47_631.jpg, C:\Users\Owner\Downloads\simulator-windows-64\dataTrack1\IMG\left_2024_11_20_20_12_47_631.jpg, C:\Users\Owner\Downloads\simulator-windows-64\dataTrack1\IMG\right_2024_11_20_20_12_47_631.jpg, -0.6400524, 0, 0, 14.02057
C:\Users\Owner\Downloads\simulator-windows-64\dataTrack1\IMG\center_2024_11_20_20_12_47_732.jpg, C:\Users\Owner\Downloads\simulator-windows-64\dataTrack1\IMG\left_2024_11_20_20_12_47_732.jpg, C:\Users\Owner\Downloads\simulator-windows-64\dataTrack1\IMG\right_2024_11_20_20_12_47_732.jpg, -0.3336933, 0, 0, 13.84962
C:\Users\Owner\Downloads\simulator-windows-64\dataTrack1\IMG\center_2024_11_20_20_12_47_836.jpg, C:\Users\Owner\Downloads\simulator-windows-64\dataTrack1\IMG\left_2024_11_20_20_12_47_836.jpg, C:\Users\Owner\Downloads\simulator-windows-64\dataTrack1\IMG\right_2024_11_20_20_12_47_836.jpg, -0.02261014, 0, 0, 13.68722
C:\Users\Owner\Downloads\simulator-windows-64\dataTrack1\IMG\center_2024_11_20_20_12_47_941.jpg, C:\Users\Owner\Downloads\simulator-windows-64\dataTrack1\IMG\left_2024_11_20_20_12_47_941.jpg, C:\Users\Owner\Downloads\simulator-windows-64\dataTrack1\IMG\right_2024_11_20_20_12_47_941.jpg, 0, 0, 0, 13.55538
C:\Users\Owner\Downloads\simulator-windows-64\dataTrack1\IMG\center_2024_11_20_20_12_48_045.jpg, C:\Users\Owner\Downloads\simulator-windows-64\dataTrack1\IMG\left_2024_11_20_20_12_48_045.jpg, C:\Users\Owner\Downloads\simulator-windows-64\dataTrack1\IMG\right_2024_11_20_20_12_48_045.jpg, 0.2598852, 0, 0, 13.38434
C:\Users\Owner\Downloads\simulator-windows-64\dataTrack1\IMG\center_2024_11_20_20_12_48_148.jpg, C:\Users\Owner\Downloads\simulator-windows-64\dataTrack1\IMG\left_2024_11_20_20_12_48_148.jpg, C:\Users\Owner\Downloads\simulator-windows-64\dataTrack1\IMG\right_2024_11_20_20_12_48_148.jpg, 0.3183516, 0, 0, 13.11437
C:\Users\Owner\Downloads\simulator-windows-64\dataTrack1\IMG\center_2024_11_20_20_12_48_252.jpg, C:\Users\Owner\Downloads\simulator-windows-64\dataTrack1\IMG\left_2024_11_20_20_12_48_252.jpg, C:\Users\Owner\Downloads\simulator-windows-64\dataTrack1\IMG\right_2024_11_20_20_12_48_252.jpg, 0.2119842, 0, 0, 12.97866
C:\Users\Owner\Downloads\simulator-windows-64\dataTrack1\IMG\center_2024_11_20_20_12_48_356.jpg, C:\Users\Owner\Downloads\simulator-windows-64\dataTrack1\IMG\left_2024_11_20_20_12_48_356.jpg, C:\Users\Owner\Downloads\simulator-windows-64\dataTrack1\IMG\right_2024_11_20_20_12_48_356.jpg, 0.4208573, 0, 0, 12.82368
C:\Users\Owner\Downloads\simulator-windows-64\dataTrack1\IMG\center_2024_11_20_20_12_48_459.jpg, C:\Users\Owner\Downloads\simulator-windows-64\dataTrack1\IMG\left_2024_11_20_20_12_48_459.jpg, C:\Users\Owner\Downloads\simulator-windows-64\dataTrack1\IMG\right_2024_11_20_20_12_48_459.jpg, 0.1146861, 0, 0, 12.77492
C:\Users\Owner\Downloads\simulator-windows-64\dataTrack1\IMG\center_2024_11_20_20_12_48_562.jpg, C:\Users\Owner\Downloads\simulator-windows-64\dataTrack1\IMG\left_2024_11_20_20_12_48_562.jpg, C:\Users\Owner\Downloads\simulator-windows-64\dataTrack1\IMG\right_2024_11_20_20_12_48_562.jpg, 0.155937, 0, 0, 12.59269
C:\Users\Owner\Downloads\simulator-windows-64\dataTrack1\IMG\center_2024_11_20_20_12_48_666.jpg, C:\Users\Owner\Downloads\simulator-windows-64\dataTrack1\IMG\left_2024_11_20_20_12_48_666.jpg, C:\Users\Owner\Downloads\simulator-windows-64\dataTrack1\IMG\right_2024_11_20_20_12_48_666.jpg, 0.1129107, 0, 0, 12.43568
C:\Users\Owner\Downloads\simulator-windows-64\dataTrack1\IMG\center_2024_11_20_20_12_48_769.jpg, C:\Users\Owner\Downloads\simulator-windows-64\dataTrack1\IMG\left_2024_11_20_20_12_48_769.jpg, C:\Users\Owner\Downloads\simulator-windows-64\dataTrack1\IMG\right_2024_11_20_20_12_48_769.jpg, 0, 0, 0, 12.28806
C:\Users\Owner\Downloads\simulator-windows-64\dataTrack1\IMG\center_2024_11_20_20_12_48_873.jpg, C:\Users\Owner\Downloads\simulator-windows-64\dataTrack1\IMG\left_2024_11_20_20_12_48_873.jpg, C:\Users\Owner\Downloads\simulator-windows-64\dataTrack1\IMG\right_2024_11_20_20_12_48_873.jpg, 0.3109224, 0.3109224, 0, 12.29022
C:\Users\Owner\Downloads\simulator-windows-64\dataTrack1\IMG\center_2024_11_20_20_12_48_979.jpg, C:\Users\Owner\Downloads\simulator-windows-64\dataTrack1\IMG\left_2024_11_20_20_12_48_979.jpg, C:\Users\Owner\Downloads\simulator-windows-64\dataTrack1\IMG\right_2024_11_20_20_12_48_979.jpg, 0.627767, 0.1779243, 0, 12.55635
C:\Users\Owner\Downloads\simulator-windows-64\dataTrack1\IMG\center_2024_11_20_20_12_49_082.jpg, C:\Users\Owner\Downloads\simulator-windows-64\dataTrack1\IMG\left_2024_11_20_20_12_49_082.jpg, C:\Users\Owner\Downloads\simulator-windows-64\dataTrack1\IMG\right_2024_11_20_20_12_49_082.jpg, 0.3176975, 0, 0, 12.39371
C:\Users\Owner\Downloads\simulator-windows-64\dataTrack1\IMG\center_2024_11_20_20_12_49_185.jpg, C:\Users\Owner\Downloads\simulator-windows-64\dataTrack1\IMG\left_2024_11_20_20_12_49_185.jpg, C:\Users\Owner\Downloads\simulator-windows-64\dataTrack1\IMG\right_2024_11_20_20_12_49_185.jpg, 0.05833492, 0.2593626, 0, 12.40417
C:\Users\Owner\Downloads\simulator-windows-64\dataTrack1\IMG\center_2024_11_20_20_12_49_290.jpg, C:\Users\Owner\Downloads\simulator-windows-64\dataTrack1\IMG\left_2024_11_20_20_12_49_290.jpg, C:\Users\Owner\Downloads\simulator-windows-64\dataTrack1\IMG\right_2024_11_20_20_12_49_290.jpg, 0.1579335, 0, 0, 12.48168
C:\Users\Owner\Downloads\simulator-windows-64\dataTrack1\IMG\center_2024_11_20_20_12_49_393.jpg, C:\Users\Owner\Downloads\simulator-windows-64\dataTrack1\IMG\left_2024_11_20_20_12_49_393.jpg, C:\Users\Owner\Downloads\simulator-windows-64\dataTrack1\IMG\right_2024_11_20_20_12_49_393.jpg, 0.01000078, 0, 0, 12.37362
C:\Users\Owner\Downloads\simulator-windows-64\dataTrack1\IMG\center_2024_11_20_20_12_49_497.jpg, C:\Users\Owner\Downloads\simulator-windows-64\dataTrack1\IMG\left_2024_11_20_20_12_49_497.jpg, C:\Users\Owner\Downloads\simulator-windows-64\dataTrack1\IMG\right_2024_11_20_20_12_49_497.jpg, 0.0494349, 0, 0, 12.30446
C:\Users\Owner\Downloads\simulator-windows-64\dataTrack1\IMG\center_2024_11_20_20_12_49_600.jpg, C:\Users\Owner\Downloads\simulator-windows-64\dataTrack1\IMG\left_2024_11_20_20_12_49_600.jpg, C:\Users\Owner\Downloads\simulator-windows-64\dataTrack1\IMG\right_2024_11_20_20_12_49_600.jpg, 0.1588893, 0.0998262, 0, 12.07142
C:\Users\Owner\Downloads\simulator-windows-64\dataTrack1\IMG\center_2024_11_20_20_12_49_702.jpg, C:\Users\Owner\Downloads\simulator-windows-64\dataTrack1\IMG\left_2024_11_20_20_12_49_702.jpg, C:\Users\Owner\Downloads\simulator-windows-64\dataTrack1\IMG\right_2024_11_20_20_12_49_702.jpg, 0, 0.2044197, 0, 12.31876
C:\Users\Owner\Downloads\simulator-windows-64\dataTrack1\IMG\center_2024_11_20_20_12_49_805.jpg, C:\Users\Owner\Downloads\simulator-windows-64\dataTrack1\IMG\left_2024_11_20_20_12_49_805.jpg, C:\Users\Owner\Downloads\simulator-windows-64\dataTrack1\IMG\right_2024_11_20_20_12_49_805.jpg, 0.2584902, 0, 0, 12.29814
C:\Users\Owner\Downloads\simulator-windows-64\dataTrack1\IMG\center_2024_11_20_20_12_49_911.jpg, C:\Users\Owner\Downloads\simulator-windows-64\dataTrack1\IMG\left_2024_11_20_20_12_49_911.jpg, C:\Users\Owner\Downloads\simulator-windows-64\dataTrack1\IMG\right_2024_11_20_20_12_49_911.jpg, 0.6266235, 0.1569705, 0, 11.97017
C:\Users\Owner\Downloads\simulator-windows-64\dataTrack1\IMG\center_2024_11_20_20_12_50_015.jpg, C:\Users\Owner\Downloads\simulator-windows-64\dataTrack1\IMG\left_2024_11_20_20_12_50_015.jpg, C:\Users\Owner\Downloads\simulator-windows-64\dataTrack1\IMG\right_2024_11_20_20_12_50_015.jpg, 0.311655, 0.2661108, 0, 12.21482
C:\Users\Owner\Downloads\simulator-windows-64\dataTrack1\IMG\center_2024_11_20_20_12_50_119.jpg, C:\Users\Owner\Downloads\simulator-windows-64\dataTrack1\IMG\left_2024_11_20_20_12_50_119.jpg, C:\Users\Owner\Downloads\simulator-windows-64\dataTrack1\IMG\right_2024_11_20_20_12_50_119.jpg, 0.2050007, 0, 0, 12.23862
C:\Users\Owner\Downloads\simulator-windows-64\dataTrack1\IMG\center_2024_11_20_20_12_50_220.jpg, C:\Users\Owner\Downloads\simulator-windows-64\dataTrack1\IMG\left_2024_11_20_20_12_50_220.jpg, C:\Users\Owner\Downloads\simulator-windows-64\dataTrack1\IMG\right_2024_11_20_20_12_50_220.jpg, 0.4115592, 0.2014944, 0, 12.23468
C:\Users\Owner\Downloads\simulator-windows-64\dataTrack1\IMG\center_2024_11_20_20_12_50_326.jpg, C:\Users\Owner\Downloads\simulator-windows-64\dataTrack1\IMG\left_2024_11_20_20_12_50_326.jpg, C:\Users\Owner\Downloads\simulator-windows-64\dataTrack1\IMG\right_2024_11_20_20_12_50_326.jpg, 0.1511378, 0.1159521, 0, 12.21078
C:\Users\Owner\Downloads\simulator-windows-64\dataTrack1\IMG\center_2024_11_20_20_12_50_429.jpg, C:\Users\Owner\Downloads\simulator-windows-64\dataTrack1\IMG\left_2024_11_20_20_12_50_429.jpg, C:\Users\Owner\Downloads\simulator-windows-64\dataTrack1\IMG\right_2024_11_20_20_12_50_429.jpg, 0, 0, 0, 12.12784
C:\Users\Owner\Downloads\simulator-windows-64\dataTrack1\IMG\center_2024_11_20_20_12_50_533.jpg, C:\Users\Owner\Downloads\simulator-windows-64\dataTrack1\IMG\left_2024_11_20_20_12_50_533.jpg, C:\Users\Owner\Downloads\simulator-windows-64\dataTrack1\IMG\right_2024_11_20_20_12_50_533.jpg, 0.3108762, 0.2016639, 0, 12.01708
C:\Users\Owner\Downloads\simulator-windows-64\dataTrack1\IMG\center_2024_11_20_20_12_50_637.jpg, C:\Users\Owner\Downloads\simulator-windows-64\dataTrack1\IMG\left_2024_11_20_20_12_50_637.jpg, C:\Users\Owner\Downloads\simulator-windows-64\dataTrack1\IMG\right_2024_11_20_20_12_50_637.jpg, 0.1675488, 0.3062817, 0, 12.26975
C:\Users\Owner\Downloads\simulator-windows-64\dataTrack1\IMG\center_2024_11_20_20_12_50_740.jpg, C:\Users\Owner\Downloads\simulator-windows-64\dataTrack1\IMG\left_2024_11_20_20_12_50_740.jpg, C:\Users\Owner\Downloads\simulator-windows-64\dataTrack1\IMG\right_2024_11_20_20_12_50_740.jpg, 0, 0, 0, 12.39538
C:\Users\Owner\Downloads\simulator-windows-64\dataTrack1\IMG\center_2024_11_20_20_12_50_846.jpg, C:\Users\Owner\Downloads\simulator-windows-64\dataTrack1\IMG\left_2024_11_20_20_12_50_846.jpg, C:\Users\Owner\Downloads\simulator-windows-64\dataTrack1\IMG\right_2024_11_20_20_12_50_846.jpg, 0.1512804, 0, 0, 12.2717
C:\Users\Owner\Downloads\simulator-windows-64\dataTrack1\IMG\center_2024_11_20_20_12_50_950.jpg, C:\Users\Owner\Downloads\simulator-windows-64\dataTrack1\IMG\left_2024_11_20_20_12_50_950.jpg, C:\Users\Owner\Downloads\simulator-windows-64\dataTrack1\IMG\right_2024_11_20_20_12_50_950.jpg, 0.4183623, 0.3100653, 0, 12.29174
C:\Users\Owner\Downloads\simulator-windows-64\dataTrack1\IMG\center_2024_11_20_20_12_51_053.jpg, C:\Users\Owner\Downloads\simulator-windows-64\dataTrack1\IMG\left_2024_11_20_20_12_51_053.jpg, C:\Users\Owner\Downloads\simulator-windows-64\dataTrack1\IMG\right_2024_11_20_20_12_51_053.jpg, 0.1098842, 0.4175835, 0, 12.61413
C:\Users\Owner\Downloads\simulator-windows-64\dataTrack1\IMG\center_2024_11_20_20_12_51_157.jpg, C:\Users\Owner\Downloads\simulator-windows-64\dataTrack1\IMG\left_2024_11_20_20_12_51_157.jpg, C:\Users\Owner\Downloads\simulator-windows-64\dataTrack1\IMG\right_2024_11_20_20_12_51_157.jpg, 0, 0.1059744, 0, 12.78439
C:\Users\Owner\Downloads\simulator-windows-64\dataTrack1\IMG\center_2024_11_20_20_12_51_261.jpg, C:\Users\Owner\Downloads\simulator-windows-64\dataTrack1\IMG\left_2024_11_20_20_12_51_261.jpg, C:\Users\Owner\Downloads\simulator-windows-64\dataTrack1\IMG\right_2024_11_20_20_12_51_261.jpg, 0, 0.4190323, 0, 12.97909
C:\Users\Owner\Downloads\simulator-windows-64\dataTrack1\IMG\center_2024_11_20_20_12_51_364.jpg, C:\Users\Owner\Downloads\simulator-windows-64\dataTrack1\IMG\left_2024_11_20_20_12_51_364.jpg, C:\Users\Owner\Downloads\simulator-windows-64\dataTrack1\IMG\right_2024_11_20_20_12_51_364.jpg, 0, 0.3685243, 0, 13.4272
C:\Users\Owner\Downloads\simulator-windows-64\dataTrack1\IMG\center_2024_11_20_20_12_51_468.jpg, C:\Users\Owner\Downloads\simulator-windows-64\dataTrack1\IMG\left_2024_11_20_20_12_51_468.jpg, C:\Users\Owner\Downloads\simulator-windows-64\dataTrack1\IMG\right_2024_11_20_20_12_51_468.jpg, 0, 0.3120082, 0, 13.5287
C:\Users\Owner\Downloads\simulator-windows-64\dataTrack1\IMG\center_2024_11_20_20_12_51_573.jpg, C:\Users\Owner\Downloads\simulator-windows-64\dataTrack1\IMG\left_2024_11_20_20_12_51_573.jpg, C:\Users\Owner\Downloads\simulator-windows-64\dataTrack1\IMG\right_2024_11_20_20_12_51_573.jpg, 0, 0.6274525, 0, 14.09089
C:\Users\Owner\Downloads\simulator-windows-64\dataTrack1\IMG\center_2024_11_20_20_12_51_673.jpg, C:\Users\Owner\Downloads\simulator-windows-64\dataTrack1\IMG\left_2024_11_20_20_12_51_673.jpg, C:\Users\Owner\Downloads\simulator-windows-64\dataTrack1\IMG\right_2024_11_20_20_12_51_673.jpg, 0.1530675, 0.6218008, 0, 14.9027
C:\Users\Owner\Downloads\simulator-windows-64\dataTrack1\IMG\center_2024_11_20_20_12_51_778.jpg, C:\Users\Owner\Downloads\simulator-windows-64\dataTrack1\IMG\left_2024_11_20_20_12_51_778.jpg, C:\Users\Owner\Downloads\simulator-windows-64\dataTrack1\IMG\right_2024_11_20_20_12_51_778.jpg, 0.2659239, 0.3055863, 0, 15.18105
C:\Users\Owner\Downloads\simulator-windows-64\dataTrack1\IMG\center_2024_11_20_20_12_51_882.jpg, C:\Users\Owner\Downloads\simulator-windows-64\dataTrack1\IMG\left_2024_11_20_20_12_51_882.jpg, C:\Users\Owner\Downloads\simulator-windows-64\dataTrack1\IMG\right_2024_11_20_20_12_51_882.jpg, 0, 0.1021599, 0, 15.22207
C:\Users\Owner\Downloads\simulator-windows-64\dataTrack1\IMG\center_2024_11_20_20_12_51_987.jpg, C:\Users\Owner\Downloads\simulator-windows-64\dataTrack1\IMG\left_2024_11_20_20_12_51_987.jpg, C:\Users\Owner\Downloads\simulator-windows-64\dataTrack1\IMG\right_2024_11_20_20_12_51_987.jpg, 0.3135207, 0.4156806, 0, 15.36924
C:\Users\Owner\Downloads\simulator-windows-64\dataTrack1\IMG\center_2024_11_20_20_12_52_089.jpg, C:\Users\Owner\Downloads\simulator-windows-64\dataTrack1\IMG\left_2024_11_20_20_12_52_089.jpg, C:\Users\Owner\Downloads\simulator-windows-64\dataTrack1\IMG\right_2024_11_20_20_12_52_089.jpg, 0.007662591, 0.4151997, 0, 15.84674
C:\Users\Owner\Downloads\simulator-windows-64\dataTrack1\IMG\center_2024_11_20_20_12_52_195.jpg, C:\Users\Owner\Downloads\simulator-windows-64\dataTrack1\IMG\left_2024_11_20_20_12_52_195.jpg, C:\Users\Owner\Downloads\simulator-windows-64\dataTrack1\IMG\right_2024_11_20_20_12_52_195.jpg, 0, 0.2164146, 0, 15.97859
C:\Users\Owner\Downloads\simulator-windows-64\dataTrack1\IMG\center_2024_11_20_20_12_52_298.jpg, C:\Users\Owner\Downloads\simulator-windows-64\dataTrack1\IMG\left_2024_11_20_20_12_52_298.jpg, C:\Users\Owner\Downloads\simulator-windows-64\dataTrack1\IMG\right_2024_11_20_20_12_52_298.jpg, 0, 0.5270469, 0, 16.23046
C:\Users\Owner\Downloads\simulator-windows-64\dataTrack1\IMG\center_2024_11_20_20_12_52_402.jpg, C:\Users\Owner\Downloads\simulator-windows-64\dataTrack1\IMG\left_2024_11_20_20_12_52_402.jpg, C:\Users\Owner\Downloads\simulator-windows-64\dataTrack1\IMG\right_2024_11_20_20_12_52_402.jpg, 0.3112359, 0.215811, 0, 16.53918
C:\Users\Owner\Downloads\simulator-windows-64\dataTrack1\IMG\center_2024_11_20_20_12_52_505.jpg, C:\Users\Owner\Downloads\simulator-windows-64\dataTrack1\IMG\left_2024_11_20_20_12_52_505.jpg, C:\Users\Owner\Downloads\simulator-windows-64\dataTrack1\IMG\right_2024_11_20_20_12_52_505.jpg, 0.05026652, 0.05821799, 0, 16.45886
C:\Users\Owner\Downloads\simulator-windows-64\dataTrack1\IMG\center_2024_11_20_20_12_52_607.jpg, C:\Users\Owner\Downloads\simulator-windows-64\dataTrack1\IMG\left_2024_11_20_20_12_52_607.jpg, C:\Users\Owner\Downloads\simulator-windows-64\dataTrack1\IMG\right_2024_11_20_20_12_52_607.jpg, 0, 0.4127241, 0, 16.64725
C:\Users\Owner\Downloads\simulator-windows-64\dataTrack1\IMG\center_2024_11_20_20_12_52_712.jpg, C:\Users\Owner\Downloads\simulator-windows-64\dataTrack1\IMG\left_2024_11_20_20_12_52_712.jpg, C:\Users\Owner\Downloads\simulator-windows-64\dataTrack1\IMG\right_2024_11_20_20_12_52_712.jpg, 0, 0.09726903, 0, 16.79564
C:\Users\Owner\Downloads\simulator-windows-64\dataTrack1\IMG\center_2024_11_20_20_12_52_814.jpg, C:\Users\Owner\Downloads\simulator-windows-64\dataTrack1\IMG\left_2024_11_20_20_12_52_814.jpg, C:\Users\Owner\Downloads\simulator-windows-64\dataTrack1\IMG\right_2024_11_20_20_12_52_814.jpg, 0, 0.403158, 0, 16.91015
C:\Users\Owner\Downloads\simulator-windows-64\dataTrack1\IMG\center_2024_11_20_20_12_52_918.jpg, C:\Users\Owner\Downloads\simulator-windows-64\dataTrack1\IMG\left_2024_11_20_20_12_52_918.jpg, C:\Users\Owner\Downloads\simulator-windows-64\dataTrack1\IMG\right_2024_11_20_20_12_52_918.jpg, 0, 0.2754444, 0, 17.25233
C:\Users\Owner\Downloads\simulator-windows-64\dataTrack1\IMG\center_2024_11_20_20_12_53_023.jpg, C:\Users\Owner\Downloads\simulator-windows-64\dataTrack1\IMG\left_2024_11_20_20_12_53_023.jpg, C:\Users\Owner\Downloads\simulator-windows-64\dataTrack1\IMG\right_2024_11_20_20_12_53_023.jpg, 0, 0.5882949, 0, 17.57163
C:\Users\Owner\Downloads\simulator-windows-64\dataTrack1\IMG\center_2024_11_20_20_12_53_128.jpg, C:\Users\Owner\Downloads\simulator-windows-64\dataTrack1\IMG\left_2024_11_20_20_12_53_128.jpg, C:\Users\Owner\Downloads\simulator-windows-64\dataTrack1\IMG\right_2024_11_20_20_12_53_128.jpg, 0, 0.9035875, 0, 18.49175
C:\Users\Owner\Downloads\simulator-windows-64\dataTrack1\IMG\center_2024_11_20_20_12_53_231.jpg, C:\Users\Owner\Downloads\simulator-windows-64\dataTrack1\IMG\left_2024_11_20_20_12_53_231.jpg, C:\Users\Owner\Downloads\simulator-windows-64\dataTrack1\IMG\right_2024_11_20_20_12_53_231.jpg, 0, 0.8998381, 0, 19.49154
C:\Users\Owner\Downloads\simulator-windows-64\dataTrack1\IMG\center_2024_11_20_20_12_53_336.jpg, C:\Users\Owner\Downloads\simulator-windows-64\dataTrack1\IMG\left_2024_11_20_20_12_53_336.jpg, C:\Users\Owner\Downloads\simulator-windows-64\dataTrack1\IMG\right_2024_11_20_20_12_53_336.jpg, 0, 0.5876167, 0, 20.19576
C:\Users\Owner\Downloads\simulator-windows-64\dataTrack1\IMG\center_2024_11_20_20_12_53_439.jpg, C:\Users\Owner\Downloads\simulator-windows-64\dataTrack1\IMG\left_2024_11_20_20_12_53_439.jpg, C:\Users\Owner\Downloads\simulator-windows-64\dataTrack1\IMG\right_2024_11_20_20_12_53_439.jpg, 0.3111015, 0.2765151, 0, 20.46011
C:\Users\Owner\Downloads\simulator-windows-64\dataTrack1\IMG\center_2024_11_20_20_12_53_543.jpg, C:\Users\Owner\Downloads\simulator-windows-64\dataTrack1\IMG\left_2024_11_20_20_12_53_543.jpg, C:\Users\Owner\Downloads\simulator-windows-64\dataTrack1\IMG\right_2024_11_20_20_12_53_543.jpg, 0.4162122, 0.1714044, 0, 20.30213
C:\Users\Owner\Downloads\simulator-windows-64\dataTrack1\IMG\center_2024_11_20_20_12_53_647.jpg, C:\Users\Owner\Downloads\simulator-windows-64\dataTrack1\IMG\left_2024_11_20_20_12_53_647.jpg, C:\Users\Owner\Downloads\simulator-windows-64\dataTrack1\IMG\right_2024_11_20_20_12_53_647.jpg, 0.1014111, 0.4862055, 0, 20.57001
C:\Users\Owner\Downloads\simulator-windows-64\dataTrack1\IMG\center_2024_11_20_20_12_53_749.jpg, C:\Users\Owner\Downloads\simulator-windows-64\dataTrack1\IMG\left_2024_11_20_20_12_53_749.jpg, C:\Users\Owner\Downloads\simulator-windows-64\dataTrack1\IMG\right_2024_11_20_20_12_53_749.jpg, 0, 0.1821972, 0, 20.68798
C:\Users\Owner\Downloads\simulator-windows-64\dataTrack1\IMG\center_2024_11_20_20_12_53_851.jpg, C:\Users\Owner\Downloads\simulator-windows-64\dataTrack1\IMG\left_2024_11_20_20_12_53_851.jpg, C:\Users\Owner\Downloads\simulator-windows-64\dataTrack1\IMG\right_2024_11_20_20_12_53_851.jpg, 0, 0.2794182, 0, 20.7154
C:\Users\Owner\Downloads\simulator-windows-64\dataTrack1\IMG\center_2024_11_20_20_12_53_956.jpg, C:\Users\Owner\Downloads\simulator-windows-64\dataTrack1\IMG\left_2024_11_20_20_12_53_956.jpg, C:\Users\Owner\Downloads\simulator-windows-64\dataTrack1\IMG\right_2024_11_20_20_12_53_956.jpg, 0, 0, 0, 20.63931
C:\Users\Owner\Downloads\simulator-windows-64\dataTrack1\IMG\center_2024_11_20_20_12_54_061.jpg, C:\Users\Owner\Downloads\simulator-windows-64\dataTrack1\IMG\left_2024_11_20_20_12_54_061.jpg, C:\Users\Owner\Downloads\simulator-windows-64\dataTrack1\IMG\right_2024_11_20_20_12_54_061.jpg, 0, 0.2106096, 0, 20.5052
C:\Users\Owner\Downloads\simulator-windows-64\dataTrack1\IMG\center_2024_11_20_20_12_54_165.jpg, C:\Users\Owner\Downloads\simulator-windows-64\dataTrack1\IMG\left_2024_11_20_20_12_54_165.jpg, C:\Users\Owner\Downloads\simulator-windows-64\dataTrack1\IMG\right_2024_11_20_20_12_54_165.jpg, 0, 0.2698956, 0, 20.67519
C:\Users\Owner\Downloads\simulator-windows-64\dataTrack1\IMG\center_2024_11_20_20_12_54_270.jpg, C:\Users\Owner\Downloads\simulator-windows-64\dataTrack1\IMG\left_2024_11_20_20_12_54_270.jpg, C:\Users\Owner\Downloads\simulator-windows-64\dataTrack1\IMG\right_2024_11_20_20_12_54_270.jpg, 0, 0, 0, 20.53488
C:\Users\Owner\Downloads\simulator-windows-64\dataTrack1\IMG\center_2024_11_20_20_12_54_374.jpg, C:\Users\Owner\Downloads\simulator-windows-64\dataTrack1\IMG\left_2024_11_20_20_12_54_374.jpg, C:\Users\Owner\Downloads\simulator-windows-64\dataTrack1\IMG\right_2024_11_20_20_12_54_374.jpg, 0, 0, 0, 20.33143
C:\Users\Owner\Downloads\simulator-windows-64\dataTrack1\IMG\center_2024_11_20_20_12_54_478.jpg, C:\Users\Owner\Downloads\simulator-windows-64\dataTrack1\IMG\left_2024_11_20_20_12_54_478.jpg, C:\Users\Owner\Downloads\simulator-windows-64\dataTrack1\IMG\right_2024_11_20_20_12_54_478.jpg, 0, 0, 0, 20.12403
C:\Users\Owner\Downloads\simulator-windows-64\dataTrack1\IMG\center_2024_11_20_20_12_54_581.jpg, C:\Users\Owner\Downloads\simulator-windows-64\dataTrack1\IMG\left_2024_11_20_20_12_54_581.jpg, C:\Users\Owner\Downloads\simulator-windows-64\dataTrack1\IMG\right_2024_11_20_20_12_54_581.jpg, 0, 0.2040309, 0, 19.97274
C:\Users\Owner\Downloads\simulator-windows-64\dataTrack1\IMG\center_2024_11_20_20_12_54_684.jpg, C:\Users\Owner\Downloads\simulator-windows-64\dataTrack1\IMG\left_2024_11_20_20_12_54_684.jpg, C:\Users\Owner\Downloads\simulator-windows-64\dataTrack1\IMG\right_2024_11_20_20_12_54_684.jpg, -0.0534411, 0.3603783, 0, 20.19155
C:\Users\Owner\Downloads\simulator-windows-64\dataTrack1\IMG\center_2024_11_20_20_12_54_786.jpg, C:\Users\Owner\Downloads\simulator-windows-64\dataTrack1\IMG\left_2024_11_20_20_12_54_786.jpg, C:\Users\Owner\Downloads\simulator-windows-64\dataTrack1\IMG\right_2024_11_20_20_12_54_786.jpg, -0.3548457, 0.05897367, 0, 20.13756
C:\Users\Owner\Downloads\simulator-windows-64\dataTrack1\IMG\center_2024_11_20_20_12_54_890.jpg, C:\Users\Owner\Downloads\simulator-windows-64\dataTrack1\IMG\left_2024_11_20_20_12_54_890.jpg, C:\Users\Owner\Downloads\simulator-windows-64\dataTrack1\IMG\right_2024_11_20_20_12_54_890.jpg, -0.09648121, 0.3206112, 0, 20.25257
C:\Users\Owner\Downloads\simulator-windows-64\dataTrack1\IMG\center_2024_11_20_20_12_54_996.jpg, C:\Users\Owner\Downloads\simulator-windows-64\dataTrack1\IMG\left_2024_11_20_20_12_54_996.jpg, C:\Users\Owner\Downloads\simulator-windows-64\dataTrack1\IMG\right_2024_11_20_20_12_54_996.jpg, 0, 0.216243, 0, 20.26909
C:\Users\Owner\Downloads\simulator-windows-64\dataTrack1\IMG\center_2024_11_20_20_12_55_099.jpg, C:\Users\Owner\Downloads\simulator-windows-64\dataTrack1\IMG\left_2024_11_20_20_12_55_099.jpg, C:\Users\Owner\Downloads\simulator-windows-64\dataTrack1\IMG\right_2024_11_20_20_12_55_099.jpg, 0, 0.3189717, 0, 20.45224
C:\Users\Owner\Downloads\simulator-windows-64\dataTrack1\IMG\center_2024_11_20_20_12_55_202.jpg, C:\Users\Owner\Downloads\simulator-windows-64\dataTrack1\IMG\left_2024_11_20_20_12_55_202.jpg, C:\Users\Owner\Downloads\simulator-windows-64\dataTrack1\IMG\right_2024_11_20_20_12_55_202.jpg, 0, 0.007708192, 0, 20.48244
C:\Users\Owner\Downloads\simulator-windows-64\dataTrack1\IMG\center_2024_11_20_20_12_55_305.jpg, C:\Users\Owner\Downloads\simulator-windows-64\dataTrack1\IMG\left_2024_11_20_20_12_55_305.jpg, C:\Users\Owner\Downloads\simulator-windows-64\dataTrack1\IMG\right_2024_11_20_20_12_55_305.jpg, 0, 0.2641467, 0, 20.41596
C:\Users\Owner\Downloads\simulator-windows-64\dataTrack1\IMG\center_2024_11_20_20_12_55_407.jpg, C:\Users\Owner\Downloads\simulator-windows-64\dataTrack1\IMG\left_2024_11_20_20_12_55_407.jpg, C:\Users\Owner\Downloads\simulator-windows-64\dataTrack1\IMG\right_2024_11_20_20_12_55_407.jpg, 0, 0.6220224, 0, 20.86646
C:\Users\Owner\Downloads\simulator-windows-64\dataTrack1\IMG\center_2024_11_20_20_12_55_513.jpg, C:\Users\Owner\Downloads\simulator-windows-64\dataTrack1\IMG\left_2024_11_20_20_12_55_513.jpg, C:\Users\Owner\Downloads\simulator-windows-64\dataTrack1\IMG\right_2024_11_20_20_12_55_513.jpg, 0, 0.939405, 0, 21.6257
C:\Users\Owner\Downloads\simulator-windows-64\dataTrack1\IMG\center_2024_11_20_20_12_55_616.jpg, C:\Users\Owner\Downloads\simulator-windows-64\dataTrack1\IMG\left_2024_11_20_20_12_55_616.jpg, C:\Users\Owner\Downloads\simulator-windows-64\dataTrack1\IMG\right_2024_11_20_20_12_55_616.jpg, 0, 0.6293106, 0, 22.36832
C:\Users\Owner\Downloads\simulator-windows-64\dataTrack1\IMG\center_2024_11_20_20_12_55_718.jpg, C:\Users\Owner\Downloads\simulator-windows-64\dataTrack1\IMG\left_2024_11_20_20_12_55_718.jpg, C:\Users\Owner\Downloads\simulator-windows-64\dataTrack1\IMG\right_2024_11_20_20_12_55_718.jpg, 0, 0.9356443, 0, 23.06489
C:\Users\Owner\Downloads\simulator-windows-64\dataTrack1\IMG\center_2024_11_20_20_12_55_821.jpg, C:\Users\Owner\Downloads\simulator-windows-64\dataTrack1\IMG\left_2024_11_20_20_12_55_821.jpg, C:\Users\Owner\Downloads\simulator-windows-64\dataTrack1\IMG\right_2024_11_20_20_12_55_821.jpg, 0, 0.7321038, 0, 23.80828
C:\Users\Owner\Downloads\simulator-windows-64\dataTrack1\IMG\center_2024_11_20_20_12_55_924.jpg, C:\Users\Owner\Downloads\simulator-windows-64\dataTrack1\IMG\left_2024_11_20_20_12_55_924.jpg, C:\Users\Owner\Downloads\simulator-windows-64\dataTrack1\IMG\right_2024_11_20_20_12_55_924.jpg, 0, 0.9900814, 0, 24.6035
C:\Users\Owner\Downloads\simulator-windows-64\dataTrack1\IMG\center_2024_11_20_20_12_56_030.jpg, C:\Users\Owner\Downloads\simulator-windows-64\dataTrack1\IMG\left_2024_11_20_20_12_56_030.jpg, C:\Users\Owner\Downloads\simulator-windows-64\dataTrack1\IMG\right_2024_11_20_20_12_56_030.jpg, 0, 0.7262859, 0, 25.45403
C:\Users\Owner\Downloads\simulator-windows-64\dataTrack1\IMG\center_2024_11_20_20_12_56_133.jpg, C:\Users\Owner\Downloads\simulator-windows-64\dataTrack1\IMG\left_2024_11_20_20_12_56_133.jpg, C:\Users\Owner\Downloads\simulator-windows-64\dataTrack1\IMG\right_2024_11_20_20_12_56_133.jpg, 0, 0.8290206, 0, 26.24406
C:\Users\Owner\Downloads\simulator-windows-64\dataTrack1\IMG\center_2024_11_20_20_12_56_237.jpg, C:\Users\Owner\Downloads\simulator-windows-64\dataTrack1\IMG\left_2024_11_20_20_12_56_237.jpg, C:\Users\Owner\Downloads\simulator-windows-64\dataTrack1\IMG\right_2024_11_20_20_12_56_237.jpg, 0, 0.7252206, 0, 26.84198
C:\Users\Owner\Downloads\simulator-windows-64\dataTrack1\IMG\center_2024_11_20_20_12_56_341.jpg, C:\Users\Owner\Downloads\simulator-windows-64\dataTrack1\IMG\left_2024_11_20_20_12_56_341.jpg, C:\Users\Owner\Downloads\simulator-windows-64\dataTrack1\IMG\right_2024_11_20_20_12_56_341.jpg, 0, 0.728336, 0, 27.5429
C:\Users\Owner\Downloads\simulator-windows-64\dataTrack1\IMG\center_2024_11_20_20_12_56_442.jpg, C:\Users\Owner\Downloads\simulator-windows-64\dataTrack1\IMG\left_2024_11_20_20_12_56_442.jpg, C:\Users\Owner\Downloads\simulator-windows-64\dataTrack1\IMG\right_2024_11_20_20_12_56_442.jpg, 0, 0.6258593, 0, 28.00709
C:\Users\Owner\Downloads\simulator-windows-64\dataTrack1\IMG\center_2024_11_20_20_12_56_548.jpg, C:\Users\Owner\Downloads\simulator-windows-64\dataTrack1\IMG\left_2024_11_20_20_12_56_548.jpg, C:\Users\Owner\Downloads\simulator-windows-64\dataTrack1\IMG\right_2024_11_20_20_12_56_548.jpg, 0, 0.5262155, 0, 28.62494
C:\Users\Owner\Downloads\simulator-windows-64\dataTrack1\IMG\center_2024_11_20_20_12_56_651.jpg, C:\Users\Owner\Downloads\simulator-windows-64\dataTrack1\IMG\left_2024_11_20_20_12_56_651.jpg, C:\Users\Owner\Downloads\simulator-windows-64\dataTrack1\IMG\right_2024_11_20_20_12_56_651.jpg, 0, 0.5252429, 0, 28.87546
C:\Users\Owner\Downloads\simulator-windows-64\dataTrack1\IMG\center_2024_11_20_20_12_56_752.jpg, C:\Users\Owner\Downloads\simulator-windows-64\dataTrack1\IMG\left_2024_11_20_20_12_56_752.jpg, C:\Users\Owner\Downloads\simulator-windows-64\dataTrack1\IMG\right_2024_11_20_20_12_56_752.jpg, 0, 0.2185169, 0, 29.03642
C:\Users\Owner\Downloads\simulator-windows-64\dataTrack1\IMG\center_2024_11_20_20_12_56_857.jpg, C:\Users\Owner\Downloads\simulator-windows-64\dataTrack1\IMG\left_2024_11_20_20_12_56_857.jpg, C:\Users\Owner\Downloads\simulator-windows-64\dataTrack1\IMG\right_2024_11_20_20_12_56_857.jpg, 0, 0, 0, 28.8431
C:\Users\Owner\Downloads\simulator-windows-64\dataTrack1\IMG\center_2024_11_20_20_12_56_959.jpg, C:\Users\Owner\Downloads\simulator-windows-64\dataTrack1\IMG\left_2024_11_20_20_12_56_959.jpg, C:\Users\Owner\Downloads\simulator-windows-64\dataTrack1\IMG\right_2024_11_20_20_12_56_959.jpg, 0, 0.2017368, 0, 28.61416
C:\Users\Owner\Downloads\simulator-windows-64\dataTrack1\IMG\center_2024_11_20_20_12_57_065.jpg, C:\Users\Owner\Downloads\simulator-windows-64\dataTrack1\IMG\left_2024_11_20_20_12_57_065.jpg, C:\Users\Owner\Downloads\simulator-windows-64\dataTrack1\IMG\right_2024_11_20_20_12_57_065.jpg, 0, 0, 0, 28.42795
C:\Users\Owner\Downloads\simulator-windows-64\dataTrack1\IMG\center_2024_11_20_20_12_57_168.jpg, C:\Users\Owner\Downloads\simulator-windows-64\dataTrack1\IMG\left_2024_11_20_20_12_57_168.jpg, C:\Users\Owner\Downloads\simulator-windows-64\dataTrack1\IMG\right_2024_11_20_20_12_57_168.jpg, 0, 0.2044158, 0, 28.17141
C:\Users\Owner\Downloads\simulator-windows-64\dataTrack1\IMG\center_2024_11_20_20_12_57_271.jpg, C:\Users\Owner\Downloads\simulator-windows-64\dataTrack1\IMG\left_2024_11_20_20_12_57_271.jpg, C:\Users\Owner\Downloads\simulator-windows-64\dataTrack1\IMG\right_2024_11_20_20_12_57_271.jpg, 0, 0.1011357, 0, 28.15416
C:\Users\Owner\Downloads\simulator-windows-64\dataTrack1\IMG\center_2024_11_20_20_12_57_374.jpg, C:\Users\Owner\Downloads\simulator-windows-64\dataTrack1\IMG\left_2024_11_20_20_12_57_374.jpg, C:\Users\Owner\Downloads\simulator-windows-64\dataTrack1\IMG\right_2024_11_20_20_12_57_374.jpg, -0.1563015, 0, 0, 27.88211
C:\Users\Owner\Downloads\simulator-windows-64\dataTrack1\IMG\center_2024_11_20_20_12_57_476.jpg, C:\Users\Owner\Downloads\simulator-windows-64\dataTrack1\IMG\left_2024_11_20_20_12_57_476.jpg, C:\Users\Owner\Downloads\simulator-windows-64\dataTrack1\IMG\right_2024_11_20_20_12_57_476.jpg, -0.3587859, 0, 0, 27.48637
C:\Users\Owner\Downloads\simulator-windows-64\dataTrack1\IMG\center_2024_11_20_20_12_57_581.jpg, C:\Users\Owner\Downloads\simulator-windows-64\dataTrack1\IMG\left_2024_11_20_20_12_57_581.jpg, C:\Users\Owner\Downloads\simulator-windows-64\dataTrack1\IMG\right_2024_11_20_20_12_57_581.jpg, -0.04646582, 0, 0, 27.20137
C:\Users\Owner\Downloads\simulator-windows-64\dataTrack1\IMG\center_2024_11_20_20_12_57_685.jpg, C:\Users\Owner\Downloads\simulator-windows-64\dataTrack1\IMG\left_2024_11_20_20_12_57_685.jpg, C:\Users\Owner\Downloads\simulator-windows-64\dataTrack1\IMG\right_2024_11_20_20_12_57_685.jpg, 0, 0, 0, 26.91833
C:\Users\Owner\Downloads\simulator-windows-64\dataTrack1\IMG\center_2024_11_20_20_12_57_788.jpg, C:\Users\Owner\Downloads\simulator-windows-64\dataTrack1\IMG\left_2024_11_20_20_12_57_788.jpg, C:\Users\Owner\Downloads\simulator-windows-64\dataTrack1\IMG\right_2024_11_20_20_12_57_788.jpg, 0, 0.2194494, 0, 26.69287
C:\Users\Owner\Downloads\simulator-windows-64\dataTrack1\IMG\center_2024_11_20_20_12_57_891.jpg, C:\Users\Owner\Downloads\simulator-windows-64\dataTrack1\IMG\left_2024_11_20_20_12_57_891.jpg, C:\Users\Owner\Downloads\simulator-windows-64\dataTrack1\IMG\right_2024_11_20_20_12_57_891.jpg, 0, 0.1260735, 0, 26.71473
C:\Users\Owner\Downloads\simulator-windows-64\dataTrack1\IMG\center_2024_11_20_20_12_57_996.jpg, C:\Users\Owner\Downloads\simulator-windows-64\dataTrack1\IMG\left_2024_11_20_20_12_57_996.jpg, C:\Users\Owner\Downloads\simulator-windows-64\dataTrack1\IMG\right_2024_11_20_20_12_57_996.jpg, 0, 0, 0, 26.47878
C:\Users\Owner\Downloads\simulator-windows-64\dataTrack1\IMG\center_2024_11_20_20_12_58_099.jpg, C:\Users\Owner\Downloads\simulator-windows-64\dataTrack1\IMG\left_2024_11_20_20_12_58_099.jpg, C:\Users\Owner\Downloads\simulator-windows-64\dataTrack1\IMG\right_2024_11_20_20_12_58_099.jpg, 0, 0.1058766, 0, 26.34541
C:\Users\Owner\Downloads\simulator-windows-64\dataTrack1\IMG\center_2024_11_20_20_12_58_203.jpg, C:\Users\Owner\Downloads\simulator-windows-64\dataTrack1\IMG\left_2024_11_20_20_12_58_203.jpg, C:\Users\Owner\Downloads\simulator-windows-64\dataTrack1\IMG\right_2024_11_20_20_12_58_203.jpg, 0, 0, 0, 26.10174
C:\Users\Owner\Downloads\simulator-windows-64\dataTrack1\IMG\center_2024_11_20_20_12_58_306.jpg, C:\Users\Owner\Downloads\simulator-windows-64\dataTrack1\IMG\left_2024_11_20_20_12_58_306.jpg, C:\Users\Owner\Downloads\simulator-windows-64\dataTrack1\IMG\right_2024_11_20_20_12_58_306.jpg, 0, 0.0540672, 0, 25.83872
C:\Users\Owner\Downloads\simulator-windows-64\dataTrack1\IMG\center_2024_11_20_20_12_58_409.jpg, C:\Users\Owner\Downloads\simulator-windows-64\dataTrack1\IMG\left_2024_11_20_20_12_58_409.jpg, C:\Users\Owner\Downloads\simulator-windows-64\dataTrack1\IMG\right_2024_11_20_20_12_58_409.jpg, 0, 0.203529, 0, 25.85054
C:\Users\Owner\Downloads\simulator-windows-64\dataTrack1\IMG\center_2024_11_20_20_12_58_513.jpg, C:\Users\Owner\Downloads\simulator-windows-64\dataTrack1\IMG\left_2024_11_20_20_12_58_513.jpg, C:\Users\Owner\Downloads\simulator-windows-64\dataTrack1\IMG\right_2024_11_20_20_12_58_513.jpg, 0, 0, 0, 25.65999
C:\Users\Owner\Downloads\simulator-windows-64\dataTrack1\IMG\center_2024_11_20_20_12_58_617.jpg, C:\Users\Owner\Downloads\simulator-windows-64\dataTrack1\IMG\left_2024_11_20_20_12_58_617.jpg, C:\Users\Owner\Downloads\simulator-windows-64\dataTrack1\IMG\right_2024_11_20_20_12_58_617.jpg, 0, 0.2042751, 0, 25.58268
C:\Users\Owner\Downloads\simulator-windows-64\dataTrack1\IMG\center_2024_11_20_20_12_58_719.jpg, C:\Users\Owner\Downloads\simulator-windows-64\dataTrack1\IMG\left_2024_11_20_20_12_58_719.jpg, C:\Users\Owner\Downloads\simulator-windows-64\dataTrack1\IMG\right_2024_11_20_20_12_58_719.jpg, 0, 0, 0, 25.42228
C:\Users\Owner\Downloads\simulator-windows-64\dataTrack1\IMG\center_2024_11_20_20_12_58_823.jpg, C:\Users\Owner\Downloads\simulator-windows-64\dataTrack1\IMG\left_2024_11_20_20_12_58_823.jpg, C:\Users\Owner\Downloads\simulator-windows-64\dataTrack1\IMG\right_2024_11_20_20_12_58_823.jpg, 0, 0.3104505, 0, 25.31701
C:\Users\Owner\Downloads\simulator-windows-64\dataTrack1\IMG\center_2024_11_20_20_12_58_925.jpg, C:\Users\Owner\Downloads\simulator-windows-64\dataTrack1\IMG\left_2024_11_20_20_12_58_925.jpg, C:\Users\Owner\Downloads\simulator-windows-64\dataTrack1\IMG\right_2024_11_20_20_12_58_925.jpg, 0, 0.05238509, 0, 25.30607
C:\Users\Owner\Downloads\simulator-windows-64\dataTrack1\IMG\center_2024_11_20_20_12_59_031.jpg, C:\Users\Owner\Downloads\simulator-windows-64\dataTrack1\IMG\left_2024_11_20_20_12_59_031.jpg, C:\Users\Owner\Downloads\simulator-windows-64\dataTrack1\IMG\right_2024_11_20_20_12_59_031.jpg, 0, 0.2071437, 0, 25.09649
C:\Users\Owner\Downloads\simulator-windows-64\dataTrack1\IMG\center_2024_11_20_20_12_59_134.jpg, C:\Users\Owner\Downloads\simulator-windows-64\dataTrack1\IMG\left_2024_11_20_20_12_59_134.jpg, C:\Users\Owner\Downloads\simulator-windows-64\dataTrack1\IMG\right_2024_11_20_20_12_59_134.jpg, 0, 0, 0, 24.92299
C:\Users\Owner\Downloads\simulator-windows-64\dataTrack1\IMG\center_2024_11_20_20_12_59_238.jpg, C:\Users\Owner\Downloads\simulator-windows-64\dataTrack1\IMG\left_2024_11_20_20_12_59_238.jpg, C:\Users\Owner\Downloads\simulator-windows-64\dataTrack1\IMG\right_2024_11_20_20_12_59_238.jpg, 0, 0.3097302, 0, 24.84883
C:\Users\Owner\Downloads\simulator-windows-64\dataTrack1\IMG\center_2024_11_20_20_12_59_340.jpg, C:\Users\Owner\Downloads\simulator-windows-64\dataTrack1\IMG\left_2024_11_20_20_12_59_340.jpg, C:\Users\Owner\Downloads\simulator-windows-64\dataTrack1\IMG\right_2024_11_20_20_12_59_340.jpg, 0, 0.004002005, 0, 24.81696
C:\Users\Owner\Downloads\simulator-windows-64\dataTrack1\IMG\center_2024_11_20_20_12_59_442.jpg, C:\Users\Owner\Downloads\simulator-windows-64\dataTrack1\IMG\left_2024_11_20_20_12_59_442.jpg, C:\Users\Owner\Downloads\simulator-windows-64\dataTrack1\IMG\right_2024_11_20_20_12_59_442.jpg, -0.2031282, 0, 0, 24.55158
C:\Users\Owner\Downloads\simulator-windows-64\dataTrack1\IMG\center_2024_11_20_20_12_59_546.jpg, C:\Users\Owner\Downloads\simulator-windows-64\dataTrack1\IMG\left_2024_11_20_20_12_59_546.jpg, C:\Users\Owner\Downloads\simulator-windows-64\dataTrack1\IMG\right_2024_11_20_20_12_59_546.jpg, -0.3718911, 0, 0, 24.18803
C:\Users\Owner\Downloads\simulator-windows-64\dataTrack1\IMG\center_2024_11_20_20_12_59_651.jpg, C:\Users\Owner\Downloads\simulator-windows-64\dataTrack1\IMG\left_2024_11_20_20_12_59_651.jpg, C:\Users\Owner\Downloads\simulator-windows-64\dataTrack1\IMG\right_2024_11_20_20_12_59_651.jpg, -0.00608129, 0, 0, 23.89385
C:\Users\Owner\Downloads\simulator-windows-64\dataTrack1\IMG\center_2024_11_20_20_12_59_753.jpg, C:\Users\Owner\Downloads\simulator-windows-64\dataTrack1\IMG\left_2024_11_20_20_12_59_753.jpg, C:\Users\Owner\Downloads\simulator-windows-64\dataTrack1\IMG\right_2024_11_20_20_12_59_753.jpg, -0.0521904, 0, 0, 23.64874
C:\Users\Owner\Downloads\simulator-windows-64\dataTrack1\IMG\center_2024_11_20_20_12_59_858.jpg, C:\Users\Owner\Downloads\simulator-windows-64\dataTrack1\IMG\left_2024_11_20_20_12_59_858.jpg, C:\Users\Owner\Downloads\simulator-windows-64\dataTrack1\IMG\right_2024_11_20_20_12_59_858.jpg, -0.261624, 0, 0, 23.3676
C:\Users\Owner\Downloads\simulator-windows-64\dataTrack1\IMG\center_2024_11_20_20_12_59_962.jpg, C:\Users\Owner\Downloads\simulator-windows-64\dataTrack1\IMG\left_2024_11_20_20_12_59_962.jpg, C:\Users\Owner\Downloads\simulator-windows-64\dataTrack1\IMG\right_2024_11_20_20_12_59_962.jpg, 0, 0, 0, 23.12965
C:\Users\Owner\Downloads\simulator-windows-64\dataTrack1\IMG\center_2024_11_20_20_13_00_066.jpg, C:\Users\Owner\Downloads\simulator-windows-64\dataTrack1\IMG\left_2024_11_20_20_13_00_066.jpg, C:\Users\Owner\Downloads\simulator-windows-64\dataTrack1\IMG\right_2024_11_20_20_13_00_066.jpg, 0, 0, 0, 22.89527
C:\Users\Owner\Downloads\simulator-windows-64\dataTrack1\IMG\center_2024_11_20_20_13_00_168.jpg, C:\Users\Owner\Downloads\simulator-windows-64\dataTrack1\IMG\left_2024_11_20_20_13_00_168.jpg, C:\Users\Owner\Downloads\simulator-windows-64\dataTrack1\IMG\right_2024_11_20_20_13_00_168.jpg, -0.3041301, 0, 0, 22.57988
C:\Users\Owner\Downloads\simulator-windows-64\dataTrack1\IMG\center_2024_11_20_20_13_00_273.jpg, C:\Users\Owner\Downloads\simulator-windows-64\dataTrack1\IMG\left_2024_11_20_20_13_00_273.jpg, C:\Users\Owner\Downloads\simulator-windows-64\dataTrack1\IMG\right_2024_11_20_20_13_00_273.jpg, 0, 0, 0, 22.34788
C:\Users\Owner\Downloads\simulator-windows-64\dataTrack1\IMG\center_2024_11_20_20_13_00_374.jpg, C:\Users\Owner\Downloads\simulator-windows-64\dataTrack1\IMG\left_2024_11_20_20_13_00_374.jpg, C:\Users\Owner\Downloads\simulator-windows-64\dataTrack1\IMG\right_2024_11_20_20_13_00_374.jpg, -0.1541382, 0, 0, 22.11839
C:\Users\Owner\Downloads\simulator-windows-64\dataTrack1\IMG\center_2024_11_20_20_13_00_480.jpg, C:\Users\Owner\Downloads\simulator-windows-64\dataTrack1\IMG\left_2024_11_20_20_13_00_480.jpg, C:\Users\Owner\Downloads\simulator-windows-64\dataTrack1\IMG\right_2024_11_20_20_13_00_480.jpg, -0.4690449, 0, 0, 21.7989
C:\Users\Owner\Downloads\simulator-windows-64\dataTrack1\IMG\center_2024_11_20_20_13_00_583.jpg, C:\Users\Owner\Downloads\simulator-windows-64\dataTrack1\IMG\left_2024_11_20_20_13_00_583.jpg, C:\Users\Owner\Downloads\simulator-windows-64\dataTrack1\IMG\right_2024_11_20_20_13_00_583.jpg, -0.1603281, 0, 0, 21.55513
C:\Users\Owner\Downloads\simulator-windows-64\dataTrack1\IMG\center_2024_11_20_20_13_00_685.jpg, C:\Users\Owner\Downloads\simulator-windows-64\dataTrack1\IMG\left_2024_11_20_20_13_00_685.jpg, C:\Users\Owner\Downloads\simulator-windows-64\dataTrack1\IMG\right_2024_11_20_20_13_00_685.jpg, -0.1141692, 0, 0, 21.3374
C:\Users\Owner\Downloads\simulator-windows-64\dataTrack1\IMG\center_2024_11_20_20_13_00_788.jpg, C:\Users\Owner\Downloads\simulator-windows-64\dataTrack1\IMG\left_2024_11_20_20_13_00_788.jpg, C:\Users\Owner\Downloads\simulator-windows-64\dataTrack1\IMG\right_2024_11_20_20_13_00_788.jpg, -0.1615824, 0, 0, 21.05277
C:\Users\Owner\Downloads\simulator-windows-64\dataTrack1\IMG\center_2024_11_20_20_13_00_892.jpg, C:\Users\Owner\Downloads\simulator-windows-64\dataTrack1\IMG\left_2024_11_20_20_13_00_892.jpg, C:\Users\Owner\Downloads\simulator-windows-64\dataTrack1\IMG\right_2024_11_20_20_13_00_892.jpg, 0, 0, 0, 20.82978
C:\Users\Owner\Downloads\simulator-windows-64\dataTrack1\IMG\center_2024_11_20_20_13_00_995.jpg, C:\Users\Owner\Downloads\simulator-windows-64\dataTrack1\IMG\left_2024_11_20_20_13_00_995.jpg, C:\Users\Owner\Downloads\simulator-windows-64\dataTrack1\IMG\right_2024_11_20_20_13_00_995.jpg, 0, 0, 0, 20.62729
C:\Users\Owner\Downloads\simulator-windows-64\dataTrack1\IMG\center_2024_11_20_20_13_01_100.jpg, C:\Users\Owner\Downloads\simulator-windows-64\dataTrack1\IMG\left_2024_11_20_20_13_01_100.jpg, C:\Users\Owner\Downloads\simulator-windows-64\dataTrack1\IMG\right_2024_11_20_20_13_01_100.jpg, -0.3121797, 0, 0, 20.3667
C:\Users\Owner\Downloads\simulator-windows-64\dataTrack1\IMG\center_2024_11_20_20_13_01_203.jpg, C:\Users\Owner\Downloads\simulator-windows-64\dataTrack1\IMG\left_2024_11_20_20_13_01_203.jpg, C:\Users\Owner\Downloads\simulator-windows-64\dataTrack1\IMG\right_2024_11_20_20_13_01_203.jpg, -0.3182316, 0, 0, 20.09771
C:\Users\Owner\Downloads\simulator-windows-64\dataTrack1\IMG\center_2024_11_20_20_13_01_307.jpg, C:\Users\Owner\Downloads\simulator-windows-64\dataTrack1\IMG\left_2024_11_20_20_13_01_307.jpg, C:\Users\Owner\Downloads\simulator-windows-64\dataTrack1\IMG\right_2024_11_20_20_13_01_307.jpg, -0.1167834, 0, 0, 19.9144
C:\Users\Owner\Downloads\simulator-windows-64\dataTrack1\IMG\center_2024_11_20_20_13_01_410.jpg, C:\Users\Owner\Downloads\simulator-windows-64\dataTrack1\IMG\left_2024_11_20_20_13_01_410.jpg, C:\Users\Owner\Downloads\simulator-windows-64\dataTrack1\IMG\right_2024_11_20_20_13_01_410.jpg, -0.4240326, 0, 0, 19.45251
C:\Users\Owner\Downloads\simulator-windows-64\dataTrack1\IMG\center_2024_11_20_20_13_01_513.jpg, C:\Users\Owner\Downloads\simulator-windows-64\dataTrack1\IMG\left_2024_11_20_20_13_01_513.jpg, C:\Users\Owner\Downloads\simulator-windows-64\dataTrack1\IMG\right_2024_11_20_20_13_01_513.jpg, -0.1145127, 0, 0, 19.5404
C:\Users\Owner\Downloads\simulator-windows-64\dataTrack1\IMG\center_2024_11_20_20_13_01_617.jpg, C:\Users\Owner\Downloads\simulator-windows-64\dataTrack1\IMG\left_2024_11_20_20_13_01_617.jpg, C:\Users\Owner\Downloads\simulator-windows-64\dataTrack1\IMG\right_2024_11_20_20_13_01_617.jpg, 0, 0, 0, 18.95163
C:\Users\Owner\Downloads\simulator-windows-64\dataTrack1\IMG\center_2024_11_20_20_13_01_721.jpg, C:\Users\Owner\Downloads\simulator-windows-64\dataTrack1\IMG\left_2024_11_20_20_13_01_721.jpg, C:\Users\Owner\Downloads\simulator-windows-64\dataTrack1\IMG\right_2024_11_20_20_13_01_721.jpg, -0.3099432, 0, 0, 19.13651
C:\Users\Owner\Downloads\simulator-windows-64\dataTrack1\IMG\center_2024_11_20_20_13_01_823.jpg, C:\Users\Owner\Downloads\simulator-windows-64\dataTrack1\IMG\left_2024_11_20_20_13_01_823.jpg, C:\Users\Owner\Downloads\simulator-windows-64\dataTrack1\IMG\right_2024_11_20_20_13_01_823.jpg, -0.2080752, 0, 0, 18.44489
C:\Users\Owner\Downloads\simulator-windows-64\dataTrack1\IMG\center_2024_11_20_20_13_01_927.jpg, C:\Users\Owner\Downloads\simulator-windows-64\dataTrack1\IMG\left_2024_11_20_20_13_01_927.jpg, C:\Users\Owner\Downloads\simulator-windows-64\dataTrack1\IMG\right_2024_11_20_20_13_01_927.jpg, 0, 0.3116733, 0, 18.48387
C:\Users\Owner\Downloads\simulator-windows-64\dataTrack1\IMG\center_2024_11_20_20_13_02_031.jpg, C:\Users\Owner\Downloads\simulator-windows-64\dataTrack1\IMG\left_2024_11_20_20_13_02_031.jpg, C:\Users\Owner\Downloads\simulator-windows-64\dataTrack1\IMG\right_2024_11_20_20_13_02_031.jpg, 0, 0.001474492, 0, 18.87695
C:\Users\Owner\Downloads\simulator-windows-64\dataTrack1\IMG\center_2024_11_20_20_13_02_135.jpg, C:\Users\Owner\Downloads\simulator-windows-64\dataTrack1\IMG\left_2024_11_20_20_13_02_135.jpg, C:\Users\Owner\Downloads\simulator-windows-64\dataTrack1\IMG\right_2024_11_20_20_13_02_135.jpg, -0.2230815, 0, 0, 18.21732
C:\Users\Owner\Downloads\simulator-windows-64\dataTrack1\IMG\center_2024_11_20_20_13_02_239.jpg, C:\Users\Owner\Downloads\simulator-windows-64\dataTrack1\IMG\left_2024_11_20_20_13_02_239.jpg, C:\Users\Owner\Downloads\simulator-windows-64\dataTrack1\IMG\right_2024_11_20_20_13_02_239.jpg, -0.1146528, 0, 0, 18.47684
C:\Users\Owner\Downloads\simulator-windows-64\dataTrack1\IMG\center_2024_11_20_20_13_02_341.jpg, C:\Users\Owner\Downloads\simulator-windows-64\dataTrack1\IMG\left_2024_11_20_20_13_02_341.jpg, C:\Users\Owner\Downloads\simulator-windows-64\dataTrack1\IMG\right_2024_11_20_20_13_02_341.jpg, 0, 0.1544397, 0, 17.81039
C:\Users\Owner\Downloads\simulator-windows-64\dataTrack1\IMG\center_2024_11_20_20_13_02_443.jpg, C:\Users\Owner\Downloads\simulator-windows-64\dataTrack1\IMG\left_2024_11_20_20_13_02_443.jpg, C:\Users\Owner\Downloads\simulator-windows-64\dataTrack1\IMG\right_2024_11_20_20_13_02_443.jpg, -0.3091056, 0.05712989, 0, 18.30499
C:\Users\Owner\Downloads\simulator-windows-64\dataTrack1\IMG\center_2024_11_20_20_13_02_548.jpg, C:\Users\Owner\Downloads\simulator-windows-64\dataTrack1\IMG\left_2024_11_20_20_13_02_548.jpg, C:\Users\Owner\Downloads\simulator-windows-64\dataTrack1\IMG\right_2024_11_20_20_13_02_548.jpg, -0.5145426, 0, 0, 17.99924
C:\Users\Owner\Downloads\simulator-windows-64\dataTrack1\IMG\center_2024_11_20_20_13_02_651.jpg, C:\Users\Owner\Downloads\simulator-windows-64\dataTrack1\IMG\left_2024_11_20_20_13_02_651.jpg, C:\Users\Owner\Downloads\simulator-windows-64\dataTrack1\IMG\right_2024_11_20_20_13_02_651.jpg, -0.2072785, 0, 0, 17.306
C:\Users\Owner\Downloads\simulator-windows-64\dataTrack1\IMG\center_2024_11_20_20_13_02_754.jpg, C:\Users\Owner\Downloads\simulator-windows-64\dataTrack1\IMG\left_2024_11_20_20_13_02_754.jpg, C:\Users\Owner\Downloads\simulator-windows-64\dataTrack1\IMG\right_2024_11_20_20_13_02_754.jpg, -0.0539361, 0.2045073, 0, 17.69074
C:\Users\Owner\Downloads\simulator-windows-64\dataTrack1\IMG\center_2024_11_20_20_13_02_857.jpg, C:\Users\Owner\Downloads\simulator-windows-64\dataTrack1\IMG\left_2024_11_20_20_13_02_857.jpg, C:\Users\Owner\Downloads\simulator-windows-64\dataTrack1\IMG\right_2024_11_20_20_13_02_857.jpg, -0.3630363, 0.2041929, 0, 17.36975
C:\Users\Owner\Downloads\simulator-windows-64\dataTrack1\IMG\center_2024_11_20_20_13_02_961.jpg, C:\Users\Owner\Downloads\simulator-windows-64\dataTrack1\IMG\left_2024_11_20_20_13_02_961.jpg, C:\Users\Owner\Downloads\simulator-windows-64\dataTrack1\IMG\right_2024_11_20_20_13_02_961.jpg, -0.05323497, 0, 0, 17.7473
C:\Users\Owner\Downloads\simulator-windows-64\dataTrack1\IMG\center_2024_11_20_20_13_03_065.jpg, C:\Users\Owner\Downloads\simulator-windows-64\dataTrack1\IMG\left_2024_11_20_20_13_03_065.jpg, C:\Users\Owner\Downloads\simulator-windows-64\dataTrack1\IMG\right_2024_11_20_20_13_03_065.jpg, 0, 0, 0, 17.05045
C:\Users\Owner\Downloads\simulator-windows-64\dataTrack1\IMG\center_2024_11_20_20_13_03_170.jpg, C:\Users\Owner\Downloads\simulator-windows-64\dataTrack1\IMG\left_2024_11_20_20_13_03_170.jpg, C:\Users\Owner\Downloads\simulator-windows-64\dataTrack1\IMG\right_2024_11_20_20_13_03_170.jpg, -0.0576744, 0.3148284, 0, 17.10082
C:\Users\Owner\Downloads\simulator-windows-64\dataTrack1\IMG\center_2024_11_20_20_13_03_272.jpg, C:\Users\Owner\Downloads\simulator-windows-64\dataTrack1\IMG\left_2024_11_20_20_13_03_272.jpg, C:\Users\Owner\Downloads\simulator-windows-64\dataTrack1\IMG\right_2024_11_20_20_13_03_272.jpg, -0.3636654, 0.2168364, 0, 17.68525
C:\Users\Owner\Downloads\simulator-windows-64\dataTrack1\IMG\center_2024_11_20_20_13_03_377.jpg, C:\Users\Owner\Downloads\simulator-windows-64\dataTrack1\IMG\left_2024_11_20_20_13_03_377.jpg, C:\Users\Owner\Downloads\simulator-windows-64\dataTrack1\IMG\right_2024_11_20_20_13_03_377.jpg, -0.5663298, 0, 0, 17.00304
C:\Users\Owner\Downloads\simulator-windows-64\dataTrack1\IMG\center_2024_11_20_20_13_03_478.jpg, C:\Users\Owner\Downloads\simulator-windows-64\dataTrack1\IMG\left_2024_11_20_20_13_03_478.jpg, C:\Users\Owner\Downloads\simulator-windows-64\dataTrack1\IMG\right_2024_11_20_20_13_03_478.jpg, -0.2594766, 0.0516873, 0, 17.33329
C:\Users\Owner\Downloads\simulator-windows-64\dataTrack1\IMG\center_2024_11_20_20_13_03_583.jpg, C:\Users\Owner\Downloads\simulator-windows-64\dataTrack1\IMG\left_2024_11_20_20_13_03_583.jpg, C:\Users\Owner\Downloads\simulator-windows-64\dataTrack1\IMG\right_2024_11_20_20_13_03_583.jpg, -0.5699403, 0.362151, 0, 16.88293
C:\Users\Owner\Downloads\simulator-windows-64\dataTrack1\IMG\center_2024_11_20_20_13_03_686.jpg, C:\Users\Owner\Downloads\simulator-windows-64\dataTrack1\IMG\left_2024_11_20_20_13_03_686.jpg, C:\Users\Owner\Downloads\simulator-windows-64\dataTrack1\IMG\right_2024_11_20_20_13_03_686.jpg, -0.5288027, 0.2749107, 0, 17.50581
C:\Users\Owner\Downloads\simulator-windows-64\dataTrack1\IMG\center_2024_11_20_20_13_03_790.jpg, C:\Users\Owner\Downloads\simulator-windows-64\dataTrack1\IMG\left_2024_11_20_20_13_03_790.jpg, C:\Users\Owner\Downloads\simulator-windows-64\dataTrack1\IMG\right_2024_11_20_20_13_03_790.jpg, -0.1666472, 0, 0, 17.48249
C:\Users\Owner\Downloads\simulator-windows-64\dataTrack1\IMG\center_2024_11_20_20_13_03_892.jpg, C:\Users\Owner\Downloads\simulator-windows-64\dataTrack1\IMG\left_2024_11_20_20_13_03_892.jpg, C:\Users\Owner\Downloads\simulator-windows-64\dataTrack1\IMG\right_2024_11_20_20_13_03_892.jpg, 0, 0, 0, 16.78105
C:\Users\Owner\Downloads\simulator-windows-64\dataTrack1\IMG\center_2024_11_20_20_13_03_997.jpg, C:\Users\Owner\Downloads\simulator-windows-64\dataTrack1\IMG\left_2024_11_20_20_13_03_997.jpg, C:\Users\Owner\Downloads\simulator-windows-64\dataTrack1\IMG\right_2024_11_20_20_13_03_997.jpg, 0, 0.3119682, 0, 17.27116
C:\Users\Owner\Downloads\simulator-windows-64\dataTrack1\IMG\center_2024_11_20_20_13_04_100.jpg, C:\Users\Owner\Downloads\simulator-windows-64\dataTrack1\IMG\left_2024_11_20_20_13_04_100.jpg, C:\Users\Owner\Downloads\simulator-windows-64\dataTrack1\IMG\right_2024_11_20_20_13_04_100.jpg, 0, 0, 0, 16.81417
C:\Users\Owner\Downloads\simulator-windows-64\dataTrack1\IMG\center_2024_11_20_20_13_04_204.jpg, C:\Users\Owner\Downloads\simulator-windows-64\dataTrack1\IMG\left_2024_11_20_20_13_04_204.jpg, C:\Users\Owner\Downloads\simulator-windows-64\dataTrack1\IMG\right_2024_11_20_20_13_04_204.jpg, 0, 0.2086584, 0, 17.19864
C:\Users\Owner\Downloads\simulator-windows-64\dataTrack1\IMG\center_2024_11_20_20_13_04_307.jpg, C:\Users\Owner\Downloads\simulator-windows-64\dataTrack1\IMG\left_2024_11_20_20_13_04_307.jpg, C:\Users\Owner\Downloads\simulator-windows-64\dataTrack1\IMG\right_2024_11_20_20_13_04_307.jpg, 0, 0.2138472, 0, 17.42286
C:\Users\Owner\Downloads\simulator-windows-64\dataTrack1\IMG\center_2024_11_20_20_13_04_409.jpg, C:\Users\Owner\Downloads\simulator-windows-64\dataTrack1\IMG\left_2024_11_20_20_13_04_409.jpg, C:\Users\Owner\Downloads\simulator-windows-64\dataTrack1\IMG\right_2024_11_20_20_13_04_409.jpg, 0, 0.314214, 0, 17.04121
C:\Users\Owner\Downloads\simulator-windows-64\dataTrack1\IMG\center_2024_11_20_20_13_04_514.jpg, C:\Users\Owner\Downloads\simulator-windows-64\dataTrack1\IMG\left_2024_11_20_20_13_04_514.jpg, C:\Users\Owner\Downloads\simulator-windows-64\dataTrack1\IMG\right_2024_11_20_20_13_04_514.jpg, -0.3132765, 0.3138153, 0, 17.75169
C:\Users\Owner\Downloads\simulator-windows-64\dataTrack1\IMG\center_2024_11_20_20_13_04_618.jpg, C:\Users\Owner\Downloads\simulator-windows-64\dataTrack1\IMG\left_2024_11_20_20_13_04_618.jpg, C:\Users\Owner\Downloads\simulator-windows-64\dataTrack1\IMG\right_2024_11_20_20_13_04_618.jpg, -0.6270608, 3.090501E-05, 0, 17.18012
C:\Users\Owner\Downloads\simulator-windows-64\dataTrack1\IMG\center_2024_11_20_20_13_04_722.jpg, C:\Users\Owner\Downloads\simulator-windows-64\dataTrack1\IMG\left_2024_11_20_20_13_04_722.jpg, C:\Users\Owner\Downloads\simulator-windows-64\dataTrack1\IMG\right_2024_11_20_20_13_04_722.jpg, -0.5245556, 0.3092133, 0, 17.43894
C:\Users\Owner\Downloads\simulator-windows-64\dataTrack1\IMG\center_2024_11_20_20_13_04_823.jpg, C:\Users\Owner\Downloads\simulator-windows-64\dataTrack1\IMG\left_2024_11_20_20_13_04_823.jpg, C:\Users\Owner\Downloads\simulator-windows-64\dataTrack1\IMG\right_2024_11_20_20_13_04_823.jpg, -0.2185994, 0.1710555, 0, 17.26945
C:\Users\Owner\Downloads\simulator-windows-64\dataTrack1\IMG\center_2024_11_20_20_13_04_927.jpg, C:\Users\Owner\Downloads\simulator-windows-64\dataTrack1\IMG\left_2024_11_20_20_13_04_927.jpg, C:\Users\Owner\Downloads\simulator-windows-64\dataTrack1\IMG\right_2024_11_20_20_13_04_927.jpg, 0, 0.1029159, 0, 17.06893
C:\Users\Owner\Downloads\simulator-windows-64\dataTrack1\IMG\center_2024_11_20_20_13_05_032.jpg, C:\Users\Owner\Downloads\simulator-windows-64\dataTrack1\IMG\left_2024_11_20_20_13_05_032.jpg, C:\Users\Owner\Downloads\simulator-windows-64\dataTrack1\IMG\right_2024_11_20_20_13_05_032.jpg, -0.2105754, 0.3074064, 0, 17.67484
C:\Users\Owner\Downloads\simulator-windows-64\dataTrack1\IMG\center_2024_11_20_20_13_05_135.jpg, C:\Users\Owner\Downloads\simulator-windows-64\dataTrack1\IMG\left_2024_11_20_20_13_05_135.jpg, C:\Users\Owner\Downloads\simulator-windows-64\dataTrack1\IMG\right_2024_11_20_20_13_05_135.jpg, 0, 0, 0, 17.19287
C:\Users\Owner\Downloads\simulator-windows-64\dataTrack1\IMG\center_2024_11_20_20_13_05_240.jpg, C:\Users\Owner\Downloads\simulator-windows-64\dataTrack1\IMG\left_2024_11_20_20_13_05_240.jpg, C:\Users\Owner\Downloads\simulator-windows-64\dataTrack1\IMG\right_2024_11_20_20_13_05_240.jpg, 0, 0, 0, 17.53447
C:\Users\Owner\Downloads\simulator-windows-64\dataTrack1\IMG\center_2024_11_20_20_13_05_342.jpg, C:\Users\Owner\Downloads\simulator-windows-64\dataTrack1\IMG\left_2024_11_20_20_13_05_342.jpg, C:\Users\Owner\Downloads\simulator-windows-64\dataTrack1\IMG\right_2024_11_20_20_13_05_342.jpg, 0, 0.2065392, 0, 16.8838
C:\Users\Owner\Downloads\simulator-windows-64\dataTrack1\IMG\center_2024_11_20_20_13_05_444.jpg, C:\Users\Owner\Downloads\simulator-windows-64\dataTrack1\IMG\left_2024_11_20_20_13_05_444.jpg, C:\Users\Owner\Downloads\simulator-windows-64\dataTrack1\IMG\right_2024_11_20_20_13_05_444.jpg, 0, 0.2629014, 0, 17.56593
C:\Users\Owner\Downloads\simulator-windows-64\dataTrack1\IMG\center_2024_11_20_20_13_05_549.jpg, C:\Users\Owner\Downloads\simulator-windows-64\dataTrack1\IMG\left_2024_11_20_20_13_05_549.jpg, C:\Users\Owner\Downloads\simulator-windows-64\dataTrack1\IMG\right_2024_11_20_20_13_05_549.jpg, 0, 0.1103463, 0, 17.51707
C:\Users\Owner\Downloads\simulator-windows-64\dataTrack1\IMG\center_2024_11_20_20_13_05_653.jpg, C:\Users\Owner\Downloads\simulator-windows-64\dataTrack1\IMG\left_2024_11_20_20_13_05_653.jpg, C:\Users\Owner\Downloads\simulator-windows-64\dataTrack1\IMG\right_2024_11_20_20_13_05_653.jpg, 0, 0.313938, 0, 17.22689
C:\Users\Owner\Downloads\simulator-windows-64\dataTrack1\IMG\center_2024_11_20_20_13_05_755.jpg, C:\Users\Owner\Downloads\simulator-windows-64\dataTrack1\IMG\left_2024_11_20_20_13_05_755.jpg, C:\Users\Owner\Downloads\simulator-windows-64\dataTrack1\IMG\right_2024_11_20_20_13_05_755.jpg, -0.307074, 0.006864019, 0, 17.64516
C:\Users\Owner\Downloads\simulator-windows-64\dataTrack1\IMG\center_2024_11_20_20_13_05_858.jpg, C:\Users\Owner\Downloads\simulator-windows-64\dataTrack1\IMG\left_2024_11_20_20_13_05_858.jpg, C:\Users\Owner\Downloads\simulator-windows-64\dataTrack1\IMG\right_2024_11_20_20_13_05_858.jpg, -0.412599, 0.2060988, 0, 16.93358
C:\Users\Owner\Downloads\simulator-windows-64\dataTrack1\IMG\center_2024_11_20_20_13_05_962.jpg, C:\Users\Owner\Downloads\simulator-windows-64\dataTrack1\IMG\left_2024_11_20_20_13_05_962.jpg, C:\Users\Owner\Downloads\simulator-windows-64\dataTrack1\IMG\right_2024_11_20_20_13_05_962.jpg, -0.1012844, 0.2082567, 0, 17.59128
C:\Users\Owner\Downloads\simulator-windows-64\dataTrack1\IMG\center_2024_11_20_20_13_06_066.jpg, C:\Users\Owner\Downloads\simulator-windows-64\dataTrack1\IMG\left_2024_11_20_20_13_06_066.jpg, C:\Users\Owner\Downloads\simulator-windows-64\dataTrack1\IMG\right_2024_11_20_20_13_06_066.jpg, 0, 0.0538599, 0, 17.03656
C:\Users\Owner\Downloads\simulator-windows-64\dataTrack1\IMG\center_2024_11_20_20_13_06_170.jpg, C:\Users\Owner\Downloads\simulator-windows-64\dataTrack1\IMG\left_2024_11_20_20_13_06_170.jpg, C:\Users\Owner\Downloads\simulator-windows-64\dataTrack1\IMG\right_2024_11_20_20_13_06_170.jpg, 0, 0.104427, 0, 17.09052
C:\Users\Owner\Downloads\simulator-windows-64\dataTrack1\IMG\center_2024_11_20_20_13_06_273.jpg, C:\Users\Owner\Downloads\simulator-windows-64\dataTrack1\IMG\left_2024_11_20_20_13_06_273.jpg, C:\Users\Owner\Downloads\simulator-windows-64\dataTrack1\IMG\right_2024_11_20_20_13_06_273.jpg, 0, 0, 0, 17.44897
C:\Users\Owner\Downloads\simulator-windows-64\dataTrack1\IMG\center_2024_11_20_20_13_06_376.jpg, C:\Users\Owner\Downloads\simulator-windows-64\dataTrack1\IMG\left_2024_11_20_20_13_06_376.jpg, C:\Users\Owner\Downloads\simulator-windows-64\dataTrack1\IMG\right_2024_11_20_20_13_06_376.jpg, 0, 0.3110985, 0, 16.98193
C:\Users\Owner\Downloads\simulator-windows-64\dataTrack1\IMG\center_2024_11_20_20_13_06_479.jpg, C:\Users\Owner\Downloads\simulator-windows-64\dataTrack1\IMG\left_2024_11_20_20_13_06_479.jpg, C:\Users\Owner\Downloads\simulator-windows-64\dataTrack1\IMG\right_2024_11_20_20_13_06_479.jpg, 0, 0.1666497, 0, 17.64631
C:\Users\Owner\Downloads\simulator-windows-64\dataTrack1\IMG\center_2024_11_20_20_13_06_584.jpg, C:\Users\Owner\Downloads\simulator-windows-64\dataTrack1\IMG\left_2024_11_20_20_13_06_584.jpg, C:\Users\Owner\Downloads\simulator-windows-64\dataTrack1\IMG\right_2024_11_20_20_13_06_584.jpg, 0, 0.4845888, 0, 17.37922
C:\Users\Owner\Downloads\simulator-windows-64\dataTrack1\IMG\center_2024_11_20_20_13_06_688.jpg, C:\Users\Owner\Downloads\simulator-windows-64\dataTrack1\IMG\left_2024_11_20_20_13_06_688.jpg, C:\Users\Owner\Downloads\simulator-windows-64\dataTrack1\IMG\right_2024_11_20_20_13_06_688.jpg, 0, 0.3719172, 0, 17.96126
C:\Users\Owner\Downloads\simulator-windows-64\dataTrack1\IMG\center_2024_11_20_20_13_06_789.jpg, C:\Users\Owner\Downloads\simulator-windows-64\dataTrack1\IMG\left_2024_11_20_20_13_06_789.jpg, C:\Users\Owner\Downloads\simulator-windows-64\dataTrack1\IMG\right_2024_11_20_20_13_06_789.jpg, 0, 0.3675238, 0, 18.48046
C:\Users\Owner\Downloads\simulator-windows-64\dataTrack1\IMG\center_2024_11_20_20_13_06_893.jpg, C:\Users\Owner\Downloads\simulator-windows-64\dataTrack1\IMG\left_2024_11_20_20_13_06_893.jpg, C:\Users\Owner\Downloads\simulator-windows-64\dataTrack1\IMG\right_2024_11_20_20_13_06_893.jpg, 0, 0.5758522, 0, 18.64868
C:\Users\Owner\Downloads\simulator-windows-64\dataTrack1\IMG\center_2024_11_20_20_13_06_996.jpg, C:\Users\Owner\Downloads\simulator-windows-64\dataTrack1\IMG\left_2024_11_20_20_13_06_996.jpg, C:\Users\Owner\Downloads\simulator-windows-64\dataTrack1\IMG\right_2024_11_20_20_13_06_996.jpg, -0.0515808, 0.3682014, 0, 19.25219
C:\Users\Owner\Downloads\simulator-windows-64\dataTrack1\IMG\center_2024_11_20_20_13_07_102.jpg, C:\Users\Owner\Downloads\simulator-windows-64\dataTrack1\IMG\left_2024_11_20_20_13_07_102.jpg, C:\Users\Owner\Downloads\simulator-windows-64\dataTrack1\IMG\right_2024_11_20_20_13_07_102.jpg, -0.3670344, 0.683655, 0, 19.34404
C:\Users\Owner\Downloads\simulator-windows-64\dataTrack1\IMG\center_2024_11_20_20_13_07_205.jpg, C:\Users\Owner\Downloads\simulator-windows-64\dataTrack1\IMG\left_2024_11_20_20_13_07_205.jpg, C:\Users\Owner\Downloads\simulator-windows-64\dataTrack1\IMG\right_2024_11_20_20_13_07_205.jpg, -0.1112322, 0.4278528, 0, 20.06571
C:\Users\Owner\Downloads\simulator-windows-64\dataTrack1\IMG\center_2024_11_20_20_13_07_308.jpg, C:\Users\Owner\Downloads\simulator-windows-64\dataTrack1\IMG\left_2024_11_20_20_13_07_308.jpg, C:\Users\Owner\Downloads\simulator-windows-64\dataTrack1\IMG\right_2024_11_20_20_13_07_308.jpg, 0, 0.3689286, 0, 20.24079
C:\Users\Owner\Downloads\simulator-windows-64\dataTrack1\IMG\center_2024_11_20_20_13_07_411.jpg, C:\Users\Owner\Downloads\simulator-windows-64\dataTrack1\IMG\left_2024_11_20_20_13_07_411.jpg, C:\Users\Owner\Downloads\simulator-windows-64\dataTrack1\IMG\right_2024_11_20_20_13_07_411.jpg, 0, 0.3749025, 0, 20.3482
C:\Users\Owner\Downloads\simulator-windows-64\dataTrack1\IMG\center_2024_11_20_20_13_07_513.jpg, C:\Users\Owner\Downloads\simulator-windows-64\dataTrack1\IMG\left_2024_11_20_20_13_07_513.jpg, C:\Users\Owner\Downloads\simulator-windows-64\dataTrack1\IMG\right_2024_11_20_20_13_07_513.jpg, -0.2036685, 0.06829199, 0, 20.631
C:\Users\Owner\Downloads\simulator-windows-64\dataTrack1\IMG\center_2024_11_20_20_13_07_619.jpg, C:\Users\Owner\Downloads\simulator-windows-64\dataTrack1\IMG\left_2024_11_20_20_13_07_619.jpg, C:\Users\Owner\Downloads\simulator-windows-64\dataTrack1\IMG\right_2024_11_20_20_13_07_619.jpg, -0.1090434, 0.3846285, 0, 20.37393
C:\Users\Owner\Downloads\simulator-windows-64\dataTrack1\IMG\center_2024_11_20_20_13_07_721.jpg, C:\Users\Owner\Downloads\simulator-windows-64\dataTrack1\IMG\left_2024_11_20_20_13_07_721.jpg, C:\Users\Owner\Downloads\simulator-windows-64\dataTrack1\IMG\right_2024_11_20_20_13_07_721.jpg, 0, 0.2863804, 0, 20.93918
C:\Users\Owner\Downloads\simulator-windows-64\dataTrack1\IMG\center_2024_11_20_20_13_07_824.jpg, C:\Users\Owner\Downloads\simulator-windows-64\dataTrack1\IMG\left_2024_11_20_20_13_07_824.jpg, C:\Users\Owner\Downloads\simulator-windows-64\dataTrack1\IMG\right_2024_11_20_20_13_07_824.jpg, 0, 0.18585, 0, 20.64915
C:\Users\Owner\Downloads\simulator-windows-64\dataTrack1\IMG\center_2024_11_20_20_13_07_927.jpg, C:\Users\Owner\Downloads\simulator-windows-64\dataTrack1\IMG\left_2024_11_20_20_13_07_927.jpg, C:\Users\Owner\Downloads\simulator-windows-64\dataTrack1\IMG\right_2024_11_20_20_13_07_927.jpg, 0, 0.495, 0, 20.94518
C:\Users\Owner\Downloads\simulator-windows-64\dataTrack1\IMG\center_2024_11_20_20_13_08_032.jpg, C:\Users\Owner\Downloads\simulator-windows-64\dataTrack1\IMG\left_2024_11_20_20_13_08_032.jpg, C:\Users\Owner\Downloads\simulator-windows-64\dataTrack1\IMG\right_2024_11_20_20_13_08_032.jpg, -0.0197304, 0.3579834, 0, 21.5177
C:\Users\Owner\Downloads\simulator-windows-64\dataTrack1\IMG\center_2024_11_20_20_13_08_136.jpg, C:\Users\Owner\Downloads\simulator-windows-64\dataTrack1\IMG\left_2024_11_20_20_13_08_136.jpg, C:\Users\Owner\Downloads\simulator-windows-64\dataTrack1\IMG\right_2024_11_20_20_13_08_136.jpg, 0, 0.3499473, 0, 21.42423
C:\Users\Owner\Downloads\simulator-windows-64\dataTrack1\IMG\center_2024_11_20_20_13_08_239.jpg, C:\Users\Owner\Downloads\simulator-windows-64\dataTrack1\IMG\left_2024_11_20_20_13_08_239.jpg, C:\Users\Owner\Downloads\simulator-windows-64\dataTrack1\IMG\right_2024_11_20_20_13_08_239.jpg, -0.1034277, 0.6585822, 0, 22.00133
C:\Users\Owner\Downloads\simulator-windows-64\dataTrack1\IMG\center_2024_11_20_20_13_08_343.jpg, C:\Users\Owner\Downloads\simulator-windows-64\dataTrack1\IMG\left_2024_11_20_20_13_08_343.jpg, C:\Users\Owner\Downloads\simulator-windows-64\dataTrack1\IMG\right_2024_11_20_20_13_08_343.jpg, -0.4152882, 0.3467217, 0, 22.22757
C:\Users\Owner\Downloads\simulator-windows-64\dataTrack1\IMG\center_2024_11_20_20_13_08_444.jpg, C:\Users\Owner\Downloads\simulator-windows-64\dataTrack1\IMG\left_2024_11_20_20_13_08_444.jpg, C:\Users\Owner\Downloads\simulator-windows-64\dataTrack1\IMG\right_2024_11_20_20_13_08_444.jpg, -0.369879, 0.1962465, 0, 22.24486
C:\Users\Owner\Downloads\simulator-windows-64\dataTrack1\IMG\center_2024_11_20_20_13_08_549.jpg, C:\Users\Owner\Downloads\simulator-windows-64\dataTrack1\IMG\left_2024_11_20_20_13_08_549.jpg, C:\Users\Owner\Downloads\simulator-windows-64\dataTrack1\IMG\right_2024_11_20_20_13_08_549.jpg, -0.006648875, 0.3488952, 0, 22.51907
C:\Users\Owner\Downloads\simulator-windows-64\dataTrack1\IMG\center_2024_11_20_20_13_08_653.jpg, C:\Users\Owner\Downloads\simulator-windows-64\dataTrack1\IMG\left_2024_11_20_20_13_08_653.jpg, C:\Users\Owner\Downloads\simulator-windows-64\dataTrack1\IMG\right_2024_11_20_20_13_08_653.jpg, -0.229674, 0.03522295, 0, 22.37825
C:\Users\Owner\Downloads\simulator-windows-64\dataTrack1\IMG\center_2024_11_20_20_13_08_757.jpg, C:\Users\Owner\Downloads\simulator-windows-64\dataTrack1\IMG\left_2024_11_20_20_13_08_757.jpg, C:\Users\Owner\Downloads\simulator-windows-64\dataTrack1\IMG\right_2024_11_20_20_13_08_757.jpg, -0.2303895, 0, 0, 22.24159
C:\Users\Owner\Downloads\simulator-windows-64\dataTrack1\IMG\center_2024_11_20_20_13_08_858.jpg, C:\Users\Owner\Downloads\simulator-windows-64\dataTrack1\IMG\left_2024_11_20_20_13_08_858.jpg, C:\Users\Owner\Downloads\simulator-windows-64\dataTrack1\IMG\right_2024_11_20_20_13_08_858.jpg, 0, 0.2028723, 0, 21.93803
C:\Users\Owner\Downloads\simulator-windows-64\dataTrack1\IMG\center_2024_11_20_20_13_08_962.jpg, C:\Users\Owner\Downloads\simulator-windows-64\dataTrack1\IMG\left_2024_11_20_20_13_08_962.jpg, C:\Users\Owner\Downloads\simulator-windows-64\dataTrack1\IMG\right_2024_11_20_20_13_08_962.jpg, 0, 0.3061873, 0, 22.24479
C:\Users\Owner\Downloads\simulator-windows-64\dataTrack1\IMG\center_2024_11_20_20_13_09_067.jpg, C:\Users\Owner\Downloads\simulator-windows-64\dataTrack1\IMG\left_2024_11_20_20_13_09_067.jpg, C:\Users\Owner\Downloads\simulator-windows-64\dataTrack1\IMG\right_2024_11_20_20_13_09_067.jpg, -0.3167853, 0, 0, 22.15122
C:\Users\Owner\Downloads\simulator-windows-64\dataTrack1\IMG\center_2024_11_20_20_13_09_170.jpg, C:\Users\Owner\Downloads\simulator-windows-64\dataTrack1\IMG\left_2024_11_20_20_13_09_170.jpg, C:\Users\Owner\Downloads\simulator-windows-64\dataTrack1\IMG\right_2024_11_20_20_13_09_170.jpg, -0.2192124, 0.1050027, 0, 21.76175
C:\Users\Owner\Downloads\simulator-windows-64\dataTrack1\IMG\center_2024_11_20_20_13_09_274.jpg, C:\Users\Owner\Downloads\simulator-windows-64\dataTrack1\IMG\left_2024_11_20_20_13_09_274.jpg, C:\Users\Owner\Downloads\simulator-windows-64\dataTrack1\IMG\right_2024_11_20_20_13_09_274.jpg, 0, 0.4172532, 0, 22.00521
C:\Users\Owner\Downloads\simulator-windows-64\dataTrack1\IMG\center_2024_11_20_20_13_09_378.jpg, C:\Users\Owner\Downloads\simulator-windows-64\dataTrack1\IMG\left_2024_11_20_20_13_09_378.jpg, C:\Users\Owner\Downloads\simulator-windows-64\dataTrack1\IMG\right_2024_11_20_20_13_09_378.jpg, 0, 0.1056132, 0, 21.98802
C:\Users\Owner\Downloads\simulator-windows-64\dataTrack1\IMG\center_2024_11_20_20_13_09_479.jpg, C:\Users\Owner\Downloads\simulator-windows-64\dataTrack1\IMG\left_2024_11_20_20_13_09_479.jpg, C:\Users\Owner\Downloads\simulator-windows-64\dataTrack1\IMG\right_2024_11_20_20_13_09_479.jpg, 0, 0, 0, 21.9167
C:\Users\Owner\Downloads\simulator-windows-64\dataTrack1\IMG\center_2024_11_20_20_13_09_585.jpg, C:\Users\Owner\Downloads\simulator-windows-64\dataTrack1\IMG\left_2024_11_20_20_13_09_585.jpg, C:\Users\Owner\Downloads\simulator-windows-64\dataTrack1\IMG\right_2024_11_20_20_13_09_585.jpg, 0, 0.155004, 0, 21.59752
C:\Users\Owner\Downloads\simulator-windows-64\dataTrack1\IMG\center_2024_11_20_20_13_09_688.jpg, C:\Users\Owner\Downloads\simulator-windows-64\dataTrack1\IMG\left_2024_11_20_20_13_09_688.jpg, C:\Users\Owner\Downloads\simulator-windows-64\dataTrack1\IMG\right_2024_11_20_20_13_09_688.jpg, -0.2050647, 0.4122609, 0, 21.86231
C:\Users\Owner\Downloads\simulator-windows-64\dataTrack1\IMG\center_2024_11_20_20_13_09_789.jpg, C:\Users\Owner\Downloads\simulator-windows-64\dataTrack1\IMG\left_2024_11_20_20_13_09_789.jpg, C:\Users\Owner\Downloads\simulator-windows-64\dataTrack1\IMG\right_2024_11_20_20_13_09_789.jpg, 0, 0.1078533, 0, 22.03819
C:\Users\Owner\Downloads\simulator-windows-64\dataTrack1\IMG\center_2024_11_20_20_13_09_894.jpg, C:\Users\Owner\Downloads\simulator-windows-64\dataTrack1\IMG\left_2024_11_20_20_13_09_894.jpg, C:\Users\Owner\Downloads\simulator-windows-64\dataTrack1\IMG\right_2024_11_20_20_13_09_894.jpg, 0, 0, 0, 21.69669
C:\Users\Owner\Downloads\simulator-windows-64\dataTrack1\IMG\center_2024_11_20_20_13_09_997.jpg, C:\Users\Owner\Downloads\simulator-windows-64\dataTrack1\IMG\left_2024_11_20_20_13_09_997.jpg, C:\Users\Owner\Downloads\simulator-windows-64\dataTrack1\IMG\right_2024_11_20_20_13_09_997.jpg, -0.0519519, 0.2061009, 0, 21.70175
C:\Users\Owner\Downloads\simulator-windows-64\dataTrack1\IMG\center_2024_11_20_20_13_10_101.jpg, C:\Users\Owner\Downloads\simulator-windows-64\dataTrack1\IMG\left_2024_11_20_20_13_10_101.jpg, C:\Users\Owner\Downloads\simulator-windows-64\dataTrack1\IMG\right_2024_11_20_20_13_10_101.jpg, -0.3660717, 0.1072005, 0, 21.61069
C:\Users\Owner\Downloads\simulator-windows-64\dataTrack1\IMG\center_2024_11_20_20_13_10_205.jpg, C:\Users\Owner\Downloads\simulator-windows-64\dataTrack1\IMG\left_2024_11_20_20_13_10_205.jpg, C:\Users\Owner\Downloads\simulator-windows-64\dataTrack1\IMG\right_2024_11_20_20_13_10_205.jpg, -0.1086726, 0, 0, 21.53436
C:\Users\Owner\Downloads\simulator-windows-64\dataTrack1\IMG\center_2024_11_20_20_13_10_308.jpg, C:\Users\Owner\Downloads\simulator-windows-64\dataTrack1\IMG\left_2024_11_20_20_13_10_308.jpg, C:\Users\Owner\Downloads\simulator-windows-64\dataTrack1\IMG\right_2024_11_20_20_13_10_308.jpg, 0, 0.1002798, 0, 21.29549
C:\Users\Owner\Downloads\simulator-windows-64\dataTrack1\IMG\center_2024_11_20_20_13_10_412.jpg, C:\Users\Owner\Downloads\simulator-windows-64\dataTrack1\IMG\left_2024_11_20_20_13_10_412.jpg, C:\Users\Owner\Downloads\simulator-windows-64\dataTrack1\IMG\right_2024_11_20_20_13_10_412.jpg, 0, 0.4127379, 0, 21.23391
C:\Users\Owner\Downloads\simulator-windows-64\dataTrack1\IMG\center_2024_11_20_20_13_10_514.jpg, C:\Users\Owner\Downloads\simulator-windows-64\dataTrack1\IMG\left_2024_11_20_20_13_10_514.jpg, C:\Users\Owner\Downloads\simulator-windows-64\dataTrack1\IMG\right_2024_11_20_20_13_10_514.jpg, 0, 0.1055682, 0, 21.53303
C:\Users\Owner\Downloads\simulator-windows-64\dataTrack1\IMG\center_2024_11_20_20_13_10_620.jpg, C:\Users\Owner\Downloads\simulator-windows-64\dataTrack1\IMG\left_2024_11_20_20_13_10_620.jpg, C:\Users\Owner\Downloads\simulator-windows-64\dataTrack1\IMG\right_2024_11_20_20_13_10_620.jpg, 0, 0, 0, 21.06376
C:\Users\Owner\Downloads\simulator-windows-64\dataTrack1\IMG\center_2024_11_20_20_13_10_722.jpg, C:\Users\Owner\Downloads\simulator-windows-64\dataTrack1\IMG\left_2024_11_20_20_13_10_722.jpg, C:\Users\Owner\Downloads\simulator-windows-64\dataTrack1\IMG\right_2024_11_20_20_13_10_722.jpg, 0, 0, 0, 21.14434
C:\Users\Owner\Downloads\simulator-windows-64\dataTrack1\IMG\center_2024_11_20_20_13_10_824.jpg, C:\Users\Owner\Downloads\simulator-windows-64\dataTrack1\IMG\left_2024_11_20_20_13_10_824.jpg, C:\Users\Owner\Downloads\simulator-windows-64\dataTrack1\IMG\right_2024_11_20_20_13_10_824.jpg, 0, 0.1683045, 0, 20.6996
C:\Users\Owner\Downloads\simulator-windows-64\dataTrack1\IMG\center_2024_11_20_20_13_10_929.jpg, C:\Users\Owner\Downloads\simulator-windows-64\dataTrack1\IMG\left_2024_11_20_20_13_10_929.jpg, C:\Users\Owner\Downloads\simulator-windows-64\dataTrack1\IMG\right_2024_11_20_20_13_10_929.jpg, -0.3137361, 0.2249535, 0, 20.87366
C:\Users\Owner\Downloads\simulator-windows-64\dataTrack1\IMG\center_2024_11_20_20_13_11_034.jpg, C:\Users\Owner\Downloads\simulator-windows-64\dataTrack1\IMG\left_2024_11_20_20_13_11_034.jpg, C:\Users\Owner\Downloads\simulator-windows-64\dataTrack1\IMG\right_2024_11_20_20_13_11_034.jpg, 0, 0, 0, 20.99669
C:\Users\Owner\Downloads\simulator-windows-64\dataTrack1\IMG\center_2024_11_20_20_13_11_138.jpg, C:\Users\Owner\Downloads\simulator-windows-64\dataTrack1\IMG\left_2024_11_20_20_13_11_138.jpg, C:\Users\Owner\Downloads\simulator-windows-64\dataTrack1\IMG\right_2024_11_20_20_13_11_138.jpg, 0, 0.0555192, 0, 20.47742
C:\Users\Owner\Downloads\simulator-windows-64\dataTrack1\IMG\center_2024_11_20_20_13_11_241.jpg, C:\Users\Owner\Downloads\simulator-windows-64\dataTrack1\IMG\left_2024_11_20_20_13_11_241.jpg, C:\Users\Owner\Downloads\simulator-windows-64\dataTrack1\IMG\right_2024_11_20_20_13_11_241.jpg, 0, 0.3605802, 0, 20.80512
C:\Users\Owner\Downloads\simulator-windows-64\dataTrack1\IMG\center_2024_11_20_20_13_11_344.jpg, C:\Users\Owner\Downloads\simulator-windows-64\dataTrack1\IMG\left_2024_11_20_20_13_11_344.jpg, C:\Users\Owner\Downloads\simulator-windows-64\dataTrack1\IMG\right_2024_11_20_20_13_11_344.jpg, 0, 0.09867541, 0, 20.61607
C:\Users\Owner\Downloads\simulator-windows-64\dataTrack1\IMG\center_2024_11_20_20_13_11_446.jpg, C:\Users\Owner\Downloads\simulator-windows-64\dataTrack1\IMG\left_2024_11_20_20_13_11_446.jpg, C:\Users\Owner\Downloads\simulator-windows-64\dataTrack1\IMG\right_2024_11_20_20_13_11_446.jpg, 0, 0.1044048, 0, 20.72121
C:\Users\Owner\Downloads\simulator-windows-64\dataTrack1\IMG\center_2024_11_20_20_13_11_552.jpg, C:\Users\Owner\Downloads\simulator-windows-64\dataTrack1\IMG\left_2024_11_20_20_13_11_552.jpg, C:\Users\Owner\Downloads\simulator-windows-64\dataTrack1\IMG\right_2024_11_20_20_13_11_552.jpg, -0.05087401, 0.2515332, 0, 20.85458
C:\Users\Owner\Downloads\simulator-windows-64\dataTrack1\IMG\center_2024_11_20_20_13_11_656.jpg, C:\Users\Owner\Downloads\simulator-windows-64\dataTrack1\IMG\left_2024_11_20_20_13_11_656.jpg, C:\Users\Owner\Downloads\simulator-windows-64\dataTrack1\IMG\right_2024_11_20_20_13_11_656.jpg, -0.3625347, 0, 0, 20.42771
C:\Users\Owner\Downloads\simulator-windows-64\dataTrack1\IMG\center_2024_11_20_20_13_11_758.jpg, C:\Users\Owner\Downloads\simulator-windows-64\dataTrack1\IMG\left_2024_11_20_20_13_11_758.jpg, C:\Users\Owner\Downloads\simulator-windows-64\dataTrack1\IMG\right_2024_11_20_20_13_11_758.jpg, -0.2623074, 0.3064635, 0, 20.58345
C:\Users\Owner\Downloads\simulator-windows-64\dataTrack1\IMG\center_2024_11_20_20_13_11_860.jpg, C:\Users\Owner\Downloads\simulator-windows-64\dataTrack1\IMG\left_2024_11_20_20_13_11_860.jpg, C:\Users\Owner\Downloads\simulator-windows-64\dataTrack1\IMG\right_2024_11_20_20_13_11_860.jpg, 0, 0, 0, 20.29001
C:\Users\Owner\Downloads\simulator-windows-64\dataTrack1\IMG\center_2024_11_20_20_13_11_963.jpg, C:\Users\Owner\Downloads\simulator-windows-64\dataTrack1\IMG\left_2024_11_20_20_13_11_963.jpg, C:\Users\Owner\Downloads\simulator-windows-64\dataTrack1\IMG\right_2024_11_20_20_13_11_963.jpg, 0, 0.102462, 0, 20.38192
C:\Users\Owner\Downloads\simulator-windows-64\dataTrack1\IMG\center_2024_11_20_20_13_12_069.jpg, C:\Users\Owner\Downloads\simulator-windows-64\dataTrack1\IMG\left_2024_11_20_20_13_12_069.jpg, C:\Users\Owner\Downloads\simulator-windows-64\dataTrack1\IMG\right_2024_11_20_20_13_12_069.jpg, -0.2112147, 0, 0, 20.30247
C:\Users\Owner\Downloads\simulator-windows-64\dataTrack1\IMG\center_2024_11_20_20_13_12_173.jpg, C:\Users\Owner\Downloads\simulator-windows-64\dataTrack1\IMG\left_2024_11_20_20_13_12_173.jpg, C:\Users\Owner\Downloads\simulator-windows-64\dataTrack1\IMG\right_2024_11_20_20_13_12_173.jpg, 0, 0, 0, 19.75837
C:\Users\Owner\Downloads\simulator-windows-64\dataTrack1\IMG\center_2024_11_20_20_13_12_276.jpg, C:\Users\Owner\Downloads\simulator-windows-64\dataTrack1\IMG\left_2024_11_20_20_13_12_276.jpg, C:\Users\Owner\Downloads\simulator-windows-64\dataTrack1\IMG\right_2024_11_20_20_13_12_276.jpg, 0, 0, 0, 19.90772
C:\Users\Owner\Downloads\simulator-windows-64\dataTrack1\IMG\center_2024_11_20_20_13_12_379.jpg, C:\Users\Owner\Downloads\simulator-windows-64\dataTrack1\IMG\left_2024_11_20_20_13_12_379.jpg, C:\Users\Owner\Downloads\simulator-windows-64\dataTrack1\IMG\right_2024_11_20_20_13_12_379.jpg, 0, 0.3109965, 0, 19.55308
C:\Users\Owner\Downloads\simulator-windows-64\dataTrack1\IMG\center_2024_11_20_20_13_12_481.jpg, C:\Users\Owner\Downloads\simulator-windows-64\dataTrack1\IMG\left_2024_11_20_20_13_12_481.jpg, C:\Users\Owner\Downloads\simulator-windows-64\dataTrack1\IMG\right_2024_11_20_20_13_12_481.jpg, 0, 0.3087399, 0, 20.14248
C:\Users\Owner\Downloads\simulator-windows-64\dataTrack1\IMG\center_2024_11_20_20_13_12_586.jpg, C:\Users\Owner\Downloads\simulator-windows-64\dataTrack1\IMG\left_2024_11_20_20_13_12_586.jpg, C:\Users\Owner\Downloads\simulator-windows-64\dataTrack1\IMG\right_2024_11_20_20_13_12_586.jpg, 0, 0.5760291, 0, 20.22569
C:\Users\Owner\Downloads\simulator-windows-64\dataTrack1\IMG\center_2024_11_20_20_13_12_690.jpg, C:\Users\Owner\Downloads\simulator-windows-64\dataTrack1\IMG\left_2024_11_20_20_13_12_690.jpg, C:\Users\Owner\Downloads\simulator-windows-64\dataTrack1\IMG\right_2024_11_20_20_13_12_690.jpg, 0, 0.4689553, 0, 20.90895
C:\Users\Owner\Downloads\simulator-windows-64\dataTrack1\IMG\center_2024_11_20_20_13_12_793.jpg, C:\Users\Owner\Downloads\simulator-windows-64\dataTrack1\IMG\left_2024_11_20_20_13_12_793.jpg, C:\Users\Owner\Downloads\simulator-windows-64\dataTrack1\IMG\right_2024_11_20_20_13_12_793.jpg, -0.1003572, 0.7775971, 0, 21.61233
C:\Users\Owner\Downloads\simulator-windows-64\dataTrack1\IMG\center_2024_11_20_20_13_12_895.jpg, C:\Users\Owner\Downloads\simulator-windows-64\dataTrack1\IMG\left_2024_11_20_20_13_12_895.jpg, C:\Users\Owner\Downloads\simulator-windows-64\dataTrack1\IMG\right_2024_11_20_20_13_12_895.jpg, -0.4064364, 0.4715178, 0, 21.94667
C:\Users\Owner\Downloads\simulator-windows-64\dataTrack1\IMG\center_2024_11_20_20_13_12_999.jpg, C:\Users\Owner\Downloads\simulator-windows-64\dataTrack1\IMG\left_2024_11_20_20_13_12_999.jpg, C:\Users\Owner\Downloads\simulator-windows-64\dataTrack1\IMG\right_2024_11_20_20_13_12_999.jpg, -0.09624388, 0.366109, 0, 22.2261
C:\Users\Owner\Downloads\simulator-windows-64\dataTrack1\IMG\center_2024_11_20_20_13_13_103.jpg, C:\Users\Owner\Downloads\simulator-windows-64\dataTrack1\IMG\left_2024_11_20_20_13_13_103.jpg, C:\Users\Owner\Downloads\simulator-windows-64\dataTrack1\IMG\right_2024_11_20_20_13_13_103.jpg, 0, 0.6807276, 0, 22.51764
C:\Users\Owner\Downloads\simulator-windows-64\dataTrack1\IMG\center_2024_11_20_20_13_13_207.jpg, C:\Users\Owner\Downloads\simulator-windows-64\dataTrack1\IMG\left_2024_11_20_20_13_13_207.jpg, C:\Users\Owner\Downloads\simulator-windows-64\dataTrack1\IMG\right_2024_11_20_20_13_13_207.jpg, 0, 0.3686538, 0, 23.02651
C:\Users\Owner\Downloads\simulator-windows-64\dataTrack1\IMG\center_2024_11_20_20_13_13_311.jpg, C:\Users\Owner\Downloads\simulator-windows-64\dataTrack1\IMG\left_2024_11_20_20_13_13_311.jpg, C:\Users\Owner\Downloads\simulator-windows-64\dataTrack1\IMG\right_2024_11_20_20_13_13_311.jpg, 0, 0.4704327, 0, 23.28249
C:\Users\Owner\Downloads\simulator-windows-64\dataTrack1\IMG\center_2024_11_20_20_13_13_413.jpg, C:\Users\Owner\Downloads\simulator-windows-64\dataTrack1\IMG\left_2024_11_20_20_13_13_413.jpg, C:\Users\Owner\Downloads\simulator-windows-64\dataTrack1\IMG\right_2024_11_20_20_13_13_413.jpg, 0, 0.4678035, 0, 23.68425
C:\Users\Owner\Downloads\simulator-windows-64\dataTrack1\IMG\center_2024_11_20_20_13_13_518.jpg, C:\Users\Owner\Downloads\simulator-windows-64\dataTrack1\IMG\left_2024_11_20_20_13_13_518.jpg, C:\Users\Owner\Downloads\simulator-windows-64\dataTrack1\IMG\right_2024_11_20_20_13_13_518.jpg, 0, 0.2660319, 0, 23.84504
C:\Users\Owner\Downloads\simulator-windows-64\dataTrack1\IMG\center_2024_11_20_20_13_13_623.jpg, C:\Users\Owner\Downloads\simulator-windows-64\dataTrack1\IMG\left_2024_11_20_20_13_13_623.jpg, C:\Users\Owner\Downloads\simulator-windows-64\dataTrack1\IMG\right_2024_11_20_20_13_13_623.jpg, 0, 0.5790048, 0, 24.07298
C:\Users\Owner\Downloads\simulator-windows-64\dataTrack1\IMG\center_2024_11_20_20_13_13_726.jpg, C:\Users\Owner\Downloads\simulator-windows-64\dataTrack1\IMG\left_2024_11_20_20_13_13_726.jpg, C:\Users\Owner\Downloads\simulator-windows-64\dataTrack1\IMG\right_2024_11_20_20_13_13_726.jpg, 0, 0.3180789, 0, 24.40982
C:\Users\Owner\Downloads\simulator-windows-64\dataTrack1\IMG\center_2024_11_20_20_13_13_827.jpg, C:\Users\Owner\Downloads\simulator-windows-64\dataTrack1\IMG\left_2024_11_20_20_13_13_827.jpg, C:\Users\Owner\Downloads\simulator-windows-64\dataTrack1\IMG\right_2024_11_20_20_13_13_827.jpg, 0, 0.5712045, 0, 24.7205
C:\Users\Owner\Downloads\simulator-windows-64\dataTrack1\IMG\center_2024_11_20_20_13_13_932.jpg, C:\Users\Owner\Downloads\simulator-windows-64\dataTrack1\IMG\left_2024_11_20_20_13_13_932.jpg, C:\Users\Owner\Downloads\simulator-windows-64\dataTrack1\IMG\right_2024_11_20_20_13_13_932.jpg, 0, 0.2580816, 0, 24.95866
C:\Users\Owner\Downloads\simulator-windows-64\dataTrack1\IMG\center_2024_11_20_20_13_14_036.jpg, C:\Users\Owner\Downloads\simulator-windows-64\dataTrack1\IMG\left_2024_11_20_20_13_14_036.jpg, C:\Users\Owner\Downloads\simulator-windows-64\dataTrack1\IMG\right_2024_11_20_20_13_14_036.jpg, -0.3119571, 0, 0, 24.7824
C:\Users\Owner\Downloads\simulator-windows-64\dataTrack1\IMG\center_2024_11_20_20_13_14_141.jpg, C:\Users\Owner\Downloads\simulator-windows-64\dataTrack1\IMG\left_2024_11_20_20_13_14_141.jpg, C:\Users\Owner\Downloads\simulator-windows-64\dataTrack1\IMG\right_2024_11_20_20_13_14_141.jpg, -0.3136905, 0, 0, 24.41183
C:\Users\Owner\Downloads\simulator-windows-64\dataTrack1\IMG\center_2024_11_20_20_13_14_243.jpg, C:\Users\Owner\Downloads\simulator-windows-64\dataTrack1\IMG\left_2024_11_20_20_13_14_243.jpg, C:\Users\Owner\Downloads\simulator-windows-64\dataTrack1\IMG\right_2024_11_20_20_13_14_243.jpg, -0.006462604, 0, 0, 24.16622
C:\Users\Owner\Downloads\simulator-windows-64\dataTrack1\IMG\center_2024_11_20_20_13_14_348.jpg, C:\Users\Owner\Downloads\simulator-windows-64\dataTrack1\IMG\left_2024_11_20_20_13_14_348.jpg, C:\Users\Owner\Downloads\simulator-windows-64\dataTrack1\IMG\right_2024_11_20_20_13_14_348.jpg, 0, 0.2259753, 0, 23.97369
C:\Users\Owner\Downloads\simulator-windows-64\dataTrack1\IMG\center_2024_11_20_20_13_14_449.jpg, C:\Users\Owner\Downloads\simulator-windows-64\dataTrack1\IMG\left_2024_11_20_20_13_14_449.jpg, C:\Users\Owner\Downloads\simulator-windows-64\dataTrack1\IMG\right_2024_11_20_20_13_14_449.jpg, 0, 0.2240799, 0, 24.10401
C:\Users\Owner\Downloads\simulator-windows-64\dataTrack1\IMG\center_2024_11_20_20_13_14_553.jpg, C:\Users\Owner\Downloads\simulator-windows-64\dataTrack1\IMG\left_2024_11_20_20_13_14_553.jpg, C:\Users\Owner\Downloads\simulator-windows-64\dataTrack1\IMG\right_2024_11_20_20_13_14_553.jpg, 0, 0, 0, 23.94175
C:\Users\Owner\Downloads\simulator-windows-64\dataTrack1\IMG\center_2024_11_20_20_13_14_658.jpg, C:\Users\Owner\Downloads\simulator-windows-64\dataTrack1\IMG\left_2024_11_20_20_13_14_658.jpg, C:\Users\Owner\Downloads\simulator-windows-64\dataTrack1\IMG\right_2024_11_20_20_13_14_658.jpg, 0, 0.1587513, 0, 23.75043
C:\Users\Owner\Downloads\simulator-windows-64\dataTrack1\IMG\center_2024_11_20_20_13_14_760.jpg, C:\Users\Owner\Downloads\simulator-windows-64\dataTrack1\IMG\left_2024_11_20_20_13_14_760.jpg, C:\Users\Owner\Downloads\simulator-windows-64\dataTrack1\IMG\right_2024_11_20_20_13_14_760.jpg, 0, 0.04838612, 0, 23.73822
C:\Users\Owner\Downloads\simulator-windows-64\dataTrack1\IMG\center_2024_11_20_20_13_14_864.jpg, C:\Users\Owner\Downloads\simulator-windows-64\dataTrack1\IMG\left_2024_11_20_20_13_14_864.jpg, C:\Users\Owner\Downloads\simulator-windows-64\dataTrack1\IMG\right_2024_11_20_20_13_14_864.jpg, 0, 0.0533616, 0, 23.50844
C:\Users\Owner\Downloads\simulator-windows-64\dataTrack1\IMG\center_2024_11_20_20_13_14_969.jpg, C:\Users\Owner\Downloads\simulator-windows-64\dataTrack1\IMG\left_2024_11_20_20_13_14_969.jpg, C:\Users\Owner\Downloads\simulator-windows-64\dataTrack1\IMG\right_2024_11_20_20_13_14_969.jpg, 0, 0.2552232, 0, 23.53279
C:\Users\Owner\Downloads\simulator-windows-64\dataTrack1\IMG\center_2024_11_20_20_13_15_071.jpg, C:\Users\Owner\Downloads\simulator-windows-64\dataTrack1\IMG\left_2024_11_20_20_13_15_071.jpg, C:\Users\Owner\Downloads\simulator-windows-64\dataTrack1\IMG\right_2024_11_20_20_13_15_071.jpg, 0, 0, 0, 23.39425
C:\Users\Owner\Downloads\simulator-windows-64\dataTrack1\IMG\center_2024_11_20_20_13_15_174.jpg, C:\Users\Owner\Downloads\simulator-windows-64\dataTrack1\IMG\left_2024_11_20_20_13_15_174.jpg, C:\Users\Owner\Downloads\simulator-windows-64\dataTrack1\IMG\right_2024_11_20_20_13_15_174.jpg, 0, 0.3080001, 0, 23.36437
C:\Users\Owner\Downloads\simulator-windows-64\dataTrack1\IMG\center_2024_11_20_20_13_15_279.jpg, C:\Users\Owner\Downloads\simulator-windows-64\dataTrack1\IMG\left_2024_11_20_20_13_15_279.jpg, C:\Users\Owner\Downloads\simulator-windows-64\dataTrack1\IMG\right_2024_11_20_20_13_15_279.jpg, 0, 0, 0, 23.32266
C:\Users\Owner\Downloads\simulator-windows-64\dataTrack1\IMG\center_2024_11_20_20_13_15_380.jpg, C:\Users\Owner\Downloads\simulator-windows-64\dataTrack1\IMG\left_2024_11_20_20_13_15_380.jpg, C:\Users\Owner\Downloads\simulator-windows-64\dataTrack1\IMG\right_2024_11_20_20_13_15_380.jpg, 0, 0.3039846, 0, 23.24076
C:\Users\Owner\Downloads\simulator-windows-64\dataTrack1\IMG\center_2024_11_20_20_13_15_486.jpg, C:\Users\Owner\Downloads\simulator-windows-64\dataTrack1\IMG\left_2024_11_20_20_13_15_486.jpg, C:\Users\Owner\Downloads\simulator-windows-64\dataTrack1\IMG\right_2024_11_20_20_13_15_486.jpg, -0.1584285, 0.2536272, 0, 23.43343
C:\Users\Owner\Downloads\simulator-windows-64\dataTrack1\IMG\center_2024_11_20_20_13_15_591.jpg, C:\Users\Owner\Downloads\simulator-windows-64\dataTrack1\IMG\left_2024_11_20_20_13_15_591.jpg, C:\Users\Owner\Downloads\simulator-windows-64\dataTrack1\IMG\right_2024_11_20_20_13_15_591.jpg, -0.1215957, 0, 0, 23.18329
C:\Users\Owner\Downloads\simulator-windows-64\dataTrack1\IMG\center_2024_11_20_20_13_15_696.jpg, C:\Users\Owner\Downloads\simulator-windows-64\dataTrack1\IMG\left_2024_11_20_20_13_15_696.jpg, C:\Users\Owner\Downloads\simulator-windows-64\dataTrack1\IMG\right_2024_11_20_20_13_15_696.jpg, 0, 0.0522552, 0, 22.95193
C:\Users\Owner\Downloads\simulator-windows-64\dataTrack1\IMG\center_2024_11_20_20_13_15_800.jpg, C:\Users\Owner\Downloads\simulator-windows-64\dataTrack1\IMG\left_2024_11_20_20_13_15_800.jpg, C:\Users\Owner\Downloads\simulator-windows-64\dataTrack1\IMG\right_2024_11_20_20_13_15_800.jpg, 0, 0.3414651, 0, 22.97916
C:\Users\Owner\Downloads\simulator-windows-64\dataTrack1\IMG\center_2024_11_20_20_13_15_907.jpg, C:\Users\Owner\Downloads\simulator-windows-64\dataTrack1\IMG\left_2024_11_20_20_13_15_907.jpg, C:\Users\Owner\Downloads\simulator-windows-64\dataTrack1\IMG\right_2024_11_20_20_13_15_907.jpg, -0.0540195, 0.3195216, 0, 23.23166
C:\Users\Owner\Downloads\simulator-windows-64\dataTrack1\IMG\center_2024_11_20_20_13_16_008.jpg, C:\Users\Owner\Downloads\simulator-windows-64\dataTrack1\IMG\left_2024_11_20_20_13_16_008.jpg, C:\Users\Owner\Downloads\simulator-windows-64\dataTrack1\IMG\right_2024_11_20_20_13_16_008.jpg, -0.4095246, 0, 0, 23.02972
C:\Users\Owner\Downloads\simulator-windows-64\dataTrack1\IMG\center_2024_11_20_20_13_16_113.jpg, C:\Users\Owner\Downloads\simulator-windows-64\dataTrack1\IMG\left_2024_11_20_20_13_16_113.jpg, C:\Users\Owner\Downloads\simulator-windows-64\dataTrack1\IMG\right_2024_11_20_20_13_16_113.jpg, -0.09357026, 0, 0, 22.8049
C:\Users\Owner\Downloads\simulator-windows-64\dataTrack1\IMG\center_2024_11_20_20_13_16_215.jpg, C:\Users\Owner\Downloads\simulator-windows-64\dataTrack1\IMG\left_2024_11_20_20_13_16_215.jpg, C:\Users\Owner\Downloads\simulator-windows-64\dataTrack1\IMG\right_2024_11_20_20_13_16_215.jpg, 0, 0, 0, 22.55866
C:\Users\Owner\Downloads\simulator-windows-64\dataTrack1\IMG\center_2024_11_20_20_13_16_322.jpg, C:\Users\Owner\Downloads\simulator-windows-64\dataTrack1\IMG\left_2024_11_20_20_13_16_322.jpg, C:\Users\Owner\Downloads\simulator-windows-64\dataTrack1\IMG\right_2024_11_20_20_13_16_322.jpg, -0.0532617, 0, 0, 22.33391
C:\Users\Owner\Downloads\simulator-windows-64\dataTrack1\IMG\center_2024_11_20_20_13_16_425.jpg, C:\Users\Owner\Downloads\simulator-windows-64\dataTrack1\IMG\left_2024_11_20_20_13_16_425.jpg, C:\Users\Owner\Downloads\simulator-windows-64\dataTrack1\IMG\right_2024_11_20_20_13_16_425.jpg, -0.2089965, 0.2608542, 0, 22.22093
C:\Users\Owner\Downloads\simulator-windows-64\dataTrack1\IMG\center_2024_11_20_20_13_16_528.jpg, C:\Users\Owner\Downloads\simulator-windows-64\dataTrack1\IMG\left_2024_11_20_20_13_16_528.jpg, C:\Users\Owner\Downloads\simulator-windows-64\dataTrack1\IMG\right_2024_11_20_20_13_16_528.jpg, 0, 0, 0, 22.05095
C:\Users\Owner\Downloads\simulator-windows-64\dataTrack1\IMG\center_2024_11_20_20_13_16_632.jpg, C:\Users\Owner\Downloads\simulator-windows-64\dataTrack1\IMG\left_2024_11_20_20_13_16_632.jpg, C:\Users\Owner\Downloads\simulator-windows-64\dataTrack1\IMG\right_2024_11_20_20_13_16_632.jpg, 0, 0.2066676, 0, 21.97359
C:\Users\Owner\Downloads\simulator-windows-64\dataTrack1\IMG\center_2024_11_20_20_13_16_736.jpg, C:\Users\Owner\Downloads\simulator-windows-64\dataTrack1\IMG\left_2024_11_20_20_13_16_736.jpg, C:\Users\Owner\Downloads\simulator-windows-64\dataTrack1\IMG\right_2024_11_20_20_13_16_736.jpg, 0, 0.1004514, 0, 21.95185
C:\Users\Owner\Downloads\simulator-windows-64\dataTrack1\IMG\center_2024_11_20_20_13_16_837.jpg, C:\Users\Owner\Downloads\simulator-windows-64\dataTrack1\IMG\left_2024_11_20_20_13_16_837.jpg, C:\Users\Owner\Downloads\simulator-windows-64\dataTrack1\IMG\right_2024_11_20_20_13_16_837.jpg, 0, 0, 0, 21.84728
C:\Users\Owner\Downloads\simulator-windows-64\dataTrack1\IMG\center_2024_11_20_20_13_16_942.jpg, C:\Users\Owner\Downloads\simulator-windows-64\dataTrack1\IMG\left_2024_11_20_20_13_16_942.jpg, C:\Users\Owner\Downloads\simulator-windows-64\dataTrack1\IMG\right_2024_11_20_20_13_16_942.jpg, 0, 0.3140799, 0, 21.66901
C:\Users\Owner\Downloads\simulator-windows-64\dataTrack1\IMG\center_2024_11_20_20_13_17_044.jpg, C:\Users\Owner\Downloads\simulator-windows-64\dataTrack1\IMG\left_2024_11_20_20_13_17_044.jpg, C:\Users\Owner\Downloads\simulator-windows-64\dataTrack1\IMG\right_2024_11_20_20_13_17_044.jpg, 0, 0.2379201, 0, 22.01728
C:\Users\Owner\Downloads\simulator-windows-64\dataTrack1\IMG\center_2024_11_20_20_13_17_148.jpg, C:\Users\Owner\Downloads\simulator-windows-64\dataTrack1\IMG\left_2024_11_20_20_13_17_148.jpg, C:\Users\Owner\Downloads\simulator-windows-64\dataTrack1\IMG\right_2024_11_20_20_13_17_148.jpg, 0, 0.2903547, 0, 22.00254
C:\Users\Owner\Downloads\simulator-windows-64\dataTrack1\IMG\center_2024_11_20_20_13_17_254.jpg, C:\Users\Owner\Downloads\simulator-windows-64\dataTrack1\IMG\left_2024_11_20_20_13_17_254.jpg, C:\Users\Owner\Downloads\simulator-windows-64\dataTrack1\IMG\right_2024_11_20_20_13_17_254.jpg, -0.159429, 0.1497996, 0, 21.94835
C:\Users\Owner\Downloads\simulator-windows-64\dataTrack1\IMG\center_2024_11_20_20_13_17_357.jpg, C:\Users\Owner\Downloads\simulator-windows-64\dataTrack1\IMG\left_2024_11_20_20_13_17_357.jpg, C:\Users\Owner\Downloads\simulator-windows-64\dataTrack1\IMG\right_2024_11_20_20_13_17_357.jpg, -0.4722312, 0, 0, 21.85085
C:\Users\Owner\Downloads\simulator-windows-64\dataTrack1\IMG\center_2024_11_20_20_13_17_461.jpg, C:\Users\Owner\Downloads\simulator-windows-64\dataTrack1\IMG\left_2024_11_20_20_13_17_461.jpg, C:\Users\Owner\Downloads\simulator-windows-64\dataTrack1\IMG\right_2024_11_20_20_13_17_461.jpg, -0.1626102, 0.309621, 0, 21.54792
C:\Users\Owner\Downloads\simulator-windows-64\dataTrack1\IMG\center_2024_11_20_20_13_17_563.jpg, C:\Users\Owner\Downloads\simulator-windows-64\dataTrack1\IMG\left_2024_11_20_20_13_17_563.jpg, C:\Users\Owner\Downloads\simulator-windows-64\dataTrack1\IMG\right_2024_11_20_20_13_17_563.jpg, 0, 0.001136694, 0, 21.78137
C:\Users\Owner\Downloads\simulator-windows-64\dataTrack1\IMG\center_2024_11_20_20_13_17_665.jpg, C:\Users\Owner\Downloads\simulator-windows-64\dataTrack1\IMG\left_2024_11_20_20_13_17_665.jpg, C:\Users\Owner\Downloads\simulator-windows-64\dataTrack1\IMG\right_2024_11_20_20_13_17_665.jpg, 0, 0.1503678, 0, 21.3439
C:\Users\Owner\Downloads\simulator-windows-64\dataTrack1\IMG\center_2024_11_20_20_13_17_771.jpg, C:\Users\Owner\Downloads\simulator-windows-64\dataTrack1\IMG\left_2024_11_20_20_13_17_771.jpg, C:\Users\Owner\Downloads\simulator-windows-64\dataTrack1\IMG\right_2024_11_20_20_13_17_771.jpg, 0, 0.06347907, 0, 21.39403
C:\Users\Owner\Downloads\simulator-windows-64\dataTrack1\IMG\center_2024_11_20_20_13_17_872.jpg, C:\Users\Owner\Downloads\simulator-windows-64\dataTrack1\IMG\left_2024_11_20_20_13_17_872.jpg, C:\Users\Owner\Downloads\simulator-windows-64\dataTrack1\IMG\right_2024_11_20_20_13_17_872.jpg, 0, 0.0983865, 0, 21.46077
C:\Users\Owner\Downloads\simulator-windows-64\dataTrack1\IMG\center_2024_11_20_20_13_17_975.jpg, C:\Users\Owner\Downloads\simulator-windows-64\dataTrack1\IMG\left_2024_11_20_20_13_17_975.jpg, C:\Users\Owner\Downloads\simulator-windows-64\dataTrack1\IMG\right_2024_11_20_20_13_17_975.jpg, 0, 0.1005282, 0, 21.18933
C:\Users\Owner\Downloads\simulator-windows-64\dataTrack1\IMG\center_2024_11_20_20_13_18_079.jpg, C:\Users\Owner\Downloads\simulator-windows-64\dataTrack1\IMG\left_2024_11_20_20_13_18_079.jpg, C:\Users\Owner\Downloads\simulator-windows-64\dataTrack1\IMG\right_2024_11_20_20_13_18_079.jpg, 0, 0.153477, 0, 21.29417
C:\Users\Owner\Downloads\simulator-windows-64\dataTrack1\IMG\center_2024_11_20_20_13_18_183.jpg, C:\Users\Owner\Downloads\simulator-windows-64\dataTrack1\IMG\left_2024_11_20_20_13_18_183.jpg, C:\Users\Owner\Downloads\simulator-windows-64\dataTrack1\IMG\right_2024_11_20_20_13_18_183.jpg, 0, 0.2607888, 0, 21.17723
C:\Users\Owner\Downloads\simulator-windows-64\dataTrack1\IMG\center_2024_11_20_20_13_18_288.jpg, C:\Users\Owner\Downloads\simulator-windows-64\dataTrack1\IMG\left_2024_11_20_20_13_18_288.jpg, C:\Users\Owner\Downloads\simulator-windows-64\dataTrack1\IMG\right_2024_11_20_20_13_18_288.jpg, 0, 0.1484184, 0, 21.07437
C:\Users\Owner\Downloads\simulator-windows-64\dataTrack1\IMG\center_2024_11_20_20_13_18_391.jpg, C:\Users\Owner\Downloads\simulator-windows-64\dataTrack1\IMG\left_2024_11_20_20_13_18_391.jpg, C:\Users\Owner\Downloads\simulator-windows-64\dataTrack1\IMG\right_2024_11_20_20_13_18_391.jpg, 0, 0.1459044, 0, 21.40393
C:\Users\Owner\Downloads\simulator-windows-64\dataTrack1\IMG\center_2024_11_20_20_13_18_494.jpg, C:\Users\Owner\Downloads\simulator-windows-64\dataTrack1\IMG\left_2024_11_20_20_13_18_494.jpg, C:\Users\Owner\Downloads\simulator-windows-64\dataTrack1\IMG\right_2024_11_20_20_13_18_494.jpg, 0, 0.0512469, 0, 20.94398
C:\Users\Owner\Downloads\simulator-windows-64\dataTrack1\IMG\center_2024_11_20_20_13_18_598.jpg, C:\Users\Owner\Downloads\simulator-windows-64\dataTrack1\IMG\left_2024_11_20_20_13_18_598.jpg, C:\Users\Owner\Downloads\simulator-windows-64\dataTrack1\IMG\right_2024_11_20_20_13_18_598.jpg, 0, 0.1559952, 0, 21.22405
C:\Users\Owner\Downloads\simulator-windows-64\dataTrack1\IMG\center_2024_11_20_20_13_18_700.jpg, C:\Users\Owner\Downloads\simulator-windows-64\dataTrack1\IMG\left_2024_11_20_20_13_18_700.jpg, C:\Users\Owner\Downloads\simulator-windows-64\dataTrack1\IMG\right_2024_11_20_20_13_18_700.jpg, 0, 0.1015299, 0, 20.81127
C:\Users\Owner\Downloads\simulator-windows-64\dataTrack1\IMG\center_2024_11_20_20_13_18_805.jpg, C:\Users\Owner\Downloads\simulator-windows-64\dataTrack1\IMG\left_2024_11_20_20_13_18_805.jpg, C:\Users\Owner\Downloads\simulator-windows-64\dataTrack1\IMG\right_2024_11_20_20_13_18_805.jpg, 0, 0.3647397, 0, 21.15154
C:\Users\Owner\Downloads\simulator-windows-64\dataTrack1\IMG\center_2024_11_20_20_13_18_907.jpg, C:\Users\Owner\Downloads\simulator-windows-64\dataTrack1\IMG\left_2024_11_20_20_13_18_907.jpg, C:\Users\Owner\Downloads\simulator-windows-64\dataTrack1\IMG\right_2024_11_20_20_13_18_907.jpg, 0, 0.2044701, 0, 21.19024
C:\Users\Owner\Downloads\simulator-windows-64\dataTrack1\IMG\center_2024_11_20_20_13_19_010.jpg, C:\Users\Owner\Downloads\simulator-windows-64\dataTrack1\IMG\left_2024_11_20_20_13_19_010.jpg, C:\Users\Owner\Downloads\simulator-windows-64\dataTrack1\IMG\right_2024_11_20_20_13_19_010.jpg, 0, 0.2067156, 0, 21.08352
C:\Users\Owner\Downloads\simulator-windows-64\dataTrack1\IMG\center_2024_11_20_20_13_19_113.jpg, C:\Users\Owner\Downloads\simulator-windows-64\dataTrack1\IMG\left_2024_11_20_20_13_19_113.jpg, C:\Users\Owner\Downloads\simulator-windows-64\dataTrack1\IMG\right_2024_11_20_20_13_19_113.jpg, 0, 0.2058192, 0, 21.26332
C:\Users\Owner\Downloads\simulator-windows-64\dataTrack1\IMG\center_2024_11_20_20_13_19_217.jpg, C:\Users\Owner\Downloads\simulator-windows-64\dataTrack1\IMG\left_2024_11_20_20_13_19_217.jpg, C:\Users\Owner\Downloads\simulator-windows-64\dataTrack1\IMG\right_2024_11_20_20_13_19_217.jpg, 0, 0.1023951, 0, 21.07432
C:\Users\Owner\Downloads\simulator-windows-64\dataTrack1\IMG\center_2024_11_20_20_13_19_322.jpg, C:\Users\Owner\Downloads\simulator-windows-64\dataTrack1\IMG\left_2024_11_20_20_13_19_322.jpg, C:\Users\Owner\Downloads\simulator-windows-64\dataTrack1\IMG\right_2024_11_20_20_13_19_322.jpg, 0, 0.2088768, 0, 21.18759
C:\Users\Owner\Downloads\simulator-windows-64\dataTrack1\IMG\center_2024_11_20_20_13_19_425.jpg, C:\Users\Owner\Downloads\simulator-windows-64\dataTrack1\IMG\left_2024_11_20_20_13_19_425.jpg, C:\Users\Owner\Downloads\simulator-windows-64\dataTrack1\IMG\right_2024_11_20_20_13_19_425.jpg, 0, 0.2625648, 0, 21.09671
C:\Users\Owner\Downloads\simulator-windows-64\dataTrack1\IMG\center_2024_11_20_20_13_19_529.jpg, C:\Users\Owner\Downloads\simulator-windows-64\dataTrack1\IMG\left_2024_11_20_20_13_19_529.jpg, C:\Users\Owner\Downloads\simulator-windows-64\dataTrack1\IMG\right_2024_11_20_20_13_19_529.jpg, 0, 0.3127548, 0, 21.1147
C:\Users\Owner\Downloads\simulator-windows-64\dataTrack1\IMG\center_2024_11_20_20_13_19_632.jpg, C:\Users\Owner\Downloads\simulator-windows-64\dataTrack1\IMG\left_2024_11_20_20_13_19_632.jpg, C:\Users\Owner\Downloads\simulator-windows-64\dataTrack1\IMG\right_2024_11_20_20_13_19_632.jpg, -0.2062332, 0.2067708, 0, 21.51206
C:\Users\Owner\Downloads\simulator-windows-64\dataTrack1\IMG\center_2024_11_20_20_13_19_735.jpg, C:\Users\Owner\Downloads\simulator-windows-64\dataTrack1\IMG\left_2024_11_20_20_13_19_735.jpg, C:\Users\Owner\Downloads\simulator-windows-64\dataTrack1\IMG\right_2024_11_20_20_13_19_735.jpg, -0.4089849, 0.0537249, 0, 20.98666
C:\Users\Owner\Downloads\simulator-windows-64\dataTrack1\IMG\center_2024_11_20_20_13_19_839.jpg, C:\Users\Owner\Downloads\simulator-windows-64\dataTrack1\IMG\left_2024_11_20_20_13_19_839.jpg, C:\Users\Owner\Downloads\simulator-windows-64\dataTrack1\IMG\right_2024_11_20_20_13_19_839.jpg, -0.1217895, 0.1906149, 0, 21.23459
C:\Users\Owner\Downloads\simulator-windows-64\dataTrack1\IMG\center_2024_11_20_20_13_19_941.jpg, C:\Users\Owner\Downloads\simulator-windows-64\dataTrack1\IMG\left_2024_11_20_20_13_19_941.jpg, C:\Users\Owner\Downloads\simulator-windows-64\dataTrack1\IMG\right_2024_11_20_20_13_19_941.jpg, 0, 0, 0, 20.80142
C:\Users\Owner\Downloads\simulator-windows-64\dataTrack1\IMG\center_2024_11_20_20_13_20_044.jpg, C:\Users\Owner\Downloads\simulator-windows-64\dataTrack1\IMG\left_2024_11_20_20_13_20_044.jpg, C:\Users\Owner\Downloads\simulator-windows-64\dataTrack1\IMG\right_2024_11_20_20_13_20_044.jpg, 0, 0.2589765, 0, 21.01758
C:\Users\Owner\Downloads\simulator-windows-64\dataTrack1\IMG\center_2024_11_20_20_13_20_148.jpg, C:\Users\Owner\Downloads\simulator-windows-64\dataTrack1\IMG\left_2024_11_20_20_13_20_148.jpg, C:\Users\Owner\Downloads\simulator-windows-64\dataTrack1\IMG\right_2024_11_20_20_13_20_148.jpg, 0, 0.0009896904, 0, 20.99957
C:\Users\Owner\Downloads\simulator-windows-64\dataTrack1\IMG\center_2024_11_20_20_13_20_253.jpg, C:\Users\Owner\Downloads\simulator-windows-64\dataTrack1\IMG\left_2024_11_20_20_13_20_253.jpg, C:\Users\Owner\Downloads\simulator-windows-64\dataTrack1\IMG\right_2024_11_20_20_13_20_253.jpg, 0, 0.3148293, 0, 20.72031
C:\Users\Owner\Downloads\simulator-windows-64\dataTrack1\IMG\center_2024_11_20_20_13_20_356.jpg, C:\Users\Owner\Downloads\simulator-windows-64\dataTrack1\IMG\left_2024_11_20_20_13_20_356.jpg, C:\Users\Owner\Downloads\simulator-windows-64\dataTrack1\IMG\right_2024_11_20_20_13_20_356.jpg, 0, 0.004930787, 0, 20.9823
C:\Users\Owner\Downloads\simulator-windows-64\dataTrack1\IMG\center_2024_11_20_20_13_20_460.jpg, C:\Users\Owner\Downloads\simulator-windows-64\dataTrack1\IMG\left_2024_11_20_20_13_20_460.jpg, C:\Users\Owner\Downloads\simulator-windows-64\dataTrack1\IMG\right_2024_11_20_20_13_20_460.jpg, 0, 0.227937, 0, 20.57153
C:\Users\Owner\Downloads\simulator-windows-64\dataTrack1\IMG\center_2024_11_20_20_13_20_563.jpg, C:\Users\Owner\Downloads\simulator-windows-64\dataTrack1\IMG\left_2024_11_20_20_13_20_563.jpg, C:\Users\Owner\Downloads\simulator-windows-64\dataTrack1\IMG\right_2024_11_20_20_13_20_563.jpg, 0, 0.2366961, 0, 21.01996
C:\Users\Owner\Downloads\simulator-windows-64\dataTrack1\IMG\center_2024_11_20_20_13_20_665.jpg, C:\Users\Owner\Downloads\simulator-windows-64\dataTrack1\IMG\left_2024_11_20_20_13_20_665.jpg, C:\Users\Owner\Downloads\simulator-windows-64\dataTrack1\IMG\right_2024_11_20_20_13_20_665.jpg, 0, 0.1800024, 0, 20.71401
C:\Users\Owner\Downloads\simulator-windows-64\dataTrack1\IMG\center_2024_11_20_20_13_20_769.jpg, C:\Users\Owner\Downloads\simulator-windows-64\dataTrack1\IMG\left_2024_11_20_20_13_20_769.jpg, C:\Users\Owner\Downloads\simulator-windows-64\dataTrack1\IMG\right_2024_11_20_20_13_20_769.jpg, 0, 0.3319152, 0, 21.00233
C:\Users\Owner\Downloads\simulator-windows-64\dataTrack1\IMG\center_2024_11_20_20_13_20_873.jpg, C:\Users\Owner\Downloads\simulator-windows-64\dataTrack1\IMG\left_2024_11_20_20_13_20_873.jpg, C:\Users\Owner\Downloads\simulator-windows-64\dataTrack1\IMG\right_2024_11_20_20_13_20_873.jpg, 0, 0.2128005, 0, 21.2596
C:\Users\Owner\Downloads\simulator-windows-64\dataTrack1\IMG\center_2024_11_20_20_13_20_976.jpg, C:\Users\Owner\Downloads\simulator-windows-64\dataTrack1\IMG\left_2024_11_20_20_13_20_976.jpg, C:\Users\Owner\Downloads\simulator-windows-64\dataTrack1\IMG\right_2024_11_20_20_13_20_976.jpg, 0, 0.4219137, 0, 21.27132
C:\Users\Owner\Downloads\simulator-windows-64\dataTrack1\IMG\center_2024_11_20_20_13_21_079.jpg, C:\Users\Owner\Downloads\simulator-windows-64\dataTrack1\IMG\left_2024_11_20_20_13_21_079.jpg, C:\Users\Owner\Downloads\simulator-windows-64\dataTrack1\IMG\right_2024_11_20_20_13_21_079.jpg, 0, 0.2158416, 0, 21.59889
C:\Users\Owner\Downloads\simulator-windows-64\dataTrack1\IMG\center_2024_11_20_20_13_21_183.jpg, C:\Users\Owner\Downloads\simulator-windows-64\dataTrack1\IMG\left_2024_11_20_20_13_21_183.jpg, C:\Users\Owner\Downloads\simulator-windows-64\dataTrack1\IMG\right_2024_11_20_20_13_21_183.jpg, 0, 0.5282319, 0, 21.60422
C:\Users\Owner\Downloads\simulator-windows-64\dataTrack1\IMG\center_2024_11_20_20_13_21_288.jpg, C:\Users\Owner\Downloads\simulator-windows-64\dataTrack1\IMG\left_2024_11_20_20_13_21_288.jpg, C:\Users\Owner\Downloads\simulator-windows-64\dataTrack1\IMG\right_2024_11_20_20_13_21_288.jpg, 0, 0.3145522, 0, 21.89858
C:\Users\Owner\Downloads\simulator-windows-64\dataTrack1\IMG\center_2024_11_20_20_13_21_391.jpg, C:\Users\Owner\Downloads\simulator-windows-64\dataTrack1\IMG\left_2024_11_20_20_13_21_391.jpg, C:\Users\Owner\Downloads\simulator-windows-64\dataTrack1\IMG\right_2024_11_20_20_13_21_391.jpg, 0, 0.6227002, 0, 22.4321
C:\Users\Owner\Downloads\simulator-windows-64\dataTrack1\IMG\center_2024_11_20_20_13_21_496.jpg, C:\Users\Owner\Downloads\simulator-windows-64\dataTrack1\IMG\left_2024_11_20_20_13_21_496.jpg, C:\Users\Owner\Downloads\simulator-windows-64\dataTrack1\IMG\right_2024_11_20_20_13_21_496.jpg, 0, 0.8335969, 0, 23.05775
C:\Users\Owner\Downloads\simulator-windows-64\dataTrack1\IMG\center_2024_11_20_20_13_21_599.jpg, C:\Users\Owner\Downloads\simulator-windows-64\dataTrack1\IMG\left_2024_11_20_20_13_21_599.jpg, C:\Users\Owner\Downloads\simulator-windows-64\dataTrack1\IMG\right_2024_11_20_20_13_21_599.jpg, 0, 0.5246089, 0, 23.7015
C:\Users\Owner\Downloads\simulator-windows-64\dataTrack1\IMG\center_2024_11_20_20_13_21_701.jpg, C:\Users\Owner\Downloads\simulator-windows-64\dataTrack1\IMG\left_2024_11_20_20_13_21_701.jpg, C:\Users\Owner\Downloads\simulator-windows-64\dataTrack1\IMG\right_2024_11_20_20_13_21_701.jpg, -0.2002137, 0.8282962, 0, 24.20976
C:\Users\Owner\Downloads\simulator-windows-64\dataTrack1\IMG\center_2024_11_20_20_13_21_805.jpg, C:\Users\Owner\Downloads\simulator-windows-64\dataTrack1\IMG\left_2024_11_20_20_13_21_805.jpg, C:\Users\Owner\Downloads\simulator-windows-64\dataTrack1\IMG\right_2024_11_20_20_13_21_805.jpg, 0, 0.5655763, 0, 24.83166
C:\Users\Owner\Downloads\simulator-windows-64\dataTrack1\IMG\center_2024_11_20_20_13_21_907.jpg, C:\Users\Owner\Downloads\simulator-windows-64\dataTrack1\IMG\left_2024_11_20_20_13_21_907.jpg, C:\Users\Owner\Downloads\simulator-windows-64\dataTrack1\IMG\right_2024_11_20_20_13_21_907.jpg, 0, 0.6580453, 0, 25.28083
C:\Users\Owner\Downloads\simulator-windows-64\dataTrack1\IMG\center_2024_11_20_20_13_22_010.jpg, C:\Users\Owner\Downloads\simulator-windows-64\dataTrack1\IMG\left_2024_11_20_20_13_22_010.jpg, C:\Users\Owner\Downloads\simulator-windows-64\dataTrack1\IMG\right_2024_11_20_20_13_22_010.jpg, 0, 0.5570497, 0, 25.83725
C:\Users\Owner\Downloads\simulator-windows-64\dataTrack1\IMG\center_2024_11_20_20_13_22_114.jpg, C:\Users\Owner\Downloads\simulator-windows-64\dataTrack1\IMG\left_2024_11_20_20_13_22_114.jpg, C:\Users\Owner\Downloads\simulator-windows-64\dataTrack1\IMG\right_2024_11_20_20_13_22_114.jpg, 0, 0.350473, 0, 26.0547
C:\Users\Owner\Downloads\simulator-windows-64\dataTrack1\IMG\center_2024_11_20_20_13_22_219.jpg, C:\Users\Owner\Downloads\simulator-windows-64\dataTrack1\IMG\left_2024_11_20_20_13_22_219.jpg, C:\Users\Owner\Downloads\simulator-windows-64\dataTrack1\IMG\right_2024_11_20_20_13_22_219.jpg, -0.1190883, 0.5577528, 0, 26.39087
C:\Users\Owner\Downloads\simulator-windows-64\dataTrack1\IMG\center_2024_11_20_20_13_22_323.jpg, C:\Users\Owner\Downloads\simulator-windows-64\dataTrack1\IMG\left_2024_11_20_20_13_22_323.jpg, C:\Users\Owner\Downloads\simulator-windows-64\dataTrack1\IMG\right_2024_11_20_20_13_22_323.jpg, 0, 0.2482062, 0, 26.64872
C:\Users\Owner\Downloads\simulator-windows-64\dataTrack1\IMG\center_2024_11_20_20_13_22_426.jpg, C:\Users\Owner\Downloads\simulator-windows-64\dataTrack1\IMG\left_2024_11_20_20_13_22_426.jpg, C:\Users\Owner\Downloads\simulator-windows-64\dataTrack1\IMG\right_2024_11_20_20_13_22_426.jpg, 0, 0.1904547, 0, 26.56166
C:\Users\Owner\Downloads\simulator-windows-64\dataTrack1\IMG\center_2024_11_20_20_13_22_530.jpg, C:\Users\Owner\Downloads\simulator-windows-64\dataTrack1\IMG\left_2024_11_20_20_13_22_530.jpg, C:\Users\Owner\Downloads\simulator-windows-64\dataTrack1\IMG\right_2024_11_20_20_13_22_530.jpg, 0, 0.4460916, 0, 26.80156
C:\Users\Owner\Downloads\simulator-windows-64\dataTrack1\IMG\center_2024_11_20_20_13_22_633.jpg, C:\Users\Owner\Downloads\simulator-windows-64\dataTrack1\IMG\left_2024_11_20_20_13_22_633.jpg, C:\Users\Owner\Downloads\simulator-windows-64\dataTrack1\IMG\right_2024_11_20_20_13_22_633.jpg, -0.0498294, 0.1393158, 0, 26.87234
C:\Users\Owner\Downloads\simulator-windows-64\dataTrack1\IMG\center_2024_11_20_20_13_22_735.jpg, C:\Users\Owner\Downloads\simulator-windows-64\dataTrack1\IMG\left_2024_11_20_20_13_22_735.jpg, C:\Users\Owner\Downloads\simulator-windows-64\dataTrack1\IMG\right_2024_11_20_20_13_22_735.jpg, -0.3567699, 0.3444807, 0, 26.87338
C:\Users\Owner\Downloads\simulator-windows-64\dataTrack1\IMG\center_2024_11_20_20_13_22_840.jpg, C:\Users\Owner\Downloads\simulator-windows-64\dataTrack1\IMG\left_2024_11_20_20_13_22_840.jpg, C:\Users\Owner\Downloads\simulator-windows-64\dataTrack1\IMG\right_2024_11_20_20_13_22_840.jpg, -0.2179076, 0.02980471, 0, 26.75305
C:\Users\Owner\Downloads\simulator-windows-64\dataTrack1\IMG\center_2024_11_20_20_13_22_942.jpg, C:\Users\Owner\Downloads\simulator-windows-64\dataTrack1\IMG\left_2024_11_20_20_13_22_942.jpg, C:\Users\Owner\Downloads\simulator-windows-64\dataTrack1\IMG\right_2024_11_20_20_13_22_942.jpg, 0, 0.1010061, 0, 26.48603
C:\Users\Owner\Downloads\simulator-windows-64\dataTrack1\IMG\center_2024_11_20_20_13_23_045.jpg, C:\Users\Owner\Downloads\simulator-windows-64\dataTrack1\IMG\left_2024_11_20_20_13_23_045.jpg, C:\Users\Owner\Downloads\simulator-windows-64\dataTrack1\IMG\right_2024_11_20_20_13_23_045.jpg, 0, 0.3608565, 0, 26.49584
C:\Users\Owner\Downloads\simulator-windows-64\dataTrack1\IMG\center_2024_11_20_20_13_23_148.jpg, C:\Users\Owner\Downloads\simulator-windows-64\dataTrack1\IMG\left_2024_11_20_20_13_23_148.jpg, C:\Users\Owner\Downloads\simulator-windows-64\dataTrack1\IMG\right_2024_11_20_20_13_23_148.jpg, 0, 0.0001059398, 0, 26.42167
C:\Users\Owner\Downloads\simulator-windows-64\dataTrack1\IMG\center_2024_11_20_20_13_23_252.jpg, C:\Users\Owner\Downloads\simulator-windows-64\dataTrack1\IMG\left_2024_11_20_20_13_23_252.jpg, C:\Users\Owner\Downloads\simulator-windows-64\dataTrack1\IMG\right_2024_11_20_20_13_23_252.jpg, 0, 0.3124737, 0, 26.3513
C:\Users\Owner\Downloads\simulator-windows-64\dataTrack1\IMG\center_2024_11_20_20_13_23_358.jpg, C:\Users\Owner\Downloads\simulator-windows-64\dataTrack1\IMG\left_2024_11_20_20_13_23_358.jpg, C:\Users\Owner\Downloads\simulator-windows-64\dataTrack1\IMG\right_2024_11_20_20_13_23_358.jpg, 0, 0.1696881, 0, 26.46515
C:\Users\Owner\Downloads\simulator-windows-64\dataTrack1\IMG\center_2024_11_20_20_13_23_462.jpg, C:\Users\Owner\Downloads\simulator-windows-64\dataTrack1\IMG\left_2024_11_20_20_13_23_462.jpg, C:\Users\Owner\Downloads\simulator-windows-64\dataTrack1\IMG\right_2024_11_20_20_13_23_462.jpg, 0, 0.3209673, 0, 26.38479
C:\Users\Owner\Downloads\simulator-windows-64\dataTrack1\IMG\center_2024_11_20_20_13_23_564.jpg, C:\Users\Owner\Downloads\simulator-windows-64\dataTrack1\IMG\left_2024_11_20_20_13_23_564.jpg, C:\Users\Owner\Downloads\simulator-windows-64\dataTrack1\IMG\right_2024_11_20_20_13_23_564.jpg, 0, 0.06525962, 0, 26.37383
C:\Users\Owner\Downloads\simulator-windows-64\dataTrack1\IMG\center_2024_11_20_20_13_23_668.jpg, C:\Users\Owner\Downloads\simulator-windows-64\dataTrack1\IMG\left_2024_11_20_20_13_23_668.jpg, C:\Users\Owner\Downloads\simulator-windows-64\dataTrack1\IMG\right_2024_11_20_20_13_23_668.jpg, 0, 0.2095602, 0, 26.15578
C:\Users\Owner\Downloads\simulator-windows-64\dataTrack1\IMG\center_2024_11_20_20_13_23_773.jpg, C:\Users\Owner\Downloads\simulator-windows-64\dataTrack1\IMG\left_2024_11_20_20_13_23_773.jpg, C:\Users\Owner\Downloads\simulator-windows-64\dataTrack1\IMG\right_2024_11_20_20_13_23_773.jpg, 0, 0.2032353, 0, 26.24689
C:\Users\Owner\Downloads\simulator-windows-64\dataTrack1\IMG\center_2024_11_20_20_13_23_875.jpg, C:\Users\Owner\Downloads\simulator-windows-64\dataTrack1\IMG\left_2024_11_20_20_13_23_875.jpg, C:\Users\Owner\Downloads\simulator-windows-64\dataTrack1\IMG\right_2024_11_20_20_13_23_875.jpg, 0, 0.200592, 0, 26.14017
C:\Users\Owner\Downloads\simulator-windows-64\dataTrack1\IMG\center_2024_11_20_20_13_23_977.jpg, C:\Users\Owner\Downloads\simulator-windows-64\dataTrack1\IMG\left_2024_11_20_20_13_23_977.jpg, C:\Users\Owner\Downloads\simulator-windows-64\dataTrack1\IMG\right_2024_11_20_20_13_23_977.jpg, 0, 0.1983855, 0, 26.20268
C:\Users\Owner\Downloads\simulator-windows-64\dataTrack1\IMG\center_2024_11_20_20_13_24_081.jpg, C:\Users\Owner\Downloads\simulator-windows-64\dataTrack1\IMG\left_2024_11_20_20_13_24_081.jpg, C:\Users\Owner\Downloads\simulator-windows-64\dataTrack1\IMG\right_2024_11_20_20_13_24_081.jpg, 0, 0.1031925, 0, 26.05327
C:\Users\Owner\Downloads\simulator-windows-64\dataTrack1\IMG\center_2024_11_20_20_13_24_184.jpg, C:\Users\Owner\Downloads\simulator-windows-64\dataTrack1\IMG\left_2024_11_20_20_13_24_184.jpg, C:\Users\Owner\Downloads\simulator-windows-64\dataTrack1\IMG\right_2024_11_20_20_13_24_184.jpg, 0, 0.2563113, 0, 26.06516
C:\Users\Owner\Downloads\simulator-windows-64\dataTrack1\IMG\center_2024_11_20_20_13_24_290.jpg, C:\Users\Owner\Downloads\simulator-windows-64\dataTrack1\IMG\left_2024_11_20_20_13_24_290.jpg, C:\Users\Owner\Downloads\simulator-windows-64\dataTrack1\IMG\right_2024_11_20_20_13_24_290.jpg, 0, 0.1026822, 0, 25.87283
C:\Users\Owner\Downloads\simulator-windows-64\dataTrack1\IMG\center_2024_11_20_20_13_24_393.jpg, C:\Users\Owner\Downloads\simulator-windows-64\dataTrack1\IMG\left_2024_11_20_20_13_24_393.jpg, C:\Users\Owner\Downloads\simulator-windows-64\dataTrack1\IMG\right_2024_11_20_20_13_24_393.jpg, 0, 0.3138054, 0, 25.93792
C:\Users\Owner\Downloads\simulator-windows-64\dataTrack1\IMG\center_2024_11_20_20_13_24_497.jpg, C:\Users\Owner\Downloads\simulator-windows-64\dataTrack1\IMG\left_2024_11_20_20_13_24_497.jpg, C:\Users\Owner\Downloads\simulator-windows-64\dataTrack1\IMG\right_2024_11_20_20_13_24_497.jpg, 0, 0.1089951, 0, 25.87156
C:\Users\Owner\Downloads\simulator-windows-64\dataTrack1\IMG\center_2024_11_20_20_13_24_600.jpg, C:\Users\Owner\Downloads\simulator-windows-64\dataTrack1\IMG\left_2024_11_20_20_13_24_600.jpg, C:\Users\Owner\Downloads\simulator-windows-64\dataTrack1\IMG\right_2024_11_20_20_13_24_600.jpg, 0, 0.2162952, 0, 25.87886
C:\Users\Owner\Downloads\simulator-windows-64\dataTrack1\IMG\center_2024_11_20_20_13_24_702.jpg, C:\Users\Owner\Downloads\simulator-windows-64\dataTrack1\IMG\left_2024_11_20_20_13_24_702.jpg, C:\Users\Owner\Downloads\simulator-windows-64\dataTrack1\IMG\right_2024_11_20_20_13_24_702.jpg, 0, 0.0510438, 0, 25.73006
C:\Users\Owner\Downloads\simulator-windows-64\dataTrack1\IMG\center_2024_11_20_20_13_24_807.jpg, C:\Users\Owner\Downloads\simulator-windows-64\dataTrack1\IMG\left_2024_11_20_20_13_24_807.jpg, C:\Users\Owner\Downloads\simulator-windows-64\dataTrack1\IMG\right_2024_11_20_20_13_24_807.jpg, 0, 0.3150627, 0, 25.68415
C:\Users\Owner\Downloads\simulator-windows-64\dataTrack1\IMG\center_2024_11_20_20_13_24_910.jpg, C:\Users\Owner\Downloads\simulator-windows-64\dataTrack1\IMG\left_2024_11_20_20_13_24_910.jpg, C:\Users\Owner\Downloads\simulator-windows-64\dataTrack1\IMG\right_2024_11_20_20_13_24_910.jpg, 0, 0.2538528, 0, 25.72002
C:\Users\Owner\Downloads\simulator-windows-64\dataTrack1\IMG\center_2024_11_20_20_13_25_013.jpg, C:\Users\Owner\Downloads\simulator-windows-64\dataTrack1\IMG\left_2024_11_20_20_13_25_013.jpg, C:\Users\Owner\Downloads\simulator-windows-64\dataTrack1\IMG\right_2024_11_20_20_13_25_013.jpg, 0, 0.4589793, 0, 25.96694
C:\Users\Owner\Downloads\simulator-windows-64\dataTrack1\IMG\center_2024_11_20_20_13_25_116.jpg, C:\Users\Owner\Downloads\simulator-windows-64\dataTrack1\IMG\left_2024_11_20_20_13_25_116.jpg, C:\Users\Owner\Downloads\simulator-windows-64\dataTrack1\IMG\right_2024_11_20_20_13_25_116.jpg, 0, 0.2534259, 0, 26.07494
C:\Users\Owner\Downloads\simulator-windows-64\dataTrack1\IMG\center_2024_11_20_20_13_25_219.jpg, C:\Users\Owner\Downloads\simulator-windows-64\dataTrack1\IMG\left_2024_11_20_20_13_25_219.jpg, C:\Users\Owner\Downloads\simulator-windows-64\dataTrack1\IMG\right_2024_11_20_20_13_25_219.jpg, 0, 0.4594305, 0, 26.29707
C:\Users\Owner\Downloads\simulator-windows-64\dataTrack1\IMG\center_2024_11_20_20_13_25_324.jpg, C:\Users\Owner\Downloads\simulator-windows-64\dataTrack1\IMG\left_2024_11_20_20_13_25_324.jpg, C:\Users\Owner\Downloads\simulator-windows-64\dataTrack1\IMG\right_2024_11_20_20_13_25_324.jpg, 0, 0.1960406, 0, 26.43147
C:\Users\Owner\Downloads\simulator-windows-64\dataTrack1\IMG\center_2024_11_20_20_13_25_426.jpg, C:\Users\Owner\Downloads\simulator-windows-64\dataTrack1\IMG\left_2024_11_20_20_13_25_426.jpg, C:\Users\Owner\Downloads\simulator-windows-64\dataTrack1\IMG\right_2024_11_20_20_13_25_426.jpg, 0, 0.2989205, 0, 26.49014
C:\Users\Owner\Downloads\simulator-windows-64\dataTrack1\IMG\center_2024_11_20_20_13_25_531.jpg, C:\Users\Owner\Downloads\simulator-windows-64\dataTrack1\IMG\left_2024_11_20_20_13_25_531.jpg, C:\Users\Owner\Downloads\simulator-windows-64\dataTrack1\IMG\right_2024_11_20_20_13_25_531.jpg, 0, 0.0568881, 0, 26.32782
C:\Users\Owner\Downloads\simulator-windows-64\dataTrack1\IMG\center_2024_11_20_20_13_25_633.jpg, C:\Users\Owner\Downloads\simulator-windows-64\dataTrack1\IMG\left_2024_11_20_20_13_25_633.jpg, C:\Users\Owner\Downloads\simulator-windows-64\dataTrack1\IMG\right_2024_11_20_20_13_25_633.jpg, 0, 0.1688955, 0, 26.29542
C:\Users\Owner\Downloads\simulator-windows-64\dataTrack1\IMG\center_2024_11_20_20_13_25_741.jpg, C:\Users\Owner\Downloads\simulator-windows-64\dataTrack1\IMG\left_2024_11_20_20_13_25_741.jpg, C:\Users\Owner\Downloads\simulator-windows-64\dataTrack1\IMG\right_2024_11_20_20_13_25_741.jpg, 0, 0.0557628, 0, 26.09412
C:\Users\Owner\Downloads\simulator-windows-64\dataTrack1\IMG\center_2024_11_20_20_13_25_844.jpg, C:\Users\Owner\Downloads\simulator-windows-64\dataTrack1\IMG\left_2024_11_20_20_13_25_844.jpg, C:\Users\Owner\Downloads\simulator-windows-64\dataTrack1\IMG\right_2024_11_20_20_13_25_844.jpg, 0, 0.3167727, 0, 26.05177
C:\Users\Owner\Downloads\simulator-windows-64\dataTrack1\IMG\center_2024_11_20_20_13_25_953.jpg, C:\Users\Owner\Downloads\simulator-windows-64\dataTrack1\IMG\left_2024_11_20_20_13_25_953.jpg, C:\Users\Owner\Downloads\simulator-windows-64\dataTrack1\IMG\right_2024_11_20_20_13_25_953.jpg, 0, 0.1427334, 0, 26.02885
C:\Users\Owner\Downloads\simulator-windows-64\dataTrack1\IMG\center_2024_11_20_20_13_26_057.jpg, C:\Users\Owner\Downloads\simulator-windows-64\dataTrack1\IMG\left_2024_11_20_20_13_26_057.jpg, C:\Users\Owner\Downloads\simulator-windows-64\dataTrack1\IMG\right_2024_11_20_20_13_26_057.jpg, 0, 0.4531377, 0, 26.13145
C:\Users\Owner\Downloads\simulator-windows-64\dataTrack1\IMG\center_2024_11_20_20_13_26_161.jpg, C:\Users\Owner\Downloads\simulator-windows-64\dataTrack1\IMG\left_2024_11_20_20_13_26_161.jpg, C:\Users\Owner\Downloads\simulator-windows-64\dataTrack1\IMG\right_2024_11_20_20_13_26_161.jpg, 0, 0.1427972, 0, 26.26749
C:\Users\Owner\Downloads\simulator-windows-64\dataTrack1\IMG\center_2024_11_20_20_13_26_264.jpg, C:\Users\Owner\Downloads\simulator-windows-64\dataTrack1\IMG\left_2024_11_20_20_13_26_264.jpg, C:\Users\Owner\Downloads\simulator-windows-64\dataTrack1\IMG\right_2024_11_20_20_13_26_264.jpg, 0, 0.4085912, 0, 26.31688
C:\Users\Owner\Downloads\simulator-windows-64\dataTrack1\IMG\center_2024_11_20_20_13_26_369.jpg, C:\Users\Owner\Downloads\simulator-windows-64\dataTrack1\IMG\left_2024_11_20_20_13_26_369.jpg, C:\Users\Owner\Downloads\simulator-windows-64\dataTrack1\IMG\right_2024_11_20_20_13_26_369.jpg, 0, 0.3095564, 0, 26.66075
C:\Users\Owner\Downloads\simulator-windows-64\dataTrack1\IMG\center_2024_11_20_20_13_26_472.jpg, C:\Users\Owner\Downloads\simulator-windows-64\dataTrack1\IMG\left_2024_11_20_20_13_26_472.jpg, C:\Users\Owner\Downloads\simulator-windows-64\dataTrack1\IMG\right_2024_11_20_20_13_26_472.jpg, 0, 0.4410377, 0, 26.77578
C:\Users\Owner\Downloads\simulator-windows-64\dataTrack1\IMG\center_2024_11_20_20_13_26_576.jpg, C:\Users\Owner\Downloads\simulator-windows-64\dataTrack1\IMG\left_2024_11_20_20_13_26_576.jpg, C:\Users\Owner\Downloads\simulator-windows-64\dataTrack1\IMG\right_2024_11_20_20_13_26_576.jpg, 0, 0.2975318, 0, 27.03726
C:\Users\Owner\Downloads\simulator-windows-64\dataTrack1\IMG\center_2024_11_20_20_13_26_679.jpg, C:\Users\Owner\Downloads\simulator-windows-64\dataTrack1\IMG\left_2024_11_20_20_13_26_679.jpg, C:\Users\Owner\Downloads\simulator-windows-64\dataTrack1\IMG\right_2024_11_20_20_13_26_679.jpg, -0.1055268, 0.192005, 0, 26.97351
C:\Users\Owner\Downloads\simulator-windows-64\dataTrack1\IMG\center_2024_11_20_20_13_26_783.jpg, C:\Users\Owner\Downloads\simulator-windows-64\dataTrack1\IMG\left_2024_11_20_20_13_26_783.jpg, C:\Users\Owner\Downloads\simulator-windows-64\dataTrack1\IMG\right_2024_11_20_20_13_26_783.jpg, 0, 0.1916357, 0, 27.04852
C:\Users\Owner\Downloads\simulator-windows-64\dataTrack1\IMG\center_2024_11_20_20_13_26_884.jpg, C:\Users\Owner\Downloads\simulator-windows-64\dataTrack1\IMG\left_2024_11_20_20_13_26_884.jpg, C:\Users\Owner\Downloads\simulator-windows-64\dataTrack1\IMG\right_2024_11_20_20_13_26_884.jpg, 0, 0, 0, 26.86544
C:\Users\Owner\Downloads\simulator-windows-64\dataTrack1\IMG\center_2024_11_20_20_13_26_989.jpg, C:\Users\Owner\Downloads\simulator-windows-64\dataTrack1\IMG\left_2024_11_20_20_13_26_989.jpg, C:\Users\Owner\Downloads\simulator-windows-64\dataTrack1\IMG\right_2024_11_20_20_13_26_989.jpg, -0.2041302, 0.3129498, 0, 26.74407
C:\Users\Owner\Downloads\simulator-windows-64\dataTrack1\IMG\center_2024_11_20_20_13_27_093.jpg, C:\Users\Owner\Downloads\simulator-windows-64\dataTrack1\IMG\left_2024_11_20_20_13_27_093.jpg, C:\Users\Owner\Downloads\simulator-windows-64\dataTrack1\IMG\right_2024_11_20_20_13_27_093.jpg, -0.3112116, 0.313257, 0, 26.84319
C:\Users\Owner\Downloads\simulator-windows-64\dataTrack1\IMG\center_2024_11_20_20_13_27_196.jpg, C:\Users\Owner\Downloads\simulator-windows-64\dataTrack1\IMG\left_2024_11_20_20_13_27_196.jpg, C:\Users\Owner\Downloads\simulator-windows-64\dataTrack1\IMG\right_2024_11_20_20_13_27_196.jpg, -0.001136113, 0.003181506, 0, 26.76699
C:\Users\Owner\Downloads\simulator-windows-64\dataTrack1\IMG\center_2024_11_20_20_13_27_300.jpg, C:\Users\Owner\Downloads\simulator-windows-64\dataTrack1\IMG\left_2024_11_20_20_13_27_300.jpg, C:\Users\Owner\Downloads\simulator-windows-64\dataTrack1\IMG\right_2024_11_20_20_13_27_300.jpg, -0.0504285, 0, 0, 26.48729
C:\Users\Owner\Downloads\simulator-windows-64\dataTrack1\IMG\center_2024_11_20_20_13_27_401.jpg, C:\Users\Owner\Downloads\simulator-windows-64\dataTrack1\IMG\left_2024_11_20_20_13_27_401.jpg, C:\Users\Owner\Downloads\simulator-windows-64\dataTrack1\IMG\right_2024_11_20_20_13_27_401.jpg, -0.1530018, 0.1014258, 0, 26.19884
C:\Users\Owner\Downloads\simulator-windows-64\dataTrack1\IMG\center_2024_11_20_20_13_27_506.jpg, C:\Users\Owner\Downloads\simulator-windows-64\dataTrack1\IMG\left_2024_11_20_20_13_27_506.jpg, C:\Users\Owner\Downloads\simulator-windows-64\dataTrack1\IMG\right_2024_11_20_20_13_27_506.jpg, 0, 0.2556906, 0, 26.21293
C:\Users\Owner\Downloads\simulator-windows-64\dataTrack1\IMG\center_2024_11_20_20_13_27_610.jpg, C:\Users\Owner\Downloads\simulator-windows-64\dataTrack1\IMG\left_2024_11_20_20_13_27_610.jpg, C:\Users\Owner\Downloads\simulator-windows-64\dataTrack1\IMG\right_2024_11_20_20_13_27_610.jpg, 0, 0, 0, 26.00074
C:\Users\Owner\Downloads\simulator-windows-64\dataTrack1\IMG\center_2024_11_20_20_13_27_714.jpg, C:\Users\Owner\Downloads\simulator-windows-64\dataTrack1\IMG\left_2024_11_20_20_13_27_714.jpg, C:\Users\Owner\Downloads\simulator-windows-64\dataTrack1\IMG\right_2024_11_20_20_13_27_714.jpg, 0, 0.31059, 0, 25.93684
C:\Users\Owner\Downloads\simulator-windows-64\dataTrack1\IMG\center_2024_11_20_20_13_27_817.jpg, C:\Users\Owner\Downloads\simulator-windows-64\dataTrack1\IMG\left_2024_11_20_20_13_27_817.jpg, C:\Users\Owner\Downloads\simulator-windows-64\dataTrack1\IMG\right_2024_11_20_20_13_27_817.jpg, 0, 0.001493677, 0, 25.87613
C:\Users\Owner\Downloads\simulator-windows-64\dataTrack1\IMG\center_2024_11_20_20_13_27_919.jpg, C:\Users\Owner\Downloads\simulator-windows-64\dataTrack1\IMG\left_2024_11_20_20_13_27_919.jpg, C:\Users\Owner\Downloads\simulator-windows-64\dataTrack1\IMG\right_2024_11_20_20_13_27_919.jpg, 0, 0, 0, 25.61055
C:\Users\Owner\Downloads\simulator-windows-64\dataTrack1\IMG\center_2024_11_20_20_13_28_024.jpg, C:\Users\Owner\Downloads\simulator-windows-64\dataTrack1\IMG\left_2024_11_20_20_13_28_024.jpg, C:\Users\Owner\Downloads\simulator-windows-64\dataTrack1\IMG\right_2024_11_20_20_13_28_024.jpg, 0.181329, 0, 0, 25.34064
C:\Users\Owner\Downloads\simulator-windows-64\dataTrack1\IMG\center_2024_11_20_20_13_28_127.jpg, C:\Users\Owner\Downloads\simulator-windows-64\dataTrack1\IMG\left_2024_11_20_20_13_28_127.jpg, C:\Users\Owner\Downloads\simulator-windows-64\dataTrack1\IMG\right_2024_11_20_20_13_28_127.jpg, 0.3325596, 0, 0, 24.89371
C:\Users\Owner\Downloads\simulator-windows-64\dataTrack1\IMG\center_2024_11_20_20_13_28_231.jpg, C:\Users\Owner\Downloads\simulator-windows-64\dataTrack1\IMG\left_2024_11_20_20_13_28_231.jpg, C:\Users\Owner\Downloads\simulator-windows-64\dataTrack1\IMG\right_2024_11_20_20_13_28_231.jpg, 0.02453756, 0, 0, 24.64321
C:\Users\Owner\Downloads\simulator-windows-64\dataTrack1\IMG\center_2024_11_20_20_13_28_334.jpg, C:\Users\Owner\Downloads\simulator-windows-64\dataTrack1\IMG\left_2024_11_20_20_13_28_334.jpg, C:\Users\Owner\Downloads\simulator-windows-64\dataTrack1\IMG\right_2024_11_20_20_13_28_334.jpg, 0, 0.1531953, 0, 24.43505
C:\Users\Owner\Downloads\simulator-windows-64\dataTrack1\IMG\center_2024_11_20_20_13_28_436.jpg, C:\Users\Owner\Downloads\simulator-windows-64\dataTrack1\IMG\left_2024_11_20_20_13_28_436.jpg, C:\Users\Owner\Downloads\simulator-windows-64\dataTrack1\IMG\right_2024_11_20_20_13_28_436.jpg, 0, 0.355413, 0, 24.55702
C:\Users\Owner\Downloads\simulator-windows-64\dataTrack1\IMG\center_2024_11_20_20_13_28_540.jpg, C:\Users\Owner\Downloads\simulator-windows-64\dataTrack1\IMG\left_2024_11_20_20_13_28_540.jpg, C:\Users\Owner\Downloads\simulator-windows-64\dataTrack1\IMG\right_2024_11_20_20_13_28_540.jpg, -0.2063301, 0.04581391, 0, 24.54209
C:\Users\Owner\Downloads\simulator-windows-64\dataTrack1\IMG\center_2024_11_20_20_13_28_643.jpg, C:\Users\Owner\Downloads\simulator-windows-64\dataTrack1\IMG\left_2024_11_20_20_13_28_643.jpg, C:\Users\Owner\Downloads\simulator-windows-64\dataTrack1\IMG\right_2024_11_20_20_13_28_643.jpg, 0, 0.1544325, 0, 24.34156
C:\Users\Owner\Downloads\simulator-windows-64\dataTrack1\IMG\center_2024_11_20_20_13_28_748.jpg, C:\Users\Owner\Downloads\simulator-windows-64\dataTrack1\IMG\left_2024_11_20_20_13_28_748.jpg, C:\Users\Owner\Downloads\simulator-windows-64\dataTrack1\IMG\right_2024_11_20_20_13_28_748.jpg, 0, 0.2056695, 0, 24.46636
C:\Users\Owner\Downloads\simulator-windows-64\dataTrack1\IMG\center_2024_11_20_20_13_28_852.jpg, C:\Users\Owner\Downloads\simulator-windows-64\dataTrack1\IMG\left_2024_11_20_20_13_28_852.jpg, C:\Users\Owner\Downloads\simulator-windows-64\dataTrack1\IMG\right_2024_11_20_20_13_28_852.jpg, 0, 0.2049483, 0, 24.35945
C:\Users\Owner\Downloads\simulator-windows-64\dataTrack1\IMG\center_2024_11_20_20_13_28_953.jpg, C:\Users\Owner\Downloads\simulator-windows-64\dataTrack1\IMG\left_2024_11_20_20_13_28_953.jpg, C:\Users\Owner\Downloads\simulator-windows-64\dataTrack1\IMG\right_2024_11_20_20_13_28_953.jpg, 0, 0.3039421, 0, 24.52225
C:\Users\Owner\Downloads\simulator-windows-64\dataTrack1\IMG\center_2024_11_20_20_13_29_059.jpg, C:\Users\Owner\Downloads\simulator-windows-64\dataTrack1\IMG\left_2024_11_20_20_13_29_059.jpg, C:\Users\Owner\Downloads\simulator-windows-64\dataTrack1\IMG\right_2024_11_20_20_13_29_059.jpg, 0, 0.08947565, 0, 24.45445
C:\Users\Owner\Downloads\simulator-windows-64\dataTrack1\IMG\center_2024_11_20_20_13_29_162.jpg, C:\Users\Owner\Downloads\simulator-windows-64\dataTrack1\IMG\left_2024_11_20_20_13_29_162.jpg, C:\Users\Owner\Downloads\simulator-windows-64\dataTrack1\IMG\right_2024_11_20_20_13_29_162.jpg, 0, 0.1947463, 0, 24.47123
C:\Users\Owner\Downloads\simulator-windows-64\dataTrack1\IMG\center_2024_11_20_20_13_29_265.jpg, C:\Users\Owner\Downloads\simulator-windows-64\dataTrack1\IMG\left_2024_11_20_20_13_29_265.jpg, C:\Users\Owner\Downloads\simulator-windows-64\dataTrack1\IMG\right_2024_11_20_20_13_29_265.jpg, 0, 0, 0, 24.30786
C:\Users\Owner\Downloads\simulator-windows-64\dataTrack1\IMG\center_2024_11_20_20_13_29_368.jpg, C:\Users\Owner\Downloads\simulator-windows-64\dataTrack1\IMG\left_2024_11_20_20_13_29_368.jpg, C:\Users\Owner\Downloads\simulator-windows-64\dataTrack1\IMG\right_2024_11_20_20_13_29_368.jpg, 0, 0.2277987, 0, 24.12609
C:\Users\Owner\Downloads\simulator-windows-64\dataTrack1\IMG\center_2024_11_20_20_13_29_470.jpg, C:\Users\Owner\Downloads\simulator-windows-64\dataTrack1\IMG\left_2024_11_20_20_13_29_470.jpg, C:\Users\Owner\Downloads\simulator-windows-64\dataTrack1\IMG\right_2024_11_20_20_13_29_470.jpg, 0, 0, 0, 23.97872
C:\Users\Owner\Downloads\simulator-windows-64\dataTrack1\IMG\center_2024_11_20_20_13_29_576.jpg, C:\Users\Owner\Downloads\simulator-windows-64\dataTrack1\IMG\left_2024_11_20_20_13_29_576.jpg, C:\Users\Owner\Downloads\simulator-windows-64\dataTrack1\IMG\right_2024_11_20_20_13_29_576.jpg, 0, 0.0511233, 0, 23.73717
C:\Users\Owner\Downloads\simulator-windows-64\dataTrack1\IMG\center_2024_11_20_20_13_29_679.jpg, C:\Users\Owner\Downloads\simulator-windows-64\dataTrack1\IMG\left_2024_11_20_20_13_29_679.jpg, C:\Users\Owner\Downloads\simulator-windows-64\dataTrack1\IMG\right_2024_11_20_20_13_29_679.jpg, 0, 0.3625755, 0, 23.74831
C:\Users\Owner\Downloads\simulator-windows-64\dataTrack1\IMG\center_2024_11_20_20_13_29_782.jpg, C:\Users\Owner\Downloads\simulator-windows-64\dataTrack1\IMG\left_2024_11_20_20_13_29_782.jpg, C:\Users\Owner\Downloads\simulator-windows-64\dataTrack1\IMG\right_2024_11_20_20_13_29_782.jpg, 0, 0.6729717, 0, 24.10756
C:\Users\Owner\Downloads\simulator-windows-64\dataTrack1\IMG\center_2024_11_20_20_13_29_886.jpg, C:\Users\Owner\Downloads\simulator-windows-64\dataTrack1\IMG\left_2024_11_20_20_13_29_886.jpg, C:\Users\Owner\Downloads\simulator-windows-64\dataTrack1\IMG\right_2024_11_20_20_13_29_886.jpg, 0, 0.9335782, 0, 24.84057
C:\Users\Owner\Downloads\simulator-windows-64\dataTrack1\IMG\center_2024_11_20_20_13_29_993.jpg, C:\Users\Owner\Downloads\simulator-windows-64\dataTrack1\IMG\left_2024_11_20_20_13_29_993.jpg, C:\Users\Owner\Downloads\simulator-windows-64\dataTrack1\IMG\right_2024_11_20_20_13_29_993.jpg, 0, 1, 0, 25.98375
C:\Users\Owner\Downloads\simulator-windows-64\dataTrack1\IMG\center_2024_11_20_20_13_30_096.jpg, C:\Users\Owner\Downloads\simulator-windows-64\dataTrack1\IMG\left_2024_11_20_20_13_30_096.jpg, C:\Users\Owner\Downloads\simulator-windows-64\dataTrack1\IMG\right_2024_11_20_20_13_30_096.jpg, 0, 0.9488485, 0, 26.93051
C:\Users\Owner\Downloads\simulator-windows-64\dataTrack1\IMG\center_2024_11_20_20_13_30_199.jpg, C:\Users\Owner\Downloads\simulator-windows-64\dataTrack1\IMG\left_2024_11_20_20_13_30_199.jpg, C:\Users\Owner\Downloads\simulator-windows-64\dataTrack1\IMG\right_2024_11_20_20_13_30_199.jpg, -0.3118209, 0.6370276, 0, 27.58484
C:\Users\Owner\Downloads\simulator-windows-64\dataTrack1\IMG\center_2024_11_20_20_13_30_302.jpg, C:\Users\Owner\Downloads\simulator-windows-64\dataTrack1\IMG\left_2024_11_20_20_13_30_302.jpg, C:\Users\Owner\Downloads\simulator-windows-64\dataTrack1\IMG\right_2024_11_20_20_13_30_302.jpg, -0.00357753, 0.3287841, 0, 27.91326
C:\Users\Owner\Downloads\simulator-windows-64\dataTrack1\IMG\center_2024_11_20_20_13_30_407.jpg, C:\Users\Owner\Downloads\simulator-windows-64\dataTrack1\IMG\left_2024_11_20_20_13_30_407.jpg, C:\Users\Owner\Downloads\simulator-windows-64\dataTrack1\IMG\right_2024_11_20_20_13_30_407.jpg, 0, 0.01486623, 0, 27.8254
C:\Users\Owner\Downloads\simulator-windows-64\dataTrack1\IMG\center_2024_11_20_20_13_30_512.jpg, C:\Users\Owner\Downloads\simulator-windows-64\dataTrack1\IMG\left_2024_11_20_20_13_30_512.jpg, C:\Users\Owner\Downloads\simulator-windows-64\dataTrack1\IMG\right_2024_11_20_20_13_30_512.jpg, 0, 0.3298188, 0, 27.75757
C:\Users\Owner\Downloads\simulator-windows-64\dataTrack1\IMG\center_2024_11_20_20_13_30_615.jpg, C:\Users\Owner\Downloads\simulator-windows-64\dataTrack1\IMG\left_2024_11_20_20_13_30_615.jpg, C:\Users\Owner\Downloads\simulator-windows-64\dataTrack1\IMG\right_2024_11_20_20_13_30_615.jpg, 0, 0.4316352, 0, 28.03362
C:\Users\Owner\Downloads\simulator-windows-64\dataTrack1\IMG\center_2024_11_20_20_13_30_718.jpg, C:\Users\Owner\Downloads\simulator-windows-64\dataTrack1\IMG\left_2024_11_20_20_13_30_718.jpg, C:\Users\Owner\Downloads\simulator-windows-64\dataTrack1\IMG\right_2024_11_20_20_13_30_718.jpg, 0, 0.2218905, 0, 28.09713
C:\Users\Owner\Downloads\simulator-windows-64\dataTrack1\IMG\center_2024_11_20_20_13_30_820.jpg, C:\Users\Owner\Downloads\simulator-windows-64\dataTrack1\IMG\left_2024_11_20_20_13_30_820.jpg, C:\Users\Owner\Downloads\simulator-windows-64\dataTrack1\IMG\right_2024_11_20_20_13_30_820.jpg, 0, 0.3295494, 0, 28.21875
C:\Users\Owner\Downloads\simulator-windows-64\dataTrack1\IMG\center_2024_11_20_20_13_30_925.jpg, C:\Users\Owner\Downloads\simulator-windows-64\dataTrack1\IMG\left_2024_11_20_20_13_30_925.jpg, C:\Users\Owner\Downloads\simulator-windows-64\dataTrack1\IMG\right_2024_11_20_20_13_30_925.jpg, 0, 0.176481, 0, 28.18716
C:\Users\Owner\Downloads\simulator-windows-64\dataTrack1\IMG\center_2024_11_20_20_13_31_028.jpg, C:\Users\Owner\Downloads\simulator-windows-64\dataTrack1\IMG\left_2024_11_20_20_13_31_028.jpg, C:\Users\Owner\Downloads\simulator-windows-64\dataTrack1\IMG\right_2024_11_20_20_13_31_028.jpg, -0.3581898, 0.3328812, 0, 28.2641
C:\Users\Owner\Downloads\simulator-windows-64\dataTrack1\IMG\center_2024_11_20_20_13_31_131.jpg, C:\Users\Owner\Downloads\simulator-windows-64\dataTrack1\IMG\left_2024_11_20_20_13_31_131.jpg, C:\Users\Owner\Downloads\simulator-windows-64\dataTrack1\IMG\right_2024_11_20_20_13_31_131.jpg, -0.04949432, 0.1262493, 0, 28.17745
C:\Users\Owner\Downloads\simulator-windows-64\dataTrack1\IMG\center_2024_11_20_20_13_31_234.jpg, C:\Users\Owner\Downloads\simulator-windows-64\dataTrack1\IMG\left_2024_11_20_20_13_31_234.jpg, C:\Users\Owner\Downloads\simulator-windows-64\dataTrack1\IMG\right_2024_11_20_20_13_31_234.jpg, 0, 0.43671, 0, 28.24053
C:\Users\Owner\Downloads\simulator-windows-64\dataTrack1\IMG\center_2024_11_20_20_13_31_337.jpg, C:\Users\Owner\Downloads\simulator-windows-64\dataTrack1\IMG\left_2024_11_20_20_13_31_337.jpg, C:\Users\Owner\Downloads\simulator-windows-64\dataTrack1\IMG\right_2024_11_20_20_13_31_337.jpg, 0, 0.1275945, 0, 28.30748
C:\Users\Owner\Downloads\simulator-windows-64\dataTrack1\IMG\center_2024_11_20_20_13_31_442.jpg, C:\Users\Owner\Downloads\simulator-windows-64\dataTrack1\IMG\left_2024_11_20_20_13_31_442.jpg, C:\Users\Owner\Downloads\simulator-windows-64\dataTrack1\IMG\right_2024_11_20_20_13_31_442.jpg, 0, 0, 0, 28.05917
C:\Users\Owner\Downloads\simulator-windows-64\dataTrack1\IMG\center_2024_11_20_20_13_31_545.jpg, C:\Users\Owner\Downloads\simulator-windows-64\dataTrack1\IMG\left_2024_11_20_20_13_31_545.jpg, C:\Users\Owner\Downloads\simulator-windows-64\dataTrack1\IMG\right_2024_11_20_20_13_31_545.jpg, 0, 0.2574684, 0, 27.91768
C:\Users\Owner\Downloads\simulator-windows-64\dataTrack1\IMG\center_2024_11_20_20_13_31_649.jpg, C:\Users\Owner\Downloads\simulator-windows-64\dataTrack1\IMG\left_2024_11_20_20_13_31_649.jpg, C:\Users\Owner\Downloads\simulator-windows-64\dataTrack1\IMG\right_2024_11_20_20_13_31_649.jpg, 0, 0, 0, 27.70227
C:\Users\Owner\Downloads\simulator-windows-64\dataTrack1\IMG\center_2024_11_20_20_13_31_753.jpg, C:\Users\Owner\Downloads\simulator-windows-64\dataTrack1\IMG\left_2024_11_20_20_13_31_753.jpg, C:\Users\Owner\Downloads\simulator-windows-64\dataTrack1\IMG\right_2024_11_20_20_13_31_753.jpg, 0, 0.3097614, 0, 27.61672
C:\Users\Owner\Downloads\simulator-windows-64\dataTrack1\IMG\center_2024_11_20_20_13_31_854.jpg, C:\Users\Owner\Downloads\simulator-windows-64\dataTrack1\IMG\left_2024_11_20_20_13_31_854.jpg, C:\Users\Owner\Downloads\simulator-windows-64\dataTrack1\IMG\right_2024_11_20_20_13_31_854.jpg, 0, 0.1670577, 0, 27.71114
C:\Users\Owner\Downloads\simulator-windows-64\dataTrack1\IMG\center_2024_11_20_20_13_31_959.jpg, C:\Users\Owner\Downloads\simulator-windows-64\dataTrack1\IMG\left_2024_11_20_20_13_31_959.jpg, C:\Users\Owner\Downloads\simulator-windows-64\dataTrack1\IMG\right_2024_11_20_20_13_31_959.jpg, 0, 0.4801575, 0, 27.80651
C:\Users\Owner\Downloads\simulator-windows-64\dataTrack1\IMG\center_2024_11_20_20_13_32_062.jpg, C:\Users\Owner\Downloads\simulator-windows-64\dataTrack1\IMG\left_2024_11_20_20_13_32_062.jpg, C:\Users\Owner\Downloads\simulator-windows-64\dataTrack1\IMG\right_2024_11_20_20_13_32_062.jpg, 0, 0.2675631, 0, 27.96342
C:\Users\Owner\Downloads\simulator-windows-64\dataTrack1\IMG\center_2024_11_20_20_13_32_164.jpg, C:\Users\Owner\Downloads\simulator-windows-64\dataTrack1\IMG\left_2024_11_20_20_13_32_164.jpg, C:\Users\Owner\Downloads\simulator-windows-64\dataTrack1\IMG\right_2024_11_20_20_13_32_164.jpg, 0, 0.5253947, 0, 28.15005
C:\Users\Owner\Downloads\simulator-windows-64\dataTrack1\IMG\center_2024_11_20_20_13_32_269.jpg, C:\Users\Owner\Downloads\simulator-windows-64\dataTrack1\IMG\left_2024_11_20_20_13_32_269.jpg, C:\Users\Owner\Downloads\simulator-windows-64\dataTrack1\IMG\right_2024_11_20_20_13_32_269.jpg, 0, 0.4781541, 0, 28.68386
C:\Users\Owner\Downloads\simulator-windows-64\dataTrack1\IMG\center_2024_11_20_20_13_32_372.jpg, C:\Users\Owner\Downloads\simulator-windows-64\dataTrack1\IMG\left_2024_11_20_20_13_32_372.jpg, C:\Users\Owner\Downloads\simulator-windows-64\dataTrack1\IMG\right_2024_11_20_20_13_32_372.jpg, 0, 0.2694189, 0, 28.7816
C:\Users\Owner\Downloads\simulator-windows-64\dataTrack1\IMG\center_2024_11_20_20_13_32_476.jpg, C:\Users\Owner\Downloads\simulator-windows-64\dataTrack1\IMG\left_2024_11_20_20_13_32_476.jpg, C:\Users\Owner\Downloads\simulator-windows-64\dataTrack1\IMG\right_2024_11_20_20_13_32_476.jpg, 0, 0.5837523, 0, 29.00608
C:\Users\Owner\Downloads\simulator-windows-64\dataTrack1\IMG\center_2024_11_20_20_13_32_579.jpg, C:\Users\Owner\Downloads\simulator-windows-64\dataTrack1\IMG\left_2024_11_20_20_13_32_579.jpg, C:\Users\Owner\Downloads\simulator-windows-64\dataTrack1\IMG\right_2024_11_20_20_13_32_579.jpg, 0, 0.2748834, 0, 29.25809
C:\Users\Owner\Downloads\simulator-windows-64\dataTrack1\IMG\center_2024_11_20_20_13_32_683.jpg, C:\Users\Owner\Downloads\simulator-windows-64\dataTrack1\IMG\left_2024_11_20_20_13_32_683.jpg, C:\Users\Owner\Downloads\simulator-windows-64\dataTrack1\IMG\right_2024_11_20_20_13_32_683.jpg, 0, 0.3699516, 0, 29.23738
C:\Users\Owner\Downloads\simulator-windows-64\dataTrack1\IMG\center_2024_11_20_20_13_32_787.jpg, C:\Users\Owner\Downloads\simulator-windows-64\dataTrack1\IMG\left_2024_11_20_20_13_32_787.jpg, C:\Users\Owner\Downloads\simulator-windows-64\dataTrack1\IMG\right_2024_11_20_20_13_32_787.jpg, 0, 0.4689196, 0, 29.60479
C:\Users\Owner\Downloads\simulator-windows-64\dataTrack1\IMG\center_2024_11_20_20_13_32_889.jpg, C:\Users\Owner\Downloads\simulator-windows-64\dataTrack1\IMG\left_2024_11_20_20_13_32_889.jpg, C:\Users\Owner\Downloads\simulator-windows-64\dataTrack1\IMG\right_2024_11_20_20_13_32_889.jpg, 0, 0.4706563, 0, 29.77918
C:\Users\Owner\Downloads\simulator-windows-64\dataTrack1\IMG\center_2024_11_20_20_13_32_994.jpg, C:\Users\Owner\Downloads\simulator-windows-64\dataTrack1\IMG\left_2024_11_20_20_13_32_994.jpg, C:\Users\Owner\Downloads\simulator-windows-64\dataTrack1\IMG\right_2024_11_20_20_13_32_994.jpg, 0, 0.6773758, 0, 30.12647
C:\Users\Owner\Downloads\simulator-windows-64\dataTrack1\IMG\center_2024_11_20_20_13_33_096.jpg, C:\Users\Owner\Downloads\simulator-windows-64\dataTrack1\IMG\left_2024_11_20_20_13_33_096.jpg, C:\Users\Owner\Downloads\simulator-windows-64\dataTrack1\IMG\right_2024_11_20_20_13_33_096.jpg, 0, 0.5712556, 0, 30.07751
C:\Users\Owner\Downloads\simulator-windows-64\dataTrack1\IMG\center_2024_11_20_20_13_33_199.jpg, C:\Users\Owner\Downloads\simulator-windows-64\dataTrack1\IMG\left_2024_11_20_20_13_33_199.jpg, C:\Users\Owner\Downloads\simulator-windows-64\dataTrack1\IMG\right_2024_11_20_20_13_33_199.jpg, 0, 0.8827152, 0, 30.15372
C:\Users\Owner\Downloads\simulator-windows-64\dataTrack1\IMG\center_2024_11_20_20_13_33_303.jpg, C:\Users\Owner\Downloads\simulator-windows-64\dataTrack1\IMG\left_2024_11_20_20_13_33_303.jpg, C:\Users\Owner\Downloads\simulator-windows-64\dataTrack1\IMG\right_2024_11_20_20_13_33_303.jpg, 0, 0.5729094, 0, 30.10644
C:\Users\Owner\Downloads\simulator-windows-64\dataTrack1\IMG\center_2024_11_20_20_13_33_406.jpg, C:\Users\Owner\Downloads\simulator-windows-64\dataTrack1\IMG\left_2024_11_20_20_13_33_406.jpg, C:\Users\Owner\Downloads\simulator-windows-64\dataTrack1\IMG\right_2024_11_20_20_13_33_406.jpg, 0, 0.8330163, 0, 30.13557
C:\Users\Owner\Downloads\simulator-windows-64\dataTrack1\IMG\center_2024_11_20_20_13_33_512.jpg, C:\Users\Owner\Downloads\simulator-windows-64\dataTrack1\IMG\left_2024_11_20_20_13_33_512.jpg, C:\Users\Owner\Downloads\simulator-windows-64\dataTrack1\IMG\right_2024_11_20_20_13_33_512.jpg, 0, 0.8441764, 0, 30.16184
C:\Users\Owner\Downloads\simulator-windows-64\dataTrack1\IMG\center_2024_11_20_20_13_33_614.jpg, C:\Users\Owner\Downloads\simulator-windows-64\dataTrack1\IMG\left_2024_11_20_20_13_33_614.jpg, C:\Users\Owner\Downloads\simulator-windows-64\dataTrack1\IMG\right_2024_11_20_20_13_33_614.jpg, 0, 0.9463714, 0, 30.16755
C:\Users\Owner\Downloads\simulator-windows-64\dataTrack1\IMG\center_2024_11_20_20_13_33_718.jpg, C:\Users\Owner\Downloads\simulator-windows-64\dataTrack1\IMG\left_2024_11_20_20_13_33_718.jpg, C:\Users\Owner\Downloads\simulator-windows-64\dataTrack1\IMG\right_2024_11_20_20_13_33_718.jpg, 0, 0.9482605, 0, 30.19017
C:\Users\Owner\Downloads\simulator-windows-64\dataTrack1\IMG\center_2024_11_20_20_13_33_820.jpg, C:\Users\Owner\Downloads\simulator-windows-64\dataTrack1\IMG\left_2024_11_20_20_13_33_820.jpg, C:\Users\Owner\Downloads\simulator-windows-64\dataTrack1\IMG\right_2024_11_20_20_13_33_820.jpg, 0, 0.7339063, 0, 30.12163
C:\Users\Owner\Downloads\simulator-windows-64\dataTrack1\IMG\center_2024_11_20_20_13_33_926.jpg, C:\Users\Owner\Downloads\simulator-windows-64\dataTrack1\IMG\left_2024_11_20_20_13_33_926.jpg, C:\Users\Owner\Downloads\simulator-windows-64\dataTrack1\IMG\right_2024_11_20_20_13_33_926.jpg, 0, 0.9988192, 0, 30.17696
C:\Users\Owner\Downloads\simulator-windows-64\dataTrack1\IMG\center_2024_11_20_20_13_34_033.jpg, C:\Users\Owner\Downloads\simulator-windows-64\dataTrack1\IMG\left_2024_11_20_20_13_34_033.jpg, C:\Users\Owner\Downloads\simulator-windows-64\dataTrack1\IMG\right_2024_11_20_20_13_34_033.jpg, 0, 0.7970415, 0, 30.1486
C:\Users\Owner\Downloads\simulator-windows-64\dataTrack1\IMG\center_2024_11_20_20_13_34_138.jpg, C:\Users\Owner\Downloads\simulator-windows-64\dataTrack1\IMG\left_2024_11_20_20_13_34_138.jpg, C:\Users\Owner\Downloads\simulator-windows-64\dataTrack1\IMG\right_2024_11_20_20_13_34_138.jpg, 0, 0.4849011, 0, 30.07275
C:\Users\Owner\Downloads\simulator-windows-64\dataTrack1\IMG\center_2024_11_20_20_13_34_241.jpg, C:\Users\Owner\Downloads\simulator-windows-64\dataTrack1\IMG\left_2024_11_20_20_13_34_241.jpg, C:\Users\Owner\Downloads\simulator-windows-64\dataTrack1\IMG\right_2024_11_20_20_13_34_241.jpg, 0, 0.1767165, 0, 29.9874
C:\Users\Owner\Downloads\simulator-windows-64\dataTrack1\IMG\center_2024_11_20_20_13_34_345.jpg, C:\Users\Owner\Downloads\simulator-windows-64\dataTrack1\IMG\left_2024_11_20_20_13_34_345.jpg, C:\Users\Owner\Downloads\simulator-windows-64\dataTrack1\IMG\right_2024_11_20_20_13_34_345.jpg, 0, 0.440745, 0, 30.03467
C:\Users\Owner\Downloads\simulator-windows-64\dataTrack1\IMG\center_2024_11_20_20_13_34_449.jpg, C:\Users\Owner\Downloads\simulator-windows-64\dataTrack1\IMG\left_2024_11_20_20_13_34_449.jpg, C:\Users\Owner\Downloads\simulator-windows-64\dataTrack1\IMG\right_2024_11_20_20_13_34_449.jpg, -0.2077146, 0.3883797, 0, 30.03418
C:\Users\Owner\Downloads\simulator-windows-64\dataTrack1\IMG\center_2024_11_20_20_13_34_553.jpg, C:\Users\Owner\Downloads\simulator-windows-64\dataTrack1\IMG\left_2024_11_20_20_13_34_553.jpg, C:\Users\Owner\Downloads\simulator-windows-64\dataTrack1\IMG\right_2024_11_20_20_13_34_553.jpg, -0.2092374, 0.07829008, 0, 29.88339
C:\Users\Owner\Downloads\simulator-windows-64\dataTrack1\IMG\center_2024_11_20_20_13_34_654.jpg, C:\Users\Owner\Downloads\simulator-windows-64\dataTrack1\IMG\left_2024_11_20_20_13_34_654.jpg, C:\Users\Owner\Downloads\simulator-windows-64\dataTrack1\IMG\right_2024_11_20_20_13_34_654.jpg, 0, 0.2015589, 0, 29.66551
C:\Users\Owner\Downloads\simulator-windows-64\dataTrack1\IMG\center_2024_11_20_20_13_34_759.jpg, C:\Users\Owner\Downloads\simulator-windows-64\dataTrack1\IMG\left_2024_11_20_20_13_34_759.jpg, C:\Users\Owner\Downloads\simulator-windows-64\dataTrack1\IMG\right_2024_11_20_20_13_34_759.jpg, 0, 0.09619052, 0, 29.6417
C:\Users\Owner\Downloads\simulator-windows-64\dataTrack1\IMG\center_2024_11_20_20_13_34_862.jpg, C:\Users\Owner\Downloads\simulator-windows-64\dataTrack1\IMG\left_2024_11_20_20_13_34_862.jpg, C:\Users\Owner\Downloads\simulator-windows-64\dataTrack1\IMG\right_2024_11_20_20_13_34_862.jpg, 0, 0.0518799, 0, 29.3613
C:\Users\Owner\Downloads\simulator-windows-64\dataTrack1\IMG\center_2024_11_20_20_13_34_965.jpg, C:\Users\Owner\Downloads\simulator-windows-64\dataTrack1\IMG\left_2024_11_20_20_13_34_965.jpg, C:\Users\Owner\Downloads\simulator-windows-64\dataTrack1\IMG\right_2024_11_20_20_13_34_965.jpg, 0, 0.3114417, 0, 29.27454
C:\Users\Owner\Downloads\simulator-windows-64\dataTrack1\IMG\center_2024_11_20_20_13_35_068.jpg, C:\Users\Owner\Downloads\simulator-windows-64\dataTrack1\IMG\left_2024_11_20_20_13_35_068.jpg, C:\Users\Owner\Downloads\simulator-windows-64\dataTrack1\IMG\right_2024_11_20_20_13_35_068.jpg, 0, 0.05321946, 0, 29.23294
C:\Users\Owner\Downloads\simulator-windows-64\dataTrack1\IMG\center_2024_11_20_20_13_35_172.jpg, C:\Users\Owner\Downloads\simulator-windows-64\dataTrack1\IMG\left_2024_11_20_20_13_35_172.jpg, C:\Users\Owner\Downloads\simulator-windows-64\dataTrack1\IMG\right_2024_11_20_20_13_35_172.jpg, 0, 0.36295, 0, 29.19383
C:\Users\Owner\Downloads\simulator-windows-64\dataTrack1\IMG\center_2024_11_20_20_13_35_277.jpg, C:\Users\Owner\Downloads\simulator-windows-64\dataTrack1\IMG\left_2024_11_20_20_13_35_277.jpg, C:\Users\Owner\Downloads\simulator-windows-64\dataTrack1\IMG\right_2024_11_20_20_13_35_277.jpg, 0, 0.2229562, 0, 29.34522
C:\Users\Owner\Downloads\simulator-windows-64\dataTrack1\IMG\center_2024_11_20_20_13_35_381.jpg, C:\Users\Owner\Downloads\simulator-windows-64\dataTrack1\IMG\left_2024_11_20_20_13_35_381.jpg, C:\Users\Owner\Downloads\simulator-windows-64\dataTrack1\IMG\right_2024_11_20_20_13_35_381.jpg, 0, 0.3164593, 0, 29.27192
C:\Users\Owner\Downloads\simulator-windows-64\dataTrack1\IMG\center_2024_11_20_20_13_35_483.jpg, C:\Users\Owner\Downloads\simulator-windows-64\dataTrack1\IMG\left_2024_11_20_20_13_35_483.jpg, C:\Users\Owner\Downloads\simulator-windows-64\dataTrack1\IMG\right_2024_11_20_20_13_35_483.jpg, 0, 0.3661798, 0, 29.46769
C:\Users\Owner\Downloads\simulator-windows-64\dataTrack1\IMG\center_2024_11_20_20_13_35_587.jpg, C:\Users\Owner\Downloads\simulator-windows-64\dataTrack1\IMG\left_2024_11_20_20_13_35_587.jpg, C:\Users\Owner\Downloads\simulator-windows-64\dataTrack1\IMG\right_2024_11_20_20_13_35_587.jpg, 0, 0.3118753, 0, 29.45987
C:\Users\Owner\Downloads\simulator-windows-64\dataTrack1\IMG\center_2024_11_20_20_13_35_689.jpg, C:\Users\Owner\Downloads\simulator-windows-64\dataTrack1\IMG\left_2024_11_20_20_13_35_689.jpg, C:\Users\Owner\Downloads\simulator-windows-64\dataTrack1\IMG\right_2024_11_20_20_13_35_689.jpg, 0, 0.321223, 0, 29.64684
C:\Users\Owner\Downloads\simulator-windows-64\dataTrack1\IMG\center_2024_11_20_20_13_35_794.jpg, C:\Users\Owner\Downloads\simulator-windows-64\dataTrack1\IMG\left_2024_11_20_20_13_35_794.jpg, C:\Users\Owner\Downloads\simulator-windows-64\dataTrack1\IMG\right_2024_11_20_20_13_35_794.jpg, 0, 0.2069014, 0, 29.57443
C:\Users\Owner\Downloads\simulator-windows-64\dataTrack1\IMG\center_2024_11_20_20_13_35_899.jpg, C:\Users\Owner\Downloads\simulator-windows-64\dataTrack1\IMG\left_2024_11_20_20_13_35_899.jpg, C:\Users\Owner\Downloads\simulator-windows-64\dataTrack1\IMG\right_2024_11_20_20_13_35_899.jpg, 0, 0.4173785, 0, 29.69846
C:\Users\Owner\Downloads\simulator-windows-64\dataTrack1\IMG\center_2024_11_20_20_13_36_000.jpg, C:\Users\Owner\Downloads\simulator-windows-64\dataTrack1\IMG\left_2024_11_20_20_13_36_000.jpg, C:\Users\Owner\Downloads\simulator-windows-64\dataTrack1\IMG\right_2024_11_20_20_13_36_000.jpg, 0, 0.1157645, 0, 29.75233
C:\Users\Owner\Downloads\simulator-windows-64\dataTrack1\IMG\center_2024_11_20_20_13_36_103.jpg, C:\Users\Owner\Downloads\simulator-windows-64\dataTrack1\IMG\left_2024_11_20_20_13_36_103.jpg, C:\Users\Owner\Downloads\simulator-windows-64\dataTrack1\IMG\right_2024_11_20_20_13_36_103.jpg, 0, 0.3808982, 0, 29.7388
C:\Users\Owner\Downloads\simulator-windows-64\dataTrack1\IMG\center_2024_11_20_20_13_36_207.jpg, C:\Users\Owner\Downloads\simulator-windows-64\dataTrack1\IMG\left_2024_11_20_20_13_36_207.jpg, C:\Users\Owner\Downloads\simulator-windows-64\dataTrack1\IMG\right_2024_11_20_20_13_36_207.jpg, 0, 0.3288053, 0, 30.02938
C:\Users\Owner\Downloads\simulator-windows-64\dataTrack1\IMG\center_2024_11_20_20_13_36_313.jpg, C:\Users\Owner\Downloads\simulator-windows-64\dataTrack1\IMG\left_2024_11_20_20_13_36_313.jpg, C:\Users\Owner\Downloads\simulator-windows-64\dataTrack1\IMG\right_2024_11_20_20_13_36_313.jpg, 0, 0.425825, 0, 30.0356
C:\Users\Owner\Downloads\simulator-windows-64\dataTrack1\IMG\center_2024_11_20_20_13_36_416.jpg, C:\Users\Owner\Downloads\simulator-windows-64\dataTrack1\IMG\left_2024_11_20_20_13_36_416.jpg, C:\Users\Owner\Downloads\simulator-windows-64\dataTrack1\IMG\right_2024_11_20_20_13_36_416.jpg, 0, 0.5273396, 0, 30.07751
C:\Users\Owner\Downloads\simulator-windows-64\dataTrack1\IMG\center_2024_11_20_20_13_36_519.jpg, C:\Users\Owner\Downloads\simulator-windows-64\dataTrack1\IMG\left_2024_11_20_20_13_36_519.jpg, C:\Users\Owner\Downloads\simulator-windows-64\dataTrack1\IMG\right_2024_11_20_20_13_36_519.jpg, 0, 0.2183015, 0, 29.99802
C:\Users\Owner\Downloads\simulator-windows-64\dataTrack1\IMG\center_2024_11_20_20_13_36_621.jpg, C:\Users\Owner\Downloads\simulator-windows-64\dataTrack1\IMG\left_2024_11_20_20_13_36_621.jpg, C:\Users\Owner\Downloads\simulator-windows-64\dataTrack1\IMG\right_2024_11_20_20_13_36_621.jpg, 0, 0.5241692, 0, 30.04764
C:\Users\Owner\Downloads\simulator-windows-64\dataTrack1\IMG\center_2024_11_20_20_13_36_724.jpg, C:\Users\Owner\Downloads\simulator-windows-64\dataTrack1\IMG\left_2024_11_20_20_13_36_724.jpg, C:\Users\Owner\Downloads\simulator-windows-64\dataTrack1\IMG\right_2024_11_20_20_13_36_724.jpg, 0, 0.4736932, 0, 30.06607
C:\Users\Owner\Downloads\simulator-windows-64\dataTrack1\IMG\center_2024_11_20_20_13_36_831.jpg, C:\Users\Owner\Downloads\simulator-windows-64\dataTrack1\IMG\left_2024_11_20_20_13_36_831.jpg, C:\Users\Owner\Downloads\simulator-windows-64\dataTrack1\IMG\right_2024_11_20_20_13_36_831.jpg, -0.318975, 0.1046959, 0, 29.90641
C:\Users\Owner\Downloads\simulator-windows-64\dataTrack1\IMG\center_2024_11_20_20_13_36_934.jpg, C:\Users\Owner\Downloads\simulator-windows-64\dataTrack1\IMG\left_2024_11_20_20_13_36_934.jpg, C:\Users\Owner\Downloads\simulator-windows-64\dataTrack1\IMG\right_2024_11_20_20_13_36_934.jpg, -0.01007516, 0, 0, 29.61677
C:\Users\Owner\Downloads\simulator-windows-64\dataTrack1\IMG\center_2024_11_20_20_13_37_036.jpg, C:\Users\Owner\Downloads\simulator-windows-64\dataTrack1\IMG\left_2024_11_20_20_13_37_036.jpg, C:\Users\Owner\Downloads\simulator-windows-64\dataTrack1\IMG\right_2024_11_20_20_13_37_036.jpg, 0, 0.2201472, 0, 29.39363
C:\Users\Owner\Downloads\simulator-windows-64\dataTrack1\IMG\center_2024_11_20_20_13_37_139.jpg, C:\Users\Owner\Downloads\simulator-windows-64\dataTrack1\IMG\left_2024_11_20_20_13_37_139.jpg, C:\Users\Owner\Downloads\simulator-windows-64\dataTrack1\IMG\right_2024_11_20_20_13_37_139.jpg, 0, 0, 0, 29.21184
C:\Users\Owner\Downloads\simulator-windows-64\dataTrack1\IMG\center_2024_11_20_20_13_37_244.jpg, C:\Users\Owner\Downloads\simulator-windows-64\dataTrack1\IMG\left_2024_11_20_20_13_37_244.jpg, C:\Users\Owner\Downloads\simulator-windows-64\dataTrack1\IMG\right_2024_11_20_20_13_37_244.jpg, 0, 0.1084824, 0, 28.93827
C:\Users\Owner\Downloads\simulator-windows-64\dataTrack1\IMG\center_2024_11_20_20_13_37_348.jpg, C:\Users\Owner\Downloads\simulator-windows-64\dataTrack1\IMG\left_2024_11_20_20_13_37_348.jpg, C:\Users\Owner\Downloads\simulator-windows-64\dataTrack1\IMG\right_2024_11_20_20_13_37_348.jpg, 0, 0.05834761, 0, 28.85009
C:\Users\Owner\Downloads\simulator-windows-64\dataTrack1\IMG\center_2024_11_20_20_13_37_452.jpg, C:\Users\Owner\Downloads\simulator-windows-64\dataTrack1\IMG\left_2024_11_20_20_13_37_452.jpg, C:\Users\Owner\Downloads\simulator-windows-64\dataTrack1\IMG\right_2024_11_20_20_13_37_452.jpg, 0, 0.1537971, 0, 28.61433
C:\Users\Owner\Downloads\simulator-windows-64\dataTrack1\IMG\center_2024_11_20_20_13_37_555.jpg, C:\Users\Owner\Downloads\simulator-windows-64\dataTrack1\IMG\left_2024_11_20_20_13_37_555.jpg, C:\Users\Owner\Downloads\simulator-windows-64\dataTrack1\IMG\right_2024_11_20_20_13_37_555.jpg, 0, 0.1581978, 0, 28.60357
C:\Users\Owner\Downloads\simulator-windows-64\dataTrack1\IMG\center_2024_11_20_20_13_37_657.jpg, C:\Users\Owner\Downloads\simulator-windows-64\dataTrack1\IMG\left_2024_11_20_20_13_37_657.jpg, C:\Users\Owner\Downloads\simulator-windows-64\dataTrack1\IMG\right_2024_11_20_20_13_37_657.jpg, 0, 0.1486761, 0, 28.40791
C:\Users\Owner\Downloads\simulator-windows-64\dataTrack1\IMG\center_2024_11_20_20_13_37_762.jpg, C:\Users\Owner\Downloads\simulator-windows-64\dataTrack1\IMG\left_2024_11_20_20_13_37_762.jpg, C:\Users\Owner\Downloads\simulator-windows-64\dataTrack1\IMG\right_2024_11_20_20_13_37_762.jpg, 0, 0.2593349, 0, 28.45732
C:\Users\Owner\Downloads\simulator-windows-64\dataTrack1\IMG\center_2024_11_20_20_13_37_865.jpg, C:\Users\Owner\Downloads\simulator-windows-64\dataTrack1\IMG\left_2024_11_20_20_13_37_865.jpg, C:\Users\Owner\Downloads\simulator-windows-64\dataTrack1\IMG\right_2024_11_20_20_13_37_865.jpg, 0, 0.1071065, 0, 28.33367
C:\Users\Owner\Downloads\simulator-windows-64\dataTrack1\IMG\center_2024_11_20_20_13_37_970.jpg, C:\Users\Owner\Downloads\simulator-windows-64\dataTrack1\IMG\left_2024_11_20_20_13_37_970.jpg, C:\Users\Owner\Downloads\simulator-windows-64\dataTrack1\IMG\right_2024_11_20_20_13_37_970.jpg, 0, 0.05406322, 0, 28.24932
C:\Users\Owner\Downloads\simulator-windows-64\dataTrack1\IMG\center_2024_11_20_20_13_38_073.jpg, C:\Users\Owner\Downloads\simulator-windows-64\dataTrack1\IMG\left_2024_11_20_20_13_38_073.jpg, C:\Users\Owner\Downloads\simulator-windows-64\dataTrack1\IMG\right_2024_11_20_20_13_38_073.jpg, 0, 0, 0, 27.97256
C:\Users\Owner\Downloads\simulator-windows-64\dataTrack1\IMG\center_2024_11_20_20_13_38_179.jpg, C:\Users\Owner\Downloads\simulator-windows-64\dataTrack1\IMG\left_2024_11_20_20_13_38_179.jpg, C:\Users\Owner\Downloads\simulator-windows-64\dataTrack1\IMG\right_2024_11_20_20_13_38_179.jpg, 0, 0.2252682, 0, 27.77355
C:\Users\Owner\Downloads\simulator-windows-64\dataTrack1\IMG\center_2024_11_20_20_13_38_281.jpg, C:\Users\Owner\Downloads\simulator-windows-64\dataTrack1\IMG\left_2024_11_20_20_13_38_281.jpg, C:\Users\Owner\Downloads\simulator-windows-64\dataTrack1\IMG\right_2024_11_20_20_13_38_281.jpg, 0, 0.1231962, 0, 27.81869
C:\Users\Owner\Downloads\simulator-windows-64\dataTrack1\IMG\center_2024_11_20_20_13_38_386.jpg, C:\Users\Owner\Downloads\simulator-windows-64\dataTrack1\IMG\left_2024_11_20_20_13_38_386.jpg, C:\Users\Owner\Downloads\simulator-windows-64\dataTrack1\IMG\right_2024_11_20_20_13_38_386.jpg, 0, 0.0540366, 0, 27.57536
C:\Users\Owner\Downloads\simulator-windows-64\dataTrack1\IMG\center_2024_11_20_20_13_38_489.jpg, C:\Users\Owner\Downloads\simulator-windows-64\dataTrack1\IMG\left_2024_11_20_20_13_38_489.jpg, C:\Users\Owner\Downloads\simulator-windows-64\dataTrack1\IMG\right_2024_11_20_20_13_38_489.jpg, 0, 0.20679, 0, 27.56176
C:\Users\Owner\Downloads\simulator-windows-64\dataTrack1\IMG\center_2024_11_20_20_13_38_591.jpg, C:\Users\Owner\Downloads\simulator-windows-64\dataTrack1\IMG\left_2024_11_20_20_13_38_591.jpg, C:\Users\Owner\Downloads\simulator-windows-64\dataTrack1\IMG\right_2024_11_20_20_13_38_591.jpg, 0, 0, 0, 27.36261
C:\Users\Owner\Downloads\simulator-windows-64\dataTrack1\IMG\center_2024_11_20_20_13_38_696.jpg, C:\Users\Owner\Downloads\simulator-windows-64\dataTrack1\IMG\left_2024_11_20_20_13_38_696.jpg, C:\Users\Owner\Downloads\simulator-windows-64\dataTrack1\IMG\right_2024_11_20_20_13_38_696.jpg, 0, 0, 0, 27.08745
C:\Users\Owner\Downloads\simulator-windows-64\dataTrack1\IMG\center_2024_11_20_20_13_38_800.jpg, C:\Users\Owner\Downloads\simulator-windows-64\dataTrack1\IMG\left_2024_11_20_20_13_38_800.jpg, C:\Users\Owner\Downloads\simulator-windows-64\dataTrack1\IMG\right_2024_11_20_20_13_38_800.jpg, 0, 0.2281695, 0, 26.90026
C:\Users\Owner\Downloads\simulator-windows-64\dataTrack1\IMG\center_2024_11_20_20_13_38_903.jpg, C:\Users\Owner\Downloads\simulator-windows-64\dataTrack1\IMG\left_2024_11_20_20_13_38_903.jpg, C:\Users\Owner\Downloads\simulator-windows-64\dataTrack1\IMG\right_2024_11_20_20_13_38_903.jpg, 0, 0.1288269, 0, 26.96014
C:\Users\Owner\Downloads\simulator-windows-64\dataTrack1\IMG\center_2024_11_20_20_13_39_005.jpg, C:\Users\Owner\Downloads\simulator-windows-64\dataTrack1\IMG\left_2024_11_20_20_13_39_005.jpg, C:\Users\Owner\Downloads\simulator-windows-64\dataTrack1\IMG\right_2024_11_20_20_13_39_005.jpg, 0, 0.0547092, 0, 26.72981
C:\Users\Owner\Downloads\simulator-windows-64\dataTrack1\IMG\center_2024_11_20_20_13_39_108.jpg, C:\Users\Owner\Downloads\simulator-windows-64\dataTrack1\IMG\left_2024_11_20_20_13_39_108.jpg, C:\Users\Owner\Downloads\simulator-windows-64\dataTrack1\IMG\right_2024_11_20_20_13_39_108.jpg, 0, 0.2015592, 0, 26.724
C:\Users\Owner\Downloads\simulator-windows-64\dataTrack1\IMG\center_2024_11_20_20_13_39_212.jpg, C:\Users\Owner\Downloads\simulator-windows-64\dataTrack1\IMG\left_2024_11_20_20_13_39_212.jpg, C:\Users\Owner\Downloads\simulator-windows-64\dataTrack1\IMG\right_2024_11_20_20_13_39_212.jpg, 0, 0, 0, 26.52525
C:\Users\Owner\Downloads\simulator-windows-64\dataTrack1\IMG\center_2024_11_20_20_13_39_317.jpg, C:\Users\Owner\Downloads\simulator-windows-64\dataTrack1\IMG\left_2024_11_20_20_13_39_317.jpg, C:\Users\Owner\Downloads\simulator-windows-64\dataTrack1\IMG\right_2024_11_20_20_13_39_317.jpg, 0, 0, 0, 26.25848
C:\Users\Owner\Downloads\simulator-windows-64\dataTrack1\IMG\center_2024_11_20_20_13_39_420.jpg, C:\Users\Owner\Downloads\simulator-windows-64\dataTrack1\IMG\left_2024_11_20_20_13_39_420.jpg, C:\Users\Owner\Downloads\simulator-windows-64\dataTrack1\IMG\right_2024_11_20_20_13_39_420.jpg, 0, 0.1027836, 0, 26.01465
C:\Users\Owner\Downloads\simulator-windows-64\dataTrack1\IMG\center_2024_11_20_20_13_39_524.jpg, C:\Users\Owner\Downloads\simulator-windows-64\dataTrack1\IMG\left_2024_11_20_20_13_39_524.jpg, C:\Users\Owner\Downloads\simulator-windows-64\dataTrack1\IMG\right_2024_11_20_20_13_39_524.jpg, 0, 0.1571403, 0, 25.98676
C:\Users\Owner\Downloads\simulator-windows-64\dataTrack1\IMG\center_2024_11_20_20_13_39_625.jpg, C:\Users\Owner\Downloads\simulator-windows-64\dataTrack1\IMG\left_2024_11_20_20_13_39_625.jpg, C:\Users\Owner\Downloads\simulator-windows-64\dataTrack1\IMG\right_2024_11_20_20_13_39_625.jpg, 0, 0, 0, 25.76825
C:\Users\Owner\Downloads\simulator-windows-64\dataTrack1\IMG\center_2024_11_20_20_13_39_730.jpg, C:\Users\Owner\Downloads\simulator-windows-64\dataTrack1\IMG\left_2024_11_20_20_13_39_730.jpg, C:\Users\Owner\Downloads\simulator-windows-64\dataTrack1\IMG\right_2024_11_20_20_13_39_730.jpg, 0, 0.2238894, 0, 25.56145
C:\Users\Owner\Downloads\simulator-windows-64\dataTrack1\IMG\center_2024_11_20_20_13_39_834.jpg, C:\Users\Owner\Downloads\simulator-windows-64\dataTrack1\IMG\left_2024_11_20_20_13_39_834.jpg, C:\Users\Owner\Downloads\simulator-windows-64\dataTrack1\IMG\right_2024_11_20_20_13_39_834.jpg, 0, 0.1216089, 0, 25.58941
C:\Users\Owner\Downloads\simulator-windows-64\dataTrack1\IMG\center_2024_11_20_20_13_39_939.jpg, C:\Users\Owner\Downloads\simulator-windows-64\dataTrack1\IMG\left_2024_11_20_20_13_39_939.jpg, C:\Users\Owner\Downloads\simulator-windows-64\dataTrack1\IMG\right_2024_11_20_20_13_39_939.jpg, -0.2307105, 0.0537219, 0, 25.33906
C:\Users\Owner\Downloads\simulator-windows-64\dataTrack1\IMG\center_2024_11_20_20_13_40_039.jpg, C:\Users\Owner\Downloads\simulator-windows-64\dataTrack1\IMG\left_2024_11_20_20_13_40_039.jpg, C:\Users\Owner\Downloads\simulator-windows-64\dataTrack1\IMG\right_2024_11_20_20_13_40_039.jpg, 0, 0, 0, 25.19891
C:\Users\Owner\Downloads\simulator-windows-64\dataTrack1\IMG\center_2024_11_20_20_13_40_144.jpg, C:\Users\Owner\Downloads\simulator-windows-64\dataTrack1\IMG\left_2024_11_20_20_13_40_144.jpg, C:\Users\Owner\Downloads\simulator-windows-64\dataTrack1\IMG\right_2024_11_20_20_13_40_144.jpg, 0, 0, 0, 24.94227
C:\Users\Owner\Downloads\simulator-windows-64\dataTrack1\IMG\center_2024_11_20_20_13_40_249.jpg, C:\Users\Owner\Downloads\simulator-windows-64\dataTrack1\IMG\left_2024_11_20_20_13_40_249.jpg, C:\Users\Owner\Downloads\simulator-windows-64\dataTrack1\IMG\right_2024_11_20_20_13_40_249.jpg, 0, 0.3118992, 0, 24.86266
C:\Users\Owner\Downloads\simulator-windows-64\dataTrack1\IMG\center_2024_11_20_20_13_40_352.jpg, C:\Users\Owner\Downloads\simulator-windows-64\dataTrack1\IMG\left_2024_11_20_20_13_40_352.jpg, C:\Users\Owner\Downloads\simulator-windows-64\dataTrack1\IMG\right_2024_11_20_20_13_40_352.jpg, 0, 0.001797594, 0, 24.79379
C:\Users\Owner\Downloads\simulator-windows-64\dataTrack1\IMG\center_2024_11_20_20_13_40_455.jpg, C:\Users\Owner\Downloads\simulator-windows-64\dataTrack1\IMG\left_2024_11_20_20_13_40_455.jpg, C:\Users\Owner\Downloads\simulator-windows-64\dataTrack1\IMG\right_2024_11_20_20_13_40_455.jpg, 0, 0.3121773, 0, 24.74157
C:\Users\Owner\Downloads\simulator-windows-64\dataTrack1\IMG\center_2024_11_20_20_13_40_557.jpg, C:\Users\Owner\Downloads\simulator-windows-64\dataTrack1\IMG\left_2024_11_20_20_13_40_557.jpg, C:\Users\Owner\Downloads\simulator-windows-64\dataTrack1\IMG\right_2024_11_20_20_13_40_557.jpg, 0, 0.2174076, 0, 24.91479
C:\Users\Owner\Downloads\simulator-windows-64\dataTrack1\IMG\center_2024_11_20_20_13_40_662.jpg, C:\Users\Owner\Downloads\simulator-windows-64\dataTrack1\IMG\left_2024_11_20_20_13_40_662.jpg, C:\Users\Owner\Downloads\simulator-windows-64\dataTrack1\IMG\right_2024_11_20_20_13_40_662.jpg, 0, 0.0527289, 0, 24.77202
C:\Users\Owner\Downloads\simulator-windows-64\dataTrack1\IMG\center_2024_11_20_20_13_40_766.jpg, C:\Users\Owner\Downloads\simulator-windows-64\dataTrack1\IMG\left_2024_11_20_20_13_40_766.jpg, C:\Users\Owner\Downloads\simulator-windows-64\dataTrack1\IMG\right_2024_11_20_20_13_40_766.jpg, 0, 0.3127335, 0, 24.7381
C:\Users\Owner\Downloads\simulator-windows-64\dataTrack1\IMG\center_2024_11_20_20_13_40_870.jpg, C:\Users\Owner\Downloads\simulator-windows-64\dataTrack1\IMG\left_2024_11_20_20_13_40_870.jpg, C:\Users\Owner\Downloads\simulator-windows-64\dataTrack1\IMG\right_2024_11_20_20_13_40_870.jpg, -0.2025807, 0.05532812, 0, 24.72989
C:\Users\Owner\Downloads\simulator-windows-64\dataTrack1\IMG\center_2024_11_20_20_13_40_973.jpg, C:\Users\Owner\Downloads\simulator-windows-64\dataTrack1\IMG\left_2024_11_20_20_13_40_973.jpg, C:\Users\Owner\Downloads\simulator-windows-64\dataTrack1\IMG\right_2024_11_20_20_13_40_973.jpg, -0.3074502, 0, 0, 24.3845
C:\Users\Owner\Downloads\simulator-windows-64\dataTrack1\IMG\center_2024_11_20_20_13_41_074.jpg, C:\Users\Owner\Downloads\simulator-windows-64\dataTrack1\IMG\left_2024_11_20_20_13_41_074.jpg, C:\Users\Owner\Downloads\simulator-windows-64\dataTrack1\IMG\right_2024_11_20_20_13_41_074.jpg, -0.004088674, 0.3033615, 0, 24.31086
C:\Users\Owner\Downloads\simulator-windows-64\dataTrack1\IMG\center_2024_11_20_20_13_41_180.jpg, C:\Users\Owner\Downloads\simulator-windows-64\dataTrack1\IMG\left_2024_11_20_20_13_41_180.jpg, C:\Users\Owner\Downloads\simulator-windows-64\dataTrack1\IMG\right_2024_11_20_20_13_41_180.jpg, 0, 0, 0, 24.26099
C:\Users\Owner\Downloads\simulator-windows-64\dataTrack1\IMG\center_2024_11_20_20_13_41_282.jpg, C:\Users\Owner\Downloads\simulator-windows-64\dataTrack1\IMG\left_2024_11_20_20_13_41_282.jpg, C:\Users\Owner\Downloads\simulator-windows-64\dataTrack1\IMG\right_2024_11_20_20_13_41_282.jpg, 0, 0, 0, 24.01152
C:\Users\Owner\Downloads\simulator-windows-64\dataTrack1\IMG\center_2024_11_20_20_13_41_387.jpg, C:\Users\Owner\Downloads\simulator-windows-64\dataTrack1\IMG\left_2024_11_20_20_13_41_387.jpg, C:\Users\Owner\Downloads\simulator-windows-64\dataTrack1\IMG\right_2024_11_20_20_13_41_387.jpg, 0, 0, 0, 23.72314
C:\Users\Owner\Downloads\simulator-windows-64\dataTrack1\IMG\center_2024_11_20_20_13_41_490.jpg, C:\Users\Owner\Downloads\simulator-windows-64\dataTrack1\IMG\left_2024_11_20_20_13_41_490.jpg, C:\Users\Owner\Downloads\simulator-windows-64\dataTrack1\IMG\right_2024_11_20_20_13_41_490.jpg, 0, 0.2060109, 0, 23.57905
C:\Users\Owner\Downloads\simulator-windows-64\dataTrack1\IMG\center_2024_11_20_20_13_41_592.jpg, C:\Users\Owner\Downloads\simulator-windows-64\dataTrack1\IMG\left_2024_11_20_20_13_41_592.jpg, C:\Users\Owner\Downloads\simulator-windows-64\dataTrack1\IMG\right_2024_11_20_20_13_41_592.jpg, 0, 0, 0, 23.41979
C:\Users\Owner\Downloads\simulator-windows-64\dataTrack1\IMG\center_2024_11_20_20_13_41_696.jpg, C:\Users\Owner\Downloads\simulator-windows-64\dataTrack1\IMG\left_2024_11_20_20_13_41_696.jpg, C:\Users\Owner\Downloads\simulator-windows-64\dataTrack1\IMG\right_2024_11_20_20_13_41_696.jpg, 0, 0.1542552, 0, 23.23046
C:\Users\Owner\Downloads\simulator-windows-64\dataTrack1\IMG\center_2024_11_20_20_13_41_800.jpg, C:\Users\Owner\Downloads\simulator-windows-64\dataTrack1\IMG\left_2024_11_20_20_13_41_800.jpg, C:\Users\Owner\Downloads\simulator-windows-64\dataTrack1\IMG\right_2024_11_20_20_13_41_800.jpg, 0, 0.0470883, 0, 23.22094
C:\Users\Owner\Downloads\simulator-windows-64\dataTrack1\IMG\center_2024_11_20_20_13_41_904.jpg, C:\Users\Owner\Downloads\simulator-windows-64\dataTrack1\IMG\left_2024_11_20_20_13_41_904.jpg, C:\Users\Owner\Downloads\simulator-windows-64\dataTrack1\IMG\right_2024_11_20_20_13_41_904.jpg, 0, 0.051132, 0, 22.9964
C:\Users\Owner\Downloads\simulator-windows-64\dataTrack1\IMG\center_2024_11_20_20_13_42_008.jpg, C:\Users\Owner\Downloads\simulator-windows-64\dataTrack1\IMG\left_2024_11_20_20_13_42_008.jpg, C:\Users\Owner\Downloads\simulator-windows-64\dataTrack1\IMG\right_2024_11_20_20_13_42_008.jpg, 0, 0, 0, 22.9007
C:\Users\Owner\Downloads\simulator-windows-64\dataTrack1\IMG\center_2024_11_20_20_13_42_109.jpg, C:\Users\Owner\Downloads\simulator-windows-64\dataTrack1\IMG\left_2024_11_20_20_13_42_109.jpg, C:\Users\Owner\Downloads\simulator-windows-64\dataTrack1\IMG\right_2024_11_20_20_13_42_109.jpg, 0, 0.1018773, 0, 22.6831
C:\Users\Owner\Downloads\simulator-windows-64\dataTrack1\IMG\center_2024_11_20_20_13_42_215.jpg, C:\Users\Owner\Downloads\simulator-windows-64\dataTrack1\IMG\left_2024_11_20_20_13_42_215.jpg, C:\Users\Owner\Downloads\simulator-windows-64\dataTrack1\IMG\right_2024_11_20_20_13_42_215.jpg, -0.2062524, 0.2121516, 0, 22.72492
C:\Users\Owner\Downloads\simulator-windows-64\dataTrack1\IMG\center_2024_11_20_20_13_42_317.jpg, C:\Users\Owner\Downloads\simulator-windows-64\dataTrack1\IMG\left_2024_11_20_20_13_42_317.jpg, C:\Users\Owner\Downloads\simulator-windows-64\dataTrack1\IMG\right_2024_11_20_20_13_42_317.jpg, 0, 0, 0, 22.59308
C:\Users\Owner\Downloads\simulator-windows-64\dataTrack1\IMG\center_2024_11_20_20_13_42_422.jpg, C:\Users\Owner\Downloads\simulator-windows-64\dataTrack1\IMG\left_2024_11_20_20_13_42_422.jpg, C:\Users\Owner\Downloads\simulator-windows-64\dataTrack1\IMG\right_2024_11_20_20_13_42_422.jpg, 0, 0.0533949, 0, 22.34983
C:\Users\Owner\Downloads\simulator-windows-64\dataTrack1\IMG\center_2024_11_20_20_13_42_524.jpg, C:\Users\Owner\Downloads\simulator-windows-64\dataTrack1\IMG\left_2024_11_20_20_13_42_524.jpg, C:\Users\Owner\Downloads\simulator-windows-64\dataTrack1\IMG\right_2024_11_20_20_13_42_524.jpg, 0, 0.3104583, 0, 22.34859
C:\Users\Owner\Downloads\simulator-windows-64\dataTrack1\IMG\center_2024_11_20_20_13_42_626.jpg, C:\Users\Owner\Downloads\simulator-windows-64\dataTrack1\IMG\left_2024_11_20_20_13_42_626.jpg, C:\Users\Owner\Downloads\simulator-windows-64\dataTrack1\IMG\right_2024_11_20_20_13_42_626.jpg, 0, 0.1033932, 0, 22.41415
C:\Users\Owner\Downloads\simulator-windows-64\dataTrack1\IMG\center_2024_11_20_20_13_42_732.jpg, C:\Users\Owner\Downloads\simulator-windows-64\dataTrack1\IMG\left_2024_11_20_20_13_42_732.jpg, C:\Users\Owner\Downloads\simulator-windows-64\dataTrack1\IMG\right_2024_11_20_20_13_42_732.jpg, -0.1062798, 0.123672, 0, 22.2615
C:\Users\Owner\Downloads\simulator-windows-64\dataTrack1\IMG\center_2024_11_20_20_13_42_835.jpg, C:\Users\Owner\Downloads\simulator-windows-64\dataTrack1\IMG\left_2024_11_20_20_13_42_835.jpg, C:\Users\Owner\Downloads\simulator-windows-64\dataTrack1\IMG\right_2024_11_20_20_13_42_835.jpg, -0.1073349, 0, 0, 22.01493
C:\Users\Owner\Downloads\simulator-windows-64\dataTrack1\IMG\center_2024_11_20_20_13_42_939.jpg, C:\Users\Owner\Downloads\simulator-windows-64\dataTrack1\IMG\left_2024_11_20_20_13_42_939.jpg, C:\Users\Owner\Downloads\simulator-windows-64\dataTrack1\IMG\right_2024_11_20_20_13_42_939.jpg, 0, 0.1009854, 0, 21.82232
C:\Users\Owner\Downloads\simulator-windows-64\dataTrack1\IMG\center_2024_11_20_20_13_43_040.jpg, C:\Users\Owner\Downloads\simulator-windows-64\dataTrack1\IMG\left_2024_11_20_20_13_43_040.jpg, C:\Users\Owner\Downloads\simulator-windows-64\dataTrack1\IMG\right_2024_11_20_20_13_43_040.jpg, 0, 0.3036132, 0, 21.89166
C:\Users\Owner\Downloads\simulator-windows-64\dataTrack1\IMG\center_2024_11_20_20_13_43_144.jpg, C:\Users\Owner\Downloads\simulator-windows-64\dataTrack1\IMG\left_2024_11_20_20_13_43_144.jpg, C:\Users\Owner\Downloads\simulator-windows-64\dataTrack1\IMG\right_2024_11_20_20_13_43_144.jpg, 0, 0.04068027, 0, 21.89106
C:\Users\Owner\Downloads\simulator-windows-64\dataTrack1\IMG\center_2024_11_20_20_13_43_249.jpg, C:\Users\Owner\Downloads\simulator-windows-64\dataTrack1\IMG\left_2024_11_20_20_13_43_249.jpg, C:\Users\Owner\Downloads\simulator-windows-64\dataTrack1\IMG\right_2024_11_20_20_13_43_249.jpg, 0, 0.2099505, 0, 21.72678
C:\Users\Owner\Downloads\simulator-windows-64\dataTrack1\IMG\center_2024_11_20_20_13_43_352.jpg, C:\Users\Owner\Downloads\simulator-windows-64\dataTrack1\IMG\left_2024_11_20_20_13_43_352.jpg, C:\Users\Owner\Downloads\simulator-windows-64\dataTrack1\IMG\right_2024_11_20_20_13_43_352.jpg, 0, 0.2102148, 0, 21.84973
C:\Users\Owner\Downloads\simulator-windows-64\dataTrack1\IMG\center_2024_11_20_20_13_43_456.jpg, C:\Users\Owner\Downloads\simulator-windows-64\dataTrack1\IMG\left_2024_11_20_20_13_43_456.jpg, C:\Users\Owner\Downloads\simulator-windows-64\dataTrack1\IMG\right_2024_11_20_20_13_43_456.jpg, -0.1014723, 0, 0, 21.7299
C:\Users\Owner\Downloads\simulator-windows-64\dataTrack1\IMG\center_2024_11_20_20_13_43_558.jpg, C:\Users\Owner\Downloads\simulator-windows-64\dataTrack1\IMG\left_2024_11_20_20_13_43_558.jpg, C:\Users\Owner\Downloads\simulator-windows-64\dataTrack1\IMG\right_2024_11_20_20_13_43_558.jpg, -0.2081934, 0.1067211, 0, 21.56241
C:\Users\Owner\Downloads\simulator-windows-64\dataTrack1\IMG\center_2024_11_20_20_13_43_662.jpg, C:\Users\Owner\Downloads\simulator-windows-64\dataTrack1\IMG\left_2024_11_20_20_13_43_662.jpg, C:\Users\Owner\Downloads\simulator-windows-64\dataTrack1\IMG\right_2024_11_20_20_13_43_662.jpg, 0, 0, 0, 21.43257
C:\Users\Owner\Downloads\simulator-windows-64\dataTrack1\IMG\center_2024_11_20_20_13_43_766.jpg, C:\Users\Owner\Downloads\simulator-windows-64\dataTrack1\IMG\left_2024_11_20_20_13_43_766.jpg, C:\Users\Owner\Downloads\simulator-windows-64\dataTrack1\IMG\right_2024_11_20_20_13_43_766.jpg, 0, 0.0512166, 0, 21.06049
C:\Users\Owner\Downloads\simulator-windows-64\dataTrack1\IMG\center_2024_11_20_20_13_43_870.jpg, C:\Users\Owner\Downloads\simulator-windows-64\dataTrack1\IMG\left_2024_11_20_20_13_43_870.jpg, C:\Users\Owner\Downloads\simulator-windows-64\dataTrack1\IMG\right_2024_11_20_20_13_43_870.jpg, 0, 0.3093003, 0, 21.17696
C:\Users\Owner\Downloads\simulator-windows-64\dataTrack1\IMG\center_2024_11_20_20_13_43_972.jpg, C:\Users\Owner\Downloads\simulator-windows-64\dataTrack1\IMG\left_2024_11_20_20_13_43_972.jpg, C:\Users\Owner\Downloads\simulator-windows-64\dataTrack1\IMG\right_2024_11_20_20_13_43_972.jpg, 0, 0.001754094, 0, 21.35332
C:\Users\Owner\Downloads\simulator-windows-64\dataTrack1\IMG\center_2024_11_20_20_13_44_074.jpg, C:\Users\Owner\Downloads\simulator-windows-64\dataTrack1\IMG\left_2024_11_20_20_13_44_074.jpg, C:\Users\Owner\Downloads\simulator-windows-64\dataTrack1\IMG\right_2024_11_20_20_13_44_074.jpg, 0, 0.2006853, 0, 20.9472
C:\Users\Owner\Downloads\simulator-windows-64\dataTrack1\IMG\center_2024_11_20_20_13_44_180.jpg, C:\Users\Owner\Downloads\simulator-windows-64\dataTrack1\IMG\left_2024_11_20_20_13_44_180.jpg, C:\Users\Owner\Downloads\simulator-windows-64\dataTrack1\IMG\right_2024_11_20_20_13_44_180.jpg, 0, 0, 0, 21.10948
C:\Users\Owner\Downloads\simulator-windows-64\dataTrack1\IMG\center_2024_11_20_20_13_44_283.jpg, C:\Users\Owner\Downloads\simulator-windows-64\dataTrack1\IMG\left_2024_11_20_20_13_44_283.jpg, C:\Users\Owner\Downloads\simulator-windows-64\dataTrack1\IMG\right_2024_11_20_20_13_44_283.jpg, 0, 0.2295012, 0, 20.67789
C:\Users\Owner\Downloads\simulator-windows-64\dataTrack1\IMG\center_2024_11_20_20_13_44_386.jpg, C:\Users\Owner\Downloads\simulator-windows-64\dataTrack1\IMG\left_2024_11_20_20_13_44_386.jpg, C:\Users\Owner\Downloads\simulator-windows-64\dataTrack1\IMG\right_2024_11_20_20_13_44_386.jpg, 0, 0, 0, 20.89765
C:\Users\Owner\Downloads\simulator-windows-64\dataTrack1\IMG\center_2024_11_20_20_13_44_490.jpg, C:\Users\Owner\Downloads\simulator-windows-64\dataTrack1\IMG\left_2024_11_20_20_13_44_490.jpg, C:\Users\Owner\Downloads\simulator-windows-64\dataTrack1\IMG\right_2024_11_20_20_13_44_490.jpg, 0, 0.2045511, 0, 20.72879
C:\Users\Owner\Downloads\simulator-windows-64\dataTrack1\IMG\center_2024_11_20_20_13_44_592.jpg, C:\Users\Owner\Downloads\simulator-windows-64\dataTrack1\IMG\left_2024_11_20_20_13_44_592.jpg, C:\Users\Owner\Downloads\simulator-windows-64\dataTrack1\IMG\right_2024_11_20_20_13_44_592.jpg, -0.3066762, 0, 0, 20.24941
C:\Users\Owner\Downloads\simulator-windows-64\dataTrack1\IMG\center_2024_11_20_20_13_44_697.jpg, C:\Users\Owner\Downloads\simulator-windows-64\dataTrack1\IMG\left_2024_11_20_20_13_44_697.jpg, C:\Users\Owner\Downloads\simulator-windows-64\dataTrack1\IMG\right_2024_11_20_20_13_44_697.jpg, -0.1675113, 0, 0, 20.31018
C:\Users\Owner\Downloads\simulator-windows-64\dataTrack1\IMG\center_2024_11_20_20_13_44_800.jpg, C:\Users\Owner\Downloads\simulator-windows-64\dataTrack1\IMG\left_2024_11_20_20_13_44_800.jpg, C:\Users\Owner\Downloads\simulator-windows-64\dataTrack1\IMG\right_2024_11_20_20_13_44_800.jpg, 0, 0.2057469, 0, 19.85257
C:\Users\Owner\Downloads\simulator-windows-64\dataTrack1\IMG\center_2024_11_20_20_13_44_904.jpg, C:\Users\Owner\Downloads\simulator-windows-64\dataTrack1\IMG\left_2024_11_20_20_13_44_904.jpg, C:\Users\Owner\Downloads\simulator-windows-64\dataTrack1\IMG\right_2024_11_20_20_13_44_904.jpg, 0, 0.1622916, 0, 20.2622
C:\Users\Owner\Downloads\simulator-windows-64\dataTrack1\IMG\center_2024_11_20_20_13_45_005.jpg, C:\Users\Owner\Downloads\simulator-windows-64\dataTrack1\IMG\left_2024_11_20_20_13_45_005.jpg, C:\Users\Owner\Downloads\simulator-windows-64\dataTrack1\IMG\right_2024_11_20_20_13_45_005.jpg, 0, 0.0539232, 0, 19.77955
C:\Users\Owner\Downloads\simulator-windows-64\dataTrack1\IMG\center_2024_11_20_20_13_45_110.jpg, C:\Users\Owner\Downloads\simulator-windows-64\dataTrack1\IMG\left_2024_11_20_20_13_45_110.jpg, C:\Users\Owner\Downloads\simulator-windows-64\dataTrack1\IMG\right_2024_11_20_20_13_45_110.jpg, 0, 0.3033417, 0, 19.94049
C:\Users\Owner\Downloads\simulator-windows-64\dataTrack1\IMG\center_2024_11_20_20_13_45_214.jpg, C:\Users\Owner\Downloads\simulator-windows-64\dataTrack1\IMG\left_2024_11_20_20_13_45_214.jpg, C:\Users\Owner\Downloads\simulator-windows-64\dataTrack1\IMG\right_2024_11_20_20_13_45_214.jpg, 0, 0, 0, 20.18103
C:\Users\Owner\Downloads\simulator-windows-64\dataTrack1\IMG\center_2024_11_20_20_13_45_319.jpg, C:\Users\Owner\Downloads\simulator-windows-64\dataTrack1\IMG\left_2024_11_20_20_13_45_319.jpg, C:\Users\Owner\Downloads\simulator-windows-64\dataTrack1\IMG\right_2024_11_20_20_13_45_319.jpg, 0, 0.1046046, 0, 19.80876
C:\Users\Owner\Downloads\simulator-windows-64\dataTrack1\IMG\center_2024_11_20_20_13_45_422.jpg, C:\Users\Owner\Downloads\simulator-windows-64\dataTrack1\IMG\left_2024_11_20_20_13_45_422.jpg, C:\Users\Owner\Downloads\simulator-windows-64\dataTrack1\IMG\right_2024_11_20_20_13_45_422.jpg, 0, 0.0522834, 0, 19.95782
C:\Users\Owner\Downloads\simulator-windows-64\dataTrack1\IMG\center_2024_11_20_20_13_45_525.jpg, C:\Users\Owner\Downloads\simulator-windows-64\dataTrack1\IMG\left_2024_11_20_20_13_45_525.jpg, C:\Users\Owner\Downloads\simulator-windows-64\dataTrack1\IMG\right_2024_11_20_20_13_45_525.jpg, 0, 0.3141225, 0, 19.65105
C:\Users\Owner\Downloads\simulator-windows-64\dataTrack1\IMG\center_2024_11_20_20_13_45_626.jpg, C:\Users\Owner\Downloads\simulator-windows-64\dataTrack1\IMG\left_2024_11_20_20_13_45_626.jpg, C:\Users\Owner\Downloads\simulator-windows-64\dataTrack1\IMG\right_2024_11_20_20_13_45_626.jpg, 0, 0.1080372, 0, 20.05553
C:\Users\Owner\Downloads\simulator-windows-64\dataTrack1\IMG\center_2024_11_20_20_13_45_731.jpg, C:\Users\Owner\Downloads\simulator-windows-64\dataTrack1\IMG\left_2024_11_20_20_13_45_731.jpg, C:\Users\Owner\Downloads\simulator-windows-64\dataTrack1\IMG\right_2024_11_20_20_13_45_731.jpg, 0, 0.3720213, 0, 20.11628
C:\Users\Owner\Downloads\simulator-windows-64\dataTrack1\IMG\center_2024_11_20_20_13_45_835.jpg, C:\Users\Owner\Downloads\simulator-windows-64\dataTrack1\IMG\left_2024_11_20_20_13_45_835.jpg, C:\Users\Owner\Downloads\simulator-windows-64\dataTrack1\IMG\right_2024_11_20_20_13_45_835.jpg, 0, 0.06207537, 0, 19.86654
C:\Users\Owner\Downloads\simulator-windows-64\dataTrack1\IMG\center_2024_11_20_20_13_45_938.jpg, C:\Users\Owner\Downloads\simulator-windows-64\dataTrack1\IMG\left_2024_11_20_20_13_45_938.jpg, C:\Users\Owner\Downloads\simulator-windows-64\dataTrack1\IMG\right_2024_11_20_20_13_45_938.jpg, 0, 0.3708996, 0, 20.20966
C:\Users\Owner\Downloads\simulator-windows-64\dataTrack1\IMG\center_2024_11_20_20_13_46_039.jpg, C:\Users\Owner\Downloads\simulator-windows-64\dataTrack1\IMG\left_2024_11_20_20_13_46_039.jpg, C:\Users\Owner\Downloads\simulator-windows-64\dataTrack1\IMG\right_2024_11_20_20_13_46_039.jpg, 0, 0.06414597, 0, 20.01369
C:\Users\Owner\Downloads\simulator-windows-64\dataTrack1\IMG\center_2024_11_20_20_13_46_151.jpg, C:\Users\Owner\Downloads\simulator-windows-64\dataTrack1\IMG\left_2024_11_20_20_13_46_151.jpg, C:\Users\Owner\Downloads\simulator-windows-64\dataTrack1\IMG\right_2024_11_20_20_13_46_151.jpg, 0, 0.2980515, 0, 20.13599
C:\Users\Owner\Downloads\simulator-windows-64\dataTrack1\IMG\center_2024_11_20_20_13_46_255.jpg, C:\Users\Owner\Downloads\simulator-windows-64\dataTrack1\IMG\left_2024_11_20_20_13_46_255.jpg, C:\Users\Owner\Downloads\simulator-windows-64\dataTrack1\IMG\right_2024_11_20_20_13_46_255.jpg, 0, 0, 0, 20.36436
C:\Users\Owner\Downloads\simulator-windows-64\dataTrack1\IMG\center_2024_11_20_20_13_46_358.jpg, C:\Users\Owner\Downloads\simulator-windows-64\dataTrack1\IMG\left_2024_11_20_20_13_46_358.jpg, C:\Users\Owner\Downloads\simulator-windows-64\dataTrack1\IMG\right_2024_11_20_20_13_46_358.jpg, 0, 0.3102594, 0, 20.05037
C:\Users\Owner\Downloads\simulator-windows-64\dataTrack1\IMG\center_2024_11_20_20_13_46_460.jpg, C:\Users\Owner\Downloads\simulator-windows-64\dataTrack1\IMG\left_2024_11_20_20_13_46_460.jpg, C:\Users\Owner\Downloads\simulator-windows-64\dataTrack1\IMG\right_2024_11_20_20_13_46_460.jpg, 0, 0.005874604, 0, 20.35098
C:\Users\Owner\Downloads\simulator-windows-64\dataTrack1\IMG\center_2024_11_20_20_13_46_565.jpg, C:\Users\Owner\Downloads\simulator-windows-64\dataTrack1\IMG\left_2024_11_20_20_13_46_565.jpg, C:\Users\Owner\Downloads\simulator-windows-64\dataTrack1\IMG\right_2024_11_20_20_13_46_565.jpg, 0, 0.2700879, 0, 20.00294
C:\Users\Owner\Downloads\simulator-windows-64\dataTrack1\IMG\center_2024_11_20_20_13_46_668.jpg, C:\Users\Owner\Downloads\simulator-windows-64\dataTrack1\IMG\left_2024_11_20_20_13_46_668.jpg, C:\Users\Owner\Downloads\simulator-windows-64\dataTrack1\IMG\right_2024_11_20_20_13_46_668.jpg, 0, 0, 0, 19.85633
C:\Users\Owner\Downloads\simulator-windows-64\dataTrack1\IMG\center_2024_11_20_20_13_46_772.jpg, C:\Users\Owner\Downloads\simulator-windows-64\dataTrack1\IMG\left_2024_11_20_20_13_46_772.jpg, C:\Users\Owner\Downloads\simulator-windows-64\dataTrack1\IMG\right_2024_11_20_20_13_46_772.jpg, 0, 0.2302716, 0, 20.10205
C:\Users\Owner\Downloads\simulator-windows-64\dataTrack1\IMG\center_2024_11_20_20_13_46_875.jpg, C:\Users\Owner\Downloads\simulator-windows-64\dataTrack1\IMG\left_2024_11_20_20_13_46_875.jpg, C:\Users\Owner\Downloads\simulator-windows-64\dataTrack1\IMG\right_2024_11_20_20_13_46_875.jpg, -0.1006494, 0.131637, 0, 19.88124
C:\Users\Owner\Downloads\simulator-windows-64\dataTrack1\IMG\center_2024_11_20_20_13_46_979.jpg, C:\Users\Owner\Downloads\simulator-windows-64\dataTrack1\IMG\left_2024_11_20_20_13_46_979.jpg, C:\Users\Owner\Downloads\simulator-windows-64\dataTrack1\IMG\right_2024_11_20_20_13_46_979.jpg, 0, 0, 0, 20.03792
C:\Users\Owner\Downloads\simulator-windows-64\dataTrack1\IMG\center_2024_11_20_20_13_47_082.jpg, C:\Users\Owner\Downloads\simulator-windows-64\dataTrack1\IMG\left_2024_11_20_20_13_47_082.jpg, C:\Users\Owner\Downloads\simulator-windows-64\dataTrack1\IMG\right_2024_11_20_20_13_47_082.jpg, 0, 0.2109519, 0, 19.54218
C:\Users\Owner\Downloads\simulator-windows-64\dataTrack1\IMG\center_2024_11_20_20_13_47_185.jpg, C:\Users\Owner\Downloads\simulator-windows-64\dataTrack1\IMG\left_2024_11_20_20_13_47_185.jpg, C:\Users\Owner\Downloads\simulator-windows-64\dataTrack1\IMG\right_2024_11_20_20_13_47_185.jpg, 0, 0.2726085, 0, 20.04627
C:\Users\Owner\Downloads\simulator-windows-64\dataTrack1\IMG\center_2024_11_20_20_13_47_289.jpg, C:\Users\Owner\Downloads\simulator-windows-64\dataTrack1\IMG\left_2024_11_20_20_13_47_289.jpg, C:\Users\Owner\Downloads\simulator-windows-64\dataTrack1\IMG\right_2024_11_20_20_13_47_289.jpg, 0, 0, 0, 19.9412
C:\Users\Owner\Downloads\simulator-windows-64\dataTrack1\IMG\center_2024_11_20_20_13_47_393.jpg, C:\Users\Owner\Downloads\simulator-windows-64\dataTrack1\IMG\left_2024_11_20_20_13_47_393.jpg, C:\Users\Owner\Downloads\simulator-windows-64\dataTrack1\IMG\right_2024_11_20_20_13_47_393.jpg, 0, 0.1575984, 0, 19.45749
C:\Users\Owner\Downloads\simulator-windows-64\dataTrack1\IMG\center_2024_11_20_20_13_47_495.jpg, C:\Users\Owner\Downloads\simulator-windows-64\dataTrack1\IMG\left_2024_11_20_20_13_47_495.jpg, C:\Users\Owner\Downloads\simulator-windows-64\dataTrack1\IMG\right_2024_11_20_20_13_47_495.jpg, 0, 0.2548266, 0, 19.93212
C:\Users\Owner\Downloads\simulator-windows-64\dataTrack1\IMG\center_2024_11_20_20_13_47_600.jpg, C:\Users\Owner\Downloads\simulator-windows-64\dataTrack1\IMG\left_2024_11_20_20_13_47_600.jpg, C:\Users\Owner\Downloads\simulator-windows-64\dataTrack1\IMG\right_2024_11_20_20_13_47_600.jpg, -0.3121365, 0, 0, 19.50953
C:\Users\Owner\Downloads\simulator-windows-64\dataTrack1\IMG\center_2024_11_20_20_13_47_702.jpg, C:\Users\Owner\Downloads\simulator-windows-64\dataTrack1\IMG\left_2024_11_20_20_13_47_702.jpg, C:\Users\Owner\Downloads\simulator-windows-64\dataTrack1\IMG\right_2024_11_20_20_13_47_702.jpg, -0.2062133, 0, 0, 19.58117
C:\Users\Owner\Downloads\simulator-windows-64\dataTrack1\IMG\center_2024_11_20_20_13_47_806.jpg, C:\Users\Owner\Downloads\simulator-windows-64\dataTrack1\IMG\left_2024_11_20_20_13_47_806.jpg, C:\Users\Owner\Downloads\simulator-windows-64\dataTrack1\IMG\right_2024_11_20_20_13_47_806.jpg, 0, 0.2615313, 0, 19.18275
C:\Users\Owner\Downloads\simulator-windows-64\dataTrack1\IMG\center_2024_11_20_20_13_47_909.jpg, C:\Users\Owner\Downloads\simulator-windows-64\dataTrack1\IMG\left_2024_11_20_20_13_47_909.jpg, C:\Users\Owner\Downloads\simulator-windows-64\dataTrack1\IMG\right_2024_11_20_20_13_47_909.jpg, 0, 0.00449821, 0, 19.14816
C:\Users\Owner\Downloads\simulator-windows-64\dataTrack1\IMG\center_2024_11_20_20_13_48_012.jpg, C:\Users\Owner\Downloads\simulator-windows-64\dataTrack1\IMG\left_2024_11_20_20_13_48_012.jpg, C:\Users\Owner\Downloads\simulator-windows-64\dataTrack1\IMG\right_2024_11_20_20_13_48_012.jpg, 0, 0.1029768, 0, 19.36424
C:\Users\Owner\Downloads\simulator-windows-64\dataTrack1\IMG\center_2024_11_20_20_13_48_116.jpg, C:\Users\Owner\Downloads\simulator-windows-64\dataTrack1\IMG\left_2024_11_20_20_13_48_116.jpg, C:\Users\Owner\Downloads\simulator-windows-64\dataTrack1\IMG\right_2024_11_20_20_13_48_116.jpg, -0.0981414, 0.417537, 0, 19.13381
C:\Users\Owner\Downloads\simulator-windows-64\dataTrack1\IMG\center_2024_11_20_20_13_48_219.jpg, C:\Users\Owner\Downloads\simulator-windows-64\dataTrack1\IMG\left_2024_11_20_20_13_48_219.jpg, C:\Users\Owner\Downloads\simulator-windows-64\dataTrack1\IMG\right_2024_11_20_20_13_48_219.jpg, -0.4042983, 0.1113801, 0, 19.51112
C:\Users\Owner\Downloads\simulator-windows-64\dataTrack1\IMG\center_2024_11_20_20_13_48_322.jpg, C:\Users\Owner\Downloads\simulator-windows-64\dataTrack1\IMG\left_2024_11_20_20_13_48_322.jpg, C:\Users\Owner\Downloads\simulator-windows-64\dataTrack1\IMG\right_2024_11_20_20_13_48_322.jpg, -0.09284939, 0, 0, 18.96761
C:\Users\Owner\Downloads\simulator-windows-64\dataTrack1\IMG\center_2024_11_20_20_13_48_426.jpg, C:\Users\Owner\Downloads\simulator-windows-64\dataTrack1\IMG\left_2024_11_20_20_13_48_426.jpg, C:\Users\Owner\Downloads\simulator-windows-64\dataTrack1\IMG\right_2024_11_20_20_13_48_426.jpg, 0, 0.1576584, 0, 19.206
C:\Users\Owner\Downloads\simulator-windows-64\dataTrack1\IMG\center_2024_11_20_20_13_48_529.jpg, C:\Users\Owner\Downloads\simulator-windows-64\dataTrack1\IMG\left_2024_11_20_20_13_48_529.jpg, C:\Users\Owner\Downloads\simulator-windows-64\dataTrack1\IMG\right_2024_11_20_20_13_48_529.jpg, 0, 0.2032641, 0, 19.37837
C:\Users\Owner\Downloads\simulator-windows-64\dataTrack1\IMG\center_2024_11_20_20_13_48_634.jpg, C:\Users\Owner\Downloads\simulator-windows-64\dataTrack1\IMG\left_2024_11_20_20_13_48_634.jpg, C:\Users\Owner\Downloads\simulator-windows-64\dataTrack1\IMG\right_2024_11_20_20_13_48_634.jpg, 0, 0.051528, 0, 18.85494
C:\Users\Owner\Downloads\simulator-windows-64\dataTrack1\IMG\center_2024_11_20_20_13_48_737.jpg, C:\Users\Owner\Downloads\simulator-windows-64\dataTrack1\IMG\left_2024_11_20_20_13_48_737.jpg, C:\Users\Owner\Downloads\simulator-windows-64\dataTrack1\IMG\right_2024_11_20_20_13_48_737.jpg, 0, 0.3602871, 0, 19.30092
C:\Users\Owner\Downloads\simulator-windows-64\dataTrack1\IMG\center_2024_11_20_20_13_48_840.jpg, C:\Users\Owner\Downloads\simulator-windows-64\dataTrack1\IMG\left_2024_11_20_20_13_48_840.jpg, C:\Users\Owner\Downloads\simulator-windows-64\dataTrack1\IMG\right_2024_11_20_20_13_48_840.jpg, -0.1001943, 0.05293377, 0, 19.01273
C:\Users\Owner\Downloads\simulator-windows-64\dataTrack1\IMG\center_2024_11_20_20_13_48_942.jpg, C:\Users\Owner\Downloads\simulator-windows-64\dataTrack1\IMG\left_2024_11_20_20_13_48_942.jpg, C:\Users\Owner\Downloads\simulator-windows-64\dataTrack1\IMG\right_2024_11_20_20_13_48_942.jpg, -0.2531745, 0, 0, 19.16955
C:\Users\Owner\Downloads\simulator-windows-64\dataTrack1\IMG\center_2024_11_20_20_13_49_046.jpg, C:\Users\Owner\Downloads\simulator-windows-64\dataTrack1\IMG\left_2024_11_20_20_13_49_046.jpg, C:\Users\Owner\Downloads\simulator-windows-64\dataTrack1\IMG\right_2024_11_20_20_13_49_046.jpg, 0, 0.2595066, 0, 18.71387
C:\Users\Owner\Downloads\simulator-windows-64\dataTrack1\IMG\center_2024_11_20_20_13_49_151.jpg, C:\Users\Owner\Downloads\simulator-windows-64\dataTrack1\IMG\left_2024_11_20_20_13_49_151.jpg, C:\Users\Owner\Downloads\simulator-windows-64\dataTrack1\IMG\right_2024_11_20_20_13_49_151.jpg, 0, 0, 0, 18.68285
C:\Users\Owner\Downloads\simulator-windows-64\dataTrack1\IMG\center_2024_11_20_20_13_49_255.jpg, C:\Users\Owner\Downloads\simulator-windows-64\dataTrack1\IMG\left_2024_11_20_20_13_49_255.jpg, C:\Users\Owner\Downloads\simulator-windows-64\dataTrack1\IMG\right_2024_11_20_20_13_49_255.jpg, 0, 0.1550553, 0, 18.97462
C:\Users\Owner\Downloads\simulator-windows-64\dataTrack1\IMG\center_2024_11_20_20_13_49_357.jpg, C:\Users\Owner\Downloads\simulator-windows-64\dataTrack1\IMG\left_2024_11_20_20_13_49_357.jpg, C:\Users\Owner\Downloads\simulator-windows-64\dataTrack1\IMG\right_2024_11_20_20_13_49_357.jpg, 0, 0.2650707, 0, 18.73327
C:\Users\Owner\Downloads\simulator-windows-64\dataTrack1\IMG\center_2024_11_20_20_13_49_460.jpg, C:\Users\Owner\Downloads\simulator-windows-64\dataTrack1\IMG\left_2024_11_20_20_13_49_460.jpg, C:\Users\Owner\Downloads\simulator-windows-64\dataTrack1\IMG\right_2024_11_20_20_13_49_460.jpg, 0, 0.1497492, 0, 19.09441
C:\Users\Owner\Downloads\simulator-windows-64\dataTrack1\IMG\center_2024_11_20_20_13_49_566.jpg, C:\Users\Owner\Downloads\simulator-windows-64\dataTrack1\IMG\left_2024_11_20_20_13_49_566.jpg, C:\Users\Owner\Downloads\simulator-windows-64\dataTrack1\IMG\right_2024_11_20_20_13_49_566.jpg, 0, 0.3537705, 0, 18.86874
C:\Users\Owner\Downloads\simulator-windows-64\dataTrack1\IMG\center_2024_11_20_20_13_49_668.jpg, C:\Users\Owner\Downloads\simulator-windows-64\dataTrack1\IMG\left_2024_11_20_20_13_49_668.jpg, C:\Users\Owner\Downloads\simulator-windows-64\dataTrack1\IMG\right_2024_11_20_20_13_49_668.jpg, -0.1520265, 0.04847852, 0, 18.8978
C:\Users\Owner\Downloads\simulator-windows-64\dataTrack1\IMG\center_2024_11_20_20_13_49_772.jpg, C:\Users\Owner\Downloads\simulator-windows-64\dataTrack1\IMG\left_2024_11_20_20_13_49_772.jpg, C:\Users\Owner\Downloads\simulator-windows-64\dataTrack1\IMG\right_2024_11_20_20_13_49_772.jpg, 0, 0, 0, 19.12879
C:\Users\Owner\Downloads\simulator-windows-64\dataTrack1\IMG\center_2024_11_20_20_13_49_875.jpg, C:\Users\Owner\Downloads\simulator-windows-64\dataTrack1\IMG\left_2024_11_20_20_13_49_875.jpg, C:\Users\Owner\Downloads\simulator-windows-64\dataTrack1\IMG\right_2024_11_20_20_13_49_875.jpg, 0, 0.1591656, 0, 18.53603
C:\Users\Owner\Downloads\simulator-windows-64\dataTrack1\IMG\center_2024_11_20_20_13_49_977.jpg, C:\Users\Owner\Downloads\simulator-windows-64\dataTrack1\IMG\left_2024_11_20_20_13_49_977.jpg, C:\Users\Owner\Downloads\simulator-windows-64\dataTrack1\IMG\right_2024_11_20_20_13_49_977.jpg, 0, 0.4649835, 0, 19.13869
C:\Users\Owner\Downloads\simulator-windows-64\dataTrack1\IMG\center_2024_11_20_20_13_50_083.jpg, C:\Users\Owner\Downloads\simulator-windows-64\dataTrack1\IMG\left_2024_11_20_20_13_50_083.jpg, C:\Users\Owner\Downloads\simulator-windows-64\dataTrack1\IMG\right_2024_11_20_20_13_50_083.jpg, 0, 0.1499577, 0, 18.98907
C:\Users\Owner\Downloads\simulator-windows-64\dataTrack1\IMG\center_2024_11_20_20_13_50_185.jpg, C:\Users\Owner\Downloads\simulator-windows-64\dataTrack1\IMG\left_2024_11_20_20_13_50_185.jpg, C:\Users\Owner\Downloads\simulator-windows-64\dataTrack1\IMG\right_2024_11_20_20_13_50_185.jpg, -0.2623863, 0, 0, 19.18258
C:\Users\Owner\Downloads\simulator-windows-64\dataTrack1\IMG\center_2024_11_20_20_13_50_290.jpg, C:\Users\Owner\Downloads\simulator-windows-64\dataTrack1\IMG\left_2024_11_20_20_13_50_290.jpg, C:\Users\Owner\Downloads\simulator-windows-64\dataTrack1\IMG\right_2024_11_20_20_13_50_290.jpg, -0.3138777, 0, 0, 18.87873
C:\Users\Owner\Downloads\simulator-windows-64\dataTrack1\IMG\center_2024_11_20_20_13_50_394.jpg, C:\Users\Owner\Downloads\simulator-windows-64\dataTrack1\IMG\left_2024_11_20_20_13_50_394.jpg, C:\Users\Owner\Downloads\simulator-windows-64\dataTrack1\IMG\right_2024_11_20_20_13_50_394.jpg, -0.0004707351, 0.313407, 0, 18.47099
C:\Users\Owner\Downloads\simulator-windows-64\dataTrack1\IMG\center_2024_11_20_20_13_50_496.jpg, C:\Users\Owner\Downloads\simulator-windows-64\dataTrack1\IMG\left_2024_11_20_20_13_50_496.jpg, C:\Users\Owner\Downloads\simulator-windows-64\dataTrack1\IMG\right_2024_11_20_20_13_50_496.jpg, 0, 0.3092418, 0, 19.11264
C:\Users\Owner\Downloads\simulator-windows-64\dataTrack1\IMG\center_2024_11_20_20_13_50_601.jpg, C:\Users\Owner\Downloads\simulator-windows-64\dataTrack1\IMG\left_2024_11_20_20_13_50_601.jpg, C:\Users\Owner\Downloads\simulator-windows-64\dataTrack1\IMG\right_2024_11_20_20_13_50_601.jpg, 0, 0.09824462, 0, 18.73298
C:\Users\Owner\Downloads\simulator-windows-64\dataTrack1\IMG\center_2024_11_20_20_13_50_704.jpg, C:\Users\Owner\Downloads\simulator-windows-64\dataTrack1\IMG\left_2024_11_20_20_13_50_704.jpg, C:\Users\Owner\Downloads\simulator-windows-64\dataTrack1\IMG\right_2024_11_20_20_13_50_704.jpg, 0, 0.3030432, 0, 19.19714
C:\Users\Owner\Downloads\simulator-windows-64\dataTrack1\IMG\center_2024_11_20_20_13_50_808.jpg, C:\Users\Owner\Downloads\simulator-windows-64\dataTrack1\IMG\left_2024_11_20_20_13_50_808.jpg, C:\Users\Owner\Downloads\simulator-windows-64\dataTrack1\IMG\right_2024_11_20_20_13_50_808.jpg, 0, 0, 0, 19.20633
C:\Users\Owner\Downloads\simulator-windows-64\dataTrack1\IMG\center_2024_11_20_20_13_50_909.jpg, C:\Users\Owner\Downloads\simulator-windows-64\dataTrack1\IMG\left_2024_11_20_20_13_50_909.jpg, C:\Users\Owner\Downloads\simulator-windows-64\dataTrack1\IMG\right_2024_11_20_20_13_50_909.jpg, 0, 0.2026983, 0, 18.83044
C:\Users\Owner\Downloads\simulator-windows-64\dataTrack1\IMG\center_2024_11_20_20_13_51_012.jpg, C:\Users\Owner\Downloads\simulator-windows-64\dataTrack1\IMG\left_2024_11_20_20_13_51_012.jpg, C:\Users\Owner\Downloads\simulator-windows-64\dataTrack1\IMG\right_2024_11_20_20_13_51_012.jpg, -0.1000239, 0, 0, 19.07799
C:\Users\Owner\Downloads\simulator-windows-64\dataTrack1\IMG\center_2024_11_20_20_13_51_118.jpg, C:\Users\Owner\Downloads\simulator-windows-64\dataTrack1\IMG\left_2024_11_20_20_13_51_118.jpg, C:\Users\Owner\Downloads\simulator-windows-64\dataTrack1\IMG\right_2024_11_20_20_13_51_118.jpg, 0, 0.2038902, 0, 18.52498
C:\Users\Owner\Downloads\simulator-windows-64\dataTrack1\IMG\center_2024_11_20_20_13_51_222.jpg, C:\Users\Owner\Downloads\simulator-windows-64\dataTrack1\IMG\left_2024_11_20_20_13_51_222.jpg, C:\Users\Owner\Downloads\simulator-windows-64\dataTrack1\IMG\right_2024_11_20_20_13_51_222.jpg, 0, 0.1988274, 0, 19.09691
C:\Users\Owner\Downloads\simulator-windows-64\dataTrack1\IMG\center_2024_11_20_20_13_51_324.jpg, C:\Users\Owner\Downloads\simulator-windows-64\dataTrack1\IMG\left_2024_11_20_20_13_51_324.jpg, C:\Users\Owner\Downloads\simulator-windows-64\dataTrack1\IMG\right_2024_11_20_20_13_51_324.jpg, 0, 0, 0, 18.58977
C:\Users\Owner\Downloads\simulator-windows-64\dataTrack1\IMG\center_2024_11_20_20_13_51_426.jpg, C:\Users\Owner\Downloads\simulator-windows-64\dataTrack1\IMG\left_2024_11_20_20_13_51_426.jpg, C:\Users\Owner\Downloads\simulator-windows-64\dataTrack1\IMG\right_2024_11_20_20_13_51_426.jpg, 0, 0.2572521, 0, 18.96543
C:\Users\Owner\Downloads\simulator-windows-64\dataTrack1\IMG\center_2024_11_20_20_13_51_531.jpg, C:\Users\Owner\Downloads\simulator-windows-64\dataTrack1\IMG\left_2024_11_20_20_13_51_531.jpg, C:\Users\Owner\Downloads\simulator-windows-64\dataTrack1\IMG\right_2024_11_20_20_13_51_531.jpg, -0.2086785, 0.2031435, 0, 19.18566
C:\Users\Owner\Downloads\simulator-windows-64\dataTrack1\IMG\center_2024_11_20_20_13_51_633.jpg, C:\Users\Owner\Downloads\simulator-windows-64\dataTrack1\IMG\left_2024_11_20_20_13_51_633.jpg, C:\Users\Owner\Downloads\simulator-windows-64\dataTrack1\IMG\right_2024_11_20_20_13_51_633.jpg, -0.5168421, 0, 0, 18.57555
C:\Users\Owner\Downloads\simulator-windows-64\dataTrack1\IMG\center_2024_11_20_20_13_51_738.jpg, C:\Users\Owner\Downloads\simulator-windows-64\dataTrack1\IMG\left_2024_11_20_20_13_51_738.jpg, C:\Users\Owner\Downloads\simulator-windows-64\dataTrack1\IMG\right_2024_11_20_20_13_51_738.jpg, -0.4244708, 0.1000356, 0, 18.69817
C:\Users\Owner\Downloads\simulator-windows-64\dataTrack1\IMG\center_2024_11_20_20_13_51_842.jpg, C:\Users\Owner\Downloads\simulator-windows-64\dataTrack1\IMG\left_2024_11_20_20_13_51_842.jpg, C:\Users\Owner\Downloads\simulator-windows-64\dataTrack1\IMG\right_2024_11_20_20_13_51_842.jpg, -0.1095911, 0.4149153, 0, 18.39839
C:\Users\Owner\Downloads\simulator-windows-64\dataTrack1\IMG\center_2024_11_20_20_13_51_944.jpg, C:\Users\Owner\Downloads\simulator-windows-64\dataTrack1\IMG\left_2024_11_20_20_13_51_944.jpg, C:\Users\Owner\Downloads\simulator-windows-64\dataTrack1\IMG\right_2024_11_20_20_13_51_944.jpg, 0, 0.1582767, 0, 18.93582
C:\Users\Owner\Downloads\simulator-windows-64\dataTrack1\IMG\center_2024_11_20_20_13_52_048.jpg, C:\Users\Owner\Downloads\simulator-windows-64\dataTrack1\IMG\left_2024_11_20_20_13_52_048.jpg, C:\Users\Owner\Downloads\simulator-windows-64\dataTrack1\IMG\right_2024_11_20_20_13_52_048.jpg, -0.1489521, 0.0535926, 0, 18.74339
C:\Users\Owner\Downloads\simulator-windows-64\dataTrack1\IMG\center_2024_11_20_20_13_52_151.jpg, C:\Users\Owner\Downloads\simulator-windows-64\dataTrack1\IMG\left_2024_11_20_20_13_52_151.jpg, C:\Users\Owner\Downloads\simulator-windows-64\dataTrack1\IMG\right_2024_11_20_20_13_52_151.jpg, 0, 0.3613629, 0, 18.40682
C:\Users\Owner\Downloads\simulator-windows-64\dataTrack1\IMG\center_2024_11_20_20_13_52_254.jpg, C:\Users\Owner\Downloads\simulator-windows-64\dataTrack1\IMG\left_2024_11_20_20_13_52_254.jpg, C:\Users\Owner\Downloads\simulator-windows-64\dataTrack1\IMG\right_2024_11_20_20_13_52_254.jpg, 0, 0.05201731, 0, 18.86652
C:\Users\Owner\Downloads\simulator-windows-64\dataTrack1\IMG\center_2024_11_20_20_13_52_357.jpg, C:\Users\Owner\Downloads\simulator-windows-64\dataTrack1\IMG\left_2024_11_20_20_13_52_357.jpg, C:\Users\Owner\Downloads\simulator-windows-64\dataTrack1\IMG\right_2024_11_20_20_13_52_357.jpg, 0, 0.3615687, 0, 18.53217
C:\Users\Owner\Downloads\simulator-windows-64\dataTrack1\IMG\center_2024_11_20_20_13_52_461.jpg, C:\Users\Owner\Downloads\simulator-windows-64\dataTrack1\IMG\left_2024_11_20_20_13_52_461.jpg, C:\Users\Owner\Downloads\simulator-windows-64\dataTrack1\IMG\right_2024_11_20_20_13_52_461.jpg, 0, 0.2211657, 0, 19.16164
C:\Users\Owner\Downloads\simulator-windows-64\dataTrack1\IMG\center_2024_11_20_20_13_52_565.jpg, C:\Users\Owner\Downloads\simulator-windows-64\dataTrack1\IMG\left_2024_11_20_20_13_52_565.jpg, C:\Users\Owner\Downloads\simulator-windows-64\dataTrack1\IMG\right_2024_11_20_20_13_52_565.jpg, 0, 0.2689146, 0, 18.82103
C:\Users\Owner\Downloads\simulator-windows-64\dataTrack1\IMG\center_2024_11_20_20_13_52_670.jpg, C:\Users\Owner\Downloads\simulator-windows-64\dataTrack1\IMG\left_2024_11_20_20_13_52_670.jpg, C:\Users\Owner\Downloads\simulator-windows-64\dataTrack1\IMG\right_2024_11_20_20_13_52_670.jpg, 0, 0.3273196, 0, 19.21628
C:\Users\Owner\Downloads\simulator-windows-64\dataTrack1\IMG\center_2024_11_20_20_13_52_774.jpg, C:\Users\Owner\Downloads\simulator-windows-64\dataTrack1\IMG\left_2024_11_20_20_13_52_774.jpg, C:\Users\Owner\Downloads\simulator-windows-64\dataTrack1\IMG\right_2024_11_20_20_13_52_774.jpg, -0.1594404, 0.1178674, 0, 19.5195
C:\Users\Owner\Downloads\simulator-windows-64\dataTrack1\IMG\center_2024_11_20_20_13_52_877.jpg, C:\Users\Owner\Downloads\simulator-windows-64\dataTrack1\IMG\left_2024_11_20_20_13_52_877.jpg, C:\Users\Owner\Downloads\simulator-windows-64\dataTrack1\IMG\right_2024_11_20_20_13_52_877.jpg, -0.2665395, 0.1110084, 0, 19.16906
C:\Users\Owner\Downloads\simulator-windows-64\dataTrack1\IMG\center_2024_11_20_20_13_52_978.jpg, C:\Users\Owner\Downloads\simulator-windows-64\dataTrack1\IMG\left_2024_11_20_20_13_52_978.jpg, C:\Users\Owner\Downloads\simulator-windows-64\dataTrack1\IMG\right_2024_11_20_20_13_52_978.jpg, 0, 0, 0, 19.33444
C:\Users\Owner\Downloads\simulator-windows-64\dataTrack1\IMG\center_2024_11_20_20_13_53_083.jpg, C:\Users\Owner\Downloads\simulator-windows-64\dataTrack1\IMG\left_2024_11_20_20_13_53_083.jpg, C:\Users\Owner\Downloads\simulator-windows-64\dataTrack1\IMG\right_2024_11_20_20_13_53_083.jpg, 0, 0, 0, 18.72805
C:\Users\Owner\Downloads\simulator-windows-64\dataTrack1\IMG\center_2024_11_20_20_13_53_186.jpg, C:\Users\Owner\Downloads\simulator-windows-64\dataTrack1\IMG\left_2024_11_20_20_13_53_186.jpg, C:\Users\Owner\Downloads\simulator-windows-64\dataTrack1\IMG\right_2024_11_20_20_13_53_186.jpg, 0, 0.1030155, 0, 18.98853
C:\Users\Owner\Downloads\simulator-windows-64\dataTrack1\IMG\center_2024_11_20_20_13_53_290.jpg, C:\Users\Owner\Downloads\simulator-windows-64\dataTrack1\IMG\left_2024_11_20_20_13_53_290.jpg, C:\Users\Owner\Downloads\simulator-windows-64\dataTrack1\IMG\right_2024_11_20_20_13_53_290.jpg, 0, 0.2589198, 0, 19.13476
C:\Users\Owner\Downloads\simulator-windows-64\dataTrack1\IMG\center_2024_11_20_20_13_53_394.jpg, C:\Users\Owner\Downloads\simulator-windows-64\dataTrack1\IMG\left_2024_11_20_20_13_53_394.jpg, C:\Users\Owner\Downloads\simulator-windows-64\dataTrack1\IMG\right_2024_11_20_20_13_53_394.jpg, 0, 0, 0, 18.64235
C:\Users\Owner\Downloads\simulator-windows-64\dataTrack1\IMG\center_2024_11_20_20_13_53_495.jpg, C:\Users\Owner\Downloads\simulator-windows-64\dataTrack1\IMG\left_2024_11_20_20_13_53_495.jpg, C:\Users\Owner\Downloads\simulator-windows-64\dataTrack1\IMG\right_2024_11_20_20_13_53_495.jpg, 0, 0, 0, 18.90575
C:\Users\Owner\Downloads\simulator-windows-64\dataTrack1\IMG\center_2024_11_20_20_13_53_600.jpg, C:\Users\Owner\Downloads\simulator-windows-64\dataTrack1\IMG\left_2024_11_20_20_13_53_600.jpg, C:\Users\Owner\Downloads\simulator-windows-64\dataTrack1\IMG\right_2024_11_20_20_13_53_600.jpg, 0, 0.1044921, 0, 18.25891
C:\Users\Owner\Downloads\simulator-windows-64\dataTrack1\IMG\center_2024_11_20_20_13_53_704.jpg, C:\Users\Owner\Downloads\simulator-windows-64\dataTrack1\IMG\left_2024_11_20_20_13_53_704.jpg, C:\Users\Owner\Downloads\simulator-windows-64\dataTrack1\IMG\right_2024_11_20_20_13_53_704.jpg, -0.0535113, 0.2081352, 0, 18.79369
C:\Users\Owner\Downloads\simulator-windows-64\dataTrack1\IMG\center_2024_11_20_20_13_53_806.jpg, C:\Users\Owner\Downloads\simulator-windows-64\dataTrack1\IMG\left_2024_11_20_20_13_53_806.jpg, C:\Users\Owner\Downloads\simulator-windows-64\dataTrack1\IMG\right_2024_11_20_20_13_53_806.jpg, -0.3115149, 0, 0, 18.2379
C:\Users\Owner\Downloads\simulator-windows-64\dataTrack1\IMG\center_2024_11_20_20_13_53_912.jpg, C:\Users\Owner\Downloads\simulator-windows-64\dataTrack1\IMG\left_2024_11_20_20_13_53_912.jpg, C:\Users\Owner\Downloads\simulator-windows-64\dataTrack1\IMG\right_2024_11_20_20_13_53_912.jpg, -0.4635109, 0.2076744, 0, 17.92972
C:\Users\Owner\Downloads\simulator-windows-64\dataTrack1\IMG\center_2024_11_20_20_13_54_012.jpg, C:\Users\Owner\Downloads\simulator-windows-64\dataTrack1\IMG\left_2024_11_20_20_13_54_012.jpg, C:\Users\Owner\Downloads\simulator-windows-64\dataTrack1\IMG\right_2024_11_20_20_13_54_012.jpg, -0.1590175, 0.102552, 0, 18.46621
C:\Users\Owner\Downloads\simulator-windows-64\dataTrack1\IMG\center_2024_11_20_20_13_54_118.jpg, C:\Users\Owner\Downloads\simulator-windows-64\dataTrack1\IMG\left_2024_11_20_20_13_54_118.jpg, C:\Users\Owner\Downloads\simulator-windows-64\dataTrack1\IMG\right_2024_11_20_20_13_54_118.jpg, 0, 0.0559116, 0, 17.83773
C:\Users\Owner\Downloads\simulator-windows-64\dataTrack1\IMG\center_2024_11_20_20_13_54_223.jpg, C:\Users\Owner\Downloads\simulator-windows-64\dataTrack1\IMG\left_2024_11_20_20_13_54_223.jpg, C:\Users\Owner\Downloads\simulator-windows-64\dataTrack1\IMG\right_2024_11_20_20_13_54_223.jpg, 0, 0, 0, 18.24822
C:\Users\Owner\Downloads\simulator-windows-64\dataTrack1\IMG\center_2024_11_20_20_13_54_327.jpg, C:\Users\Owner\Downloads\simulator-windows-64\dataTrack1\IMG\left_2024_11_20_20_13_54_327.jpg, C:\Users\Owner\Downloads\simulator-windows-64\dataTrack1\IMG\right_2024_11_20_20_13_54_327.jpg, 0, 0.1058775, 0, 18.04205
C:\Users\Owner\Downloads\simulator-windows-64\dataTrack1\IMG\center_2024_11_20_20_13_54_429.jpg, C:\Users\Owner\Downloads\simulator-windows-64\dataTrack1\IMG\left_2024_11_20_20_13_54_429.jpg, C:\Users\Owner\Downloads\simulator-windows-64\dataTrack1\IMG\right_2024_11_20_20_13_54_429.jpg, 0, 0.3107361, 0, 17.75083
C:\Users\Owner\Downloads\simulator-windows-64\dataTrack1\IMG\center_2024_11_20_20_13_54_534.jpg, C:\Users\Owner\Downloads\simulator-windows-64\dataTrack1\IMG\left_2024_11_20_20_13_54_534.jpg, C:\Users\Owner\Downloads\simulator-windows-64\dataTrack1\IMG\right_2024_11_20_20_13_54_534.jpg, 0, 0.1004148, 0, 18.18032
C:\Users\Owner\Downloads\simulator-windows-64\dataTrack1\IMG\center_2024_11_20_20_13_54_637.jpg, C:\Users\Owner\Downloads\simulator-windows-64\dataTrack1\IMG\left_2024_11_20_20_13_54_637.jpg, C:\Users\Owner\Downloads\simulator-windows-64\dataTrack1\IMG\right_2024_11_20_20_13_54_637.jpg, 0, 0.4078161, 0, 17.88117
C:\Users\Owner\Downloads\simulator-windows-64\dataTrack1\IMG\center_2024_11_20_20_13_54_741.jpg, C:\Users\Owner\Downloads\simulator-windows-64\dataTrack1\IMG\left_2024_11_20_20_13_54_741.jpg, C:\Users\Owner\Downloads\simulator-windows-64\dataTrack1\IMG\right_2024_11_20_20_13_54_741.jpg, -0.3111513, 0.09666485, 0, 18.37179
C:\Users\Owner\Downloads\simulator-windows-64\dataTrack1\IMG\center_2024_11_20_20_13_54_844.jpg, C:\Users\Owner\Downloads\simulator-windows-64\dataTrack1\IMG\left_2024_11_20_20_13_54_844.jpg, C:\Users\Owner\Downloads\simulator-windows-64\dataTrack1\IMG\right_2024_11_20_20_13_54_844.jpg, -0.4705755, 0.1541913, 0, 17.70817
C:\Users\Owner\Downloads\simulator-windows-64\dataTrack1\IMG\center_2024_11_20_20_13_54_946.jpg, C:\Users\Owner\Downloads\simulator-windows-64\dataTrack1\IMG\left_2024_11_20_20_13_54_946.jpg, C:\Users\Owner\Downloads\simulator-windows-64\dataTrack1\IMG\right_2024_11_20_20_13_54_946.jpg, -0.1647156, 0.1592154, 0, 18.27748
C:\Users\Owner\Downloads\simulator-windows-64\dataTrack1\IMG\center_2024_11_20_20_13_55_051.jpg, C:\Users\Owner\Downloads\simulator-windows-64\dataTrack1\IMG\left_2024_11_20_20_13_55_051.jpg, C:\Users\Owner\Downloads\simulator-windows-64\dataTrack1\IMG\right_2024_11_20_20_13_55_051.jpg, 0, 0.1027593, 0, 18.10293
C:\Users\Owner\Downloads\simulator-windows-64\dataTrack1\IMG\center_2024_11_20_20_13_55_155.jpg, C:\Users\Owner\Downloads\simulator-windows-64\dataTrack1\IMG\left_2024_11_20_20_13_55_155.jpg, C:\Users\Owner\Downloads\simulator-windows-64\dataTrack1\IMG\right_2024_11_20_20_13_55_155.jpg, 0, 0.2024865, 0, 17.73916
C:\Users\Owner\Downloads\simulator-windows-64\dataTrack1\IMG\center_2024_11_20_20_13_55_257.jpg, C:\Users\Owner\Downloads\simulator-windows-64\dataTrack1\IMG\left_2024_11_20_20_13_55_257.jpg, C:\Users\Owner\Downloads\simulator-windows-64\dataTrack1\IMG\right_2024_11_20_20_13_55_257.jpg, 0, 0, 0, 18.11485
C:\Users\Owner\Downloads\simulator-windows-64\dataTrack1\IMG\center_2024_11_20_20_13_55_361.jpg, C:\Users\Owner\Downloads\simulator-windows-64\dataTrack1\IMG\left_2024_11_20_20_13_55_361.jpg, C:\Users\Owner\Downloads\simulator-windows-64\dataTrack1\IMG\right_2024_11_20_20_13_55_361.jpg, 0, 0.3119142, 0, 17.63785
C:\Users\Owner\Downloads\simulator-windows-64\dataTrack1\IMG\center_2024_11_20_20_13_55_464.jpg, C:\Users\Owner\Downloads\simulator-windows-64\dataTrack1\IMG\left_2024_11_20_20_13_55_464.jpg, C:\Users\Owner\Downloads\simulator-windows-64\dataTrack1\IMG\right_2024_11_20_20_13_55_464.jpg, 0, 0.4651053, 0, 18.39498
C:\Users\Owner\Downloads\simulator-windows-64\dataTrack1\IMG\center_2024_11_20_20_13_55_569.jpg, C:\Users\Owner\Downloads\simulator-windows-64\dataTrack1\IMG\left_2024_11_20_20_13_55_569.jpg, C:\Users\Owner\Downloads\simulator-windows-64\dataTrack1\IMG\right_2024_11_20_20_13_55_569.jpg, 0, 0.516888, 0, 18.74677
C:\Users\Owner\Downloads\simulator-windows-64\dataTrack1\IMG\center_2024_11_20_20_13_55_672.jpg, C:\Users\Owner\Downloads\simulator-windows-64\dataTrack1\IMG\left_2024_11_20_20_13_55_672.jpg, C:\Users\Owner\Downloads\simulator-windows-64\dataTrack1\IMG\right_2024_11_20_20_13_55_672.jpg, 0, 0.6153645, 0, 19.07335
C:\Users\Owner\Downloads\simulator-windows-64\dataTrack1\IMG\center_2024_11_20_20_13_55_775.jpg, C:\Users\Owner\Downloads\simulator-windows-64\dataTrack1\IMG\left_2024_11_20_20_13_55_775.jpg, C:\Users\Owner\Downloads\simulator-windows-64\dataTrack1\IMG\right_2024_11_20_20_13_55_775.jpg, 0, 0.6104598, 0, 19.78257
C:\Users\Owner\Downloads\simulator-windows-64\dataTrack1\IMG\center_2024_11_20_20_13_55_879.jpg, C:\Users\Owner\Downloads\simulator-windows-64\dataTrack1\IMG\left_2024_11_20_20_13_55_879.jpg, C:\Users\Owner\Downloads\simulator-windows-64\dataTrack1\IMG\right_2024_11_20_20_13_55_879.jpg, 0, 0.710703, 0, 20.26549
C:\Users\Owner\Downloads\simulator-windows-64\dataTrack1\IMG\center_2024_11_20_20_13_55_983.jpg, C:\Users\Owner\Downloads\simulator-windows-64\dataTrack1\IMG\left_2024_11_20_20_13_55_983.jpg, C:\Users\Owner\Downloads\simulator-windows-64\dataTrack1\IMG\right_2024_11_20_20_13_55_983.jpg, -0.1044336, 0.4003794, 0, 20.9372
C:\Users\Owner\Downloads\simulator-windows-64\dataTrack1\IMG\center_2024_11_20_20_13_56_087.jpg, C:\Users\Owner\Downloads\simulator-windows-64\dataTrack1\IMG\left_2024_11_20_20_13_56_087.jpg, C:\Users\Owner\Downloads\simulator-windows-64\dataTrack1\IMG\right_2024_11_20_20_13_56_087.jpg, -0.4194189, 0.3019017, 0, 20.9908
C:\Users\Owner\Downloads\simulator-windows-64\dataTrack1\IMG\center_2024_11_20_20_13_56_189.jpg, C:\Users\Owner\Downloads\simulator-windows-64\dataTrack1\IMG\left_2024_11_20_20_13_56_189.jpg, C:\Users\Owner\Downloads\simulator-windows-64\dataTrack1\IMG\right_2024_11_20_20_13_56_189.jpg, -0.1151676, 0.606153, 0, 21.1383
C:\Users\Owner\Downloads\simulator-windows-64\dataTrack1\IMG\center_2024_11_20_20_13_56_291.jpg, C:\Users\Owner\Downloads\simulator-windows-64\dataTrack1\IMG\left_2024_11_20_20_13_56_291.jpg, C:\Users\Owner\Downloads\simulator-windows-64\dataTrack1\IMG\right_2024_11_20_20_13_56_291.jpg, 0, 0.2985896, 0, 21.63483
C:\Users\Owner\Downloads\simulator-windows-64\dataTrack1\IMG\center_2024_11_20_20_13_56_396.jpg, C:\Users\Owner\Downloads\simulator-windows-64\dataTrack1\IMG\left_2024_11_20_20_13_56_396.jpg, C:\Users\Owner\Downloads\simulator-windows-64\dataTrack1\IMG\right_2024_11_20_20_13_56_396.jpg, 0, 0.3991118, 0, 21.57636
C:\Users\Owner\Downloads\simulator-windows-64\dataTrack1\IMG\center_2024_11_20_20_13_56_499.jpg, C:\Users\Owner\Downloads\simulator-windows-64\dataTrack1\IMG\left_2024_11_20_20_13_56_499.jpg, C:\Users\Owner\Downloads\simulator-windows-64\dataTrack1\IMG\right_2024_11_20_20_13_56_499.jpg, -0.0525288, 0.3959222, 0, 22.09193
C:\Users\Owner\Downloads\simulator-windows-64\dataTrack1\IMG\center_2024_11_20_20_13_56_602.jpg, C:\Users\Owner\Downloads\simulator-windows-64\dataTrack1\IMG\left_2024_11_20_20_13_56_602.jpg, C:\Users\Owner\Downloads\simulator-windows-64\dataTrack1\IMG\right_2024_11_20_20_13_56_602.jpg, -0.3611577, 0.08729327, 0, 22.01133
C:\Users\Owner\Downloads\simulator-windows-64\dataTrack1\IMG\center_2024_11_20_20_13_56_705.jpg, C:\Users\Owner\Downloads\simulator-windows-64\dataTrack1\IMG\left_2024_11_20_20_13_56_705.jpg, C:\Users\Owner\Downloads\simulator-windows-64\dataTrack1\IMG\right_2024_11_20_20_13_56_705.jpg, -0.09873752, 0.1566108, 0, 21.97888
C:\Users\Owner\Downloads\simulator-windows-64\dataTrack1\IMG\center_2024_11_20_20_13_56_810.jpg, C:\Users\Owner\Downloads\simulator-windows-64\dataTrack1\IMG\left_2024_11_20_20_13_56_810.jpg, C:\Users\Owner\Downloads\simulator-windows-64\dataTrack1\IMG\right_2024_11_20_20_13_56_810.jpg, 0, 0.3167811, 0, 22.18094
C:\Users\Owner\Downloads\simulator-windows-64\dataTrack1\IMG\center_2024_11_20_20_13_56_912.jpg, C:\Users\Owner\Downloads\simulator-windows-64\dataTrack1\IMG\left_2024_11_20_20_13_56_912.jpg, C:\Users\Owner\Downloads\simulator-windows-64\dataTrack1\IMG\right_2024_11_20_20_13_56_912.jpg, -0.3080712, 0.008709915, 0, 21.91479
C:\Users\Owner\Downloads\simulator-windows-64\dataTrack1\IMG\center_2024_11_20_20_13_57_016.jpg, C:\Users\Owner\Downloads\simulator-windows-64\dataTrack1\IMG\left_2024_11_20_20_13_57_016.jpg, C:\Users\Owner\Downloads\simulator-windows-64\dataTrack1\IMG\right_2024_11_20_20_13_57_016.jpg, -0.1665744, 0, 0, 21.87096
C:\Users\Owner\Downloads\simulator-windows-64\dataTrack1\IMG\center_2024_11_20_20_13_57_120.jpg, C:\Users\Owner\Downloads\simulator-windows-64\dataTrack1\IMG\left_2024_11_20_20_13_57_120.jpg, C:\Users\Owner\Downloads\simulator-windows-64\dataTrack1\IMG\right_2024_11_20_20_13_57_120.jpg, 0, 0.2052771, 0, 21.45821
C:\Users\Owner\Downloads\simulator-windows-64\dataTrack1\IMG\center_2024_11_20_20_13_57_222.jpg, C:\Users\Owner\Downloads\simulator-windows-64\dataTrack1\IMG\left_2024_11_20_20_13_57_222.jpg, C:\Users\Owner\Downloads\simulator-windows-64\dataTrack1\IMG\right_2024_11_20_20_13_57_222.jpg, -0.307779, 0, 0, 21.57877
C:\Users\Owner\Downloads\simulator-windows-64\dataTrack1\IMG\center_2024_11_20_20_13_57_325.jpg, C:\Users\Owner\Downloads\simulator-windows-64\dataTrack1\IMG\left_2024_11_20_20_13_57_325.jpg, C:\Users\Owner\Downloads\simulator-windows-64\dataTrack1\IMG\right_2024_11_20_20_13_57_325.jpg, -0.2274267, 0, 0, 21.01803
C:\Users\Owner\Downloads\simulator-windows-64\dataTrack1\IMG\center_2024_11_20_20_13_57_429.jpg, C:\Users\Owner\Downloads\simulator-windows-64\dataTrack1\IMG\left_2024_11_20_20_13_57_429.jpg, C:\Users\Owner\Downloads\simulator-windows-64\dataTrack1\IMG\right_2024_11_20_20_13_57_429.jpg, 0, 0, 0, 20.74771
C:\Users\Owner\Downloads\simulator-windows-64\dataTrack1\IMG\center_2024_11_20_20_13_57_535.jpg, C:\Users\Owner\Downloads\simulator-windows-64\dataTrack1\IMG\left_2024_11_20_20_13_57_535.jpg, C:\Users\Owner\Downloads\simulator-windows-64\dataTrack1\IMG\right_2024_11_20_20_13_57_535.jpg, -0.226131, 0, 0, 20.83192
C:\Users\Owner\Downloads\simulator-windows-64\dataTrack1\IMG\center_2024_11_20_20_13_57_639.jpg, C:\Users\Owner\Downloads\simulator-windows-64\dataTrack1\IMG\left_2024_11_20_20_13_57_639.jpg, C:\Users\Owner\Downloads\simulator-windows-64\dataTrack1\IMG\right_2024_11_20_20_13_57_639.jpg, -0.2282529, 0, 0, 20.25512
C:\Users\Owner\Downloads\simulator-windows-64\dataTrack1\IMG\center_2024_11_20_20_13_57_741.jpg, C:\Users\Owner\Downloads\simulator-windows-64\dataTrack1\IMG\left_2024_11_20_20_13_57_741.jpg, C:\Users\Owner\Downloads\simulator-windows-64\dataTrack1\IMG\right_2024_11_20_20_13_57_741.jpg, 0, 0, 0, 20.37476
C:\Users\Owner\Downloads\simulator-windows-64\dataTrack1\IMG\center_2024_11_20_20_13_57_845.jpg, C:\Users\Owner\Downloads\simulator-windows-64\dataTrack1\IMG\left_2024_11_20_20_13_57_845.jpg, C:\Users\Owner\Downloads\simulator-windows-64\dataTrack1\IMG\right_2024_11_20_20_13_57_845.jpg, 0, 0.2047968, 0, 19.88612
C:\Users\Owner\Downloads\simulator-windows-64\dataTrack1\IMG\center_2024_11_20_20_13_57_947.jpg, C:\Users\Owner\Downloads\simulator-windows-64\dataTrack1\IMG\left_2024_11_20_20_13_57_947.jpg, C:\Users\Owner\Downloads\simulator-windows-64\dataTrack1\IMG\right_2024_11_20_20_13_57_947.jpg, 0, 0.1064238, 0, 20.00072
C:\Users\Owner\Downloads\simulator-windows-64\dataTrack1\IMG\center_2024_11_20_20_13_58_052.jpg, C:\Users\Owner\Downloads\simulator-windows-64\dataTrack1\IMG\left_2024_11_20_20_13_58_052.jpg, C:\Users\Owner\Downloads\simulator-windows-64\dataTrack1\IMG\right_2024_11_20_20_13_58_052.jpg, 0, 0, 0, 20.13372
C:\Users\Owner\Downloads\simulator-windows-64\dataTrack1\IMG\center_2024_11_20_20_13_58_154.jpg, C:\Users\Owner\Downloads\simulator-windows-64\dataTrack1\IMG\left_2024_11_20_20_13_58_154.jpg, C:\Users\Owner\Downloads\simulator-windows-64\dataTrack1\IMG\right_2024_11_20_20_13_58_154.jpg, 0, 0.1520703, 0, 19.64397
C:\Users\Owner\Downloads\simulator-windows-64\dataTrack1\IMG\center_2024_11_20_20_13_58_259.jpg, C:\Users\Owner\Downloads\simulator-windows-64\dataTrack1\IMG\left_2024_11_20_20_13_58_259.jpg, C:\Users\Owner\Downloads\simulator-windows-64\dataTrack1\IMG\right_2024_11_20_20_13_58_259.jpg, 0, 0.2562855, 0, 20.0911
C:\Users\Owner\Downloads\simulator-windows-64\dataTrack1\IMG\center_2024_11_20_20_13_58_362.jpg, C:\Users\Owner\Downloads\simulator-windows-64\dataTrack1\IMG\left_2024_11_20_20_13_58_362.jpg, C:\Users\Owner\Downloads\simulator-windows-64\dataTrack1\IMG\right_2024_11_20_20_13_58_362.jpg, -0.0519018, 0, 0, 19.73222
C:\Users\Owner\Downloads\simulator-windows-64\dataTrack1\IMG\center_2024_11_20_20_13_58_465.jpg, C:\Users\Owner\Downloads\simulator-windows-64\dataTrack1\IMG\left_2024_11_20_20_13_58_465.jpg, C:\Users\Owner\Downloads\simulator-windows-64\dataTrack1\IMG\right_2024_11_20_20_13_58_465.jpg, -0.3111783, 0.0505197, 0, 19.90243
C:\Users\Owner\Downloads\simulator-windows-64\dataTrack1\IMG\center_2024_11_20_20_13_58_571.jpg, C:\Users\Owner\Downloads\simulator-windows-64\dataTrack1\IMG\left_2024_11_20_20_13_58_571.jpg, C:\Users\Owner\Downloads\simulator-windows-64\dataTrack1\IMG\right_2024_11_20_20_13_58_571.jpg, -0.4646392, 0, 0, 19.5213
C:\Users\Owner\Downloads\simulator-windows-64\dataTrack1\IMG\center_2024_11_20_20_13_58_674.jpg, C:\Users\Owner\Downloads\simulator-windows-64\dataTrack1\IMG\left_2024_11_20_20_13_58_674.jpg, C:\Users\Owner\Downloads\simulator-windows-64\dataTrack1\IMG\right_2024_11_20_20_13_58_674.jpg, -0.1553218, 0.1558608, 0, 19.03397
C:\Users\Owner\Downloads\simulator-windows-64\dataTrack1\IMG\center_2024_11_20_20_13_58_777.jpg, C:\Users\Owner\Downloads\simulator-windows-64\dataTrack1\IMG\left_2024_11_20_20_13_58_777.jpg, C:\Users\Owner\Downloads\simulator-windows-64\dataTrack1\IMG\right_2024_11_20_20_13_58_777.jpg, 0, 0.1613256, 0, 19.45525
C:\Users\Owner\Downloads\simulator-windows-64\dataTrack1\IMG\center_2024_11_20_20_13_58_882.jpg, C:\Users\Owner\Downloads\simulator-windows-64\dataTrack1\IMG\left_2024_11_20_20_13_58_882.jpg, C:\Users\Owner\Downloads\simulator-windows-64\dataTrack1\IMG\right_2024_11_20_20_13_58_882.jpg, 0, 0.0532239, 0, 18.94068
C:\Users\Owner\Downloads\simulator-windows-64\dataTrack1\IMG\center_2024_11_20_20_13_58_985.jpg, C:\Users\Owner\Downloads\simulator-windows-64\dataTrack1\IMG\left_2024_11_20_20_13_58_985.jpg, C:\Users\Owner\Downloads\simulator-windows-64\dataTrack1\IMG\right_2024_11_20_20_13_58_985.jpg, 0, 0.2501673, 0, 19.33333
C:\Users\Owner\Downloads\simulator-windows-64\dataTrack1\IMG\center_2024_11_20_20_13_59_087.jpg, C:\Users\Owner\Downloads\simulator-windows-64\dataTrack1\IMG\left_2024_11_20_20_13_59_087.jpg, C:\Users\Owner\Downloads\simulator-windows-64\dataTrack1\IMG\right_2024_11_20_20_13_59_087.jpg, 0, 0, 0, 19.2701
C:\Users\Owner\Downloads\simulator-windows-64\dataTrack1\IMG\center_2024_11_20_20_13_59_190.jpg, C:\Users\Owner\Downloads\simulator-windows-64\dataTrack1\IMG\left_2024_11_20_20_13_59_190.jpg, C:\Users\Owner\Downloads\simulator-windows-64\dataTrack1\IMG\right_2024_11_20_20_13_59_190.jpg, 0, 0.2048703, 0, 18.90426
C:\Users\Owner\Downloads\simulator-windows-64\dataTrack1\IMG\center_2024_11_20_20_13_59_293.jpg, C:\Users\Owner\Downloads\simulator-windows-64\dataTrack1\IMG\left_2024_11_20_20_13_59_293.jpg, C:\Users\Owner\Downloads\simulator-windows-64\dataTrack1\IMG\right_2024_11_20_20_13_59_293.jpg, 0, 0.0526413, 0, 19.16043
C:\Users\Owner\Downloads\simulator-windows-64\dataTrack1\IMG\center_2024_11_20_20_13_59_397.jpg, C:\Users\Owner\Downloads\simulator-windows-64\dataTrack1\IMG\left_2024_11_20_20_13_59_397.jpg, C:\Users\Owner\Downloads\simulator-windows-64\dataTrack1\IMG\right_2024_11_20_20_13_59_397.jpg, 0, 0.2584506, 0, 18.84092
C:\Users\Owner\Downloads\simulator-windows-64\dataTrack1\IMG\center_2024_11_20_20_13_59_501.jpg, C:\Users\Owner\Downloads\simulator-windows-64\dataTrack1\IMG\left_2024_11_20_20_13_59_501.jpg, C:\Users\Owner\Downloads\simulator-windows-64\dataTrack1\IMG\right_2024_11_20_20_13_59_501.jpg, 0, 0, 0, 19.17189
C:\Users\Owner\Downloads\simulator-windows-64\dataTrack1\IMG\center_2024_11_20_20_13_59_605.jpg, C:\Users\Owner\Downloads\simulator-windows-64\dataTrack1\IMG\left_2024_11_20_20_13_59_605.jpg, C:\Users\Owner\Downloads\simulator-windows-64\dataTrack1\IMG\right_2024_11_20_20_13_59_605.jpg, 0, 0.2614698, 0, 18.7169
C:\Users\Owner\Downloads\simulator-windows-64\dataTrack1\IMG\center_2024_11_20_20_13_59_708.jpg, C:\Users\Owner\Downloads\simulator-windows-64\dataTrack1\IMG\left_2024_11_20_20_13_59_708.jpg, C:\Users\Owner\Downloads\simulator-windows-64\dataTrack1\IMG\right_2024_11_20_20_13_59_708.jpg, -0.0504513, 0.00480359, 0, 18.70271
C:\Users\Owner\Downloads\simulator-windows-64\dataTrack1\IMG\center_2024_11_20_20_13_59_812.jpg, C:\Users\Owner\Downloads\simulator-windows-64\dataTrack1\IMG\left_2024_11_20_20_13_59_812.jpg, C:\Users\Owner\Downloads\simulator-windows-64\dataTrack1\IMG\right_2024_11_20_20_13_59_812.jpg, -0.3619212, 0, 0, 18.87652
C:\Users\Owner\Downloads\simulator-windows-64\dataTrack1\IMG\center_2024_11_20_20_13_59_914.jpg, C:\Users\Owner\Downloads\simulator-windows-64\dataTrack1\IMG\left_2024_11_20_20_13_59_914.jpg, C:\Users\Owner\Downloads\simulator-windows-64\dataTrack1\IMG\right_2024_11_20_20_13_59_914.jpg, -0.3659685, 0.0481347, 0, 18.12197
C:\Users\Owner\Downloads\simulator-windows-64\dataTrack1\IMG\center_2024_11_20_20_14_00_021.jpg, C:\Users\Owner\Downloads\simulator-windows-64\dataTrack1\IMG\left_2024_11_20_20_14_00_021.jpg, C:\Users\Owner\Downloads\simulator-windows-64\dataTrack1\IMG\right_2024_11_20_20_14_00_021.jpg, -0.04655366, 0.2451843, 0, 18.62541
C:\Users\Owner\Downloads\simulator-windows-64\dataTrack1\IMG\center_2024_11_20_20_14_00_122.jpg, C:\Users\Owner\Downloads\simulator-windows-64\dataTrack1\IMG\left_2024_11_20_20_14_00_122.jpg, C:\Users\Owner\Downloads\simulator-windows-64\dataTrack1\IMG\right_2024_11_20_20_14_00_122.jpg, 0, 0, 0, 18.14456
C:\Users\Owner\Downloads\simulator-windows-64\dataTrack1\IMG\center_2024_11_20_20_14_00_224.jpg, C:\Users\Owner\Downloads\simulator-windows-64\dataTrack1\IMG\left_2024_11_20_20_14_00_224.jpg, C:\Users\Owner\Downloads\simulator-windows-64\dataTrack1\IMG\right_2024_11_20_20_14_00_224.jpg, 0, 0.1518606, 0, 18.4618
C:\Users\Owner\Downloads\simulator-windows-64\dataTrack1\IMG\center_2024_11_20_20_14_00_328.jpg, C:\Users\Owner\Downloads\simulator-windows-64\dataTrack1\IMG\left_2024_11_20_20_14_00_328.jpg, C:\Users\Owner\Downloads\simulator-windows-64\dataTrack1\IMG\right_2024_11_20_20_14_00_328.jpg, 0, 0, 0, 18.35392
C:\Users\Owner\Downloads\simulator-windows-64\dataTrack1\IMG\center_2024_11_20_20_14_00_430.jpg, C:\Users\Owner\Downloads\simulator-windows-64\dataTrack1\IMG\left_2024_11_20_20_14_00_430.jpg, C:\Users\Owner\Downloads\simulator-windows-64\dataTrack1\IMG\right_2024_11_20_20_14_00_430.jpg, 0, 0.1525608, 0, 17.72168
C:\Users\Owner\Downloads\simulator-windows-64\dataTrack1\IMG\center_2024_11_20_20_14_00_536.jpg, C:\Users\Owner\Downloads\simulator-windows-64\dataTrack1\IMG\left_2024_11_20_20_14_00_536.jpg, C:\Users\Owner\Downloads\simulator-windows-64\dataTrack1\IMG\right_2024_11_20_20_14_00_536.jpg, 0, 0.1512636, 0, 18.3072
C:\Users\Owner\Downloads\simulator-windows-64\dataTrack1\IMG\center_2024_11_20_20_14_00_639.jpg, C:\Users\Owner\Downloads\simulator-windows-64\dataTrack1\IMG\left_2024_11_20_20_14_00_639.jpg, C:\Users\Owner\Downloads\simulator-windows-64\dataTrack1\IMG\right_2024_11_20_20_14_00_639.jpg, -0.0487725, 0, 0, 17.68404
C:\Users\Owner\Downloads\simulator-windows-64\dataTrack1\IMG\center_2024_11_20_20_14_00_742.jpg, C:\Users\Owner\Downloads\simulator-windows-64\dataTrack1\IMG\left_2024_11_20_20_14_00_742.jpg, C:\Users\Owner\Downloads\simulator-windows-64\dataTrack1\IMG\right_2024_11_20_20_14_00_742.jpg, -0.3144807, 0.0542418, 0, 18.05895
C:\Users\Owner\Downloads\simulator-windows-64\dataTrack1\IMG\center_2024_11_20_20_14_00_847.jpg, C:\Users\Owner\Downloads\simulator-windows-64\dataTrack1\IMG\left_2024_11_20_20_14_00_847.jpg, C:\Users\Owner\Downloads\simulator-windows-64\dataTrack1\IMG\right_2024_11_20_20_14_00_847.jpg, -0.045816, 0, 0, 17.86227
C:\Users\Owner\Downloads\simulator-windows-64\dataTrack1\IMG\center_2024_11_20_20_14_00_949.jpg, C:\Users\Owner\Downloads\simulator-windows-64\dataTrack1\IMG\left_2024_11_20_20_14_00_949.jpg, C:\Users\Owner\Downloads\simulator-windows-64\dataTrack1\IMG\right_2024_11_20_20_14_00_949.jpg, 0, 0.3058743, 0, 17.40318
C:\Users\Owner\Downloads\simulator-windows-64\dataTrack1\IMG\center_2024_11_20_20_14_01_052.jpg, C:\Users\Owner\Downloads\simulator-windows-64\dataTrack1\IMG\left_2024_11_20_20_14_01_052.jpg, C:\Users\Owner\Downloads\simulator-windows-64\dataTrack1\IMG\right_2024_11_20_20_14_01_052.jpg, 0, 0, 0, 17.8637
C:\Users\Owner\Downloads\simulator-windows-64\dataTrack1\IMG\center_2024_11_20_20_14_01_156.jpg, C:\Users\Owner\Downloads\simulator-windows-64\dataTrack1\IMG\left_2024_11_20_20_14_01_156.jpg, C:\Users\Owner\Downloads\simulator-windows-64\dataTrack1\IMG\right_2024_11_20_20_14_01_156.jpg, 0, 0.1513353, 0, 17.2185
C:\Users\Owner\Downloads\simulator-windows-64\dataTrack1\IMG\center_2024_11_20_20_14_01_260.jpg, C:\Users\Owner\Downloads\simulator-windows-64\dataTrack1\IMG\left_2024_11_20_20_14_01_260.jpg, C:\Users\Owner\Downloads\simulator-windows-64\dataTrack1\IMG\right_2024_11_20_20_14_01_260.jpg, 0, 0.2550546, 0, 17.84634
C:\Users\Owner\Downloads\simulator-windows-64\dataTrack1\IMG\center_2024_11_20_20_14_01_362.jpg, C:\Users\Owner\Downloads\simulator-windows-64\dataTrack1\IMG\left_2024_11_20_20_14_01_362.jpg, C:\Users\Owner\Downloads\simulator-windows-64\dataTrack1\IMG\right_2024_11_20_20_14_01_362.jpg, -0.3087288, 0, 0, 17.33228
C:\Users\Owner\Downloads\simulator-windows-64\dataTrack1\IMG\center_2024_11_20_20_14_01_466.jpg, C:\Users\Owner\Downloads\simulator-windows-64\dataTrack1\IMG\left_2024_11_20_20_14_01_466.jpg, C:\Users\Owner\Downloads\simulator-windows-64\dataTrack1\IMG\right_2024_11_20_20_14_01_466.jpg, -0.463769, 0, 0, 17.53325
C:\Users\Owner\Downloads\simulator-windows-64\dataTrack1\IMG\center_2024_11_20_20_14_01_571.jpg, C:\Users\Owner\Downloads\simulator-windows-64\dataTrack1\IMG\left_2024_11_20_20_14_01_571.jpg, C:\Users\Owner\Downloads\simulator-windows-64\dataTrack1\IMG\right_2024_11_20_20_14_01_571.jpg, -0.09776902, 0.3154176, 0, 17.50792
C:\Users\Owner\Downloads\simulator-windows-64\dataTrack1\IMG\center_2024_11_20_20_14_01_675.jpg, C:\Users\Owner\Downloads\simulator-windows-64\dataTrack1\IMG\left_2024_11_20_20_14_01_675.jpg, C:\Users\Owner\Downloads\simulator-windows-64\dataTrack1\IMG\right_2024_11_20_20_14_01_675.jpg, 0, 0.005841918, 0, 17.02344
C:\Users\Owner\Downloads\simulator-windows-64\dataTrack1\IMG\center_2024_11_20_20_14_01_778.jpg, C:\Users\Owner\Downloads\simulator-windows-64\dataTrack1\IMG\left_2024_11_20_20_14_01_778.jpg, C:\Users\Owner\Downloads\simulator-windows-64\dataTrack1\IMG\right_2024_11_20_20_14_01_778.jpg, 0, 0.2010831, 0, 17.39768
C:\Users\Owner\Downloads\simulator-windows-64\dataTrack1\IMG\center_2024_11_20_20_14_01_882.jpg, C:\Users\Owner\Downloads\simulator-windows-64\dataTrack1\IMG\left_2024_11_20_20_14_01_882.jpg, C:\Users\Owner\Downloads\simulator-windows-64\dataTrack1\IMG\right_2024_11_20_20_14_01_882.jpg, 0, 0.06007169, 0, 17.01374
C:\Users\Owner\Downloads\simulator-windows-64\dataTrack1\IMG\center_2024_11_20_20_14_01_983.jpg, C:\Users\Owner\Downloads\simulator-windows-64\dataTrack1\IMG\left_2024_11_20_20_14_01_983.jpg, C:\Users\Owner\Downloads\simulator-windows-64\dataTrack1\IMG\right_2024_11_20_20_14_01_983.jpg, 0, 0.1545339, 0, 17.36408
C:\Users\Owner\Downloads\simulator-windows-64\dataTrack1\IMG\center_2024_11_20_20_14_02_088.jpg, C:\Users\Owner\Downloads\simulator-windows-64\dataTrack1\IMG\left_2024_11_20_20_14_02_088.jpg, C:\Users\Owner\Downloads\simulator-windows-64\dataTrack1\IMG\right_2024_11_20_20_14_02_088.jpg, 0, 0.4710264, 0, 17.56529
C:\Users\Owner\Downloads\simulator-windows-64\dataTrack1\IMG\center_2024_11_20_20_14_02_190.jpg, C:\Users\Owner\Downloads\simulator-windows-64\dataTrack1\IMG\left_2024_11_20_20_14_02_190.jpg, C:\Users\Owner\Downloads\simulator-windows-64\dataTrack1\IMG\right_2024_11_20_20_14_02_190.jpg, 0, 0.7756509, 0, 17.8702
C:\Users\Owner\Downloads\simulator-windows-64\dataTrack1\IMG\center_2024_11_20_20_14_02_302.jpg, C:\Users\Owner\Downloads\simulator-windows-64\dataTrack1\IMG\left_2024_11_20_20_14_02_302.jpg, C:\Users\Owner\Downloads\simulator-windows-64\dataTrack1\IMG\right_2024_11_20_20_14_02_302.jpg, 0, 0.4418379, 0, 18.70883
C:\Users\Owner\Downloads\simulator-windows-64\dataTrack1\IMG\center_2024_11_20_20_14_02_405.jpg, C:\Users\Owner\Downloads\simulator-windows-64\dataTrack1\IMG\left_2024_11_20_20_14_02_405.jpg, C:\Users\Owner\Downloads\simulator-windows-64\dataTrack1\IMG\right_2024_11_20_20_14_02_405.jpg, -0.1551582, 0.7042242, 0, 18.92497
C:\Users\Owner\Downloads\simulator-windows-64\dataTrack1\IMG\center_2024_11_20_20_14_02_509.jpg, C:\Users\Owner\Downloads\simulator-windows-64\dataTrack1\IMG\left_2024_11_20_20_14_02_509.jpg, C:\Users\Owner\Downloads\simulator-windows-64\dataTrack1\IMG\right_2024_11_20_20_14_02_509.jpg, -0.5152889, 0.6483276, 0, 19.72835
C:\Users\Owner\Downloads\simulator-windows-64\dataTrack1\IMG\center_2024_11_20_20_14_02_612.jpg, C:\Users\Owner\Downloads\simulator-windows-64\dataTrack1\IMG\left_2024_11_20_20_14_02_612.jpg, C:\Users\Owner\Downloads\simulator-windows-64\dataTrack1\IMG\right_2024_11_20_20_14_02_612.jpg, -0.4072827, 0.5471499, 0, 20.23848
C:\Users\Owner\Downloads\simulator-windows-64\dataTrack1\IMG\center_2024_11_20_20_14_02_716.jpg, C:\Users\Owner\Downloads\simulator-windows-64\dataTrack1\IMG\left_2024_11_20_20_14_02_716.jpg, C:\Users\Owner\Downloads\simulator-windows-64\dataTrack1\IMG\right_2024_11_20_20_14_02_716.jpg, -0.09687569, 0.7540281, 0, 20.72302
C:\Users\Owner\Downloads\simulator-windows-64\dataTrack1\IMG\center_2024_11_20_20_14_02_820.jpg, C:\Users\Owner\Downloads\simulator-windows-64\dataTrack1\IMG\left_2024_11_20_20_14_02_820.jpg, C:\Users\Owner\Downloads\simulator-windows-64\dataTrack1\IMG\right_2024_11_20_20_14_02_820.jpg, 0, 0.445273, 0, 21.36587
C:\Users\Owner\Downloads\simulator-windows-64\dataTrack1\IMG\center_2024_11_20_20_14_02_922.jpg, C:\Users\Owner\Downloads\simulator-windows-64\dataTrack1\IMG\left_2024_11_20_20_14_02_922.jpg, C:\Users\Owner\Downloads\simulator-windows-64\dataTrack1\IMG\right_2024_11_20_20_14_02_922.jpg, 0, 0.7554079, 0, 21.706
C:\Users\Owner\Downloads\simulator-windows-64\dataTrack1\IMG\center_2024_11_20_20_14_03_026.jpg, C:\Users\Owner\Downloads\simulator-windows-64\dataTrack1\IMG\left_2024_11_20_20_14_03_026.jpg, C:\Users\Owner\Downloads\simulator-windows-64\dataTrack1\IMG\right_2024_11_20_20_14_03_026.jpg, 0, 0.4955907, 0, 22.37372
C:\Users\Owner\Downloads\simulator-windows-64\dataTrack1\IMG\center_2024_11_20_20_14_03_129.jpg, C:\Users\Owner\Downloads\simulator-windows-64\dataTrack1\IMG\left_2024_11_20_20_14_03_129.jpg, C:\Users\Owner\Downloads\simulator-windows-64\dataTrack1\IMG\right_2024_11_20_20_14_03_129.jpg, 0, 0.6489807, 0, 22.95721
C:\Users\Owner\Downloads\simulator-windows-64\dataTrack1\IMG\center_2024_11_20_20_14_03_232.jpg, C:\Users\Owner\Downloads\simulator-windows-64\dataTrack1\IMG\left_2024_11_20_20_14_03_232.jpg, C:\Users\Owner\Downloads\simulator-windows-64\dataTrack1\IMG\right_2024_11_20_20_14_03_232.jpg, 0, 0.3394368, 0, 23.24893
C:\Users\Owner\Downloads\simulator-windows-64\dataTrack1\IMG\center_2024_11_20_20_14_03_337.jpg, C:\Users\Owner\Downloads\simulator-windows-64\dataTrack1\IMG\left_2024_11_20_20_14_03_337.jpg, C:\Users\Owner\Downloads\simulator-windows-64\dataTrack1\IMG\right_2024_11_20_20_14_03_337.jpg, 0.1029843, 0.02691362, 0, 23.24983
C:\Users\Owner\Downloads\simulator-windows-64\dataTrack1\IMG\center_2024_11_20_20_14_03_440.jpg, C:\Users\Owner\Downloads\simulator-windows-64\dataTrack1\IMG\left_2024_11_20_20_14_03_440.jpg, C:\Users\Owner\Downloads\simulator-windows-64\dataTrack1\IMG\right_2024_11_20_20_14_03_440.jpg, 0.4139832, 0, 0, 22.91232
C:\Users\Owner\Downloads\simulator-windows-64\dataTrack1\IMG\center_2024_11_20_20_14_03_545.jpg, C:\Users\Owner\Downloads\simulator-windows-64\dataTrack1\IMG\left_2024_11_20_20_14_03_545.jpg, C:\Users\Owner\Downloads\simulator-windows-64\dataTrack1\IMG\right_2024_11_20_20_14_03_545.jpg, 0.09966268, 0, 0, 22.66282
C:\Users\Owner\Downloads\simulator-windows-64\dataTrack1\IMG\center_2024_11_20_20_14_03_647.jpg, C:\Users\Owner\Downloads\simulator-windows-64\dataTrack1\IMG\left_2024_11_20_20_14_03_647.jpg, C:\Users\Owner\Downloads\simulator-windows-64\dataTrack1\IMG\right_2024_11_20_20_14_03_647.jpg, 0, 0, 0, 22.37694
C:\Users\Owner\Downloads\simulator-windows-64\dataTrack1\IMG\center_2024_11_20_20_14_03_749.jpg, C:\Users\Owner\Downloads\simulator-windows-64\dataTrack1\IMG\left_2024_11_20_20_14_03_749.jpg, C:\Users\Owner\Downloads\simulator-windows-64\dataTrack1\IMG\right_2024_11_20_20_14_03_749.jpg, 0, 0.3045789, 0, 22.34425
C:\Users\Owner\Downloads\simulator-windows-64\dataTrack1\IMG\center_2024_11_20_20_14_03_854.jpg, C:\Users\Owner\Downloads\simulator-windows-64\dataTrack1\IMG\left_2024_11_20_20_14_03_854.jpg, C:\Users\Owner\Downloads\simulator-windows-64\dataTrack1\IMG\right_2024_11_20_20_14_03_854.jpg, -0.3148815, 0, 0, 22.23775
C:\Users\Owner\Downloads\simulator-windows-64\dataTrack1\IMG\center_2024_11_20_20_14_03_957.jpg, C:\Users\Owner\Downloads\simulator-windows-64\dataTrack1\IMG\left_2024_11_20_20_14_03_957.jpg, C:\Users\Owner\Downloads\simulator-windows-64\dataTrack1\IMG\right_2024_11_20_20_14_03_957.jpg, -0.005440198, 0, 0, 21.98458
C:\Users\Owner\Downloads\simulator-windows-64\dataTrack1\IMG\center_2024_11_20_20_14_04_059.jpg, C:\Users\Owner\Downloads\simulator-windows-64\dataTrack1\IMG\left_2024_11_20_20_14_04_059.jpg, C:\Users\Owner\Downloads\simulator-windows-64\dataTrack1\IMG\right_2024_11_20_20_14_04_059.jpg, 0, 0.1490949, 0, 21.8152
C:\Users\Owner\Downloads\simulator-windows-64\dataTrack1\IMG\center_2024_11_20_20_14_04_162.jpg, C:\Users\Owner\Downloads\simulator-windows-64\dataTrack1\IMG\left_2024_11_20_20_14_04_162.jpg, C:\Users\Owner\Downloads\simulator-windows-64\dataTrack1\IMG\right_2024_11_20_20_14_04_162.jpg, 0, 0.2515548, 0, 21.91135
C:\Users\Owner\Downloads\simulator-windows-64\dataTrack1\IMG\center_2024_11_20_20_14_04_266.jpg, C:\Users\Owner\Downloads\simulator-windows-64\dataTrack1\IMG\left_2024_11_20_20_14_04_266.jpg, C:\Users\Owner\Downloads\simulator-windows-64\dataTrack1\IMG\right_2024_11_20_20_14_04_266.jpg, 0, 0.0812844, 0, 21.85505
C:\Users\Owner\Downloads\simulator-windows-64\dataTrack1\IMG\center_2024_11_20_20_14_04_372.jpg, C:\Users\Owner\Downloads\simulator-windows-64\dataTrack1\IMG\left_2024_11_20_20_14_04_372.jpg, C:\Users\Owner\Downloads\simulator-windows-64\dataTrack1\IMG\right_2024_11_20_20_14_04_372.jpg, 0, 0.3409065, 0, 22.02312
C:\Users\Owner\Downloads\simulator-windows-64\dataTrack1\IMG\center_2024_11_20_20_14_04_475.jpg, C:\Users\Owner\Downloads\simulator-windows-64\dataTrack1\IMG\left_2024_11_20_20_14_04_475.jpg, C:\Users\Owner\Downloads\simulator-windows-64\dataTrack1\IMG\right_2024_11_20_20_14_04_475.jpg, 0, 0.1307637, 0, 21.96519
C:\Users\Owner\Downloads\simulator-windows-64\dataTrack1\IMG\center_2024_11_20_20_14_04_578.jpg, C:\Users\Owner\Downloads\simulator-windows-64\dataTrack1\IMG\left_2024_11_20_20_14_04_578.jpg, C:\Users\Owner\Downloads\simulator-windows-64\dataTrack1\IMG\right_2024_11_20_20_14_04_578.jpg, 0, 0.2305731, 0, 22.08909
C:\Users\Owner\Downloads\simulator-windows-64\dataTrack1\IMG\center_2024_11_20_20_14_04_681.jpg, C:\Users\Owner\Downloads\simulator-windows-64\dataTrack1\IMG\left_2024_11_20_20_14_04_681.jpg, C:\Users\Owner\Downloads\simulator-windows-64\dataTrack1\IMG\right_2024_11_20_20_14_04_681.jpg, 0, 0.0518682, 0, 21.97487
C:\Users\Owner\Downloads\simulator-windows-64\dataTrack1\IMG\center_2024_11_20_20_14_04_782.jpg, C:\Users\Owner\Downloads\simulator-windows-64\dataTrack1\IMG\left_2024_11_20_20_14_04_782.jpg, C:\Users\Owner\Downloads\simulator-windows-64\dataTrack1\IMG\right_2024_11_20_20_14_04_782.jpg, 0, 0.05636913, 0, 21.93078
C:\Users\Owner\Downloads\simulator-windows-64\dataTrack1\IMG\center_2024_11_20_20_14_04_888.jpg, C:\Users\Owner\Downloads\simulator-windows-64\dataTrack1\IMG\left_2024_11_20_20_14_04_888.jpg, C:\Users\Owner\Downloads\simulator-windows-64\dataTrack1\IMG\right_2024_11_20_20_14_04_888.jpg, 0, 0.1040376, 0, 21.69411
C:\Users\Owner\Downloads\simulator-windows-64\dataTrack1\IMG\center_2024_11_20_20_14_04_991.jpg, C:\Users\Owner\Downloads\simulator-windows-64\dataTrack1\IMG\left_2024_11_20_20_14_04_991.jpg, C:\Users\Owner\Downloads\simulator-windows-64\dataTrack1\IMG\right_2024_11_20_20_14_04_991.jpg, 0, 0.2057139, 0, 21.75901
C:\Users\Owner\Downloads\simulator-windows-64\dataTrack1\IMG\center_2024_11_20_20_14_05_094.jpg, C:\Users\Owner\Downloads\simulator-windows-64\dataTrack1\IMG\left_2024_11_20_20_14_05_094.jpg, C:\Users\Owner\Downloads\simulator-windows-64\dataTrack1\IMG\right_2024_11_20_20_14_05_094.jpg, 0, 0.1004505, 0, 21.64131
C:\Users\Owner\Downloads\simulator-windows-64\dataTrack1\IMG\center_2024_11_20_20_14_05_197.jpg, C:\Users\Owner\Downloads\simulator-windows-64\dataTrack1\IMG\left_2024_11_20_20_14_05_197.jpg, C:\Users\Owner\Downloads\simulator-windows-64\dataTrack1\IMG\right_2024_11_20_20_14_05_197.jpg, 0, 0.1000194, 0, 21.61401
C:\Users\Owner\Downloads\simulator-windows-64\dataTrack1\IMG\center_2024_11_20_20_14_05_299.jpg, C:\Users\Owner\Downloads\simulator-windows-64\dataTrack1\IMG\left_2024_11_20_20_14_05_299.jpg, C:\Users\Owner\Downloads\simulator-windows-64\dataTrack1\IMG\right_2024_11_20_20_14_05_299.jpg, 0, 0.1010019, 0, 21.46383
C:\Users\Owner\Downloads\simulator-windows-64\dataTrack1\IMG\center_2024_11_20_20_14_05_404.jpg, C:\Users\Owner\Downloads\simulator-windows-64\dataTrack1\IMG\left_2024_11_20_20_14_05_404.jpg, C:\Users\Owner\Downloads\simulator-windows-64\dataTrack1\IMG\right_2024_11_20_20_14_05_404.jpg, 0, 0.0486507, 0, 21.37439
C:\Users\Owner\Downloads\simulator-windows-64\dataTrack1\IMG\center_2024_11_20_20_14_05_510.jpg, C:\Users\Owner\Downloads\simulator-windows-64\dataTrack1\IMG\left_2024_11_20_20_14_05_510.jpg, C:\Users\Owner\Downloads\simulator-windows-64\dataTrack1\IMG\right_2024_11_20_20_14_05_510.jpg, -0.0549762, 0, 0, 21.06931
C:\Users\Owner\Downloads\simulator-windows-64\dataTrack1\IMG\center_2024_11_20_20_14_05_613.jpg, C:\Users\Owner\Downloads\simulator-windows-64\dataTrack1\IMG\left_2024_11_20_20_14_05_613.jpg, C:\Users\Owner\Downloads\simulator-windows-64\dataTrack1\IMG\right_2024_11_20_20_14_05_613.jpg, 0, 0.1057599, 0, 21.06824
C:\Users\Owner\Downloads\simulator-windows-64\dataTrack1\IMG\center_2024_11_20_20_14_05_714.jpg, C:\Users\Owner\Downloads\simulator-windows-64\dataTrack1\IMG\left_2024_11_20_20_14_05_714.jpg, C:\Users\Owner\Downloads\simulator-windows-64\dataTrack1\IMG\right_2024_11_20_20_14_05_714.jpg, 0, 0.1032594, 0, 20.79724
C:\Users\Owner\Downloads\simulator-windows-64\dataTrack1\IMG\center_2024_11_20_20_14_05_817.jpg, C:\Users\Owner\Downloads\simulator-windows-64\dataTrack1\IMG\left_2024_11_20_20_14_05_817.jpg, C:\Users\Owner\Downloads\simulator-windows-64\dataTrack1\IMG\right_2024_11_20_20_14_05_817.jpg, 0, 0.1043949, 0, 20.90452
C:\Users\Owner\Downloads\simulator-windows-64\dataTrack1\IMG\center_2024_11_20_20_14_05_921.jpg, C:\Users\Owner\Downloads\simulator-windows-64\dataTrack1\IMG\left_2024_11_20_20_14_05_921.jpg, C:\Users\Owner\Downloads\simulator-windows-64\dataTrack1\IMG\right_2024_11_20_20_14_05_921.jpg, 0, 0.2079123, 0, 20.68441
C:\Users\Owner\Downloads\simulator-windows-64\dataTrack1\IMG\center_2024_11_20_20_14_06_024.jpg, C:\Users\Owner\Downloads\simulator-windows-64\dataTrack1\IMG\left_2024_11_20_20_14_06_024.jpg, C:\Users\Owner\Downloads\simulator-windows-64\dataTrack1\IMG\right_2024_11_20_20_14_06_024.jpg, -0.2633775, 0, 0, 20.82373
C:\Users\Owner\Downloads\simulator-windows-64\dataTrack1\IMG\center_2024_11_20_20_14_06_127.jpg, C:\Users\Owner\Downloads\simulator-windows-64\dataTrack1\IMG\left_2024_11_20_20_14_06_127.jpg, C:\Users\Owner\Downloads\simulator-windows-64\dataTrack1\IMG\right_2024_11_20_20_14_06_127.jpg, -0.3113466, 0.1026852, 0, 20.47714
C:\Users\Owner\Downloads\simulator-windows-64\dataTrack1\IMG\center_2024_11_20_20_14_06_231.jpg, C:\Users\Owner\Downloads\simulator-windows-64\dataTrack1\IMG\left_2024_11_20_20_14_06_231.jpg, C:\Users\Owner\Downloads\simulator-windows-64\dataTrack1\IMG\right_2024_11_20_20_14_06_231.jpg, -0.001596015, 0.1040604, 0, 20.20238
C:\Users\Owner\Downloads\simulator-windows-64\dataTrack1\IMG\center_2024_11_20_20_14_06_335.jpg, C:\Users\Owner\Downloads\simulator-windows-64\dataTrack1\IMG\left_2024_11_20_20_14_06_335.jpg, C:\Users\Owner\Downloads\simulator-windows-64\dataTrack1\IMG\right_2024_11_20_20_14_06_335.jpg, 0, 0, 0, 20.31219
C:\Users\Owner\Downloads\simulator-windows-64\dataTrack1\IMG\center_2024_11_20_20_14_06_440.jpg, C:\Users\Owner\Downloads\simulator-windows-64\dataTrack1\IMG\left_2024_11_20_20_14_06_440.jpg, C:\Users\Owner\Downloads\simulator-windows-64\dataTrack1\IMG\right_2024_11_20_20_14_06_440.jpg, 0, 0.3127239, 0, 19.98072
C:\Users\Owner\Downloads\simulator-windows-64\dataTrack1\IMG\center_2024_11_20_20_14_06_542.jpg, C:\Users\Owner\Downloads\simulator-windows-64\dataTrack1\IMG\left_2024_11_20_20_14_06_542.jpg, C:\Users\Owner\Downloads\simulator-windows-64\dataTrack1\IMG\right_2024_11_20_20_14_06_542.jpg, 0, 0.002630971, 0, 20.30978
C:\Users\Owner\Downloads\simulator-windows-64\dataTrack1\IMG\center_2024_11_20_20_14_06_647.jpg, C:\Users\Owner\Downloads\simulator-windows-64\dataTrack1\IMG\left_2024_11_20_20_14_06_647.jpg, C:\Users\Owner\Downloads\simulator-windows-64\dataTrack1\IMG\right_2024_11_20_20_14_06_647.jpg, 0, 0.1595301, 0, 20.11292
C:\Users\Owner\Downloads\simulator-windows-64\dataTrack1\IMG\center_2024_11_20_20_14_06_751.jpg, C:\Users\Owner\Downloads\simulator-windows-64\dataTrack1\IMG\left_2024_11_20_20_14_06_751.jpg, C:\Users\Owner\Downloads\simulator-windows-64\dataTrack1\IMG\right_2024_11_20_20_14_06_751.jpg, 0, 0.0516501, 0, 19.79366
C:\Users\Owner\Downloads\simulator-windows-64\dataTrack1\IMG\center_2024_11_20_20_14_06_855.jpg, C:\Users\Owner\Downloads\simulator-windows-64\dataTrack1\IMG\left_2024_11_20_20_14_06_855.jpg, C:\Users\Owner\Downloads\simulator-windows-64\dataTrack1\IMG\right_2024_11_20_20_14_06_855.jpg, 0, 0.0557859, 0, 19.93388
C:\Users\Owner\Downloads\simulator-windows-64\dataTrack1\IMG\center_2024_11_20_20_14_06_957.jpg, C:\Users\Owner\Downloads\simulator-windows-64\dataTrack1\IMG\left_2024_11_20_20_14_06_957.jpg, C:\Users\Owner\Downloads\simulator-windows-64\dataTrack1\IMG\right_2024_11_20_20_14_06_957.jpg, 0, 0.0540447, 0, 19.54467
C:\Users\Owner\Downloads\simulator-windows-64\dataTrack1\IMG\center_2024_11_20_20_14_07_061.jpg, C:\Users\Owner\Downloads\simulator-windows-64\dataTrack1\IMG\left_2024_11_20_20_14_07_061.jpg, C:\Users\Owner\Downloads\simulator-windows-64\dataTrack1\IMG\right_2024_11_20_20_14_07_061.jpg, 0, 0.0502734, 0, 19.70495
C:\Users\Owner\Downloads\simulator-windows-64\dataTrack1\IMG\center_2024_11_20_20_14_07_162.jpg, C:\Users\Owner\Downloads\simulator-windows-64\dataTrack1\IMG\left_2024_11_20_20_14_07_162.jpg, C:\Users\Owner\Downloads\simulator-windows-64\dataTrack1\IMG\right_2024_11_20_20_14_07_162.jpg, 0, 0.04720949, 0, 19.32084
C:\Users\Owner\Downloads\simulator-windows-64\dataTrack1\IMG\center_2024_11_20_20_14_07_266.jpg, C:\Users\Owner\Downloads\simulator-windows-64\dataTrack1\IMG\left_2024_11_20_20_14_07_266.jpg, C:\Users\Owner\Downloads\simulator-windows-64\dataTrack1\IMG\right_2024_11_20_20_14_07_266.jpg, 0, 0, 0, 19.5042
C:\Users\Owner\Downloads\simulator-windows-64\dataTrack1\IMG\center_2024_11_20_20_14_07_370.jpg, C:\Users\Owner\Downloads\simulator-windows-64\dataTrack1\IMG\left_2024_11_20_20_14_07_370.jpg, C:\Users\Owner\Downloads\simulator-windows-64\dataTrack1\IMG\right_2024_11_20_20_14_07_370.jpg, 0, 0.3089439, 0, 19.47223
C:\Users\Owner\Downloads\simulator-windows-64\dataTrack1\IMG\center_2024_11_20_20_14_07_475.jpg, C:\Users\Owner\Downloads\simulator-windows-64\dataTrack1\IMG\left_2024_11_20_20_14_07_475.jpg, C:\Users\Owner\Downloads\simulator-windows-64\dataTrack1\IMG\right_2024_11_20_20_14_07_475.jpg, 0, 0.623112, 0, 19.56741
C:\Users\Owner\Downloads\simulator-windows-64\dataTrack1\IMG\center_2024_11_20_20_14_07_578.jpg, C:\Users\Owner\Downloads\simulator-windows-64\dataTrack1\IMG\left_2024_11_20_20_14_07_578.jpg, C:\Users\Owner\Downloads\simulator-windows-64\dataTrack1\IMG\right_2024_11_20_20_14_07_578.jpg, 0, 0.5210963, 0, 20.39388
C:\Users\Owner\Downloads\simulator-windows-64\dataTrack1\IMG\center_2024_11_20_20_14_07_680.jpg, C:\Users\Owner\Downloads\simulator-windows-64\dataTrack1\IMG\left_2024_11_20_20_14_07_680.jpg, C:\Users\Owner\Downloads\simulator-windows-64\dataTrack1\IMG\right_2024_11_20_20_14_07_680.jpg, 0, 0.6256832, 0, 20.57841
C:\Users\Owner\Downloads\simulator-windows-64\dataTrack1\IMG\center_2024_11_20_20_14_07_784.jpg, C:\Users\Owner\Downloads\simulator-windows-64\dataTrack1\IMG\left_2024_11_20_20_14_07_784.jpg, C:\Users\Owner\Downloads\simulator-windows-64\dataTrack1\IMG\right_2024_11_20_20_14_07_784.jpg, 0, 0.5263358, 0, 21.36041
C:\Users\Owner\Downloads\simulator-windows-64\dataTrack1\IMG\center_2024_11_20_20_14_07_889.jpg, C:\Users\Owner\Downloads\simulator-windows-64\dataTrack1\IMG\left_2024_11_20_20_14_07_889.jpg, C:\Users\Owner\Downloads\simulator-windows-64\dataTrack1\IMG\right_2024_11_20_20_14_07_889.jpg, 0, 0.3135467, 0, 21.64249
C:\Users\Owner\Downloads\simulator-windows-64\dataTrack1\IMG\center_2024_11_20_20_14_07_992.jpg, C:\Users\Owner\Downloads\simulator-windows-64\dataTrack1\IMG\left_2024_11_20_20_14_07_992.jpg, C:\Users\Owner\Downloads\simulator-windows-64\dataTrack1\IMG\right_2024_11_20_20_14_07_992.jpg, 0, 0.5126679, 0, 21.87115
C:\Users\Owner\Downloads\simulator-windows-64\dataTrack1\IMG\center_2024_11_20_20_14_08_094.jpg, C:\Users\Owner\Downloads\simulator-windows-64\dataTrack1\IMG\left_2024_11_20_20_14_08_094.jpg, C:\Users\Owner\Downloads\simulator-windows-64\dataTrack1\IMG\right_2024_11_20_20_14_08_094.jpg, -0.2223408, 0.2089236, 0, 22.17271
C:\Users\Owner\Downloads\simulator-windows-64\dataTrack1\IMG\center_2024_11_20_20_14_08_198.jpg, C:\Users\Owner\Downloads\simulator-windows-64\dataTrack1\IMG\left_2024_11_20_20_14_08_198.jpg, C:\Users\Owner\Downloads\simulator-windows-64\dataTrack1\IMG\right_2024_11_20_20_14_08_198.jpg, 0, 0.3100284, 0, 22.01571
C:\Users\Owner\Downloads\simulator-windows-64\dataTrack1\IMG\center_2024_11_20_20_14_08_301.jpg, C:\Users\Owner\Downloads\simulator-windows-64\dataTrack1\IMG\left_2024_11_20_20_14_08_301.jpg, C:\Users\Owner\Downloads\simulator-windows-64\dataTrack1\IMG\right_2024_11_20_20_14_08_301.jpg, 0, 0.1670658, 0, 22.35544
C:\Users\Owner\Downloads\simulator-windows-64\dataTrack1\IMG\center_2024_11_20_20_14_08_407.jpg, C:\Users\Owner\Downloads\simulator-windows-64\dataTrack1\IMG\left_2024_11_20_20_14_08_407.jpg, C:\Users\Owner\Downloads\simulator-windows-64\dataTrack1\IMG\right_2024_11_20_20_14_08_407.jpg, 0, 0.1103898, 0, 22.191
C:\Users\Owner\Downloads\simulator-windows-64\dataTrack1\IMG\center_2024_11_20_20_14_08_508.jpg, C:\Users\Owner\Downloads\simulator-windows-64\dataTrack1\IMG\left_2024_11_20_20_14_08_508.jpg, C:\Users\Owner\Downloads\simulator-windows-64\dataTrack1\IMG\right_2024_11_20_20_14_08_508.jpg, 0, 0.4123917, 0, 22.09949
C:\Users\Owner\Downloads\simulator-windows-64\dataTrack1\IMG\center_2024_11_20_20_14_08_612.jpg, C:\Users\Owner\Downloads\simulator-windows-64\dataTrack1\IMG\left_2024_11_20_20_14_08_612.jpg, C:\Users\Owner\Downloads\simulator-windows-64\dataTrack1\IMG\right_2024_11_20_20_14_08_612.jpg, -0.3155526, 0.0968391, 0, 22.31277
C:\Users\Owner\Downloads\simulator-windows-64\dataTrack1\IMG\center_2024_11_20_20_14_08_717.jpg, C:\Users\Owner\Downloads\simulator-windows-64\dataTrack1\IMG\left_2024_11_20_20_14_08_717.jpg, C:\Users\Owner\Downloads\simulator-windows-64\dataTrack1\IMG\right_2024_11_20_20_14_08_717.jpg, -0.004499692, 0.0495882, 0, 21.86081
C:\Users\Owner\Downloads\simulator-windows-64\dataTrack1\IMG\center_2024_11_20_20_14_08_818.jpg, C:\Users\Owner\Downloads\simulator-windows-64\dataTrack1\IMG\left_2024_11_20_20_14_08_818.jpg, C:\Users\Owner\Downloads\simulator-windows-64\dataTrack1\IMG\right_2024_11_20_20_14_08_818.jpg, 0, 0.353202, 0, 22.11781
C:\Users\Owner\Downloads\simulator-windows-64\dataTrack1\IMG\center_2024_11_20_20_14_08_922.jpg, C:\Users\Owner\Downloads\simulator-windows-64\dataTrack1\IMG\left_2024_11_20_20_14_08_922.jpg, C:\Users\Owner\Downloads\simulator-windows-64\dataTrack1\IMG\right_2024_11_20_20_14_08_922.jpg, 0, 0.036855, 0, 21.96713
C:\Users\Owner\Downloads\simulator-windows-64\dataTrack1\IMG\center_2024_11_20_20_14_09_026.jpg, C:\Users\Owner\Downloads\simulator-windows-64\dataTrack1\IMG\left_2024_11_20_20_14_09_026.jpg, C:\Users\Owner\Downloads\simulator-windows-64\dataTrack1\IMG\right_2024_11_20_20_14_09_026.jpg, 0, 0, 0, 21.96519
C:\Users\Owner\Downloads\simulator-windows-64\dataTrack1\IMG\center_2024_11_20_20_14_09_129.jpg, C:\Users\Owner\Downloads\simulator-windows-64\dataTrack1\IMG\left_2024_11_20_20_14_09_129.jpg, C:\Users\Owner\Downloads\simulator-windows-64\dataTrack1\IMG\right_2024_11_20_20_14_09_129.jpg, 0, 0.2049099, 0, 21.78793
C:\Users\Owner\Downloads\simulator-windows-64\dataTrack1\IMG\center_2024_11_20_20_14_09_232.jpg, C:\Users\Owner\Downloads\simulator-windows-64\dataTrack1\IMG\left_2024_11_20_20_14_09_232.jpg, C:\Users\Owner\Downloads\simulator-windows-64\dataTrack1\IMG\right_2024_11_20_20_14_09_232.jpg, 0, 0.3073266, 0, 21.76347
C:\Users\Owner\Downloads\simulator-windows-64\dataTrack1\IMG\center_2024_11_20_20_14_09_336.jpg, C:\Users\Owner\Downloads\simulator-windows-64\dataTrack1\IMG\left_2024_11_20_20_14_09_336.jpg, C:\Users\Owner\Downloads\simulator-windows-64\dataTrack1\IMG\right_2024_11_20_20_14_09_336.jpg, 0, 0.2063823, 0, 21.96598
C:\Users\Owner\Downloads\simulator-windows-64\dataTrack1\IMG\center_2024_11_20_20_14_09_441.jpg, C:\Users\Owner\Downloads\simulator-windows-64\dataTrack1\IMG\left_2024_11_20_20_14_09_441.jpg, C:\Users\Owner\Downloads\simulator-windows-64\dataTrack1\IMG\right_2024_11_20_20_14_09_441.jpg, 0, 0.4122621, 0, 21.98085
C:\Users\Owner\Downloads\simulator-windows-64\dataTrack1\IMG\center_2024_11_20_20_14_09_543.jpg, C:\Users\Owner\Downloads\simulator-windows-64\dataTrack1\IMG\left_2024_11_20_20_14_09_543.jpg, C:\Users\Owner\Downloads\simulator-windows-64\dataTrack1\IMG\right_2024_11_20_20_14_09_543.jpg, 0, 0.3083929, 0, 22.27663
C:\Users\Owner\Downloads\simulator-windows-64\dataTrack1\IMG\center_2024_11_20_20_14_09_648.jpg, C:\Users\Owner\Downloads\simulator-windows-64\dataTrack1\IMG\left_2024_11_20_20_14_09_648.jpg, C:\Users\Owner\Downloads\simulator-windows-64\dataTrack1\IMG\right_2024_11_20_20_14_09_648.jpg, 0, 0.5091213, 0, 22.6622
C:\Users\Owner\Downloads\simulator-windows-64\dataTrack1\IMG\center_2024_11_20_20_14_09_750.jpg, C:\Users\Owner\Downloads\simulator-windows-64\dataTrack1\IMG\left_2024_11_20_20_14_09_750.jpg, C:\Users\Owner\Downloads\simulator-windows-64\dataTrack1\IMG\right_2024_11_20_20_14_09_750.jpg, 0, 0.4134254, 0, 22.79629
C:\Users\Owner\Downloads\simulator-windows-64\dataTrack1\IMG\center_2024_11_20_20_14_09_852.jpg, C:\Users\Owner\Downloads\simulator-windows-64\dataTrack1\IMG\left_2024_11_20_20_14_09_852.jpg, C:\Users\Owner\Downloads\simulator-windows-64\dataTrack1\IMG\right_2024_11_20_20_14_09_852.jpg, 0, 0.7239213, 0, 23.33077
C:\Users\Owner\Downloads\simulator-windows-64\dataTrack1\IMG\center_2024_11_20_20_14_09_958.jpg, C:\Users\Owner\Downloads\simulator-windows-64\dataTrack1\IMG\left_2024_11_20_20_14_09_958.jpg, C:\Users\Owner\Downloads\simulator-windows-64\dataTrack1\IMG\right_2024_11_20_20_14_09_958.jpg, 0, 0.4111737, 0, 23.7616
C:\Users\Owner\Downloads\simulator-windows-64\dataTrack1\IMG\center_2024_11_20_20_14_10_061.jpg, C:\Users\Owner\Downloads\simulator-windows-64\dataTrack1\IMG\left_2024_11_20_20_14_10_061.jpg, C:\Users\Owner\Downloads\simulator-windows-64\dataTrack1\IMG\right_2024_11_20_20_14_10_061.jpg, 0, 0.0994605, 0, 23.84942
C:\Users\Owner\Downloads\simulator-windows-64\dataTrack1\IMG\center_2024_11_20_20_14_10_162.jpg, C:\Users\Owner\Downloads\simulator-windows-64\dataTrack1\IMG\left_2024_11_20_20_14_10_162.jpg, C:\Users\Owner\Downloads\simulator-windows-64\dataTrack1\IMG\right_2024_11_20_20_14_10_162.jpg, 0, 0.1552164, 0, 23.64832
C:\Users\Owner\Downloads\simulator-windows-64\dataTrack1\IMG\center_2024_11_20_20_14_10_266.jpg, C:\Users\Owner\Downloads\simulator-windows-64\dataTrack1\IMG\left_2024_11_20_20_14_10_266.jpg, C:\Users\Owner\Downloads\simulator-windows-64\dataTrack1\IMG\right_2024_11_20_20_14_10_266.jpg, 0, 0.4147113, 0, 23.75703
C:\Users\Owner\Downloads\simulator-windows-64\dataTrack1\IMG\center_2024_11_20_20_14_10_374.jpg, C:\Users\Owner\Downloads\simulator-windows-64\dataTrack1\IMG\left_2024_11_20_20_14_10_374.jpg, C:\Users\Owner\Downloads\simulator-windows-64\dataTrack1\IMG\right_2024_11_20_20_14_10_374.jpg, -0.323385, 0.03872162, 0, 23.7117
C:\Users\Owner\Downloads\simulator-windows-64\dataTrack1\IMG\center_2024_11_20_20_14_10_477.jpg, C:\Users\Owner\Downloads\simulator-windows-64\dataTrack1\IMG\left_2024_11_20_20_14_10_477.jpg, C:\Users\Owner\Downloads\simulator-windows-64\dataTrack1\IMG\right_2024_11_20_20_14_10_477.jpg, -0.3147132, 0, 0, 23.3885
C:\Users\Owner\Downloads\simulator-windows-64\dataTrack1\IMG\center_2024_11_20_20_14_10_581.jpg, C:\Users\Owner\Downloads\simulator-windows-64\dataTrack1\IMG\left_2024_11_20_20_14_10_581.jpg, C:\Users\Owner\Downloads\simulator-windows-64\dataTrack1\IMG\right_2024_11_20_20_14_10_581.jpg, -0.001337752, 0.1559328, 0, 23.17147
C:\Users\Owner\Downloads\simulator-windows-64\dataTrack1\IMG\center_2024_11_20_20_14_10_684.jpg, C:\Users\Owner\Downloads\simulator-windows-64\dataTrack1\IMG\left_2024_11_20_20_14_10_684.jpg, C:\Users\Owner\Downloads\simulator-windows-64\dataTrack1\IMG\right_2024_11_20_20_14_10_684.jpg, 0, 0.4144338, 0, 23.26995
C:\Users\Owner\Downloads\simulator-windows-64\dataTrack1\IMG\center_2024_11_20_20_14_10_786.jpg, C:\Users\Owner\Downloads\simulator-windows-64\dataTrack1\IMG\left_2024_11_20_20_14_10_786.jpg, C:\Users\Owner\Downloads\simulator-windows-64\dataTrack1\IMG\right_2024_11_20_20_14_10_786.jpg, 0, 0.2125803, 0, 23.45861
C:\Users\Owner\Downloads\simulator-windows-64\dataTrack1\IMG\center_2024_11_20_20_14_10_892.jpg, C:\Users\Owner\Downloads\simulator-windows-64\dataTrack1\IMG\left_2024_11_20_20_14_10_892.jpg, C:\Users\Owner\Downloads\simulator-windows-64\dataTrack1\IMG\right_2024_11_20_20_14_10_892.jpg, 0, 0.5780919, 0, 23.73451
C:\Users\Owner\Downloads\simulator-windows-64\dataTrack1\IMG\center_2024_11_20_20_14_10_994.jpg, C:\Users\Owner\Downloads\simulator-windows-64\dataTrack1\IMG\left_2024_11_20_20_14_10_994.jpg, C:\Users\Owner\Downloads\simulator-windows-64\dataTrack1\IMG\right_2024_11_20_20_14_10_994.jpg, 0, 0.8855094, 0, 24.45074
C:\Users\Owner\Downloads\simulator-windows-64\dataTrack1\IMG\center_2024_11_20_20_14_11_097.jpg, C:\Users\Owner\Downloads\simulator-windows-64\dataTrack1\IMG\left_2024_11_20_20_14_11_097.jpg, C:\Users\Owner\Downloads\simulator-windows-64\dataTrack1\IMG\right_2024_11_20_20_14_11_097.jpg, 0, 1, 0, 25.35489
C:\Users\Owner\Downloads\simulator-windows-64\dataTrack1\IMG\center_2024_11_20_20_14_11_200.jpg, C:\Users\Owner\Downloads\simulator-windows-64\dataTrack1\IMG\left_2024_11_20_20_14_11_200.jpg, C:\Users\Owner\Downloads\simulator-windows-64\dataTrack1\IMG\right_2024_11_20_20_14_11_200.jpg, 0, 1, 0, 26.30664
C:\Users\Owner\Downloads\simulator-windows-64\dataTrack1\IMG\center_2024_11_20_20_14_11_304.jpg, C:\Users\Owner\Downloads\simulator-windows-64\dataTrack1\IMG\left_2024_11_20_20_14_11_304.jpg, C:\Users\Owner\Downloads\simulator-windows-64\dataTrack1\IMG\right_2024_11_20_20_14_11_304.jpg, 0, 1, 0, 27.2578
C:\Users\Owner\Downloads\simulator-windows-64\dataTrack1\IMG\center_2024_11_20_20_14_11_410.jpg, C:\Users\Owner\Downloads\simulator-windows-64\dataTrack1\IMG\left_2024_11_20_20_14_11_410.jpg, C:\Users\Owner\Downloads\simulator-windows-64\dataTrack1\IMG\right_2024_11_20_20_14_11_410.jpg, 0, 1, 0, 28.37148
C:\Users\Owner\Downloads\simulator-windows-64\dataTrack1\IMG\center_2024_11_20_20_14_11_513.jpg, C:\Users\Owner\Downloads\simulator-windows-64\dataTrack1\IMG\left_2024_11_20_20_14_11_513.jpg, C:\Users\Owner\Downloads\simulator-windows-64\dataTrack1\IMG\right_2024_11_20_20_14_11_513.jpg, 0, 1, 0, 29.29163
C:\Users\Owner\Downloads\simulator-windows-64\dataTrack1\IMG\center_2024_11_20_20_14_11_617.jpg, C:\Users\Owner\Downloads\simulator-windows-64\dataTrack1\IMG\left_2024_11_20_20_14_11_617.jpg, C:\Users\Owner\Downloads\simulator-windows-64\dataTrack1\IMG\right_2024_11_20_20_14_11_617.jpg, 0, 1, 0, 30.18294
C:\Users\Owner\Downloads\simulator-windows-64\dataTrack1\IMG\center_2024_11_20_20_14_11_718.jpg, C:\Users\Owner\Downloads\simulator-windows-64\dataTrack1\IMG\left_2024_11_20_20_14_11_718.jpg, C:\Users\Owner\Downloads\simulator-windows-64\dataTrack1\IMG\right_2024_11_20_20_14_11_718.jpg, 0, 1, 0, 30.18998
C:\Users\Owner\Downloads\simulator-windows-64\dataTrack1\IMG\center_2024_11_20_20_14_11_823.jpg, C:\Users\Owner\Downloads\simulator-windows-64\dataTrack1\IMG\left_2024_11_20_20_14_11_823.jpg, C:\Users\Owner\Downloads\simulator-windows-64\dataTrack1\IMG\right_2024_11_20_20_14_11_823.jpg, 0, 1, 0, 30.18997
C:\Users\Owner\Downloads\simulator-windows-64\dataTrack1\IMG\center_2024_11_20_20_14_11_928.jpg, C:\Users\Owner\Downloads\simulator-windows-64\dataTrack1\IMG\left_2024_11_20_20_14_11_928.jpg, C:\Users\Owner\Downloads\simulator-windows-64\dataTrack1\IMG\right_2024_11_20_20_14_11_928.jpg, 0, 1, 0, 30.18994
C:\Users\Owner\Downloads\simulator-windows-64\dataTrack1\IMG\center_2024_11_20_20_14_12_030.jpg, C:\Users\Owner\Downloads\simulator-windows-64\dataTrack1\IMG\left_2024_11_20_20_14_12_030.jpg, C:\Users\Owner\Downloads\simulator-windows-64\dataTrack1\IMG\right_2024_11_20_20_14_12_030.jpg, 0, 1, 0, 30.18997
C:\Users\Owner\Downloads\simulator-windows-64\dataTrack1\IMG\center_2024_11_20_20_14_12_132.jpg, C:\Users\Owner\Downloads\simulator-windows-64\dataTrack1\IMG\left_2024_11_20_20_14_12_132.jpg, C:\Users\Owner\Downloads\simulator-windows-64\dataTrack1\IMG\right_2024_11_20_20_14_12_132.jpg, 0, 1, 0, 30.18998
C:\Users\Owner\Downloads\simulator-windows-64\dataTrack1\IMG\center_2024_11_20_20_14_12_237.jpg, C:\Users\Owner\Downloads\simulator-windows-64\dataTrack1\IMG\left_2024_11_20_20_14_12_237.jpg, C:\Users\Owner\Downloads\simulator-windows-64\dataTrack1\IMG\right_2024_11_20_20_14_12_237.jpg, 0, 1, 0, 30.18996
C:\Users\Owner\Downloads\simulator-windows-64\dataTrack1\IMG\center_2024_11_20_20_14_12_341.jpg, C:\Users\Owner\Downloads\simulator-windows-64\dataTrack1\IMG\left_2024_11_20_20_14_12_341.jpg, C:\Users\Owner\Downloads\simulator-windows-64\dataTrack1\IMG\right_2024_11_20_20_14_12_341.jpg, 0, 1, 0, 30.18995
C:\Users\Owner\Downloads\simulator-windows-64\dataTrack1\IMG\center_2024_11_20_20_14_12_445.jpg, C:\Users\Owner\Downloads\simulator-windows-64\dataTrack1\IMG\left_2024_11_20_20_14_12_445.jpg, C:\Users\Owner\Downloads\simulator-windows-64\dataTrack1\IMG\right_2024_11_20_20_14_12_445.jpg, 0, 1, 0, 30.18996
C:\Users\Owner\Downloads\simulator-windows-64\dataTrack1\IMG\center_2024_11_20_20_14_12_547.jpg, C:\Users\Owner\Downloads\simulator-windows-64\dataTrack1\IMG\left_2024_11_20_20_14_12_547.jpg, C:\Users\Owner\Downloads\simulator-windows-64\dataTrack1\IMG\right_2024_11_20_20_14_12_547.jpg, 0, 1, 0, 30.18995
C:\Users\Owner\Downloads\simulator-windows-64\dataTrack1\IMG\center_2024_11_20_20_14_12_652.jpg, C:\Users\Owner\Downloads\simulator-windows-64\dataTrack1\IMG\left_2024_11_20_20_14_12_652.jpg, C:\Users\Owner\Downloads\simulator-windows-64\dataTrack1\IMG\right_2024_11_20_20_14_12_652.jpg, 0, 1, 0, 30.18993
C:\Users\Owner\Downloads\simulator-windows-64\dataTrack1\IMG\center_2024_11_20_20_14_12_754.jpg, C:\Users\Owner\Downloads\simulator-windows-64\dataTrack1\IMG\left_2024_11_20_20_14_12_754.jpg, C:\Users\Owner\Downloads\simulator-windows-64\dataTrack1\IMG\right_2024_11_20_20_14_12_754.jpg, 0, 1, 0, 30.18998
C:\Users\Owner\Downloads\simulator-windows-64\dataTrack1\IMG\center_2024_11_20_20_14_12_859.jpg, C:\Users\Owner\Downloads\simulator-windows-64\dataTrack1\IMG\left_2024_11_20_20_14_12_859.jpg, C:\Users\Owner\Downloads\simulator-windows-64\dataTrack1\IMG\right_2024_11_20_20_14_12_859.jpg, 0, 1, 0, 30.18998
C:\Users\Owner\Downloads\simulator-windows-64\dataTrack1\IMG\center_2024_11_20_20_14_12_962.jpg, C:\Users\Owner\Downloads\simulator-windows-64\dataTrack1\IMG\left_2024_11_20_20_14_12_962.jpg, C:\Users\Owner\Downloads\simulator-windows-64\dataTrack1\IMG\right_2024_11_20_20_14_12_962.jpg, 0, 1, 0, 30.18994
C:\Users\Owner\Downloads\simulator-windows-64\dataTrack1\IMG\center_2024_11_20_20_14_13_064.jpg, C:\Users\Owner\Downloads\simulator-windows-64\dataTrack1\IMG\left_2024_11_20_20_14_13_064.jpg, C:\Users\Owner\Downloads\simulator-windows-64\dataTrack1\IMG\right_2024_11_20_20_14_13_064.jpg, 0, 1, 0, 30.18995
C:\Users\Owner\Downloads\simulator-windows-64\dataTrack1\IMG\center_2024_11_20_20_14_13_167.jpg, C:\Users\Owner\Downloads\simulator-windows-64\dataTrack1\IMG\left_2024_11_20_20_14_13_167.jpg, C:\Users\Owner\Downloads\simulator-windows-64\dataTrack1\IMG\right_2024_11_20_20_14_13_167.jpg, 0, 1, 0, 30.18999
C:\Users\Owner\Downloads\simulator-windows-64\dataTrack1\IMG\center_2024_11_20_20_14_13_270.jpg, C:\Users\Owner\Downloads\simulator-windows-64\dataTrack1\IMG\left_2024_11_20_20_14_13_270.jpg, C:\Users\Owner\Downloads\simulator-windows-64\dataTrack1\IMG\right_2024_11_20_20_14_13_270.jpg, 0, 1, 0, 30.18994
C:\Users\Owner\Downloads\simulator-windows-64\dataTrack1\IMG\center_2024_11_20_20_14_13_377.jpg, C:\Users\Owner\Downloads\simulator-windows-64\dataTrack1\IMG\left_2024_11_20_20_14_13_377.jpg, C:\Users\Owner\Downloads\simulator-windows-64\dataTrack1\IMG\right_2024_11_20_20_14_13_377.jpg, 0, 1, 0, 30.18998
C:\Users\Owner\Downloads\simulator-windows-64\dataTrack1\IMG\center_2024_11_20_20_14_13_480.jpg, C:\Users\Owner\Downloads\simulator-windows-64\dataTrack1\IMG\left_2024_11_20_20_14_13_480.jpg, C:\Users\Owner\Downloads\simulator-windows-64\dataTrack1\IMG\right_2024_11_20_20_14_13_480.jpg, 0, 1, 0, 30.18999
C:\Users\Owner\Downloads\simulator-windows-64\dataTrack1\IMG\center_2024_11_20_20_14_13_583.jpg, C:\Users\Owner\Downloads\simulator-windows-64\dataTrack1\IMG\left_2024_11_20_20_14_13_583.jpg, C:\Users\Owner\Downloads\simulator-windows-64\dataTrack1\IMG\right_2024_11_20_20_14_13_583.jpg, 0, 1, 0, 30.18995
C:\Users\Owner\Downloads\simulator-windows-64\dataTrack1\IMG\center_2024_11_20_20_14_13_686.jpg, C:\Users\Owner\Downloads\simulator-windows-64\dataTrack1\IMG\left_2024_11_20_20_14_13_686.jpg, C:\Users\Owner\Downloads\simulator-windows-64\dataTrack1\IMG\right_2024_11_20_20_14_13_686.jpg, 0, 1, 0, 30.18996
C:\Users\Owner\Downloads\simulator-windows-64\dataTrack1\IMG\center_2024_11_20_20_14_13_787.jpg, C:\Users\Owner\Downloads\simulator-windows-64\dataTrack1\IMG\left_2024_11_20_20_14_13_787.jpg, C:\Users\Owner\Downloads\simulator-windows-64\dataTrack1\IMG\right_2024_11_20_20_14_13_787.jpg, 0, 1, 0, 30.18997
C:\Users\Owner\Downloads\simulator-windows-64\dataTrack1\IMG\center_2024_11_20_20_14_13_892.jpg, C:\Users\Owner\Downloads\simulator-windows-64\dataTrack1\IMG\left_2024_11_20_20_14_13_892.jpg, C:\Users\Owner\Downloads\simulator-windows-64\dataTrack1\IMG\right_2024_11_20_20_14_13_892.jpg, 0, 1, 0, 30.18996
C:\Users\Owner\Downloads\simulator-windows-64\dataTrack1\IMG\center_2024_11_20_20_14_13_996.jpg, C:\Users\Owner\Downloads\simulator-windows-64\dataTrack1\IMG\left_2024_11_20_20_14_13_996.jpg, C:\Users\Owner\Downloads\simulator-windows-64\dataTrack1\IMG\right_2024_11_20_20_14_13_996.jpg, 0, 1, 0, 30.18996
C:\Users\Owner\Downloads\simulator-windows-64\dataTrack1\IMG\center_2024_11_20_20_14_14_098.jpg, C:\Users\Owner\Downloads\simulator-windows-64\dataTrack1\IMG\left_2024_11_20_20_14_14_098.jpg, C:\Users\Owner\Downloads\simulator-windows-64\dataTrack1\IMG\right_2024_11_20_20_14_14_098.jpg, 0, 1, 0, 30.18997
C:\Users\Owner\Downloads\simulator-windows-64\dataTrack1\IMG\center_2024_11_20_20_14_14_202.jpg, C:\Users\Owner\Downloads\simulator-windows-64\dataTrack1\IMG\left_2024_11_20_20_14_14_202.jpg, C:\Users\Owner\Downloads\simulator-windows-64\dataTrack1\IMG\right_2024_11_20_20_14_14_202.jpg, 0, 1, 0, 30.18995
C:\Users\Owner\Downloads\simulator-windows-64\dataTrack1\IMG\center_2024_11_20_20_14_14_306.jpg, C:\Users\Owner\Downloads\simulator-windows-64\dataTrack1\IMG\left_2024_11_20_20_14_14_306.jpg, C:\Users\Owner\Downloads\simulator-windows-64\dataTrack1\IMG\right_2024_11_20_20_14_14_306.jpg, 0, 1, 0, 30.18996
C:\Users\Owner\Downloads\simulator-windows-64\dataTrack1\IMG\center_2024_11_20_20_14_14_416.jpg, C:\Users\Owner\Downloads\simulator-windows-64\dataTrack1\IMG\left_2024_11_20_20_14_14_416.jpg, C:\Users\Owner\Downloads\simulator-windows-64\dataTrack1\IMG\right_2024_11_20_20_14_14_416.jpg, 0, 1, 0, 30.18997
C:\Users\Owner\Downloads\simulator-windows-64\dataTrack1\IMG\center_2024_11_20_20_14_14_518.jpg, C:\Users\Owner\Downloads\simulator-windows-64\dataTrack1\IMG\left_2024_11_20_20_14_14_518.jpg, C:\Users\Owner\Downloads\simulator-windows-64\dataTrack1\IMG\right_2024_11_20_20_14_14_518.jpg, 0, 1, 0, 30.18996
C:\Users\Owner\Downloads\simulator-windows-64\dataTrack1\IMG\center_2024_11_20_20_14_14_621.jpg, C:\Users\Owner\Downloads\simulator-windows-64\dataTrack1\IMG\left_2024_11_20_20_14_14_621.jpg, C:\Users\Owner\Downloads\simulator-windows-64\dataTrack1\IMG\right_2024_11_20_20_14_14_621.jpg, 0, 1, 0, 30.18994
C:\Users\Owner\Downloads\simulator-windows-64\dataTrack1\IMG\center_2024_11_20_20_14_14_726.jpg, C:\Users\Owner\Downloads\simulator-windows-64\dataTrack1\IMG\left_2024_11_20_20_14_14_726.jpg, C:\Users\Owner\Downloads\simulator-windows-64\dataTrack1\IMG\right_2024_11_20_20_14_14_726.jpg, 0, 1, 0, 30.18996
C:\Users\Owner\Downloads\simulator-windows-64\dataTrack1\IMG\center_2024_11_20_20_14_14_830.jpg, C:\Users\Owner\Downloads\simulator-windows-64\dataTrack1\IMG\left_2024_11_20_20_14_14_830.jpg, C:\Users\Owner\Downloads\simulator-windows-64\dataTrack1\IMG\right_2024_11_20_20_14_14_830.jpg, 0, 1, 0, 30.18995
C:\Users\Owner\Downloads\simulator-windows-64\dataTrack1\IMG\center_2024_11_20_20_14_14_933.jpg, C:\Users\Owner\Downloads\simulator-windows-64\dataTrack1\IMG\left_2024_11_20_20_14_14_933.jpg, C:\Users\Owner\Downloads\simulator-windows-64\dataTrack1\IMG\right_2024_11_20_20_14_14_933.jpg, 0, 1, 0, 30.18996
C:\Users\Owner\Downloads\simulator-windows-64\dataTrack1\IMG\center_2024_11_20_20_14_15_036.jpg, C:\Users\Owner\Downloads\simulator-windows-64\dataTrack1\IMG\left_2024_11_20_20_14_15_036.jpg, C:\Users\Owner\Downloads\simulator-windows-64\dataTrack1\IMG\right_2024_11_20_20_14_15_036.jpg, 0, 1, 0, 30.18997
C:\Users\Owner\Downloads\simulator-windows-64\dataTrack1\IMG\center_2024_11_20_20_14_15_138.jpg, C:\Users\Owner\Downloads\simulator-windows-64\dataTrack1\IMG\left_2024_11_20_20_14_15_138.jpg, C:\Users\Owner\Downloads\simulator-windows-64\dataTrack1\IMG\right_2024_11_20_20_14_15_138.jpg, 0, 1, 0, 30.18994
C:\Users\Owner\Downloads\simulator-windows-64\dataTrack1\IMG\center_2024_11_20_20_14_15_242.jpg, C:\Users\Owner\Downloads\simulator-windows-64\dataTrack1\IMG\left_2024_11_20_20_14_15_242.jpg, C:\Users\Owner\Downloads\simulator-windows-64\dataTrack1\IMG\right_2024_11_20_20_14_15_242.jpg, 0, 1, 0, 30.18993
C:\Users\Owner\Downloads\simulator-windows-64\dataTrack1\IMG\center_2024_11_20_20_14_15_347.jpg, C:\Users\Owner\Downloads\simulator-windows-64\dataTrack1\IMG\left_2024_11_20_20_14_15_347.jpg, C:\Users\Owner\Downloads\simulator-windows-64\dataTrack1\IMG\right_2024_11_20_20_14_15_347.jpg, 0, 1, 0, 30.18997
C:\Users\Owner\Downloads\simulator-windows-64\dataTrack1\IMG\center_2024_11_20_20_14_15_450.jpg, C:\Users\Owner\Downloads\simulator-windows-64\dataTrack1\IMG\left_2024_11_20_20_14_15_450.jpg, C:\Users\Owner\Downloads\simulator-windows-64\dataTrack1\IMG\right_2024_11_20_20_14_15_450.jpg, 0, 1, 0, 30.18995
C:\Users\Owner\Downloads\simulator-windows-64\dataTrack1\IMG\center_2024_11_20_20_14_15_554.jpg, C:\Users\Owner\Downloads\simulator-windows-64\dataTrack1\IMG\left_2024_11_20_20_14_15_554.jpg, C:\Users\Owner\Downloads\simulator-windows-64\dataTrack1\IMG\right_2024_11_20_20_14_15_554.jpg, 0, 1, 0, 30.18996
C:\Users\Owner\Downloads\simulator-windows-64\dataTrack1\IMG\center_2024_11_20_20_14_15_658.jpg, C:\Users\Owner\Downloads\simulator-windows-64\dataTrack1\IMG\left_2024_11_20_20_14_15_658.jpg, C:\Users\Owner\Downloads\simulator-windows-64\dataTrack1\IMG\right_2024_11_20_20_14_15_658.jpg, 0, 1, 0, 30.18999
C:\Users\Owner\Downloads\simulator-windows-64\dataTrack1\IMG\center_2024_11_20_20_14_15_761.jpg, C:\Users\Owner\Downloads\simulator-windows-64\dataTrack1\IMG\left_2024_11_20_20_14_15_761.jpg, C:\Users\Owner\Downloads\simulator-windows-64\dataTrack1\IMG\right_2024_11_20_20_14_15_761.jpg, 0, 1, 0, 30.18997
C:\Users\Owner\Downloads\simulator-windows-64\dataTrack1\IMG\center_2024_11_20_20_14_15_863.jpg, C:\Users\Owner\Downloads\simulator-windows-64\dataTrack1\IMG\left_2024_11_20_20_14_15_863.jpg, C:\Users\Owner\Downloads\simulator-windows-64\dataTrack1\IMG\right_2024_11_20_20_14_15_863.jpg, 0, 0.8973856, 0, 30.18996
C:\Users\Owner\Downloads\simulator-windows-64\dataTrack1\IMG\center_2024_11_20_20_14_15_966.jpg, C:\Users\Owner\Downloads\simulator-windows-64\dataTrack1\IMG\left_2024_11_20_20_14_15_966.jpg, C:\Users\Owner\Downloads\simulator-windows-64\dataTrack1\IMG\right_2024_11_20_20_14_15_966.jpg, 0, 0.6385078, 0, 30.11005
C:\Users\Owner\Downloads\simulator-windows-64\dataTrack1\IMG\center_2024_11_20_20_14_16_068.jpg, C:\Users\Owner\Downloads\simulator-windows-64\dataTrack1\IMG\left_2024_11_20_20_14_16_068.jpg, C:\Users\Owner\Downloads\simulator-windows-64\dataTrack1\IMG\right_2024_11_20_20_14_16_068.jpg, 0, 0.2823829, 0, 30.01512
C:\Users\Owner\Downloads\simulator-windows-64\dataTrack1\IMG\center_2024_11_20_20_14_16_172.jpg, C:\Users\Owner\Downloads\simulator-windows-64\dataTrack1\IMG\left_2024_11_20_20_14_16_172.jpg, C:\Users\Owner\Downloads\simulator-windows-64\dataTrack1\IMG\right_2024_11_20_20_14_16_172.jpg, 0, 0, 0, 29.84101
C:\Users\Owner\Downloads\simulator-windows-64\dataTrack1\IMG\center_2024_11_20_20_14_16_277.jpg, C:\Users\Owner\Downloads\simulator-windows-64\dataTrack1\IMG\left_2024_11_20_20_14_16_277.jpg, C:\Users\Owner\Downloads\simulator-windows-64\dataTrack1\IMG\right_2024_11_20_20_14_16_277.jpg, 0, 0, 0, 29.53925
C:\Users\Owner\Downloads\simulator-windows-64\dataTrack1\IMG\center_2024_11_20_20_14_16_381.jpg, C:\Users\Owner\Downloads\simulator-windows-64\dataTrack1\IMG\left_2024_11_20_20_14_16_381.jpg, C:\Users\Owner\Downloads\simulator-windows-64\dataTrack1\IMG\right_2024_11_20_20_14_16_381.jpg, 0, 0, 0, 29.24104
C:\Users\Owner\Downloads\simulator-windows-64\dataTrack1\IMG\center_2024_11_20_20_14_16_484.jpg, C:\Users\Owner\Downloads\simulator-windows-64\dataTrack1\IMG\left_2024_11_20_20_14_16_484.jpg, C:\Users\Owner\Downloads\simulator-windows-64\dataTrack1\IMG\right_2024_11_20_20_14_16_484.jpg, 0, 0, 0, 28.94581
C:\Users\Owner\Downloads\simulator-windows-64\dataTrack1\IMG\center_2024_11_20_20_14_16_586.jpg, C:\Users\Owner\Downloads\simulator-windows-64\dataTrack1\IMG\left_2024_11_20_20_14_16_586.jpg, C:\Users\Owner\Downloads\simulator-windows-64\dataTrack1\IMG\right_2024_11_20_20_14_16_586.jpg, 0, 0.3079854, 0, 28.849
C:\Users\Owner\Downloads\simulator-windows-64\dataTrack1\IMG\center_2024_11_20_20_14_16_692.jpg, C:\Users\Owner\Downloads\simulator-windows-64\dataTrack1\IMG\left_2024_11_20_20_14_16_692.jpg, C:\Users\Owner\Downloads\simulator-windows-64\dataTrack1\IMG\right_2024_11_20_20_14_16_692.jpg, 0, 0.6733212, 0, 29.229
C:\Users\Owner\Downloads\simulator-windows-64\dataTrack1\IMG\center_2024_11_20_20_14_16_795.jpg, C:\Users\Owner\Downloads\simulator-windows-64\dataTrack1\IMG\left_2024_11_20_20_14_16_795.jpg, C:\Users\Owner\Downloads\simulator-windows-64\dataTrack1\IMG\right_2024_11_20_20_14_16_795.jpg, 0, 0.9841284, 0, 29.92669
C:\Users\Owner\Downloads\simulator-windows-64\dataTrack1\IMG\center_2024_11_20_20_14_16_899.jpg, C:\Users\Owner\Downloads\simulator-windows-64\dataTrack1\IMG\left_2024_11_20_20_14_16_899.jpg, C:\Users\Owner\Downloads\simulator-windows-64\dataTrack1\IMG\right_2024_11_20_20_14_16_899.jpg, 0, 1, 0, 30.19005
C:\Users\Owner\Downloads\simulator-windows-64\dataTrack1\IMG\center_2024_11_20_20_14_17_002.jpg, C:\Users\Owner\Downloads\simulator-windows-64\dataTrack1\IMG\left_2024_11_20_20_14_17_002.jpg, C:\Users\Owner\Downloads\simulator-windows-64\dataTrack1\IMG\right_2024_11_20_20_14_17_002.jpg, 0, 1, 0, 30.18996
C:\Users\Owner\Downloads\simulator-windows-64\dataTrack1\IMG\center_2024_11_20_20_14_17_103.jpg, C:\Users\Owner\Downloads\simulator-windows-64\dataTrack1\IMG\left_2024_11_20_20_14_17_103.jpg, C:\Users\Owner\Downloads\simulator-windows-64\dataTrack1\IMG\right_2024_11_20_20_14_17_103.jpg, 0, 0.7393372, 0, 30.13524
C:\Users\Owner\Downloads\simulator-windows-64\dataTrack1\IMG\center_2024_11_20_20_14_17_209.jpg, C:\Users\Owner\Downloads\simulator-windows-64\dataTrack1\IMG\left_2024_11_20_20_14_17_209.jpg, C:\Users\Owner\Downloads\simulator-windows-64\dataTrack1\IMG\right_2024_11_20_20_14_17_209.jpg, 0, 0.3776845, 0, 30.04092
C:\Users\Owner\Downloads\simulator-windows-64\dataTrack1\IMG\center_2024_11_20_20_14_17_312.jpg, C:\Users\Owner\Downloads\simulator-windows-64\dataTrack1\IMG\left_2024_11_20_20_14_17_312.jpg, C:\Users\Owner\Downloads\simulator-windows-64\dataTrack1\IMG\right_2024_11_20_20_14_17_312.jpg, 0, 0.06986228, 0, 29.93333
C:\Users\Owner\Downloads\simulator-windows-64\dataTrack1\IMG\center_2024_11_20_20_14_17_416.jpg, C:\Users\Owner\Downloads\simulator-windows-64\dataTrack1\IMG\left_2024_11_20_20_14_17_416.jpg, C:\Users\Owner\Downloads\simulator-windows-64\dataTrack1\IMG\right_2024_11_20_20_14_17_416.jpg, 0, 0, 0, 29.64212
C:\Users\Owner\Downloads\simulator-windows-64\dataTrack1\IMG\center_2024_11_20_20_14_17_520.jpg, C:\Users\Owner\Downloads\simulator-windows-64\dataTrack1\IMG\left_2024_11_20_20_14_17_520.jpg, C:\Users\Owner\Downloads\simulator-windows-64\dataTrack1\IMG\right_2024_11_20_20_14_17_520.jpg, 0.2288016, 0, 0, 29.31853
C:\Users\Owner\Downloads\simulator-windows-64\dataTrack1\IMG\center_2024_11_20_20_14_17_621.jpg, C:\Users\Owner\Downloads\simulator-windows-64\dataTrack1\IMG\left_2024_11_20_20_14_17_621.jpg, C:\Users\Owner\Downloads\simulator-windows-64\dataTrack1\IMG\right_2024_11_20_20_14_17_621.jpg, 0.1280919, 0, 0, 28.95477
C:\Users\Owner\Downloads\simulator-windows-64\dataTrack1\IMG\center_2024_11_20_20_14_17_726.jpg, C:\Users\Owner\Downloads\simulator-windows-64\dataTrack1\IMG\left_2024_11_20_20_14_17_726.jpg, C:\Users\Owner\Downloads\simulator-windows-64\dataTrack1\IMG\right_2024_11_20_20_14_17_726.jpg, 0, 0, 0, 28.6589
C:\Users\Owner\Downloads\simulator-windows-64\dataTrack1\IMG\center_2024_11_20_20_14_17_829.jpg, C:\Users\Owner\Downloads\simulator-windows-64\dataTrack1\IMG\left_2024_11_20_20_14_17_829.jpg, C:\Users\Owner\Downloads\simulator-windows-64\dataTrack1\IMG\right_2024_11_20_20_14_17_829.jpg, 0, 0, 0, 28.30989
C:\Users\Owner\Downloads\simulator-windows-64\dataTrack1\IMG\center_2024_11_20_20_14_17_932.jpg, C:\Users\Owner\Downloads\simulator-windows-64\dataTrack1\IMG\left_2024_11_20_20_14_17_932.jpg, C:\Users\Owner\Downloads\simulator-windows-64\dataTrack1\IMG\right_2024_11_20_20_14_17_932.jpg, 0, 0, 0, 28.0234
C:\Users\Owner\Downloads\simulator-windows-64\dataTrack1\IMG\center_2024_11_20_20_14_18_037.jpg, C:\Users\Owner\Downloads\simulator-windows-64\dataTrack1\IMG\left_2024_11_20_20_14_18_037.jpg, C:\Users\Owner\Downloads\simulator-windows-64\dataTrack1\IMG\right_2024_11_20_20_14_18_037.jpg, -0.2104209, 0, 0, 27.71782
C:\Users\Owner\Downloads\simulator-windows-64\dataTrack1\IMG\center_2024_11_20_20_14_18_138.jpg, C:\Users\Owner\Downloads\simulator-windows-64\dataTrack1\IMG\left_2024_11_20_20_14_18_138.jpg, C:\Users\Owner\Downloads\simulator-windows-64\dataTrack1\IMG\right_2024_11_20_20_14_18_138.jpg, -0.3066969, 0.1037859, 0, 27.34741
C:\Users\Owner\Downloads\simulator-windows-64\dataTrack1\IMG\center_2024_11_20_20_14_18_244.jpg, C:\Users\Owner\Downloads\simulator-windows-64\dataTrack1\IMG\left_2024_11_20_20_14_18_244.jpg, C:\Users\Owner\Downloads\simulator-windows-64\dataTrack1\IMG\right_2024_11_20_20_14_18_244.jpg, -0.04046702, 0.1514706, 0, 27.30964
C:\Users\Owner\Downloads\simulator-windows-64\dataTrack1\IMG\center_2024_11_20_20_14_18_348.jpg, C:\Users\Owner\Downloads\simulator-windows-64\dataTrack1\IMG\left_2024_11_20_20_14_18_348.jpg, C:\Users\Owner\Downloads\simulator-windows-64\dataTrack1\IMG\right_2024_11_20_20_14_18_348.jpg, 0, 0, 0, 27.00303
C:\Users\Owner\Downloads\simulator-windows-64\dataTrack1\IMG\center_2024_11_20_20_14_18_452.jpg, C:\Users\Owner\Downloads\simulator-windows-64\dataTrack1\IMG\left_2024_11_20_20_14_18_452.jpg, C:\Users\Owner\Downloads\simulator-windows-64\dataTrack1\IMG\right_2024_11_20_20_14_18_452.jpg, 0, 0.154455, 0, 26.77729
C:\Users\Owner\Downloads\simulator-windows-64\dataTrack1\IMG\center_2024_11_20_20_14_18_556.jpg, C:\Users\Owner\Downloads\simulator-windows-64\dataTrack1\IMG\left_2024_11_20_20_14_18_556.jpg, C:\Users\Owner\Downloads\simulator-windows-64\dataTrack1\IMG\right_2024_11_20_20_14_18_556.jpg, 0, 0.1530855, 0, 26.78283
C:\Users\Owner\Downloads\simulator-windows-64\dataTrack1\IMG\center_2024_11_20_20_14_18_661.jpg, C:\Users\Owner\Downloads\simulator-windows-64\dataTrack1\IMG\left_2024_11_20_20_14_18_661.jpg, C:\Users\Owner\Downloads\simulator-windows-64\dataTrack1\IMG\right_2024_11_20_20_14_18_661.jpg, 0, 0.0534087, 0, 26.56467
C:\Users\Owner\Downloads\simulator-windows-64\dataTrack1\IMG\center_2024_11_20_20_14_18_764.jpg, C:\Users\Owner\Downloads\simulator-windows-64\dataTrack1\IMG\left_2024_11_20_20_14_18_764.jpg, C:\Users\Owner\Downloads\simulator-windows-64\dataTrack1\IMG\right_2024_11_20_20_14_18_764.jpg, 0, 0, 0, 26.30875
C:\Users\Owner\Downloads\simulator-windows-64\dataTrack1\IMG\center_2024_11_20_20_14_18_868.jpg, C:\Users\Owner\Downloads\simulator-windows-64\dataTrack1\IMG\left_2024_11_20_20_14_18_868.jpg, C:\Users\Owner\Downloads\simulator-windows-64\dataTrack1\IMG\right_2024_11_20_20_14_18_868.jpg, 0, 0.2062086, 0, 26.2047
C:\Users\Owner\Downloads\simulator-windows-64\dataTrack1\IMG\center_2024_11_20_20_14_18_972.jpg, C:\Users\Owner\Downloads\simulator-windows-64\dataTrack1\IMG\left_2024_11_20_20_14_18_972.jpg, C:\Users\Owner\Downloads\simulator-windows-64\dataTrack1\IMG\right_2024_11_20_20_14_18_972.jpg, 0, 0.0533391, 0, 26.009
C:\Users\Owner\Downloads\simulator-windows-64\dataTrack1\IMG\center_2024_11_20_20_14_19_073.jpg, C:\Users\Owner\Downloads\simulator-windows-64\dataTrack1\IMG\left_2024_11_20_20_14_19_073.jpg, C:\Users\Owner\Downloads\simulator-windows-64\dataTrack1\IMG\right_2024_11_20_20_14_19_073.jpg, 0, 0.2506023, 0, 26.00335
C:\Users\Owner\Downloads\simulator-windows-64\dataTrack1\IMG\center_2024_11_20_20_14_19_179.jpg, C:\Users\Owner\Downloads\simulator-windows-64\dataTrack1\IMG\left_2024_11_20_20_14_19_179.jpg, C:\Users\Owner\Downloads\simulator-windows-64\dataTrack1\IMG\right_2024_11_20_20_14_19_179.jpg, 0, 0, 0, 25.85781
C:\Users\Owner\Downloads\simulator-windows-64\dataTrack1\IMG\center_2024_11_20_20_14_19_282.jpg, C:\Users\Owner\Downloads\simulator-windows-64\dataTrack1\IMG\left_2024_11_20_20_14_19_282.jpg, C:\Users\Owner\Downloads\simulator-windows-64\dataTrack1\IMG\right_2024_11_20_20_14_19_282.jpg, 0, 0.2092323, 0, 25.69731
C:\Users\Owner\Downloads\simulator-windows-64\dataTrack1\IMG\center_2024_11_20_20_14_19_387.jpg, C:\Users\Owner\Downloads\simulator-windows-64\dataTrack1\IMG\left_2024_11_20_20_14_19_387.jpg, C:\Users\Owner\Downloads\simulator-windows-64\dataTrack1\IMG\right_2024_11_20_20_14_19_387.jpg, 0, 0.1076418, 0, 25.7156
C:\Users\Owner\Downloads\simulator-windows-64\dataTrack1\IMG\center_2024_11_20_20_14_19_488.jpg, C:\Users\Owner\Downloads\simulator-windows-64\dataTrack1\IMG\left_2024_11_20_20_14_19_488.jpg, C:\Users\Owner\Downloads\simulator-windows-64\dataTrack1\IMG\right_2024_11_20_20_14_19_488.jpg, 0, 0.4111191, 0, 25.50512
C:\Users\Owner\Downloads\simulator-windows-64\dataTrack1\IMG\center_2024_11_20_20_14_19_595.jpg, C:\Users\Owner\Downloads\simulator-windows-64\dataTrack1\IMG\left_2024_11_20_20_14_19_595.jpg, C:\Users\Owner\Downloads\simulator-windows-64\dataTrack1\IMG\right_2024_11_20_20_14_19_595.jpg, 0, 0.1970142, 0, 25.53646
C:\Users\Owner\Downloads\simulator-windows-64\dataTrack1\IMG\center_2024_11_20_20_14_19_698.jpg, C:\Users\Owner\Downloads\simulator-windows-64\dataTrack1\IMG\left_2024_11_20_20_14_19_698.jpg, C:\Users\Owner\Downloads\simulator-windows-64\dataTrack1\IMG\right_2024_11_20_20_14_19_698.jpg, 0, 0.5091522, 0, 25.83498
C:\Users\Owner\Downloads\simulator-windows-64\dataTrack1\IMG\center_2024_11_20_20_14_19_801.jpg, C:\Users\Owner\Downloads\simulator-windows-64\dataTrack1\IMG\left_2024_11_20_20_14_19_801.jpg, C:\Users\Owner\Downloads\simulator-windows-64\dataTrack1\IMG\right_2024_11_20_20_14_19_801.jpg, 0, 0.200685, 0, 26.03777
C:\Users\Owner\Downloads\simulator-windows-64\dataTrack1\IMG\center_2024_11_20_20_14_19_906.jpg, C:\Users\Owner\Downloads\simulator-windows-64\dataTrack1\IMG\left_2024_11_20_20_14_19_906.jpg, C:\Users\Owner\Downloads\simulator-windows-64\dataTrack1\IMG\right_2024_11_20_20_14_19_906.jpg, 0, 0.4619061, 0, 26.15828
C:\Users\Owner\Downloads\simulator-windows-64\dataTrack1\IMG\center_2024_11_20_20_14_20_008.jpg, C:\Users\Owner\Downloads\simulator-windows-64\dataTrack1\IMG\left_2024_11_20_20_14_20_008.jpg, C:\Users\Owner\Downloads\simulator-windows-64\dataTrack1\IMG\right_2024_11_20_20_14_20_008.jpg, 0, 0.2124927, 0, 26.38396
C:\Users\Owner\Downloads\simulator-windows-64\dataTrack1\IMG\center_2024_11_20_20_14_20_111.jpg, C:\Users\Owner\Downloads\simulator-windows-64\dataTrack1\IMG\left_2024_11_20_20_14_20_111.jpg, C:\Users\Owner\Downloads\simulator-windows-64\dataTrack1\IMG\right_2024_11_20_20_14_20_111.jpg, 0, 0.3564963, 0, 26.39974
C:\Users\Owner\Downloads\simulator-windows-64\dataTrack1\IMG\center_2024_11_20_20_14_20_214.jpg, C:\Users\Owner\Downloads\simulator-windows-64\dataTrack1\IMG\left_2024_11_20_20_14_20_214.jpg, C:\Users\Owner\Downloads\simulator-windows-64\dataTrack1\IMG\right_2024_11_20_20_14_20_214.jpg, 0, 0.267261, 0, 26.60569
C:\Users\Owner\Downloads\simulator-windows-64\dataTrack1\IMG\center_2024_11_20_20_14_20_318.jpg, C:\Users\Owner\Downloads\simulator-windows-64\dataTrack1\IMG\left_2024_11_20_20_14_20_318.jpg, C:\Users\Owner\Downloads\simulator-windows-64\dataTrack1\IMG\right_2024_11_20_20_14_20_318.jpg, 0, 0.2670496, 0, 26.57216
C:\Users\Owner\Downloads\simulator-windows-64\dataTrack1\IMG\center_2024_11_20_20_14_20_422.jpg, C:\Users\Owner\Downloads\simulator-windows-64\dataTrack1\IMG\left_2024_11_20_20_14_20_422.jpg, C:\Users\Owner\Downloads\simulator-windows-64\dataTrack1\IMG\right_2024_11_20_20_14_20_422.jpg, 0, 0.3719815, 0, 26.77805
C:\Users\Owner\Downloads\simulator-windows-64\dataTrack1\IMG\center_2024_11_20_20_14_20_528.jpg, C:\Users\Owner\Downloads\simulator-windows-64\dataTrack1\IMG\left_2024_11_20_20_14_20_528.jpg, C:\Users\Owner\Downloads\simulator-windows-64\dataTrack1\IMG\right_2024_11_20_20_14_20_528.jpg, 0, 0.1584625, 0, 26.76495
C:\Users\Owner\Downloads\simulator-windows-64\dataTrack1\IMG\center_2024_11_20_20_14_20_631.jpg, C:\Users\Owner\Downloads\simulator-windows-64\dataTrack1\IMG\left_2024_11_20_20_14_20_631.jpg, C:\Users\Owner\Downloads\simulator-windows-64\dataTrack1\IMG\right_2024_11_20_20_14_20_631.jpg, 0, 0.3618819, 0, 26.88753
C:\Users\Owner\Downloads\simulator-windows-64\dataTrack1\IMG\center_2024_11_20_20_14_20_734.jpg, C:\Users\Owner\Downloads\simulator-windows-64\dataTrack1\IMG\left_2024_11_20_20_14_20_734.jpg, C:\Users\Owner\Downloads\simulator-windows-64\dataTrack1\IMG\right_2024_11_20_20_14_20_734.jpg, 0, 0.05379665, 0, 26.85695
C:\Users\Owner\Downloads\simulator-windows-64\dataTrack1\IMG\center_2024_11_20_20_14_20_837.jpg, C:\Users\Owner\Downloads\simulator-windows-64\dataTrack1\IMG\left_2024_11_20_20_14_20_837.jpg, C:\Users\Owner\Downloads\simulator-windows-64\dataTrack1\IMG\right_2024_11_20_20_14_20_837.jpg, -0.1049598, 0, 0, 26.58163
C:\Users\Owner\Downloads\simulator-windows-64\dataTrack1\IMG\center_2024_11_20_20_14_20_939.jpg, C:\Users\Owner\Downloads\simulator-windows-64\dataTrack1\IMG\left_2024_11_20_20_14_20_939.jpg, C:\Users\Owner\Downloads\simulator-windows-64\dataTrack1\IMG\right_2024_11_20_20_14_20_939.jpg, 0, 0, 0, 26.31439
C:\Users\Owner\Downloads\simulator-windows-64\dataTrack1\IMG\center_2024_11_20_20_14_21_044.jpg, C:\Users\Owner\Downloads\simulator-windows-64\dataTrack1\IMG\left_2024_11_20_20_14_21_044.jpg, C:\Users\Owner\Downloads\simulator-windows-64\dataTrack1\IMG\right_2024_11_20_20_14_21_044.jpg, 0, 0, 0, 26.05002
C:\Users\Owner\Downloads\simulator-windows-64\dataTrack1\IMG\center_2024_11_20_20_14_21_148.jpg, C:\Users\Owner\Downloads\simulator-windows-64\dataTrack1\IMG\left_2024_11_20_20_14_21_148.jpg, C:\Users\Owner\Downloads\simulator-windows-64\dataTrack1\IMG\right_2024_11_20_20_14_21_148.jpg, -0.1539426, 0, 0, 25.728
C:\Users\Owner\Downloads\simulator-windows-64\dataTrack1\IMG\center_2024_11_20_20_14_21_249.jpg, C:\Users\Owner\Downloads\simulator-windows-64\dataTrack1\IMG\left_2024_11_20_20_14_21_249.jpg, C:\Users\Owner\Downloads\simulator-windows-64\dataTrack1\IMG\right_2024_11_20_20_14_21_249.jpg, -0.4565781, 0, 0, 25.34237
C:\Users\Owner\Downloads\simulator-windows-64\dataTrack1\IMG\center_2024_11_20_20_14_21_353.jpg, C:\Users\Owner\Downloads\simulator-windows-64\dataTrack1\IMG\left_2024_11_20_20_14_21_353.jpg, C:\Users\Owner\Downloads\simulator-windows-64\dataTrack1\IMG\right_2024_11_20_20_14_21_353.jpg, -0.5621506, 0, 0, 24.84971
C:\Users\Owner\Downloads\simulator-windows-64\dataTrack1\IMG\center_2024_11_20_20_14_21_457.jpg, C:\Users\Owner\Downloads\simulator-windows-64\dataTrack1\IMG\left_2024_11_20_20_14_21_457.jpg, C:\Users\Owner\Downloads\simulator-windows-64\dataTrack1\IMG\right_2024_11_20_20_14_21_457.jpg, -0.2487946, 0, 0, 24.59991
C:\Users\Owner\Downloads\simulator-windows-64\dataTrack1\IMG\center_2024_11_20_20_14_21_562.jpg, C:\Users\Owner\Downloads\simulator-windows-64\dataTrack1\IMG\left_2024_11_20_20_14_21_562.jpg, C:\Users\Owner\Downloads\simulator-windows-64\dataTrack1\IMG\right_2024_11_20_20_14_21_562.jpg, 0, 0, 0, 24.34851
C:\Users\Owner\Downloads\simulator-windows-64\dataTrack1\IMG\center_2024_11_20_20_14_21_666.jpg, C:\Users\Owner\Downloads\simulator-windows-64\dataTrack1\IMG\left_2024_11_20_20_14_21_666.jpg, C:\Users\Owner\Downloads\simulator-windows-64\dataTrack1\IMG\right_2024_11_20_20_14_21_666.jpg, 0, 0, 0, 24.09277
C:\Users\Owner\Downloads\simulator-windows-64\dataTrack1\IMG\center_2024_11_20_20_14_21_769.jpg, C:\Users\Owner\Downloads\simulator-windows-64\dataTrack1\IMG\left_2024_11_20_20_14_21_769.jpg, C:\Users\Owner\Downloads\simulator-windows-64\dataTrack1\IMG\right_2024_11_20_20_14_21_769.jpg, 0, 0, 0, 23.80078
C:\Users\Owner\Downloads\simulator-windows-64\dataTrack1\IMG\center_2024_11_20_20_14_21_872.jpg, C:\Users\Owner\Downloads\simulator-windows-64\dataTrack1\IMG\left_2024_11_20_20_14_21_872.jpg, C:\Users\Owner\Downloads\simulator-windows-64\dataTrack1\IMG\right_2024_11_20_20_14_21_872.jpg, 0.152055, 0, 0, 23.55
C:\Users\Owner\Downloads\simulator-windows-64\dataTrack1\IMG\center_2024_11_20_20_14_21_974.jpg, C:\Users\Owner\Downloads\simulator-windows-64\dataTrack1\IMG\left_2024_11_20_20_14_21_974.jpg, C:\Users\Owner\Downloads\simulator-windows-64\dataTrack1\IMG\right_2024_11_20_20_14_21_974.jpg, 0.4579221, 0, 0, 23.18529
C:\Users\Owner\Downloads\simulator-windows-64\dataTrack1\IMG\center_2024_11_20_20_14_22_080.jpg, C:\Users\Owner\Downloads\simulator-windows-64\dataTrack1\IMG\left_2024_11_20_20_14_22_080.jpg, C:\Users\Owner\Downloads\simulator-windows-64\dataTrack1\IMG\right_2024_11_20_20_14_22_080.jpg, 0.3197203, 0, 0, 22.84291
C:\Users\Owner\Downloads\simulator-windows-64\dataTrack1\IMG\center_2024_11_20_20_14_22_181.jpg, C:\Users\Owner\Downloads\simulator-windows-64\dataTrack1\IMG\left_2024_11_20_20_14_22_181.jpg, C:\Users\Owner\Downloads\simulator-windows-64\dataTrack1\IMG\right_2024_11_20_20_14_22_181.jpg, 0.01666776, 0, 0, 22.61719
C:\Users\Owner\Downloads\simulator-windows-64\dataTrack1\IMG\center_2024_11_20_20_14_22_285.jpg, C:\Users\Owner\Downloads\simulator-windows-64\dataTrack1\IMG\left_2024_11_20_20_14_22_285.jpg, C:\Users\Owner\Downloads\simulator-windows-64\dataTrack1\IMG\right_2024_11_20_20_14_22_285.jpg, 0, 0, 0, 22.37401
C:\Users\Owner\Downloads\simulator-windows-64\dataTrack1\IMG\center_2024_11_20_20_14_22_389.jpg, C:\Users\Owner\Downloads\simulator-windows-64\dataTrack1\IMG\left_2024_11_20_20_14_22_389.jpg, C:\Users\Owner\Downloads\simulator-windows-64\dataTrack1\IMG\right_2024_11_20_20_14_22_389.jpg, 0, 0, 0, 22.10304
C:\Users\Owner\Downloads\simulator-windows-64\dataTrack1\IMG\center_2024_11_20_20_14_22_493.jpg, C:\Users\Owner\Downloads\simulator-windows-64\dataTrack1\IMG\left_2024_11_20_20_14_22_493.jpg, C:\Users\Owner\Downloads\simulator-windows-64\dataTrack1\IMG\right_2024_11_20_20_14_22_493.jpg, 0, 0, 0, 21.88217
C:\Users\Owner\Downloads\simulator-windows-64\dataTrack1\IMG\center_2024_11_20_20_14_22_598.jpg, C:\Users\Owner\Downloads\simulator-windows-64\dataTrack1\IMG\left_2024_11_20_20_14_22_598.jpg, C:\Users\Owner\Downloads\simulator-windows-64\dataTrack1\IMG\right_2024_11_20_20_14_22_598.jpg, 0, 0, 0, 21.66253
C:\Users\Owner\Downloads\simulator-windows-64\dataTrack1\IMG\center_2024_11_20_20_14_22_700.jpg, C:\Users\Owner\Downloads\simulator-windows-64\dataTrack1\IMG\left_2024_11_20_20_14_22_700.jpg, C:\Users\Owner\Downloads\simulator-windows-64\dataTrack1\IMG\right_2024_11_20_20_14_22_700.jpg, -0.3075879, 0, 0, 21.39964
C:\Users\Owner\Downloads\simulator-windows-64\dataTrack1\IMG\center_2024_11_20_20_14_22_804.jpg, C:\Users\Owner\Downloads\simulator-windows-64\dataTrack1\IMG\left_2024_11_20_20_14_22_804.jpg, C:\Users\Owner\Downloads\simulator-windows-64\dataTrack1\IMG\right_2024_11_20_20_14_22_804.jpg, -0.04771829, 0, 0, 21.17035
C:\Users\Owner\Downloads\simulator-windows-64\dataTrack1\IMG\center_2024_11_20_20_14_22_905.jpg, C:\Users\Owner\Downloads\simulator-windows-64\dataTrack1\IMG\left_2024_11_20_20_14_22_905.jpg, C:\Users\Owner\Downloads\simulator-windows-64\dataTrack1\IMG\right_2024_11_20_20_14_22_905.jpg, -0.096672, 0, 0, 20.95667
C:\Users\Owner\Downloads\simulator-windows-64\dataTrack1\IMG\center_2024_11_20_20_14_23_012.jpg, C:\Users\Owner\Downloads\simulator-windows-64\dataTrack1\IMG\left_2024_11_20_20_14_23_012.jpg, C:\Users\Owner\Downloads\simulator-windows-64\dataTrack1\IMG\right_2024_11_20_20_14_23_012.jpg, -0.2501634, 0, 0, 20.63869
C:\Users\Owner\Downloads\simulator-windows-64\dataTrack1\IMG\center_2024_11_20_20_14_23_115.jpg, C:\Users\Owner\Downloads\simulator-windows-64\dataTrack1\IMG\left_2024_11_20_20_14_23_115.jpg, C:\Users\Owner\Downloads\simulator-windows-64\dataTrack1\IMG\right_2024_11_20_20_14_23_115.jpg, 0, 0, 0, 20.42534
C:\Users\Owner\Downloads\simulator-windows-64\dataTrack1\IMG\center_2024_11_20_20_14_23_217.jpg, C:\Users\Owner\Downloads\simulator-windows-64\dataTrack1\IMG\left_2024_11_20_20_14_23_217.jpg, C:\Users\Owner\Downloads\simulator-windows-64\dataTrack1\IMG\right_2024_11_20_20_14_23_217.jpg, -0.1542351, 0, 0, 20.21669
C:\Users\Owner\Downloads\simulator-windows-64\dataTrack1\IMG\center_2024_11_20_20_14_23_321.jpg, C:\Users\Owner\Downloads\simulator-windows-64\dataTrack1\IMG\left_2024_11_20_20_14_23_321.jpg, C:\Users\Owner\Downloads\simulator-windows-64\dataTrack1\IMG\right_2024_11_20_20_14_23_321.jpg, -0.4666215, 0, 0, 19.9322
C:\Users\Owner\Downloads\simulator-windows-64\dataTrack1\IMG\center_2024_11_20_20_14_23_425.jpg, C:\Users\Owner\Downloads\simulator-windows-64\dataTrack1\IMG\left_2024_11_20_20_14_23_425.jpg, C:\Users\Owner\Downloads\simulator-windows-64\dataTrack1\IMG\right_2024_11_20_20_14_23_425.jpg, -0.2070273, 0, 0, 19.70318
C:\Users\Owner\Downloads\simulator-windows-64\dataTrack1\IMG\center_2024_11_20_20_14_23_530.jpg, C:\Users\Owner\Downloads\simulator-windows-64\dataTrack1\IMG\left_2024_11_20_20_14_23_530.jpg, C:\Users\Owner\Downloads\simulator-windows-64\dataTrack1\IMG\right_2024_11_20_20_14_23_530.jpg, -0.4698813, 0, 0, 19.41918
C:\Users\Owner\Downloads\simulator-windows-64\dataTrack1\IMG\center_2024_11_20_20_14_23_634.jpg, C:\Users\Owner\Downloads\simulator-windows-64\dataTrack1\IMG\left_2024_11_20_20_14_23_634.jpg, C:\Users\Owner\Downloads\simulator-windows-64\dataTrack1\IMG\right_2024_11_20_20_14_23_634.jpg, -0.3129687, 0, 0, 19.24972
C:\Users\Owner\Downloads\simulator-windows-64\dataTrack1\IMG\center_2024_11_20_20_14_23_738.jpg, C:\Users\Owner\Downloads\simulator-windows-64\dataTrack1\IMG\left_2024_11_20_20_14_23_738.jpg, C:\Users\Owner\Downloads\simulator-windows-64\dataTrack1\IMG\right_2024_11_20_20_14_23_738.jpg, -0.0004811734, 0, 0, 18.83426
C:\Users\Owner\Downloads\simulator-windows-64\dataTrack1\IMG\center_2024_11_20_20_14_23_839.jpg, C:\Users\Owner\Downloads\simulator-windows-64\dataTrack1\IMG\left_2024_11_20_20_14_23_839.jpg, C:\Users\Owner\Downloads\simulator-windows-64\dataTrack1\IMG\right_2024_11_20_20_14_23_839.jpg, -0.09976888, 0, 0, 18.97556
C:\Users\Owner\Downloads\simulator-windows-64\dataTrack1\IMG\center_2024_11_20_20_14_23_945.jpg, C:\Users\Owner\Downloads\simulator-windows-64\dataTrack1\IMG\left_2024_11_20_20_14_23_945.jpg, C:\Users\Owner\Downloads\simulator-windows-64\dataTrack1\IMG\right_2024_11_20_20_14_23_945.jpg, 0, 0, 0, 18.36414
C:\Users\Owner\Downloads\simulator-windows-64\dataTrack1\IMG\center_2024_11_20_20_14_24_047.jpg, C:\Users\Owner\Downloads\simulator-windows-64\dataTrack1\IMG\left_2024_11_20_20_14_24_047.jpg, C:\Users\Owner\Downloads\simulator-windows-64\dataTrack1\IMG\right_2024_11_20_20_14_24_047.jpg, 0, 0, 0, 18.10836
C:\Users\Owner\Downloads\simulator-windows-64\dataTrack1\IMG\center_2024_11_20_20_14_24_149.jpg, C:\Users\Owner\Downloads\simulator-windows-64\dataTrack1\IMG\left_2024_11_20_20_14_24_149.jpg, C:\Users\Owner\Downloads\simulator-windows-64\dataTrack1\IMG\right_2024_11_20_20_14_24_149.jpg, 0, 0, 0, 18.41769
C:\Users\Owner\Downloads\simulator-windows-64\dataTrack1\IMG\center_2024_11_20_20_14_24_253.jpg, C:\Users\Owner\Downloads\simulator-windows-64\dataTrack1\IMG\left_2024_11_20_20_14_24_253.jpg, C:\Users\Owner\Downloads\simulator-windows-64\dataTrack1\IMG\right_2024_11_20_20_14_24_253.jpg, 0, 0.2040849, 0, 17.84076
C:\Users\Owner\Downloads\simulator-windows-64\dataTrack1\IMG\center_2024_11_20_20_14_24_358.jpg, C:\Users\Owner\Downloads\simulator-windows-64\dataTrack1\IMG\left_2024_11_20_20_14_24_358.jpg, C:\Users\Owner\Downloads\simulator-windows-64\dataTrack1\IMG\right_2024_11_20_20_14_24_358.jpg, 0, 0.06830521, 0, 18.37763
C:\Users\Owner\Downloads\simulator-windows-64\dataTrack1\IMG\center_2024_11_20_20_14_24_462.jpg, C:\Users\Owner\Downloads\simulator-windows-64\dataTrack1\IMG\left_2024_11_20_20_14_24_462.jpg, C:\Users\Owner\Downloads\simulator-windows-64\dataTrack1\IMG\right_2024_11_20_20_14_24_462.jpg, 0, 0.2120241, 0, 17.78597
C:\Users\Owner\Downloads\simulator-windows-64\dataTrack1\IMG\center_2024_11_20_20_14_24_565.jpg, C:\Users\Owner\Downloads\simulator-windows-64\dataTrack1\IMG\left_2024_11_20_20_14_24_565.jpg, C:\Users\Owner\Downloads\simulator-windows-64\dataTrack1\IMG\right_2024_11_20_20_14_24_565.jpg, 0, 0, 0, 18.2124
C:\Users\Owner\Downloads\simulator-windows-64\dataTrack1\IMG\center_2024_11_20_20_14_24_669.jpg, C:\Users\Owner\Downloads\simulator-windows-64\dataTrack1\IMG\left_2024_11_20_20_14_24_669.jpg, C:\Users\Owner\Downloads\simulator-windows-64\dataTrack1\IMG\right_2024_11_20_20_14_24_669.jpg, -0.1560405, 0, 0, 17.98714
C:\Users\Owner\Downloads\simulator-windows-64\dataTrack1\IMG\center_2024_11_20_20_14_24_772.jpg, C:\Users\Owner\Downloads\simulator-windows-64\dataTrack1\IMG\left_2024_11_20_20_14_24_772.jpg, C:\Users\Owner\Downloads\simulator-windows-64\dataTrack1\IMG\right_2024_11_20_20_14_24_772.jpg, -0.2596164, 0, 0, 17.23758
C:\Users\Owner\Downloads\simulator-windows-64\dataTrack1\IMG\center_2024_11_20_20_14_24_874.jpg, C:\Users\Owner\Downloads\simulator-windows-64\dataTrack1\IMG\left_2024_11_20_20_14_24_874.jpg, C:\Users\Owner\Downloads\simulator-windows-64\dataTrack1\IMG\right_2024_11_20_20_14_24_874.jpg, 0, 0, 0, 17.58054
C:\Users\Owner\Downloads\simulator-windows-64\dataTrack1\IMG\center_2024_11_20_20_14_24_979.jpg, C:\Users\Owner\Downloads\simulator-windows-64\dataTrack1\IMG\left_2024_11_20_20_14_24_979.jpg, C:\Users\Owner\Downloads\simulator-windows-64\dataTrack1\IMG\right_2024_11_20_20_14_24_979.jpg, -0.1023327, 0, 0, 16.86674
C:\Users\Owner\Downloads\simulator-windows-64\dataTrack1\IMG\center_2024_11_20_20_14_25_084.jpg, C:\Users\Owner\Downloads\simulator-windows-64\dataTrack1\IMG\left_2024_11_20_20_14_25_084.jpg, C:\Users\Owner\Downloads\simulator-windows-64\dataTrack1\IMG\right_2024_11_20_20_14_25_084.jpg, -0.4143501, 0, 0, 17.13482
C:\Users\Owner\Downloads\simulator-windows-64\dataTrack1\IMG\center_2024_11_20_20_14_25_186.jpg, C:\Users\Owner\Downloads\simulator-windows-64\dataTrack1\IMG\left_2024_11_20_20_14_25_186.jpg, C:\Users\Owner\Downloads\simulator-windows-64\dataTrack1\IMG\right_2024_11_20_20_14_25_186.jpg, -0.1505829, 0, 0, 16.44717
C:\Users\Owner\Downloads\simulator-windows-64\dataTrack1\IMG\center_2024_11_20_20_14_25_291.jpg, C:\Users\Owner\Downloads\simulator-windows-64\dataTrack1\IMG\left_2024_11_20_20_14_25_291.jpg, C:\Users\Owner\Downloads\simulator-windows-64\dataTrack1\IMG\right_2024_11_20_20_14_25_291.jpg, -0.4183374, 0, 0, 16.23059
C:\Users\Owner\Downloads\simulator-windows-64\dataTrack1\IMG\center_2024_11_20_20_14_25_396.jpg, C:\Users\Owner\Downloads\simulator-windows-64\dataTrack1\IMG\left_2024_11_20_20_14_25_396.jpg, C:\Users\Owner\Downloads\simulator-windows-64\dataTrack1\IMG\right_2024_11_20_20_14_25_396.jpg, -0.4143814, 0, 0, 16.53012
C:\Users\Owner\Downloads\simulator-windows-64\dataTrack1\IMG\center_2024_11_20_20_14_25_499.jpg, C:\Users\Owner\Downloads\simulator-windows-64\dataTrack1\IMG\left_2024_11_20_20_14_25_499.jpg, C:\Users\Owner\Downloads\simulator-windows-64\dataTrack1\IMG\right_2024_11_20_20_14_25_499.jpg, -0.106506, 0, 0, 15.8538
C:\Users\Owner\Downloads\simulator-windows-64\dataTrack1\IMG\center_2024_11_20_20_14_25_602.jpg, C:\Users\Owner\Downloads\simulator-windows-64\dataTrack1\IMG\left_2024_11_20_20_14_25_602.jpg, C:\Users\Owner\Downloads\simulator-windows-64\dataTrack1\IMG\right_2024_11_20_20_14_25_602.jpg, -0.1026717, 0, 0, 16.19451
C:\Users\Owner\Downloads\simulator-windows-64\dataTrack1\IMG\center_2024_11_20_20_14_25_706.jpg, C:\Users\Owner\Downloads\simulator-windows-64\dataTrack1\IMG\left_2024_11_20_20_14_25_706.jpg, C:\Users\Owner\Downloads\simulator-windows-64\dataTrack1\IMG\right_2024_11_20_20_14_25_706.jpg, -0.3623094, 0, 0, 15.47491
C:\Users\Owner\Downloads\simulator-windows-64\dataTrack1\IMG\center_2024_11_20_20_14_25_809.jpg, C:\Users\Owner\Downloads\simulator-windows-64\dataTrack1\IMG\left_2024_11_20_20_14_25_809.jpg, C:\Users\Owner\Downloads\simulator-windows-64\dataTrack1\IMG\right_2024_11_20_20_14_25_809.jpg, -0.1049724, 0, 0, 15.28664
C:\Users\Owner\Downloads\simulator-windows-64\dataTrack1\IMG\center_2024_11_20_20_14_25_915.jpg, C:\Users\Owner\Downloads\simulator-windows-64\dataTrack1\IMG\left_2024_11_20_20_14_25_915.jpg, C:\Users\Owner\Downloads\simulator-windows-64\dataTrack1\IMG\right_2024_11_20_20_14_25_915.jpg, -0.0521229, 0, 0, 15.64545
C:\Users\Owner\Downloads\simulator-windows-64\dataTrack1\IMG\center_2024_11_20_20_14_26_018.jpg, C:\Users\Owner\Downloads\simulator-windows-64\dataTrack1\IMG\left_2024_11_20_20_14_26_018.jpg, C:\Users\Owner\Downloads\simulator-windows-64\dataTrack1\IMG\right_2024_11_20_20_14_26_018.jpg, -0.3624288, 0, 0, 14.93206
C:\Users\Owner\Downloads\simulator-windows-64\dataTrack1\IMG\center_2024_11_20_20_14_26_122.jpg, C:\Users\Owner\Downloads\simulator-windows-64\dataTrack1\IMG\left_2024_11_20_20_14_26_122.jpg, C:\Users\Owner\Downloads\simulator-windows-64\dataTrack1\IMG\right_2024_11_20_20_14_26_122.jpg, -0.3655221, 0, 0, 15.21708
C:\Users\Owner\Downloads\simulator-windows-64\dataTrack1\IMG\center_2024_11_20_20_14_26_225.jpg, C:\Users\Owner\Downloads\simulator-windows-64\dataTrack1\IMG\left_2024_11_20_20_14_26_225.jpg, C:\Users\Owner\Downloads\simulator-windows-64\dataTrack1\IMG\right_2024_11_20_20_14_26_225.jpg, -0.1097373, 0, 0, 14.56585
C:\Users\Owner\Downloads\simulator-windows-64\dataTrack1\IMG\center_2024_11_20_20_14_26_330.jpg, C:\Users\Owner\Downloads\simulator-windows-64\dataTrack1\IMG\left_2024_11_20_20_14_26_330.jpg, C:\Users\Owner\Downloads\simulator-windows-64\dataTrack1\IMG\right_2024_11_20_20_14_26_330.jpg, -0.4764261, 0, 0, 14.34326
C:\Users\Owner\Downloads\simulator-windows-64\dataTrack1\IMG\center_2024_11_20_20_14_26_432.jpg, C:\Users\Owner\Downloads\simulator-windows-64\dataTrack1\IMG\left_2024_11_20_20_14_26_432.jpg, C:\Users\Owner\Downloads\simulator-windows-64\dataTrack1\IMG\right_2024_11_20_20_14_26_432.jpg, -0.4766606, 0, 0, 14.64495
C:\Users\Owner\Downloads\simulator-windows-64\dataTrack1\IMG\center_2024_11_20_20_14_26_539.jpg, C:\Users\Owner\Downloads\simulator-windows-64\dataTrack1\IMG\left_2024_11_20_20_14_26_539.jpg, C:\Users\Owner\Downloads\simulator-windows-64\dataTrack1\IMG\right_2024_11_20_20_14_26_539.jpg, -0.2623686, 0, 0, 13.94455
C:\Users\Owner\Downloads\simulator-windows-64\dataTrack1\IMG\center_2024_11_20_20_14_26_640.jpg, C:\Users\Owner\Downloads\simulator-windows-64\dataTrack1\IMG\left_2024_11_20_20_14_26_640.jpg, C:\Users\Owner\Downloads\simulator-windows-64\dataTrack1\IMG\right_2024_11_20_20_14_26_640.jpg, -0.5654228, 0, 0, 14.30519
C:\Users\Owner\Downloads\simulator-windows-64\dataTrack1\IMG\center_2024_11_20_20_14_26_746.jpg, C:\Users\Owner\Downloads\simulator-windows-64\dataTrack1\IMG\left_2024_11_20_20_14_26_746.jpg, C:\Users\Owner\Downloads\simulator-windows-64\dataTrack1\IMG\right_2024_11_20_20_14_26_746.jpg, -0.2992763, 0, 0, 13.63728
C:\Users\Owner\Downloads\simulator-windows-64\dataTrack1\IMG\center_2024_11_20_20_14_26_850.jpg, C:\Users\Owner\Downloads\simulator-windows-64\dataTrack1\IMG\left_2024_11_20_20_14_26_850.jpg, C:\Users\Owner\Downloads\simulator-windows-64\dataTrack1\IMG\right_2024_11_20_20_14_26_850.jpg, -0.05250449, 0, 0, 13.45145
C:\Users\Owner\Downloads\simulator-windows-64\dataTrack1\IMG\center_2024_11_20_20_14_26_954.jpg, C:\Users\Owner\Downloads\simulator-windows-64\dataTrack1\IMG\left_2024_11_20_20_14_26_954.jpg, C:\Users\Owner\Downloads\simulator-windows-64\dataTrack1\IMG\right_2024_11_20_20_14_26_954.jpg, -0.1595775, 0, 0, 13.83567
C:\Users\Owner\Downloads\simulator-windows-64\dataTrack1\IMG\center_2024_11_20_20_14_27_059.jpg, C:\Users\Owner\Downloads\simulator-windows-64\dataTrack1\IMG\left_2024_11_20_20_14_27_059.jpg, C:\Users\Owner\Downloads\simulator-windows-64\dataTrack1\IMG\right_2024_11_20_20_14_27_059.jpg, 0, 0, 0, 13.18505
C:\Users\Owner\Downloads\simulator-windows-64\dataTrack1\IMG\center_2024_11_20_20_14_27_165.jpg, C:\Users\Owner\Downloads\simulator-windows-64\dataTrack1\IMG\left_2024_11_20_20_14_27_165.jpg, C:\Users\Owner\Downloads\simulator-windows-64\dataTrack1\IMG\right_2024_11_20_20_14_27_165.jpg, 0, 0.0527925, 0, 13.57545
C:\Users\Owner\Downloads\simulator-windows-64\dataTrack1\IMG\center_2024_11_20_20_14_27_266.jpg, C:\Users\Owner\Downloads\simulator-windows-64\dataTrack1\IMG\left_2024_11_20_20_14_27_266.jpg, C:\Users\Owner\Downloads\simulator-windows-64\dataTrack1\IMG\right_2024_11_20_20_14_27_266.jpg, 0, 0.0618543, 0, 13.08189
C:\Users\Owner\Downloads\simulator-windows-64\dataTrack1\IMG\center_2024_11_20_20_14_27_370.jpg, C:\Users\Owner\Downloads\simulator-windows-64\dataTrack1\IMG\left_2024_11_20_20_14_27_370.jpg, C:\Users\Owner\Downloads\simulator-windows-64\dataTrack1\IMG\right_2024_11_20_20_14_27_370.jpg, -0.1556211, 0, 0, 12.84964
C:\Users\Owner\Downloads\simulator-windows-64\dataTrack1\IMG\center_2024_11_20_20_14_27_475.jpg, C:\Users\Owner\Downloads\simulator-windows-64\dataTrack1\IMG\left_2024_11_20_20_14_27_475.jpg, C:\Users\Owner\Downloads\simulator-windows-64\dataTrack1\IMG\right_2024_11_20_20_14_27_475.jpg, -0.4710285, 0, 0, 13.17772
C:\Users\Owner\Downloads\simulator-windows-64\dataTrack1\IMG\center_2024_11_20_20_14_27_581.jpg, C:\Users\Owner\Downloads\simulator-windows-64\dataTrack1\IMG\left_2024_11_20_20_14_27_581.jpg, C:\Users\Owner\Downloads\simulator-windows-64\dataTrack1\IMG\right_2024_11_20_20_14_27_581.jpg, -0.1547133, 0.1520427, 0, 12.51892
C:\Users\Owner\Downloads\simulator-windows-64\dataTrack1\IMG\center_2024_11_20_20_14_27_685.jpg, C:\Users\Owner\Downloads\simulator-windows-64\dataTrack1\IMG\left_2024_11_20_20_14_27_685.jpg, C:\Users\Owner\Downloads\simulator-windows-64\dataTrack1\IMG\right_2024_11_20_20_14_27_685.jpg, -0.4160499, 0.1103613, 0, 13.14592
C:\Users\Owner\Downloads\simulator-windows-64\dataTrack1\IMG\center_2024_11_20_20_14_27_788.jpg, C:\Users\Owner\Downloads\simulator-windows-64\dataTrack1\IMG\left_2024_11_20_20_14_27_788.jpg, C:\Users\Owner\Downloads\simulator-windows-64\dataTrack1\IMG\right_2024_11_20_20_14_27_788.jpg, -0.5689443, 0, 0, 12.97772
C:\Users\Owner\Downloads\simulator-windows-64\dataTrack1\IMG\center_2024_11_20_20_14_27_891.jpg, C:\Users\Owner\Downloads\simulator-windows-64\dataTrack1\IMG\left_2024_11_20_20_14_27_891.jpg, C:\Users\Owner\Downloads\simulator-windows-64\dataTrack1\IMG\right_2024_11_20_20_14_27_891.jpg, -0.2599019, 0, 0, 12.31028
C:\Users\Owner\Downloads\simulator-windows-64\dataTrack1\IMG\center_2024_11_20_20_14_27_998.jpg, C:\Users\Owner\Downloads\simulator-windows-64\dataTrack1\IMG\left_2024_11_20_20_14_27_998.jpg, C:\Users\Owner\Downloads\simulator-windows-64\dataTrack1\IMG\right_2024_11_20_20_14_27_998.jpg, -0.1628439, 0.0513825, 0, 12.69555
C:\Users\Owner\Downloads\simulator-windows-64\dataTrack1\IMG\center_2024_11_20_20_14_28_102.jpg, C:\Users\Owner\Downloads\simulator-windows-64\dataTrack1\IMG\left_2024_11_20_20_14_28_102.jpg, C:\Users\Owner\Downloads\simulator-windows-64\dataTrack1\IMG\right_2024_11_20_20_14_28_102.jpg, -0.3725744, 0, 0, 12.11557
C:\Users\Owner\Downloads\simulator-windows-64\dataTrack1\IMG\center_2024_11_20_20_14_28_204.jpg, C:\Users\Owner\Downloads\simulator-windows-64\dataTrack1\IMG\left_2024_11_20_20_14_28_204.jpg, C:\Users\Owner\Downloads\simulator-windows-64\dataTrack1\IMG\right_2024_11_20_20_14_28_204.jpg, -0.06564954, 0, 0, 12.36915
C:\Users\Owner\Downloads\simulator-windows-64\dataTrack1\IMG\center_2024_11_20_20_14_28_309.jpg, C:\Users\Owner\Downloads\simulator-windows-64\dataTrack1\IMG\left_2024_11_20_20_14_28_309.jpg, C:\Users\Owner\Downloads\simulator-windows-64\dataTrack1\IMG\right_2024_11_20_20_14_28_309.jpg, 0, 0.1059288, 0, 12.45389
C:\Users\Owner\Downloads\simulator-windows-64\dataTrack1\IMG\center_2024_11_20_20_14_28_415.jpg, C:\Users\Owner\Downloads\simulator-windows-64\dataTrack1\IMG\left_2024_11_20_20_14_28_415.jpg, C:\Users\Owner\Downloads\simulator-windows-64\dataTrack1\IMG\right_2024_11_20_20_14_28_415.jpg, 0, 0, 0, 12.16829
C:\Users\Owner\Downloads\simulator-windows-64\dataTrack1\IMG\center_2024_11_20_20_14_28_519.jpg, C:\Users\Owner\Downloads\simulator-windows-64\dataTrack1\IMG\left_2024_11_20_20_14_28_519.jpg, C:\Users\Owner\Downloads\simulator-windows-64\dataTrack1\IMG\right_2024_11_20_20_14_28_519.jpg, -0.3134013, 0.2004813, 0, 12.19251
C:\Users\Owner\Downloads\simulator-windows-64\dataTrack1\IMG\center_2024_11_20_20_14_28_622.jpg, C:\Users\Owner\Downloads\simulator-windows-64\dataTrack1\IMG\left_2024_11_20_20_14_28_622.jpg, C:\Users\Owner\Downloads\simulator-windows-64\dataTrack1\IMG\right_2024_11_20_20_14_28_622.jpg, -0.6224877, 0, 0, 12.06204
C:\Users\Owner\Downloads\simulator-windows-64\dataTrack1\IMG\center_2024_11_20_20_14_28_725.jpg, C:\Users\Owner\Downloads\simulator-windows-64\dataTrack1\IMG\left_2024_11_20_20_14_28_725.jpg, C:\Users\Owner\Downloads\simulator-windows-64\dataTrack1\IMG\right_2024_11_20_20_14_28_725.jpg, -0.3614796, 0.2610081, 0, 12.01769
C:\Users\Owner\Downloads\simulator-windows-64\dataTrack1\IMG\center_2024_11_20_20_14_28_827.jpg, C:\Users\Owner\Downloads\simulator-windows-64\dataTrack1\IMG\left_2024_11_20_20_14_28_827.jpg, C:\Users\Owner\Downloads\simulator-windows-64\dataTrack1\IMG\right_2024_11_20_20_14_28_827.jpg, -0.2127017, 0.1683555, 0, 12.38495
C:\Users\Owner\Downloads\simulator-windows-64\dataTrack1\IMG\center_2024_11_20_20_14_28_933.jpg, C:\Users\Owner\Downloads\simulator-windows-64\dataTrack1\IMG\left_2024_11_20_20_14_28_933.jpg, C:\Users\Owner\Downloads\simulator-windows-64\dataTrack1\IMG\right_2024_11_20_20_14_28_933.jpg, -0.4267415, 0.1625031, 0, 12.31463
C:\Users\Owner\Downloads\simulator-windows-64\dataTrack1\IMG\center_2024_11_20_20_14_29_037.jpg, C:\Users\Owner\Downloads\simulator-windows-64\dataTrack1\IMG\left_2024_11_20_20_14_29_037.jpg, C:\Users\Owner\Downloads\simulator-windows-64\dataTrack1\IMG\right_2024_11_20_20_14_29_037.jpg, -0.1132934, 0.06014758, 0, 12.33996
C:\Users\Owner\Downloads\simulator-windows-64\dataTrack1\IMG\center_2024_11_20_20_14_29_141.jpg, C:\Users\Owner\Downloads\simulator-windows-64\dataTrack1\IMG\left_2024_11_20_20_14_29_141.jpg, C:\Users\Owner\Downloads\simulator-windows-64\dataTrack1\IMG\right_2024_11_20_20_14_29_141.jpg, 0, 0.0533136, 0, 12.26956
C:\Users\Owner\Downloads\simulator-windows-64\dataTrack1\IMG\center_2024_11_20_20_14_29_242.jpg, C:\Users\Owner\Downloads\simulator-windows-64\dataTrack1\IMG\left_2024_11_20_20_14_29_242.jpg, C:\Users\Owner\Downloads\simulator-windows-64\dataTrack1\IMG\right_2024_11_20_20_14_29_242.jpg, -0.2014062, 0.357786, 0, 12.30838
C:\Users\Owner\Downloads\simulator-windows-64\dataTrack1\IMG\center_2024_11_20_20_14_29_348.jpg, C:\Users\Owner\Downloads\simulator-windows-64\dataTrack1\IMG\left_2024_11_20_20_14_29_348.jpg, C:\Users\Owner\Downloads\simulator-windows-64\dataTrack1\IMG\right_2024_11_20_20_14_29_348.jpg, -0.1944918, 0.04041301, 0, 12.40465
C:\Users\Owner\Downloads\simulator-windows-64\dataTrack1\IMG\center_2024_11_20_20_14_29_451.jpg, C:\Users\Owner\Downloads\simulator-windows-64\dataTrack1\IMG\left_2024_11_20_20_14_29_451.jpg, C:\Users\Owner\Downloads\simulator-windows-64\dataTrack1\IMG\right_2024_11_20_20_14_29_451.jpg, 0, 0.229377, 0, 12.46687
C:\Users\Owner\Downloads\simulator-windows-64\dataTrack1\IMG\center_2024_11_20_20_14_29_554.jpg, C:\Users\Owner\Downloads\simulator-windows-64\dataTrack1\IMG\left_2024_11_20_20_14_29_554.jpg, C:\Users\Owner\Downloads\simulator-windows-64\dataTrack1\IMG\right_2024_11_20_20_14_29_554.jpg, 0, 0.1363095, 0, 12.79358
C:\Users\Owner\Downloads\simulator-windows-64\dataTrack1\IMG\center_2024_11_20_20_14_29_659.jpg, C:\Users\Owner\Downloads\simulator-windows-64\dataTrack1\IMG\left_2024_11_20_20_14_29_659.jpg, C:\Users\Owner\Downloads\simulator-windows-64\dataTrack1\IMG\right_2024_11_20_20_14_29_659.jpg, 0, 0.4512687, 0, 12.53799
C:\Users\Owner\Downloads\simulator-windows-64\dataTrack1\IMG\center_2024_11_20_20_14_29_760.jpg, C:\Users\Owner\Downloads\simulator-windows-64\dataTrack1\IMG\left_2024_11_20_20_14_29_760.jpg, C:\Users\Owner\Downloads\simulator-windows-64\dataTrack1\IMG\right_2024_11_20_20_14_29_760.jpg, 0, 0.4064115, 0, 13.31341
C:\Users\Owner\Downloads\simulator-windows-64\dataTrack1\IMG\center_2024_11_20_20_14_29_865.jpg, C:\Users\Owner\Downloads\simulator-windows-64\dataTrack1\IMG\left_2024_11_20_20_14_29_865.jpg, C:\Users\Owner\Downloads\simulator-windows-64\dataTrack1\IMG\right_2024_11_20_20_14_29_865.jpg, 0, 0.668727, 0, 13.57461
C:\Users\Owner\Downloads\simulator-windows-64\dataTrack1\IMG\center_2024_11_20_20_14_29_971.jpg, C:\Users\Owner\Downloads\simulator-windows-64\dataTrack1\IMG\left_2024_11_20_20_14_29_971.jpg, C:\Users\Owner\Downloads\simulator-windows-64\dataTrack1\IMG\right_2024_11_20_20_14_29_971.jpg, 0, 0.5091021, 0, 14.52221
C:\Users\Owner\Downloads\simulator-windows-64\dataTrack1\IMG\center_2024_11_20_20_14_30_076.jpg, C:\Users\Owner\Downloads\simulator-windows-64\dataTrack1\IMG\left_2024_11_20_20_14_30_076.jpg, C:\Users\Owner\Downloads\simulator-windows-64\dataTrack1\IMG\right_2024_11_20_20_14_30_076.jpg, 0, 0.8228623, 0, 15.3241
C:\Users\Owner\Downloads\simulator-windows-64\dataTrack1\IMG\center_2024_11_20_20_14_30_176.jpg, C:\Users\Owner\Downloads\simulator-windows-64\dataTrack1\IMG\left_2024_11_20_20_14_30_176.jpg, C:\Users\Owner\Downloads\simulator-windows-64\dataTrack1\IMG\right_2024_11_20_20_14_30_176.jpg, -0.1516509, 0.5200258, 0, 15.59792
C:\Users\Owner\Downloads\simulator-windows-64\dataTrack1\IMG\center_2024_11_20_20_14_30_281.jpg, C:\Users\Owner\Downloads\simulator-windows-64\dataTrack1\IMG\left_2024_11_20_20_14_30_281.jpg, C:\Users\Owner\Downloads\simulator-windows-64\dataTrack1\IMG\right_2024_11_20_20_14_30_281.jpg, -0.4657761, 0.2059006, 0, 16.2145
C:\Users\Owner\Downloads\simulator-windows-64\dataTrack1\IMG\center_2024_11_20_20_14_30_385.jpg, C:\Users\Owner\Downloads\simulator-windows-64\dataTrack1\IMG\left_2024_11_20_20_14_30_385.jpg, C:\Users\Owner\Downloads\simulator-windows-64\dataTrack1\IMG\right_2024_11_20_20_14_30_385.jpg, -0.7279521, 0.152617, 0, 15.55073
C:\Users\Owner\Downloads\simulator-windows-64\dataTrack1\IMG\center_2024_11_20_20_14_30_492.jpg, C:\Users\Owner\Downloads\simulator-windows-64\dataTrack1\IMG\left_2024_11_20_20_14_30_492.jpg, C:\Users\Owner\Downloads\simulator-windows-64\dataTrack1\IMG\right_2024_11_20_20_14_30_492.jpg, -0.3558657, 0.1150072, 0, 15.67825
C:\Users\Owner\Downloads\simulator-windows-64\dataTrack1\IMG\center_2024_11_20_20_14_30_596.jpg, C:\Users\Owner\Downloads\simulator-windows-64\dataTrack1\IMG\left_2024_11_20_20_14_30_596.jpg, C:\Users\Owner\Downloads\simulator-windows-64\dataTrack1\IMG\right_2024_11_20_20_14_30_596.jpg, -0.04785903, 0.0553653, 0, 16.05086
C:\Users\Owner\Downloads\simulator-windows-64\dataTrack1\IMG\center_2024_11_20_20_14_30_700.jpg, C:\Users\Owner\Downloads\simulator-windows-64\dataTrack1\IMG\left_2024_11_20_20_14_30_700.jpg, C:\Users\Owner\Downloads\simulator-windows-64\dataTrack1\IMG\right_2024_11_20_20_14_30_700.jpg, 0, 0.1642431, 0, 15.5807
C:\Users\Owner\Downloads\simulator-windows-64\dataTrack1\IMG\center_2024_11_20_20_14_30_804.jpg, C:\Users\Owner\Downloads\simulator-windows-64\dataTrack1\IMG\left_2024_11_20_20_14_30_804.jpg, C:\Users\Owner\Downloads\simulator-windows-64\dataTrack1\IMG\right_2024_11_20_20_14_30_804.jpg, 0, 0.0537081, 0, 16.00732
C:\Users\Owner\Downloads\simulator-windows-64\dataTrack1\IMG\center_2024_11_20_20_14_30_909.jpg, C:\Users\Owner\Downloads\simulator-windows-64\dataTrack1\IMG\left_2024_11_20_20_14_30_909.jpg, C:\Users\Owner\Downloads\simulator-windows-64\dataTrack1\IMG\right_2024_11_20_20_14_30_909.jpg, 0, 0.3677295, 0, 16.07771
C:\Users\Owner\Downloads\simulator-windows-64\dataTrack1\IMG\center_2024_11_20_20_14_31_010.jpg, C:\Users\Owner\Downloads\simulator-windows-64\dataTrack1\IMG\left_2024_11_20_20_14_31_010.jpg, C:\Users\Owner\Downloads\simulator-windows-64\dataTrack1\IMG\right_2024_11_20_20_14_31_010.jpg, -0.3020985, 0.06563097, 0, 15.65274
C:\Users\Owner\Downloads\simulator-windows-64\dataTrack1\IMG\center_2024_11_20_20_14_31_115.jpg, C:\Users\Owner\Downloads\simulator-windows-64\dataTrack1\IMG\left_2024_11_20_20_14_31_115.jpg, C:\Users\Owner\Downloads\simulator-windows-64\dataTrack1\IMG\right_2024_11_20_20_14_31_115.jpg, -0.1681128, 0.1550838, 0, 16.02349
C:\Users\Owner\Downloads\simulator-windows-64\dataTrack1\IMG\center_2024_11_20_20_14_31_218.jpg, C:\Users\Owner\Downloads\simulator-windows-64\dataTrack1\IMG\left_2024_11_20_20_14_31_218.jpg, C:\Users\Owner\Downloads\simulator-windows-64\dataTrack1\IMG\right_2024_11_20_20_14_31_218.jpg, 0, 0.05458891, 0, 15.56733
C:\Users\Owner\Downloads\simulator-windows-64\dataTrack1\IMG\center_2024_11_20_20_14_31_322.jpg, C:\Users\Owner\Downloads\simulator-windows-64\dataTrack1\IMG\left_2024_11_20_20_14_31_322.jpg, C:\Users\Owner\Downloads\simulator-windows-64\dataTrack1\IMG\right_2024_11_20_20_14_31_322.jpg, 0, 0.1054596, 0, 15.96115
C:\Users\Owner\Downloads\simulator-windows-64\dataTrack1\IMG\center_2024_11_20_20_14_31_427.jpg, C:\Users\Owner\Downloads\simulator-windows-64\dataTrack1\IMG\left_2024_11_20_20_14_31_427.jpg, C:\Users\Owner\Downloads\simulator-windows-64\dataTrack1\IMG\right_2024_11_20_20_14_31_427.jpg, 0, 0.260331, 0, 15.58637
C:\Users\Owner\Downloads\simulator-windows-64\dataTrack1\IMG\center_2024_11_20_20_14_31_532.jpg, C:\Users\Owner\Downloads\simulator-windows-64\dataTrack1\IMG\left_2024_11_20_20_14_31_532.jpg, C:\Users\Owner\Downloads\simulator-windows-64\dataTrack1\IMG\right_2024_11_20_20_14_31_532.jpg, 0, 0, 0, 15.42678
C:\Users\Owner\Downloads\simulator-windows-64\dataTrack1\IMG\center_2024_11_20_20_14_31_636.jpg, C:\Users\Owner\Downloads\simulator-windows-64\dataTrack1\IMG\left_2024_11_20_20_14_31_636.jpg, C:\Users\Owner\Downloads\simulator-windows-64\dataTrack1\IMG\right_2024_11_20_20_14_31_636.jpg, 0, 0.2047179, 0, 15.96621
C:\Users\Owner\Downloads\simulator-windows-64\dataTrack1\IMG\center_2024_11_20_20_14_31_741.jpg, C:\Users\Owner\Downloads\simulator-windows-64\dataTrack1\IMG\left_2024_11_20_20_14_31_741.jpg, C:\Users\Owner\Downloads\simulator-windows-64\dataTrack1\IMG\right_2024_11_20_20_14_31_741.jpg, -0.052206, 0, 0, 15.3734
C:\Users\Owner\Downloads\simulator-windows-64\dataTrack1\IMG\center_2024_11_20_20_14_31_842.jpg, C:\Users\Owner\Downloads\simulator-windows-64\dataTrack1\IMG\left_2024_11_20_20_14_31_842.jpg, C:\Users\Owner\Downloads\simulator-windows-64\dataTrack1\IMG\right_2024_11_20_20_14_31_842.jpg, -0.2062488, 0, 0, 15.7482
C:\Users\Owner\Downloads\simulator-windows-64\dataTrack1\IMG\center_2024_11_20_20_14_31_948.jpg, C:\Users\Owner\Downloads\simulator-windows-64\dataTrack1\IMG\left_2024_11_20_20_14_31_948.jpg, C:\Users\Owner\Downloads\simulator-windows-64\dataTrack1\IMG\right_2024_11_20_20_14_31_948.jpg, 0, 0.0518619, 0, 15.57242
C:\Users\Owner\Downloads\simulator-windows-64\dataTrack1\IMG\center_2024_11_20_20_14_32_051.jpg, C:\Users\Owner\Downloads\simulator-windows-64\dataTrack1\IMG\left_2024_11_20_20_14_32_051.jpg, C:\Users\Owner\Downloads\simulator-windows-64\dataTrack1\IMG\right_2024_11_20_20_14_32_051.jpg, 0, 0.2621754, 0, 15.20613
C:\Users\Owner\Downloads\simulator-windows-64\dataTrack1\IMG\center_2024_11_20_20_14_32_155.jpg, C:\Users\Owner\Downloads\simulator-windows-64\dataTrack1\IMG\left_2024_11_20_20_14_32_155.jpg, C:\Users\Owner\Downloads\simulator-windows-64\dataTrack1\IMG\right_2024_11_20_20_14_32_155.jpg, 0, 0, 0, 15.62693
C:\Users\Owner\Downloads\simulator-windows-64\dataTrack1\IMG\center_2024_11_20_20_14_32_256.jpg, C:\Users\Owner\Downloads\simulator-windows-64\dataTrack1\IMG\left_2024_11_20_20_14_32_256.jpg, C:\Users\Owner\Downloads\simulator-windows-64\dataTrack1\IMG\right_2024_11_20_20_14_32_256.jpg, 0, 0.1982049, 0, 14.98601
C:\Users\Owner\Downloads\simulator-windows-64\dataTrack1\IMG\center_2024_11_20_20_14_32_360.jpg, C:\Users\Owner\Downloads\simulator-windows-64\dataTrack1\IMG\left_2024_11_20_20_14_32_360.jpg, C:\Users\Owner\Downloads\simulator-windows-64\dataTrack1\IMG\right_2024_11_20_20_14_32_360.jpg, -0.1547679, 0.09381451, 0, 15.62233
C:\Users\Owner\Downloads\simulator-windows-64\dataTrack1\IMG\center_2024_11_20_20_14_32_466.jpg, C:\Users\Owner\Downloads\simulator-windows-64\dataTrack1\IMG\left_2024_11_20_20_14_32_466.jpg, C:\Users\Owner\Downloads\simulator-windows-64\dataTrack1\IMG\right_2024_11_20_20_14_32_466.jpg, -0.4213659, 0, 0, 14.92892
C:\Users\Owner\Downloads\simulator-windows-64\dataTrack1\IMG\center_2024_11_20_20_14_32_569.jpg, C:\Users\Owner\Downloads\simulator-windows-64\dataTrack1\IMG\left_2024_11_20_20_14_32_569.jpg, C:\Users\Owner\Downloads\simulator-windows-64\dataTrack1\IMG\right_2024_11_20_20_14_32_569.jpg, -0.06109975, 0.2060811, 0, 14.827
C:\Users\Owner\Downloads\simulator-windows-64\dataTrack1\IMG\center_2024_11_20_20_14_32_673.jpg, C:\Users\Owner\Downloads\simulator-windows-64\dataTrack1\IMG\left_2024_11_20_20_14_32_673.jpg, C:\Users\Owner\Downloads\simulator-windows-64\dataTrack1\IMG\right_2024_11_20_20_14_32_673.jpg, 0, 0.2129871, 0, 15.52745
C:\Users\Owner\Downloads\simulator-windows-64\dataTrack1\IMG\center_2024_11_20_20_14_32_776.jpg, C:\Users\Owner\Downloads\simulator-windows-64\dataTrack1\IMG\left_2024_11_20_20_14_32_776.jpg, C:\Users\Owner\Downloads\simulator-windows-64\dataTrack1\IMG\right_2024_11_20_20_14_32_776.jpg, 0, 0, 0, 14.94479
C:\Users\Owner\Downloads\simulator-windows-64\dataTrack1\IMG\center_2024_11_20_20_14_32_878.jpg, C:\Users\Owner\Downloads\simulator-windows-64\dataTrack1\IMG\left_2024_11_20_20_14_32_878.jpg, C:\Users\Owner\Downloads\simulator-windows-64\dataTrack1\IMG\right_2024_11_20_20_14_32_878.jpg, 0, 0.3061569, 0, 15.44425
C:\Users\Owner\Downloads\simulator-windows-64\dataTrack1\IMG\center_2024_11_20_20_14_32_983.jpg, C:\Users\Owner\Downloads\simulator-windows-64\dataTrack1\IMG\left_2024_11_20_20_14_32_983.jpg, C:\Users\Owner\Downloads\simulator-windows-64\dataTrack1\IMG\right_2024_11_20_20_14_32_983.jpg, -0.0516144, 0.2075082, 0, 15.29711
C:\Users\Owner\Downloads\simulator-windows-64\dataTrack1\IMG\center_2024_11_20_20_14_33_086.jpg, C:\Users\Owner\Downloads\simulator-windows-64\dataTrack1\IMG\left_2024_11_20_20_14_33_086.jpg, C:\Users\Owner\Downloads\simulator-windows-64\dataTrack1\IMG\right_2024_11_20_20_14_33_086.jpg, -0.3104499, 0, 0, 15.67492
C:\Users\Owner\Downloads\simulator-windows-64\dataTrack1\IMG\center_2024_11_20_20_14_33_189.jpg, C:\Users\Owner\Downloads\simulator-windows-64\dataTrack1\IMG\left_2024_11_20_20_14_33_189.jpg, C:\Users\Owner\Downloads\simulator-windows-64\dataTrack1\IMG\right_2024_11_20_20_14_33_189.jpg, -0.0558897, 0.1497282, 0, 15.49593
C:\Users\Owner\Downloads\simulator-windows-64\dataTrack1\IMG\center_2024_11_20_20_14_33_292.jpg, C:\Users\Owner\Downloads\simulator-windows-64\dataTrack1\IMG\left_2024_11_20_20_14_33_292.jpg, C:\Users\Owner\Downloads\simulator-windows-64\dataTrack1\IMG\right_2024_11_20_20_14_33_292.jpg, 0, 0.3554922, 0, 15.23145
C:\Users\Owner\Downloads\simulator-windows-64\dataTrack1\IMG\center_2024_11_20_20_14_33_399.jpg, C:\Users\Owner\Downloads\simulator-windows-64\dataTrack1\IMG\left_2024_11_20_20_14_33_399.jpg, C:\Users\Owner\Downloads\simulator-windows-64\dataTrack1\IMG\right_2024_11_20_20_14_33_399.jpg, 0, 0.03678874, 0, 15.83113
C:\Users\Owner\Downloads\simulator-windows-64\dataTrack1\IMG\center_2024_11_20_20_14_33_502.jpg, C:\Users\Owner\Downloads\simulator-windows-64\dataTrack1\IMG\left_2024_11_20_20_14_33_502.jpg, C:\Users\Owner\Downloads\simulator-windows-64\dataTrack1\IMG\right_2024_11_20_20_14_33_502.jpg, 0, 0.2430813, 0, 15.35685
C:\Users\Owner\Downloads\simulator-windows-64\dataTrack1\IMG\center_2024_11_20_20_14_33_607.jpg, C:\Users\Owner\Downloads\simulator-windows-64\dataTrack1\IMG\left_2024_11_20_20_14_33_607.jpg, C:\Users\Owner\Downloads\simulator-windows-64\dataTrack1\IMG\right_2024_11_20_20_14_33_607.jpg, 0, 0, 0, 15.26834
C:\Users\Owner\Downloads\simulator-windows-64\dataTrack1\IMG\center_2024_11_20_20_14_33_711.jpg, C:\Users\Owner\Downloads\simulator-windows-64\dataTrack1\IMG\left_2024_11_20_20_14_33_711.jpg, C:\Users\Owner\Downloads\simulator-windows-64\dataTrack1\IMG\right_2024_11_20_20_14_33_711.jpg, -0.0538698, 0.2026842, 0, 15.82658
C:\Users\Owner\Downloads\simulator-windows-64\dataTrack1\IMG\center_2024_11_20_20_14_33_811.jpg, C:\Users\Owner\Downloads\simulator-windows-64\dataTrack1\IMG\left_2024_11_20_20_14_33_811.jpg, C:\Users\Owner\Downloads\simulator-windows-64\dataTrack1\IMG\right_2024_11_20_20_14_33_811.jpg, -0.3571368, 0, 0, 15.17261
C:\Users\Owner\Downloads\simulator-windows-64\dataTrack1\IMG\center_2024_11_20_20_14_33_917.jpg, C:\Users\Owner\Downloads\simulator-windows-64\dataTrack1\IMG\left_2024_11_20_20_14_33_917.jpg, C:\Users\Owner\Downloads\simulator-windows-64\dataTrack1\IMG\right_2024_11_20_20_14_33_917.jpg, -0.04039827, 0.2104353, 0, 15.59275
C:\Users\Owner\Downloads\simulator-windows-64\dataTrack1\IMG\center_2024_11_20_20_14_34_021.jpg, C:\Users\Owner\Downloads\simulator-windows-64\dataTrack1\IMG\left_2024_11_20_20_14_34_021.jpg, C:\Users\Owner\Downloads\simulator-windows-64\dataTrack1\IMG\right_2024_11_20_20_14_34_021.jpg, 0, 0.2134887, 0, 15.27561
C:\Users\Owner\Downloads\simulator-windows-64\dataTrack1\IMG\center_2024_11_20_20_14_34_124.jpg, C:\Users\Owner\Downloads\simulator-windows-64\dataTrack1\IMG\left_2024_11_20_20_14_34_124.jpg, C:\Users\Owner\Downloads\simulator-windows-64\dataTrack1\IMG\right_2024_11_20_20_14_34_124.jpg, 0, 0.1612137, 0, 15.79257
C:\Users\Owner\Downloads\simulator-windows-64\dataTrack1\IMG\center_2024_11_20_20_14_34_226.jpg, C:\Users\Owner\Downloads\simulator-windows-64\dataTrack1\IMG\left_2024_11_20_20_14_34_226.jpg, C:\Users\Owner\Downloads\simulator-windows-64\dataTrack1\IMG\right_2024_11_20_20_14_34_226.jpg, 0, 0.3657657, 0, 15.52697
C:\Users\Owner\Downloads\simulator-windows-64\dataTrack1\IMG\center_2024_11_20_20_14_34_331.jpg, C:\Users\Owner\Downloads\simulator-windows-64\dataTrack1\IMG\left_2024_11_20_20_14_34_331.jpg, C:\Users\Owner\Downloads\simulator-windows-64\dataTrack1\IMG\right_2024_11_20_20_14_34_331.jpg, 0, 0.2155562, 0, 15.59896
C:\Users\Owner\Downloads\simulator-windows-64\dataTrack1\IMG\center_2024_11_20_20_14_34_434.jpg, C:\Users\Owner\Downloads\simulator-windows-64\dataTrack1\IMG\left_2024_11_20_20_14_34_434.jpg, C:\Users\Owner\Downloads\simulator-windows-64\dataTrack1\IMG\right_2024_11_20_20_14_34_434.jpg, 0, 0.3234752, 0, 16.3689
C:\Users\Owner\Downloads\simulator-windows-64\dataTrack1\IMG\center_2024_11_20_20_14_34_538.jpg, C:\Users\Owner\Downloads\simulator-windows-64\dataTrack1\IMG\left_2024_11_20_20_14_34_538.jpg, C:\Users\Owner\Downloads\simulator-windows-64\dataTrack1\IMG\right_2024_11_20_20_14_34_538.jpg, 0, 0.4269132, 0, 16.21532
C:\Users\Owner\Downloads\simulator-windows-64\dataTrack1\IMG\center_2024_11_20_20_14_34_642.jpg, C:\Users\Owner\Downloads\simulator-windows-64\dataTrack1\IMG\left_2024_11_20_20_14_34_642.jpg, C:\Users\Owner\Downloads\simulator-windows-64\dataTrack1\IMG\right_2024_11_20_20_14_34_642.jpg, 0, 0.4234893, 0, 17.01332
C:\Users\Owner\Downloads\simulator-windows-64\dataTrack1\IMG\center_2024_11_20_20_14_34_745.jpg, C:\Users\Owner\Downloads\simulator-windows-64\dataTrack1\IMG\left_2024_11_20_20_14_34_745.jpg, C:\Users\Owner\Downloads\simulator-windows-64\dataTrack1\IMG\right_2024_11_20_20_14_34_745.jpg, -0.1023288, 0.1667364, 0, 16.7613
C:\Users\Owner\Downloads\simulator-windows-64\dataTrack1\IMG\center_2024_11_20_20_14_34_848.jpg, C:\Users\Owner\Downloads\simulator-windows-64\dataTrack1\IMG\left_2024_11_20_20_14_34_848.jpg, C:\Users\Owner\Downloads\simulator-windows-64\dataTrack1\IMG\right_2024_11_20_20_14_34_848.jpg, -0.4642599, 0, 0, 16.47873
C:\Users\Owner\Downloads\simulator-windows-64\dataTrack1\IMG\center_2024_11_20_20_14_34_952.jpg, C:\Users\Owner\Downloads\simulator-windows-64\dataTrack1\IMG\left_2024_11_20_20_14_34_952.jpg, C:\Users\Owner\Downloads\simulator-windows-64\dataTrack1\IMG\right_2024_11_20_20_14_34_952.jpg, -0.1528728, 0.207114, 0, 16.86392
C:\Users\Owner\Downloads\simulator-windows-64\dataTrack1\IMG\center_2024_11_20_20_14_35_055.jpg, C:\Users\Owner\Downloads\simulator-windows-64\dataTrack1\IMG\left_2024_11_20_20_14_35_055.jpg, C:\Users\Owner\Downloads\simulator-windows-64\dataTrack1\IMG\right_2024_11_20_20_14_35_055.jpg, 0, 0.2119983, 0, 16.55881
C:\Users\Owner\Downloads\simulator-windows-64\dataTrack1\IMG\center_2024_11_20_20_14_35_159.jpg, C:\Users\Owner\Downloads\simulator-windows-64\dataTrack1\IMG\left_2024_11_20_20_14_35_159.jpg, C:\Users\Owner\Downloads\simulator-windows-64\dataTrack1\IMG\right_2024_11_20_20_14_35_159.jpg, 0, 0.3133887, 0, 17.06244
C:\Users\Owner\Downloads\simulator-windows-64\dataTrack1\IMG\center_2024_11_20_20_14_35_260.jpg, C:\Users\Owner\Downloads\simulator-windows-64\dataTrack1\IMG\left_2024_11_20_20_14_35_260.jpg, C:\Users\Owner\Downloads\simulator-windows-64\dataTrack1\IMG\right_2024_11_20_20_14_35_260.jpg, 0, 0.3181767, 0, 17.05054
C:\Users\Owner\Downloads\simulator-windows-64\dataTrack1\IMG\center_2024_11_20_20_14_35_364.jpg, C:\Users\Owner\Downloads\simulator-windows-64\dataTrack1\IMG\left_2024_11_20_20_14_35_364.jpg, C:\Users\Owner\Downloads\simulator-windows-64\dataTrack1\IMG\right_2024_11_20_20_14_35_364.jpg, 0, 0.2714457, 0, 17.51956
C:\Users\Owner\Downloads\simulator-windows-64\dataTrack1\IMG\center_2024_11_20_20_14_35_468.jpg, C:\Users\Owner\Downloads\simulator-windows-64\dataTrack1\IMG\left_2024_11_20_20_14_35_468.jpg, C:\Users\Owner\Downloads\simulator-windows-64\dataTrack1\IMG\right_2024_11_20_20_14_35_468.jpg, 0, 0.3280065, 0, 17.86554
C:\Users\Owner\Downloads\simulator-windows-64\dataTrack1\IMG\center_2024_11_20_20_14_35_572.jpg, C:\Users\Owner\Downloads\simulator-windows-64\dataTrack1\IMG\left_2024_11_20_20_14_35_572.jpg, C:\Users\Owner\Downloads\simulator-windows-64\dataTrack1\IMG\right_2024_11_20_20_14_35_572.jpg, 0, 0.4341351, 0, 17.71044
C:\Users\Owner\Downloads\simulator-windows-64\dataTrack1\IMG\center_2024_11_20_20_14_35_676.jpg, C:\Users\Owner\Downloads\simulator-windows-64\dataTrack1\IMG\left_2024_11_20_20_14_35_676.jpg, C:\Users\Owner\Downloads\simulator-windows-64\dataTrack1\IMG\right_2024_11_20_20_14_35_676.jpg, 0, 0.3286308, 0, 18.43205
C:\Users\Owner\Downloads\simulator-windows-64\dataTrack1\IMG\center_2024_11_20_20_14_35_777.jpg, C:\Users\Owner\Downloads\simulator-windows-64\dataTrack1\IMG\left_2024_11_20_20_14_35_777.jpg, C:\Users\Owner\Downloads\simulator-windows-64\dataTrack1\IMG\right_2024_11_20_20_14_35_777.jpg, 0, 0.4284948, 0, 18.25046
C:\Users\Owner\Downloads\simulator-windows-64\dataTrack1\IMG\center_2024_11_20_20_14_35_882.jpg, C:\Users\Owner\Downloads\simulator-windows-64\dataTrack1\IMG\left_2024_11_20_20_14_35_882.jpg, C:\Users\Owner\Downloads\simulator-windows-64\dataTrack1\IMG\right_2024_11_20_20_14_35_882.jpg, 0, 0.1141566, 0, 18.77926
C:\Users\Owner\Downloads\simulator-windows-64\dataTrack1\IMG\center_2024_11_20_20_14_35_986.jpg, C:\Users\Owner\Downloads\simulator-windows-64\dataTrack1\IMG\left_2024_11_20_20_14_35_986.jpg, C:\Users\Owner\Downloads\simulator-windows-64\dataTrack1\IMG\right_2024_11_20_20_14_35_986.jpg, 0, 0.212151, 0, 18.27735
C:\Users\Owner\Downloads\simulator-windows-64\dataTrack1\IMG\center_2024_11_20_20_14_36_090.jpg, C:\Users\Owner\Downloads\simulator-windows-64\dataTrack1\IMG\left_2024_11_20_20_14_36_090.jpg, C:\Users\Owner\Downloads\simulator-windows-64\dataTrack1\IMG\right_2024_11_20_20_14_36_090.jpg, 0, 0, 0, 18.18718
C:\Users\Owner\Downloads\simulator-windows-64\dataTrack1\IMG\center_2024_11_20_20_14_36_193.jpg, C:\Users\Owner\Downloads\simulator-windows-64\dataTrack1\IMG\left_2024_11_20_20_14_36_193.jpg, C:\Users\Owner\Downloads\simulator-windows-64\dataTrack1\IMG\right_2024_11_20_20_14_36_193.jpg, 0, 0.3094251, 0, 18.65475
C:\Users\Owner\Downloads\simulator-windows-64\dataTrack1\IMG\center_2024_11_20_20_14_36_295.jpg, C:\Users\Owner\Downloads\simulator-windows-64\dataTrack1\IMG\left_2024_11_20_20_14_36_295.jpg, C:\Users\Owner\Downloads\simulator-windows-64\dataTrack1\IMG\right_2024_11_20_20_14_36_295.jpg, 0, 0.004821889, 0, 18.21467
C:\Users\Owner\Downloads\simulator-windows-64\dataTrack1\IMG\center_2024_11_20_20_14_36_400.jpg, C:\Users\Owner\Downloads\simulator-windows-64\dataTrack1\IMG\left_2024_11_20_20_14_36_400.jpg, C:\Users\Owner\Downloads\simulator-windows-64\dataTrack1\IMG\right_2024_11_20_20_14_36_400.jpg, 0, 0.2162109, 0, 18.64365
C:\Users\Owner\Downloads\simulator-windows-64\dataTrack1\IMG\center_2024_11_20_20_14_36_504.jpg, C:\Users\Owner\Downloads\simulator-windows-64\dataTrack1\IMG\left_2024_11_20_20_14_36_504.jpg, C:\Users\Owner\Downloads\simulator-windows-64\dataTrack1\IMG\right_2024_11_20_20_14_36_504.jpg, 0, 0, 0, 18.12047
C:\Users\Owner\Downloads\simulator-windows-64\dataTrack1\IMG\center_2024_11_20_20_14_36_607.jpg, C:\Users\Owner\Downloads\simulator-windows-64\dataTrack1\IMG\left_2024_11_20_20_14_36_607.jpg, C:\Users\Owner\Downloads\simulator-windows-64\dataTrack1\IMG\right_2024_11_20_20_14_36_607.jpg, 0, 0.2048289, 0, 18.15309
C:\Users\Owner\Downloads\simulator-windows-64\dataTrack1\IMG\center_2024_11_20_20_14_36_710.jpg, C:\Users\Owner\Downloads\simulator-windows-64\dataTrack1\IMG\left_2024_11_20_20_14_36_710.jpg, C:\Users\Owner\Downloads\simulator-windows-64\dataTrack1\IMG\right_2024_11_20_20_14_36_710.jpg, 0, 0, 0, 18.48175
C:\Users\Owner\Downloads\simulator-windows-64\dataTrack1\IMG\center_2024_11_20_20_14_36_812.jpg, C:\Users\Owner\Downloads\simulator-windows-64\dataTrack1\IMG\left_2024_11_20_20_14_36_812.jpg, C:\Users\Owner\Downloads\simulator-windows-64\dataTrack1\IMG\right_2024_11_20_20_14_36_812.jpg, 0, 0.1996062, 0, 18.03573
C:\Users\Owner\Downloads\simulator-windows-64\dataTrack1\IMG\center_2024_11_20_20_14_36_918.jpg, C:\Users\Owner\Downloads\simulator-windows-64\dataTrack1\IMG\left_2024_11_20_20_14_36_918.jpg, C:\Users\Owner\Downloads\simulator-windows-64\dataTrack1\IMG\right_2024_11_20_20_14_36_918.jpg, 0, 0.0515805, 0, 18.36587
C:\Users\Owner\Downloads\simulator-windows-64\dataTrack1\IMG\center_2024_11_20_20_14_37_021.jpg, C:\Users\Owner\Downloads\simulator-windows-64\dataTrack1\IMG\left_2024_11_20_20_14_37_021.jpg, C:\Users\Owner\Downloads\simulator-windows-64\dataTrack1\IMG\right_2024_11_20_20_14_37_021.jpg, 0, 0.3596802, 0, 17.97577
C:\Users\Owner\Downloads\simulator-windows-64\dataTrack1\IMG\center_2024_11_20_20_14_37_124.jpg, C:\Users\Owner\Downloads\simulator-windows-64\dataTrack1\IMG\left_2024_11_20_20_14_37_124.jpg, C:\Users\Owner\Downloads\simulator-windows-64\dataTrack1\IMG\right_2024_11_20_20_14_37_124.jpg, 0, 0.09999304, 0, 18.50806
C:\Users\Owner\Downloads\simulator-windows-64\dataTrack1\IMG\center_2024_11_20_20_14_37_228.jpg, C:\Users\Owner\Downloads\simulator-windows-64\dataTrack1\IMG\left_2024_11_20_20_14_37_228.jpg, C:\Users\Owner\Downloads\simulator-windows-64\dataTrack1\IMG\right_2024_11_20_20_14_37_228.jpg, 0, 0.3571807, 0, 18.55906
C:\Users\Owner\Downloads\simulator-windows-64\dataTrack1\IMG\center_2024_11_20_20_14_37_329.jpg, C:\Users\Owner\Downloads\simulator-windows-64\dataTrack1\IMG\left_2024_11_20_20_14_37_329.jpg, C:\Users\Owner\Downloads\simulator-windows-64\dataTrack1\IMG\right_2024_11_20_20_14_37_329.jpg, 0, 0.05431416, 0, 18.19035
C:\Users\Owner\Downloads\simulator-windows-64\dataTrack1\IMG\center_2024_11_20_20_14_37_434.jpg, C:\Users\Owner\Downloads\simulator-windows-64\dataTrack1\IMG\left_2024_11_20_20_14_37_434.jpg, C:\Users\Owner\Downloads\simulator-windows-64\dataTrack1\IMG\right_2024_11_20_20_14_37_434.jpg, 0, 0.3688408, 0, 18.69767
C:\Users\Owner\Downloads\simulator-windows-64\dataTrack1\IMG\center_2024_11_20_20_14_37_538.jpg, C:\Users\Owner\Downloads\simulator-windows-64\dataTrack1\IMG\left_2024_11_20_20_14_37_538.jpg, C:\Users\Owner\Downloads\simulator-windows-64\dataTrack1\IMG\right_2024_11_20_20_14_37_538.jpg, 0, 0.264213, 0, 18.61103
C:\Users\Owner\Downloads\simulator-windows-64\dataTrack1\IMG\center_2024_11_20_20_14_37_642.jpg, C:\Users\Owner\Downloads\simulator-windows-64\dataTrack1\IMG\left_2024_11_20_20_14_37_642.jpg, C:\Users\Owner\Downloads\simulator-windows-64\dataTrack1\IMG\right_2024_11_20_20_14_37_642.jpg, 0, 0.05117134, 0, 18.96987
C:\Users\Owner\Downloads\simulator-windows-64\dataTrack1\IMG\center_2024_11_20_20_14_37_744.jpg, C:\Users\Owner\Downloads\simulator-windows-64\dataTrack1\IMG\left_2024_11_20_20_14_37_744.jpg, C:\Users\Owner\Downloads\simulator-windows-64\dataTrack1\IMG\right_2024_11_20_20_14_37_744.jpg, 0, 0.3110775, 0, 18.58893
C:\Users\Owner\Downloads\simulator-windows-64\dataTrack1\IMG\center_2024_11_20_20_14_37_849.jpg, C:\Users\Owner\Downloads\simulator-windows-64\dataTrack1\IMG\left_2024_11_20_20_14_37_849.jpg, C:\Users\Owner\Downloads\simulator-windows-64\dataTrack1\IMG\right_2024_11_20_20_14_37_849.jpg, 0, 0.04385401, 0, 18.63837
C:\Users\Owner\Downloads\simulator-windows-64\dataTrack1\IMG\center_2024_11_20_20_14_37_952.jpg, C:\Users\Owner\Downloads\simulator-windows-64\dataTrack1\IMG\left_2024_11_20_20_14_37_952.jpg, C:\Users\Owner\Downloads\simulator-windows-64\dataTrack1\IMG\right_2024_11_20_20_14_37_952.jpg, 0, 0, 0, 18.8982
C:\Users\Owner\Downloads\simulator-windows-64\dataTrack1\IMG\center_2024_11_20_20_14_38_056.jpg, C:\Users\Owner\Downloads\simulator-windows-64\dataTrack1\IMG\left_2024_11_20_20_14_38_056.jpg, C:\Users\Owner\Downloads\simulator-windows-64\dataTrack1\IMG\right_2024_11_20_20_14_38_056.jpg, 0, 0.3073647, 0, 18.47451
C:\Users\Owner\Downloads\simulator-windows-64\dataTrack1\IMG\center_2024_11_20_20_14_38_162.jpg, C:\Users\Owner\Downloads\simulator-windows-64\dataTrack1\IMG\left_2024_11_20_20_14_38_162.jpg, C:\Users\Owner\Downloads\simulator-windows-64\dataTrack1\IMG\right_2024_11_20_20_14_38_162.jpg, 0, 0.5132445, 0, 19.20533
C:\Users\Owner\Downloads\simulator-windows-64\dataTrack1\IMG\center_2024_11_20_20_14_38_261.jpg, C:\Users\Owner\Downloads\simulator-windows-64\dataTrack1\IMG\left_2024_11_20_20_14_38_261.jpg, C:\Users\Owner\Downloads\simulator-windows-64\dataTrack1\IMG\right_2024_11_20_20_14_38_261.jpg, 0, 0.2127972, 0, 19.17503
C:\Users\Owner\Downloads\simulator-windows-64\dataTrack1\IMG\center_2024_11_20_20_14_38_367.jpg, C:\Users\Owner\Downloads\simulator-windows-64\dataTrack1\IMG\left_2024_11_20_20_14_38_367.jpg, C:\Users\Owner\Downloads\simulator-windows-64\dataTrack1\IMG\right_2024_11_20_20_14_38_367.jpg, 0, 0.2980461, 0, 19.1825
C:\Users\Owner\Downloads\simulator-windows-64\dataTrack1\IMG\center_2024_11_20_20_14_38_471.jpg, C:\Users\Owner\Downloads\simulator-windows-64\dataTrack1\IMG\left_2024_11_20_20_14_38_471.jpg, C:\Users\Owner\Downloads\simulator-windows-64\dataTrack1\IMG\right_2024_11_20_20_14_38_471.jpg, 0, 0.4012482, 0, 19.82061
C:\Users\Owner\Downloads\simulator-windows-64\dataTrack1\IMG\center_2024_11_20_20_14_38_578.jpg, C:\Users\Owner\Downloads\simulator-windows-64\dataTrack1\IMG\left_2024_11_20_20_14_38_578.jpg, C:\Users\Owner\Downloads\simulator-windows-64\dataTrack1\IMG\right_2024_11_20_20_14_38_578.jpg, 0, 0.08120885, 0, 19.60232
C:\Users\Owner\Downloads\simulator-windows-64\dataTrack1\IMG\center_2024_11_20_20_14_38_679.jpg, C:\Users\Owner\Downloads\simulator-windows-64\dataTrack1\IMG\left_2024_11_20_20_14_38_679.jpg, C:\Users\Owner\Downloads\simulator-windows-64\dataTrack1\IMG\right_2024_11_20_20_14_38_679.jpg, 0, 0, 0, 19.74838
C:\Users\Owner\Downloads\simulator-windows-64\dataTrack1\IMG\center_2024_11_20_20_14_38_779.jpg, C:\Users\Owner\Downloads\simulator-windows-64\dataTrack1\IMG\left_2024_11_20_20_14_38_779.jpg, C:\Users\Owner\Downloads\simulator-windows-64\dataTrack1\IMG\right_2024_11_20_20_14_38_779.jpg, 0, 0.154137, 0, 19.22987
C:\Users\Owner\Downloads\simulator-windows-64\dataTrack1\IMG\center_2024_11_20_20_14_38_885.jpg, C:\Users\Owner\Downloads\simulator-windows-64\dataTrack1\IMG\left_2024_11_20_20_14_38_885.jpg, C:\Users\Owner\Downloads\simulator-windows-64\dataTrack1\IMG\right_2024_11_20_20_14_38_885.jpg, 0, 0.3540552, 0, 19.71508
C:\Users\Owner\Downloads\simulator-windows-64\dataTrack1\IMG\center_2024_11_20_20_14_38_988.jpg, C:\Users\Owner\Downloads\simulator-windows-64\dataTrack1\IMG\left_2024_11_20_20_14_38_988.jpg, C:\Users\Owner\Downloads\simulator-windows-64\dataTrack1\IMG\right_2024_11_20_20_14_38_988.jpg, 0, 0.04516861, 0, 19.78687
C:\Users\Owner\Downloads\simulator-windows-64\dataTrack1\IMG\center_2024_11_20_20_14_39_091.jpg, C:\Users\Owner\Downloads\simulator-windows-64\dataTrack1\IMG\left_2024_11_20_20_14_39_091.jpg, C:\Users\Owner\Downloads\simulator-windows-64\dataTrack1\IMG\right_2024_11_20_20_14_39_091.jpg, 0.0518394, 0, 0, 19.24494
C:\Users\Owner\Downloads\simulator-windows-64\dataTrack1\IMG\center_2024_11_20_20_14_39_194.jpg, C:\Users\Owner\Downloads\simulator-windows-64\dataTrack1\IMG\left_2024_11_20_20_14_39_194.jpg, C:\Users\Owner\Downloads\simulator-windows-64\dataTrack1\IMG\right_2024_11_20_20_14_39_194.jpg, 0.1567947, 0, 0, 19.38983
C:\Users\Owner\Downloads\simulator-windows-64\dataTrack1\IMG\center_2024_11_20_20_14_39_298.jpg, C:\Users\Owner\Downloads\simulator-windows-64\dataTrack1\IMG\left_2024_11_20_20_14_39_298.jpg, C:\Users\Owner\Downloads\simulator-windows-64\dataTrack1\IMG\right_2024_11_20_20_14_39_298.jpg, 0, 0, 0, 18.77438
C:\Users\Owner\Downloads\simulator-windows-64\dataTrack1\IMG\center_2024_11_20_20_14_39_402.jpg, C:\Users\Owner\Downloads\simulator-windows-64\dataTrack1\IMG\left_2024_11_20_20_14_39_402.jpg, C:\Users\Owner\Downloads\simulator-windows-64\dataTrack1\IMG\right_2024_11_20_20_14_39_402.jpg, 0, 0, 0, 19.03213
C:\Users\Owner\Downloads\simulator-windows-64\dataTrack1\IMG\center_2024_11_20_20_14_39_505.jpg, C:\Users\Owner\Downloads\simulator-windows-64\dataTrack1\IMG\left_2024_11_20_20_14_39_505.jpg, C:\Users\Owner\Downloads\simulator-windows-64\dataTrack1\IMG\right_2024_11_20_20_14_39_505.jpg, 0, 0, 0, 18.36197
C:\Users\Owner\Downloads\simulator-windows-64\dataTrack1\IMG\center_2024_11_20_20_14_39_610.jpg, C:\Users\Owner\Downloads\simulator-windows-64\dataTrack1\IMG\left_2024_11_20_20_14_39_610.jpg, C:\Users\Owner\Downloads\simulator-windows-64\dataTrack1\IMG\right_2024_11_20_20_14_39_610.jpg, 0, 0, 0, 18.12988
C:\Users\Owner\Downloads\simulator-windows-64\dataTrack1\IMG\center_2024_11_20_20_14_39_713.jpg, C:\Users\Owner\Downloads\simulator-windows-64\dataTrack1\IMG\left_2024_11_20_20_14_39_713.jpg, C:\Users\Owner\Downloads\simulator-windows-64\dataTrack1\IMG\right_2024_11_20_20_14_39_713.jpg, 0, 0, 0, 18.44431
C:\Users\Owner\Downloads\simulator-windows-64\dataTrack1\IMG\center_2024_11_20_20_14_39_814.jpg, C:\Users\Owner\Downloads\simulator-windows-64\dataTrack1\IMG\left_2024_11_20_20_14_39_814.jpg, C:\Users\Owner\Downloads\simulator-windows-64\dataTrack1\IMG\right_2024_11_20_20_14_39_814.jpg, 0, 0, 0, 17.75171
C:\Users\Owner\Downloads\simulator-windows-64\dataTrack1\IMG\center_2024_11_20_20_14_39_920.jpg, C:\Users\Owner\Downloads\simulator-windows-64\dataTrack1\IMG\left_2024_11_20_20_14_39_920.jpg, C:\Users\Owner\Downloads\simulator-windows-64\dataTrack1\IMG\right_2024_11_20_20_14_39_920.jpg, 0, 0, 0, 18.08336
C:\Users\Owner\Downloads\simulator-windows-64\dataTrack1\IMG\center_2024_11_20_20_14_40_023.jpg, C:\Users\Owner\Downloads\simulator-windows-64\dataTrack1\IMG\left_2024_11_20_20_14_40_023.jpg, C:\Users\Owner\Downloads\simulator-windows-64\dataTrack1\IMG\right_2024_11_20_20_14_40_023.jpg, 0, 0, 0, 17.38257
C:\Users\Owner\Downloads\simulator-windows-64\dataTrack1\IMG\center_2024_11_20_20_14_40_126.jpg, C:\Users\Owner\Downloads\simulator-windows-64\dataTrack1\IMG\left_2024_11_20_20_14_40_126.jpg, C:\Users\Owner\Downloads\simulator-windows-64\dataTrack1\IMG\right_2024_11_20_20_14_40_126.jpg, 0, 0, 0, 17.72871
C:\Users\Owner\Downloads\simulator-windows-64\dataTrack1\IMG\center_2024_11_20_20_14_40_229.jpg, C:\Users\Owner\Downloads\simulator-windows-64\dataTrack1\IMG\left_2024_11_20_20_14_40_229.jpg, C:\Users\Owner\Downloads\simulator-windows-64\dataTrack1\IMG\right_2024_11_20_20_14_40_229.jpg, 0, 0, 0, 17.51913
C:\Users\Owner\Downloads\simulator-windows-64\dataTrack1\IMG\center_2024_11_20_20_14_40_333.jpg, C:\Users\Owner\Downloads\simulator-windows-64\dataTrack1\IMG\left_2024_11_20_20_14_40_333.jpg, C:\Users\Owner\Downloads\simulator-windows-64\dataTrack1\IMG\right_2024_11_20_20_14_40_333.jpg, 0.1583592, 0, 0, 16.81205
C:\Users\Owner\Downloads\simulator-windows-64\dataTrack1\IMG\center_2024_11_20_20_14_40_437.jpg, C:\Users\Owner\Downloads\simulator-windows-64\dataTrack1\IMG\left_2024_11_20_20_14_40_437.jpg, C:\Users\Owner\Downloads\simulator-windows-64\dataTrack1\IMG\right_2024_11_20_20_14_40_437.jpg, 0.05678402, 0, 0, 17.1465
C:\Users\Owner\Downloads\simulator-windows-64\dataTrack1\IMG\center_2024_11_20_20_14_40_541.jpg, C:\Users\Owner\Downloads\simulator-windows-64\dataTrack1\IMG\left_2024_11_20_20_14_40_541.jpg, C:\Users\Owner\Downloads\simulator-windows-64\dataTrack1\IMG\right_2024_11_20_20_14_40_541.jpg, 0, 0, 0, 16.43554
C:\Users\Owner\Downloads\simulator-windows-64\dataTrack1\IMG\center_2024_11_20_20_14_40_643.jpg, C:\Users\Owner\Downloads\simulator-windows-64\dataTrack1\IMG\left_2024_11_20_20_14_40_643.jpg, C:\Users\Owner\Downloads\simulator-windows-64\dataTrack1\IMG\right_2024_11_20_20_14_40_643.jpg, 0, 0, 0, 16.80754
C:\Users\Owner\Downloads\simulator-windows-64\dataTrack1\IMG\center_2024_11_20_20_14_40_745.jpg, C:\Users\Owner\Downloads\simulator-windows-64\dataTrack1\IMG\left_2024_11_20_20_14_40_745.jpg, C:\Users\Owner\Downloads\simulator-windows-64\dataTrack1\IMG\right_2024_11_20_20_14_40_745.jpg, 0, 0, 0, 16.09553
C:\Users\Owner\Downloads\simulator-windows-64\dataTrack1\IMG\center_2024_11_20_20_14_40_850.jpg, C:\Users\Owner\Downloads\simulator-windows-64\dataTrack1\IMG\left_2024_11_20_20_14_40_850.jpg, C:\Users\Owner\Downloads\simulator-windows-64\dataTrack1\IMG\right_2024_11_20_20_14_40_850.jpg, 0, 0, 0, 15.90081
C:\Users\Owner\Downloads\simulator-windows-64\dataTrack1\IMG\center_2024_11_20_20_14_40_954.jpg, C:\Users\Owner\Downloads\simulator-windows-64\dataTrack1\IMG\left_2024_11_20_20_14_40_954.jpg, C:\Users\Owner\Downloads\simulator-windows-64\dataTrack1\IMG\right_2024_11_20_20_14_40_954.jpg, 0, 0, 0, 16.29034
C:\Users\Owner\Downloads\simulator-windows-64\dataTrack1\IMG\center_2024_11_20_20_14_41_059.jpg, C:\Users\Owner\Downloads\simulator-windows-64\dataTrack1\IMG\left_2024_11_20_20_14_41_059.jpg, C:\Users\Owner\Downloads\simulator-windows-64\dataTrack1\IMG\right_2024_11_20_20_14_41_059.jpg, 0, 0, 0, 15.59701
C:\Users\Owner\Downloads\simulator-windows-64\dataTrack1\IMG\center_2024_11_20_20_14_41_162.jpg, C:\Users\Owner\Downloads\simulator-windows-64\dataTrack1\IMG\left_2024_11_20_20_14_41_162.jpg, C:\Users\Owner\Downloads\simulator-windows-64\dataTrack1\IMG\right_2024_11_20_20_14_41_162.jpg, 0.1560465, 0, 0, 15.97442
C:\Users\Owner\Downloads\simulator-windows-64\dataTrack1\IMG\center_2024_11_20_20_14_41_263.jpg, C:\Users\Owner\Downloads\simulator-windows-64\dataTrack1\IMG\left_2024_11_20_20_14_41_263.jpg, C:\Users\Owner\Downloads\simulator-windows-64\dataTrack1\IMG\right_2024_11_20_20_14_41_263.jpg, 0.2535558, 0, 0, 15.22378
C:\Users\Owner\Downloads\simulator-windows-64\dataTrack1\IMG\center_2024_11_20_20_14_41_369.jpg, C:\Users\Owner\Downloads\simulator-windows-64\dataTrack1\IMG\left_2024_11_20_20_14_41_369.jpg, C:\Users\Owner\Downloads\simulator-windows-64\dataTrack1\IMG\right_2024_11_20_20_14_41_369.jpg, 0, 0, 0, 15.04838
C:\Users\Owner\Downloads\simulator-windows-64\dataTrack1\IMG\center_2024_11_20_20_14_41_472.jpg, C:\Users\Owner\Downloads\simulator-windows-64\dataTrack1\IMG\left_2024_11_20_20_14_41_472.jpg, C:\Users\Owner\Downloads\simulator-windows-64\dataTrack1\IMG\right_2024_11_20_20_14_41_472.jpg, 0, 0, 0, 15.41642
C:\Users\Owner\Downloads\simulator-windows-64\dataTrack1\IMG\center_2024_11_20_20_14_41_574.jpg, C:\Users\Owner\Downloads\simulator-windows-64\dataTrack1\IMG\left_2024_11_20_20_14_41_574.jpg, C:\Users\Owner\Downloads\simulator-windows-64\dataTrack1\IMG\right_2024_11_20_20_14_41_574.jpg, 0, 0, 0, 14.748
C:\Users\Owner\Downloads\simulator-windows-64\dataTrack1\IMG\center_2024_11_20_20_14_41_677.jpg, C:\Users\Owner\Downloads\simulator-windows-64\dataTrack1\IMG\left_2024_11_20_20_14_41_677.jpg, C:\Users\Owner\Downloads\simulator-windows-64\dataTrack1\IMG\right_2024_11_20_20_14_41_677.jpg, 0, 0, 0, 15.11479
C:\Users\Owner\Downloads\simulator-windows-64\dataTrack1\IMG\center_2024_11_20_20_14_41_781.jpg, C:\Users\Owner\Downloads\simulator-windows-64\dataTrack1\IMG\left_2024_11_20_20_14_41_781.jpg, C:\Users\Owner\Downloads\simulator-windows-64\dataTrack1\IMG\right_2024_11_20_20_14_41_781.jpg, 0.0536904, 0, 0, 14.45429
C:\Users\Owner\Downloads\simulator-windows-64\dataTrack1\IMG\center_2024_11_20_20_14_41_885.jpg, C:\Users\Owner\Downloads\simulator-windows-64\dataTrack1\IMG\left_2024_11_20_20_14_41_885.jpg, C:\Users\Owner\Downloads\simulator-windows-64\dataTrack1\IMG\right_2024_11_20_20_14_41_885.jpg, 0.3129828, 0, 0, 14.77614
C:\Users\Owner\Downloads\simulator-windows-64\dataTrack1\IMG\center_2024_11_20_20_14_41_989.jpg, C:\Users\Owner\Downloads\simulator-windows-64\dataTrack1\IMG\left_2024_11_20_20_14_41_989.jpg, C:\Users\Owner\Downloads\simulator-windows-64\dataTrack1\IMG\right_2024_11_20_20_14_41_989.jpg, 0.05615486, 0, 0, 14.59223
C:\Users\Owner\Downloads\simulator-windows-64\dataTrack1\IMG\center_2024_11_20_20_14_42_092.jpg, C:\Users\Owner\Downloads\simulator-windows-64\dataTrack1\IMG\left_2024_11_20_20_14_42_092.jpg, C:\Users\Owner\Downloads\simulator-windows-64\dataTrack1\IMG\right_2024_11_20_20_14_42_092.jpg, 0.2101932, 0, 0, 13.9349
C:\Users\Owner\Downloads\simulator-windows-64\dataTrack1\IMG\center_2024_11_20_20_14_42_196.jpg, C:\Users\Owner\Downloads\simulator-windows-64\dataTrack1\IMG\left_2024_11_20_20_14_42_196.jpg, C:\Users\Owner\Downloads\simulator-windows-64\dataTrack1\IMG\right_2024_11_20_20_14_42_196.jpg, 0.1111038, 0, 0, 14.26244
C:\Users\Owner\Downloads\simulator-windows-64\dataTrack1\IMG\center_2024_11_20_20_14_42_298.jpg, C:\Users\Owner\Downloads\simulator-windows-64\dataTrack1\IMG\left_2024_11_20_20_14_42_298.jpg, C:\Users\Owner\Downloads\simulator-windows-64\dataTrack1\IMG\right_2024_11_20_20_14_42_298.jpg, 0, 0, 0, 13.64322
C:\Users\Owner\Downloads\simulator-windows-64\dataTrack1\IMG\center_2024_11_20_20_14_42_403.jpg, C:\Users\Owner\Downloads\simulator-windows-64\dataTrack1\IMG\left_2024_11_20_20_14_42_403.jpg, C:\Users\Owner\Downloads\simulator-windows-64\dataTrack1\IMG\right_2024_11_20_20_14_42_403.jpg, 0, 0, 0, 13.97913
C:\Users\Owner\Downloads\simulator-windows-64\dataTrack1\IMG\center_2024_11_20_20_14_42_506.jpg, C:\Users\Owner\Downloads\simulator-windows-64\dataTrack1\IMG\left_2024_11_20_20_14_42_506.jpg, C:\Users\Owner\Downloads\simulator-windows-64\dataTrack1\IMG\right_2024_11_20_20_14_42_506.jpg, 0.2585982, 0, 0, 13.31784
C:\Users\Owner\Downloads\simulator-windows-64\dataTrack1\IMG\center_2024_11_20_20_14_42_610.jpg, C:\Users\Owner\Downloads\simulator-windows-64\dataTrack1\IMG\left_2024_11_20_20_14_42_610.jpg, C:\Users\Owner\Downloads\simulator-windows-64\dataTrack1\IMG\right_2024_11_20_20_14_42_610.jpg, 0.2058846, 0, 0, 13.1004
C:\Users\Owner\Downloads\simulator-windows-64\dataTrack1\IMG\center_2024_11_20_20_14_42_712.jpg, C:\Users\Owner\Downloads\simulator-windows-64\dataTrack1\IMG\left_2024_11_20_20_14_42_712.jpg, C:\Users\Owner\Downloads\simulator-windows-64\dataTrack1\IMG\right_2024_11_20_20_14_42_712.jpg, 0, 0, 0, 13.42267
C:\Users\Owner\Downloads\simulator-windows-64\dataTrack1\IMG\center_2024_11_20_20_14_42_816.jpg, C:\Users\Owner\Downloads\simulator-windows-64\dataTrack1\IMG\left_2024_11_20_20_14_42_816.jpg, C:\Users\Owner\Downloads\simulator-windows-64\dataTrack1\IMG\right_2024_11_20_20_14_42_816.jpg, 0.3098868, 0, 0, 12.69319
C:\Users\Owner\Downloads\simulator-windows-64\dataTrack1\IMG\center_2024_11_20_20_14_42_920.jpg, C:\Users\Owner\Downloads\simulator-windows-64\dataTrack1\IMG\left_2024_11_20_20_14_42_920.jpg, C:\Users\Owner\Downloads\simulator-windows-64\dataTrack1\IMG\right_2024_11_20_20_14_42_920.jpg, 0, 0, 0, 13.11251
C:\Users\Owner\Downloads\simulator-windows-64\dataTrack1\IMG\center_2024_11_20_20_14_43_024.jpg, C:\Users\Owner\Downloads\simulator-windows-64\dataTrack1\IMG\left_2024_11_20_20_14_43_024.jpg, C:\Users\Owner\Downloads\simulator-windows-64\dataTrack1\IMG\right_2024_11_20_20_14_43_024.jpg, 0, 0, 0, 12.42813
C:\Users\Owner\Downloads\simulator-windows-64\dataTrack1\IMG\center_2024_11_20_20_14_43_128.jpg, C:\Users\Owner\Downloads\simulator-windows-64\dataTrack1\IMG\left_2024_11_20_20_14_43_128.jpg, C:\Users\Owner\Downloads\simulator-windows-64\dataTrack1\IMG\right_2024_11_20_20_14_43_128.jpg, 0.1043409, 0, 0, 12.31373
C:\Users\Owner\Downloads\simulator-windows-64\dataTrack1\IMG\center_2024_11_20_20_14_43_229.jpg, C:\Users\Owner\Downloads\simulator-windows-64\dataTrack1\IMG\left_2024_11_20_20_14_43_229.jpg, C:\Users\Owner\Downloads\simulator-windows-64\dataTrack1\IMG\right_2024_11_20_20_14_43_229.jpg, 0.2022888, 0, 0, 12.66333
C:\Users\Owner\Downloads\simulator-windows-64\dataTrack1\IMG\center_2024_11_20_20_14_43_334.jpg, C:\Users\Owner\Downloads\simulator-windows-64\dataTrack1\IMG\left_2024_11_20_20_14_43_334.jpg, C:\Users\Owner\Downloads\simulator-windows-64\dataTrack1\IMG\right_2024_11_20_20_14_43_334.jpg, 0, 0, 0, 12.06641
C:\Users\Owner\Downloads\simulator-windows-64\dataTrack1\IMG\center_2024_11_20_20_14_43_438.jpg, C:\Users\Owner\Downloads\simulator-windows-64\dataTrack1\IMG\left_2024_11_20_20_14_43_438.jpg, C:\Users\Owner\Downloads\simulator-windows-64\dataTrack1\IMG\right_2024_11_20_20_14_43_438.jpg, 0.2072883, 0, 0, 12.22355
C:\Users\Owner\Downloads\simulator-windows-64\dataTrack1\IMG\center_2024_11_20_20_14_43_541.jpg, C:\Users\Owner\Downloads\simulator-windows-64\dataTrack1\IMG\left_2024_11_20_20_14_43_541.jpg, C:\Users\Owner\Downloads\simulator-windows-64\dataTrack1\IMG\right_2024_11_20_20_14_43_541.jpg, 0.09662637, 0, 0, 11.82949
C:\Users\Owner\Downloads\simulator-windows-64\dataTrack1\IMG\center_2024_11_20_20_14_43_644.jpg, C:\Users\Owner\Downloads\simulator-windows-64\dataTrack1\IMG\left_2024_11_20_20_14_43_644.jpg, C:\Users\Owner\Downloads\simulator-windows-64\dataTrack1\IMG\right_2024_11_20_20_14_43_644.jpg, 0.09931441, 0, 0, 11.9433
C:\Users\Owner\Downloads\simulator-windows-64\dataTrack1\IMG\center_2024_11_20_20_14_43_746.jpg, C:\Users\Owner\Downloads\simulator-windows-64\dataTrack1\IMG\left_2024_11_20_20_14_43_746.jpg, C:\Users\Owner\Downloads\simulator-windows-64\dataTrack1\IMG\right_2024_11_20_20_14_43_746.jpg, 0.3560649, 0, 0, 11.57126
C:\Users\Owner\Downloads\simulator-windows-64\dataTrack1\IMG\center_2024_11_20_20_14_43_851.jpg, C:\Users\Owner\Downloads\simulator-windows-64\dataTrack1\IMG\left_2024_11_20_20_14_43_851.jpg, C:\Users\Owner\Downloads\simulator-windows-64\dataTrack1\IMG\right_2024_11_20_20_14_43_851.jpg, 0.09898593, 0, 0, 11.46835
C:\Users\Owner\Downloads\simulator-windows-64\dataTrack1\IMG\center_2024_11_20_20_14_43_955.jpg, C:\Users\Owner\Downloads\simulator-windows-64\dataTrack1\IMG\left_2024_11_20_20_14_43_955.jpg, C:\Users\Owner\Downloads\simulator-windows-64\dataTrack1\IMG\right_2024_11_20_20_14_43_955.jpg, 0.3069345, 0, 0, 11.48003
C:\Users\Owner\Downloads\simulator-windows-64\dataTrack1\IMG\center_2024_11_20_20_14_44_059.jpg, C:\Users\Owner\Downloads\simulator-windows-64\dataTrack1\IMG\left_2024_11_20_20_14_44_059.jpg, C:\Users\Owner\Downloads\simulator-windows-64\dataTrack1\IMG\right_2024_11_20_20_14_44_059.jpg, 0.3125742, 0, 0, 11.34506
C:\Users\Owner\Downloads\simulator-windows-64\dataTrack1\IMG\center_2024_11_20_20_14_44_161.jpg, C:\Users\Owner\Downloads\simulator-windows-64\dataTrack1\IMG\left_2024_11_20_20_14_44_161.jpg, C:\Users\Owner\Downloads\simulator-windows-64\dataTrack1\IMG\right_2024_11_20_20_14_44_161.jpg, 0.2130402, 0, 0, 11.23284
C:\Users\Owner\Downloads\simulator-windows-64\dataTrack1\IMG\center_2024_11_20_20_14_44_262.jpg, C:\Users\Owner\Downloads\simulator-windows-64\dataTrack1\IMG\left_2024_11_20_20_14_44_262.jpg, C:\Users\Owner\Downloads\simulator-windows-64\dataTrack1\IMG\right_2024_11_20_20_14_44_262.jpg, 0.2648769, 0, 0, 11.10579
C:\Users\Owner\Downloads\simulator-windows-64\dataTrack1\IMG\center_2024_11_20_20_14_44_368.jpg, C:\Users\Owner\Downloads\simulator-windows-64\dataTrack1\IMG\left_2024_11_20_20_14_44_368.jpg, C:\Users\Owner\Downloads\simulator-windows-64\dataTrack1\IMG\right_2024_11_20_20_14_44_368.jpg, 0, 0, 0, 10.96904
C:\Users\Owner\Downloads\simulator-windows-64\dataTrack1\IMG\center_2024_11_20_20_14_44_472.jpg, C:\Users\Owner\Downloads\simulator-windows-64\dataTrack1\IMG\left_2024_11_20_20_14_44_472.jpg, C:\Users\Owner\Downloads\simulator-windows-64\dataTrack1\IMG\right_2024_11_20_20_14_44_472.jpg, 0, 0, 0, 10.85515
C:\Users\Owner\Downloads\simulator-windows-64\dataTrack1\IMG\center_2024_11_20_20_14_44_576.jpg, C:\Users\Owner\Downloads\simulator-windows-64\dataTrack1\IMG\left_2024_11_20_20_14_44_576.jpg, C:\Users\Owner\Downloads\simulator-windows-64\dataTrack1\IMG\right_2024_11_20_20_14_44_576.jpg, 0, 0, 0, 10.74536
C:\Users\Owner\Downloads\simulator-windows-64\dataTrack1\IMG\center_2024_11_20_20_14_44_679.jpg, C:\Users\Owner\Downloads\simulator-windows-64\dataTrack1\IMG\left_2024_11_20_20_14_44_679.jpg, C:\Users\Owner\Downloads\simulator-windows-64\dataTrack1\IMG\right_2024_11_20_20_14_44_679.jpg, 0, 0, 0, 10.6368
C:\Users\Owner\Downloads\simulator-windows-64\dataTrack1\IMG\center_2024_11_20_20_14_44_782.jpg, C:\Users\Owner\Downloads\simulator-windows-64\dataTrack1\IMG\left_2024_11_20_20_14_44_782.jpg, C:\Users\Owner\Downloads\simulator-windows-64\dataTrack1\IMG\right_2024_11_20_20_14_44_782.jpg, 0.3110385, 0, 0, 10.50241
C:\Users\Owner\Downloads\simulator-windows-64\dataTrack1\IMG\center_2024_11_20_20_14_44_886.jpg, C:\Users\Owner\Downloads\simulator-windows-64\dataTrack1\IMG\left_2024_11_20_20_14_44_886.jpg, C:\Users\Owner\Downloads\simulator-windows-64\dataTrack1\IMG\right_2024_11_20_20_14_44_886.jpg, 0.0533829, 0, 0, 10.39271
C:\Users\Owner\Downloads\simulator-windows-64\dataTrack1\IMG\center_2024_11_20_20_14_44_990.jpg, C:\Users\Owner\Downloads\simulator-windows-64\dataTrack1\IMG\left_2024_11_20_20_14_44_990.jpg, C:\Users\Owner\Downloads\simulator-windows-64\dataTrack1\IMG\right_2024_11_20_20_14_44_990.jpg, 0.3098874, 0, 0, 10.25112
C:\Users\Owner\Downloads\simulator-windows-64\dataTrack1\IMG\center_2024_11_20_20_14_45_092.jpg, C:\Users\Owner\Downloads\simulator-windows-64\dataTrack1\IMG\left_2024_11_20_20_14_45_092.jpg, C:\Users\Owner\Downloads\simulator-windows-64\dataTrack1\IMG\right_2024_11_20_20_14_45_092.jpg, 0.000231877, 0, 0, 10.14559
C:\Users\Owner\Downloads\simulator-windows-64\dataTrack1\IMG\center_2024_11_20_20_14_45_197.jpg, C:\Users\Owner\Downloads\simulator-windows-64\dataTrack1\IMG\left_2024_11_20_20_14_45_197.jpg, C:\Users\Owner\Downloads\simulator-windows-64\dataTrack1\IMG\right_2024_11_20_20_14_45_197.jpg, 0, 0, 0, 10.04293
C:\Users\Owner\Downloads\simulator-windows-64\dataTrack1\IMG\center_2024_11_20_20_14_45_299.jpg, C:\Users\Owner\Downloads\simulator-windows-64\dataTrack1\IMG\left_2024_11_20_20_14_45_299.jpg, C:\Users\Owner\Downloads\simulator-windows-64\dataTrack1\IMG\right_2024_11_20_20_14_45_299.jpg, 0.0537927, 0, 0, 9.940767
C:\Users\Owner\Downloads\simulator-windows-64\dataTrack1\IMG\center_2024_11_20_20_14_45_404.jpg, C:\Users\Owner\Downloads\simulator-windows-64\dataTrack1\IMG\left_2024_11_20_20_14_45_404.jpg, C:\Users\Owner\Downloads\simulator-windows-64\dataTrack1\IMG\right_2024_11_20_20_14_45_404.jpg, 0, 0, 0, 9.835946
C:\Users\Owner\Downloads\simulator-windows-64\dataTrack1\IMG\center_2024_11_20_20_14_45_506.jpg, C:\Users\Owner\Downloads\simulator-windows-64\dataTrack1\IMG\left_2024_11_20_20_14_45_506.jpg, C:\Users\Owner\Downloads\simulator-windows-64\dataTrack1\IMG\right_2024_11_20_20_14_45_506.jpg, 0.0537066, 0, 0, 9.738288
C:\Users\Owner\Downloads\simulator-windows-64\dataTrack1\IMG\center_2024_11_20_20_14_45_611.jpg, C:\Users\Owner\Downloads\simulator-windows-64\dataTrack1\IMG\left_2024_11_20_20_14_45_611.jpg, C:\Users\Owner\Downloads\simulator-windows-64\dataTrack1\IMG\right_2024_11_20_20_14_45_611.jpg, 0.3117153, 0.1584132, 0, 9.640387
C:\Users\Owner\Downloads\simulator-windows-64\dataTrack1\IMG\center_2024_11_20_20_14_45_714.jpg, C:\Users\Owner\Downloads\simulator-windows-64\dataTrack1\IMG\left_2024_11_20_20_14_45_714.jpg, C:\Users\Owner\Downloads\simulator-windows-64\dataTrack1\IMG\right_2024_11_20_20_14_45_714.jpg, 0.006520193, 0.3668289, 0, 9.938059
C:\Users\Owner\Downloads\simulator-windows-64\dataTrack1\IMG\center_2024_11_20_20_14_45_816.jpg, C:\Users\Owner\Downloads\simulator-windows-64\dataTrack1\IMG\left_2024_11_20_20_14_45_816.jpg, C:\Users\Owner\Downloads\simulator-windows-64\dataTrack1\IMG\right_2024_11_20_20_14_45_816.jpg, 0.3157185, 0.05763058, 0, 10.05633
C:\Users\Owner\Downloads\simulator-windows-64\dataTrack1\IMG\center_2024_11_20_20_14_45_921.jpg, C:\Users\Owner\Downloads\simulator-windows-64\dataTrack1\IMG\left_2024_11_20_20_14_45_921.jpg, C:\Users\Owner\Downloads\simulator-windows-64\dataTrack1\IMG\right_2024_11_20_20_14_45_921.jpg, 0.2134653, 0, 0, 9.932346
C:\Users\Owner\Downloads\simulator-windows-64\dataTrack1\IMG\center_2024_11_20_20_14_46_024.jpg, C:\Users\Owner\Downloads\simulator-windows-64\dataTrack1\IMG\left_2024_11_20_20_14_46_024.jpg, C:\Users\Owner\Downloads\simulator-windows-64\dataTrack1\IMG\right_2024_11_20_20_14_46_024.jpg, 0, 0.1028748, 0, 9.856344
C:\Users\Owner\Downloads\simulator-windows-64\dataTrack1\IMG\center_2024_11_20_20_14_46_128.jpg, C:\Users\Owner\Downloads\simulator-windows-64\dataTrack1\IMG\left_2024_11_20_20_14_46_128.jpg, C:\Users\Owner\Downloads\simulator-windows-64\dataTrack1\IMG\right_2024_11_20_20_14_46_128.jpg, 0.3110511, 0.3558787, 0, 10.16339
C:\Users\Owner\Downloads\simulator-windows-64\dataTrack1\IMG\center_2024_11_20_20_14_46_231.jpg, C:\Users\Owner\Downloads\simulator-windows-64\dataTrack1\IMG\left_2024_11_20_20_14_46_231.jpg, C:\Users\Owner\Downloads\simulator-windows-64\dataTrack1\IMG\right_2024_11_20_20_14_46_231.jpg, 0.3150852, 0.04629515, 0, 10.23219
C:\Users\Owner\Downloads\simulator-windows-64\dataTrack1\IMG\center_2024_11_20_20_14_46_335.jpg, C:\Users\Owner\Downloads\simulator-windows-64\dataTrack1\IMG\left_2024_11_20_20_14_46_335.jpg, C:\Users\Owner\Downloads\simulator-windows-64\dataTrack1\IMG\right_2024_11_20_20_14_46_335.jpg, 0.1151031, 0, 0, 10.13517
C:\Users\Owner\Downloads\simulator-windows-64\dataTrack1\IMG\center_2024_11_20_20_14_46_438.jpg, C:\Users\Owner\Downloads\simulator-windows-64\dataTrack1\IMG\left_2024_11_20_20_14_46_438.jpg, C:\Users\Owner\Downloads\simulator-windows-64\dataTrack1\IMG\right_2024_11_20_20_14_46_438.jpg, 0.4286475, 0, 0, 10.00202
C:\Users\Owner\Downloads\simulator-windows-64\dataTrack1\IMG\center_2024_11_20_20_14_46_541.jpg, C:\Users\Owner\Downloads\simulator-windows-64\dataTrack1\IMG\left_2024_11_20_20_14_46_541.jpg, C:\Users\Owner\Downloads\simulator-windows-64\dataTrack1\IMG\right_2024_11_20_20_14_46_541.jpg, 0.7353603, 0.3067128, 0, 9.986107
C:\Users\Owner\Downloads\simulator-windows-64\dataTrack1\IMG\center_2024_11_20_20_14_46_646.jpg, C:\Users\Owner\Downloads\simulator-windows-64\dataTrack1\IMG\left_2024_11_20_20_14_46_646.jpg, C:\Users\Owner\Downloads\simulator-windows-64\dataTrack1\IMG\right_2024_11_20_20_14_46_646.jpg, 0.895377, 0.03965306, 0, 9.939387
C:\Users\Owner\Downloads\simulator-windows-64\dataTrack1\IMG\center_2024_11_20_20_14_46_747.jpg, C:\Users\Owner\Downloads\simulator-windows-64\dataTrack1\IMG\left_2024_11_20_20_14_46_747.jpg, C:\Users\Owner\Downloads\simulator-windows-64\dataTrack1\IMG\right_2024_11_20_20_14_46_747.jpg, 0.5429786, 0, 0, 9.852325
C:\Users\Owner\Downloads\simulator-windows-64\dataTrack1\IMG\center_2024_11_20_20_14_46_854.jpg, C:\Users\Owner\Downloads\simulator-windows-64\dataTrack1\IMG\left_2024_11_20_20_14_46_854.jpg, C:\Users\Owner\Downloads\simulator-windows-64\dataTrack1\IMG\right_2024_11_20_20_14_46_854.jpg, 0.8632326, 0, 0, 9.702499
C:\Users\Owner\Downloads\simulator-windows-64\dataTrack1\IMG\center_2024_11_20_20_14_46_958.jpg, C:\Users\Owner\Downloads\simulator-windows-64\dataTrack1\IMG\left_2024_11_20_20_14_46_958.jpg, C:\Users\Owner\Downloads\simulator-windows-64\dataTrack1\IMG\right_2024_11_20_20_14_46_958.jpg, 0.5523282, 0, 0, 9.615873
C:\Users\Owner\Downloads\simulator-windows-64\dataTrack1\IMG\center_2024_11_20_20_14_47_061.jpg, C:\Users\Owner\Downloads\simulator-windows-64\dataTrack1\IMG\left_2024_11_20_20_14_47_061.jpg, C:\Users\Owner\Downloads\simulator-windows-64\dataTrack1\IMG\right_2024_11_20_20_14_47_061.jpg, 0.6579182, 0, 0, 9.518141
C:\Users\Owner\Downloads\simulator-windows-64\dataTrack1\IMG\center_2024_11_20_20_14_47_165.jpg, C:\Users\Owner\Downloads\simulator-windows-64\dataTrack1\IMG\left_2024_11_20_20_14_47_165.jpg, C:\Users\Owner\Downloads\simulator-windows-64\dataTrack1\IMG\right_2024_11_20_20_14_47_165.jpg, 0.3978588, 0, 0, 9.431842
C:\Users\Owner\Downloads\simulator-windows-64\dataTrack1\IMG\center_2024_11_20_20_14_47_266.jpg, C:\Users\Owner\Downloads\simulator-windows-64\dataTrack1\IMG\left_2024_11_20_20_14_47_266.jpg, C:\Users\Owner\Downloads\simulator-windows-64\dataTrack1\IMG\right_2024_11_20_20_14_47_266.jpg, 0.09366062, 0.2524935, 0, 9.503709
C:\Users\Owner\Downloads\simulator-windows-64\dataTrack1\IMG\center_2024_11_20_20_14_47_372.jpg, C:\Users\Owner\Downloads\simulator-windows-64\dataTrack1\IMG\left_2024_11_20_20_14_47_372.jpg, C:\Users\Owner\Downloads\simulator-windows-64\dataTrack1\IMG\right_2024_11_20_20_14_47_372.jpg, 0, 0, 0, 9.569383
C:\Users\Owner\Downloads\simulator-windows-64\dataTrack1\IMG\center_2024_11_20_20_14_47_476.jpg, C:\Users\Owner\Downloads\simulator-windows-64\dataTrack1\IMG\left_2024_11_20_20_14_47_476.jpg, C:\Users\Owner\Downloads\simulator-windows-64\dataTrack1\IMG\right_2024_11_20_20_14_47_476.jpg, 0.1060707, 0, 0, 9.471376
C:\Users\Owner\Downloads\simulator-windows-64\dataTrack1\IMG\center_2024_11_20_20_14_47_580.jpg, C:\Users\Owner\Downloads\simulator-windows-64\dataTrack1\IMG\left_2024_11_20_20_14_47_580.jpg, C:\Users\Owner\Downloads\simulator-windows-64\dataTrack1\IMG\right_2024_11_20_20_14_47_580.jpg, 0.3134112, 0.2038689, 0, 9.421199
C:\Users\Owner\Downloads\simulator-windows-64\dataTrack1\IMG\center_2024_11_20_20_14_47_680.jpg, C:\Users\Owner\Downloads\simulator-windows-64\dataTrack1\IMG\left_2024_11_20_20_14_47_680.jpg, C:\Users\Owner\Downloads\simulator-windows-64\dataTrack1\IMG\right_2024_11_20_20_14_47_680.jpg, 0.05050948, 0, 0, 9.412965
C:\Users\Owner\Downloads\simulator-windows-64\dataTrack1\IMG\center_2024_11_20_20_14_47_784.jpg, C:\Users\Owner\Downloads\simulator-windows-64\dataTrack1\IMG\left_2024_11_20_20_14_47_784.jpg, C:\Users\Owner\Downloads\simulator-windows-64\dataTrack1\IMG\right_2024_11_20_20_14_47_784.jpg, 0.166041, 0, 0, 9.312538
C:\Users\Owner\Downloads\simulator-windows-64\dataTrack1\IMG\center_2024_11_20_20_14_47_890.jpg, C:\Users\Owner\Downloads\simulator-windows-64\dataTrack1\IMG\left_2024_11_20_20_14_47_890.jpg, C:\Users\Owner\Downloads\simulator-windows-64\dataTrack1\IMG\right_2024_11_20_20_14_47_890.jpg, 0.3291759, 0.1547157, 0, 9.214041
C:\Users\Owner\Downloads\simulator-windows-64\dataTrack1\IMG\center_2024_11_20_20_14_47_993.jpg, C:\Users\Owner\Downloads\simulator-windows-64\dataTrack1\IMG\left_2024_11_20_20_14_47_993.jpg, C:\Users\Owner\Downloads\simulator-windows-64\dataTrack1\IMG\right_2024_11_20_20_14_47_993.jpg, 0.0172191, 0.04806148, 0, 9.309153
C:\Users\Owner\Downloads\simulator-windows-64\dataTrack1\IMG\center_2024_11_20_20_14_48_097.jpg, C:\Users\Owner\Downloads\simulator-windows-64\dataTrack1\IMG\left_2024_11_20_20_14_48_097.jpg, C:\Users\Owner\Downloads\simulator-windows-64\dataTrack1\IMG\right_2024_11_20_20_14_48_097.jpg, 0.2253948, 0, 0, 9.2109
C:\Users\Owner\Downloads\simulator-windows-64\dataTrack1\IMG\center_2024_11_20_20_14_48_199.jpg, C:\Users\Owner\Downloads\simulator-windows-64\dataTrack1\IMG\left_2024_11_20_20_14_48_199.jpg, C:\Users\Owner\Downloads\simulator-windows-64\dataTrack1\IMG\right_2024_11_20_20_14_48_199.jpg, 0.4258602, 0.1963269, 0, 9.144394
C:\Users\Owner\Downloads\simulator-windows-64\dataTrack1\IMG\center_2024_11_20_20_14_48_303.jpg, C:\Users\Owner\Downloads\simulator-windows-64\dataTrack1\IMG\left_2024_11_20_20_14_48_303.jpg, C:\Users\Owner\Downloads\simulator-windows-64\dataTrack1\IMG\right_2024_11_20_20_14_48_303.jpg, 0.1627053, 0.141312, 0, 9.34148
C:\Users\Owner\Downloads\simulator-windows-64\dataTrack1\IMG\center_2024_11_20_20_14_48_407.jpg, C:\Users\Owner\Downloads\simulator-windows-64\dataTrack1\IMG\left_2024_11_20_20_14_48_407.jpg, C:\Users\Owner\Downloads\simulator-windows-64\dataTrack1\IMG\right_2024_11_20_20_14_48_407.jpg, 0.4212886, 0, 0, 9.226133
C:\Users\Owner\Downloads\simulator-windows-64\dataTrack1\IMG\center_2024_11_20_20_14_48_511.jpg, C:\Users\Owner\Downloads\simulator-windows-64\dataTrack1\IMG\left_2024_11_20_20_14_48_511.jpg, C:\Users\Owner\Downloads\simulator-windows-64\dataTrack1\IMG\right_2024_11_20_20_14_48_511.jpg, 0.108708, 0.154413, 0, 9.199753
C:\Users\Owner\Downloads\simulator-windows-64\dataTrack1\IMG\center_2024_11_20_20_14_48_614.jpg, C:\Users\Owner\Downloads\simulator-windows-64\dataTrack1\IMG\left_2024_11_20_20_14_48_614.jpg, C:\Users\Owner\Downloads\simulator-windows-64\dataTrack1\IMG\right_2024_11_20_20_14_48_614.jpg, 0.1016631, 0.1518549, 0, 9.382279
C:\Users\Owner\Downloads\simulator-windows-64\dataTrack1\IMG\center_2024_11_20_20_14_48_720.jpg, C:\Users\Owner\Downloads\simulator-windows-64\dataTrack1\IMG\left_2024_11_20_20_14_48_720.jpg, C:\Users\Owner\Downloads\simulator-windows-64\dataTrack1\IMG\right_2024_11_20_20_14_48_720.jpg, 0.4215867, 0, 0, 9.285195
C:\Users\Owner\Downloads\simulator-windows-64\dataTrack1\IMG\center_2024_11_20_20_14_48_825.jpg, C:\Users\Owner\Downloads\simulator-windows-64\dataTrack1\IMG\left_2024_11_20_20_14_48_825.jpg, C:\Users\Owner\Downloads\simulator-windows-64\dataTrack1\IMG\right_2024_11_20_20_14_48_825.jpg, 0.1586073, 0, 0, 9.190924
C:\Users\Owner\Downloads\simulator-windows-64\dataTrack1\IMG\center_2024_11_20_20_14_48_929.jpg, C:\Users\Owner\Downloads\simulator-windows-64\dataTrack1\IMG\left_2024_11_20_20_14_48_929.jpg, C:\Users\Owner\Downloads\simulator-windows-64\dataTrack1\IMG\right_2024_11_20_20_14_48_929.jpg, 0.2063622, 0.3101763, 0, 9.31323
C:\Users\Owner\Downloads\simulator-windows-64\dataTrack1\IMG\center_2024_11_20_20_14_49_033.jpg, C:\Users\Owner\Downloads\simulator-windows-64\dataTrack1\IMG\left_2024_11_20_20_14_49_033.jpg, C:\Users\Owner\Downloads\simulator-windows-64\dataTrack1\IMG\right_2024_11_20_20_14_49_033.jpg, 0.2059047, 0.1684248, 0, 9.543097
C:\Users\Owner\Downloads\simulator-windows-64\dataTrack1\IMG\center_2024_11_20_20_14_49_138.jpg, C:\Users\Owner\Downloads\simulator-windows-64\dataTrack1\IMG\left_2024_11_20_20_14_49_138.jpg, C:\Users\Owner\Downloads\simulator-windows-64\dataTrack1\IMG\right_2024_11_20_20_14_49_138.jpg, 0.1133388, 0, 0, 9.494584
C:\Users\Owner\Downloads\simulator-windows-64\dataTrack1\IMG\center_2024_11_20_20_14_49_241.jpg, C:\Users\Owner\Downloads\simulator-windows-64\dataTrack1\IMG\left_2024_11_20_20_14_49_241.jpg, C:\Users\Owner\Downloads\simulator-windows-64\dataTrack1\IMG\right_2024_11_20_20_14_49_241.jpg, 0.4229468, 0.3096081, 0, 9.557708
C:\Users\Owner\Downloads\simulator-windows-64\dataTrack1\IMG\center_2024_11_20_20_14_49_342.jpg, C:\Users\Owner\Downloads\simulator-windows-64\dataTrack1\IMG\left_2024_11_20_20_14_49_342.jpg, C:\Users\Owner\Downloads\simulator-windows-64\dataTrack1\IMG\right_2024_11_20_20_14_49_342.jpg, 0.7281741, 0.3139533, 0, 9.835564
C:\Users\Owner\Downloads\simulator-windows-64\dataTrack1\IMG\center_2024_11_20_20_14_49_447.jpg, C:\Users\Owner\Downloads\simulator-windows-64\dataTrack1\IMG\left_2024_11_20_20_14_49_447.jpg, C:\Users\Owner\Downloads\simulator-windows-64\dataTrack1\IMG\right_2024_11_20_20_14_49_447.jpg, 0.4139113, 0, 0, 9.921762
C:\Users\Owner\Downloads\simulator-windows-64\dataTrack1\IMG\center_2024_11_20_20_14_49_550.jpg, C:\Users\Owner\Downloads\simulator-windows-64\dataTrack1\IMG\left_2024_11_20_20_14_49_550.jpg, C:\Users\Owner\Downloads\simulator-windows-64\dataTrack1\IMG\right_2024_11_20_20_14_49_550.jpg, 0.1063633, 0.307548, 0, 10.04794
C:\Users\Owner\Downloads\simulator-windows-64\dataTrack1\IMG\center_2024_11_20_20_14_49_656.jpg, C:\Users\Owner\Downloads\simulator-windows-64\dataTrack1\IMG\left_2024_11_20_20_14_49_656.jpg, C:\Users\Owner\Downloads\simulator-windows-64\dataTrack1\IMG\right_2024_11_20_20_14_49_656.jpg, 0, 0, 0, 10.08942
C:\Users\Owner\Downloads\simulator-windows-64\dataTrack1\IMG\center_2024_11_20_20_14_49_759.jpg, C:\Users\Owner\Downloads\simulator-windows-64\dataTrack1\IMG\left_2024_11_20_20_14_49_759.jpg, C:\Users\Owner\Downloads\simulator-windows-64\dataTrack1\IMG\right_2024_11_20_20_14_49_759.jpg, 0, 0, 0, 9.987394
C:\Users\Owner\Downloads\simulator-windows-64\dataTrack1\IMG\center_2024_11_20_20_14_49_862.jpg, C:\Users\Owner\Downloads\simulator-windows-64\dataTrack1\IMG\left_2024_11_20_20_14_49_862.jpg, C:\Users\Owner\Downloads\simulator-windows-64\dataTrack1\IMG\right_2024_11_20_20_14_49_862.jpg, 0, 0.309864, 0, 10.07155
C:\Users\Owner\Downloads\simulator-windows-64\dataTrack1\IMG\center_2024_11_20_20_14_49_965.jpg, C:\Users\Owner\Downloads\simulator-windows-64\dataTrack1\IMG\left_2024_11_20_20_14_49_965.jpg, C:\Users\Owner\Downloads\simulator-windows-64\dataTrack1\IMG\right_2024_11_20_20_14_49_965.jpg, 0, 0.05103692, 0, 10.17709
C:\Users\Owner\Downloads\simulator-windows-64\dataTrack1\IMG\center_2024_11_20_20_14_50_067.jpg, C:\Users\Owner\Downloads\simulator-windows-64\dataTrack1\IMG\left_2024_11_20_20_14_50_067.jpg, C:\Users\Owner\Downloads\simulator-windows-64\dataTrack1\IMG\right_2024_11_20_20_14_50_067.jpg, 0, 0.3040791, 0, 10.29785
C:\Users\Owner\Downloads\simulator-windows-64\dataTrack1\IMG\center_2024_11_20_20_14_50_173.jpg, C:\Users\Owner\Downloads\simulator-windows-64\dataTrack1\IMG\left_2024_11_20_20_14_50_173.jpg, C:\Users\Owner\Downloads\simulator-windows-64\dataTrack1\IMG\right_2024_11_20_20_14_50_173.jpg, 0, 0.1607943, 0, 10.5322
C:\Users\Owner\Downloads\simulator-windows-64\dataTrack1\IMG\center_2024_11_20_20_14_50_279.jpg, C:\Users\Owner\Downloads\simulator-windows-64\dataTrack1\IMG\left_2024_11_20_20_14_50_279.jpg, C:\Users\Owner\Downloads\simulator-windows-64\dataTrack1\IMG\right_2024_11_20_20_14_50_279.jpg, 0.3182217, 0.479016, 0, 10.80461
C:\Users\Owner\Downloads\simulator-windows-64\dataTrack1\IMG\center_2024_11_20_20_14_50_381.jpg, C:\Users\Owner\Downloads\simulator-windows-64\dataTrack1\IMG\left_2024_11_20_20_14_50_381.jpg, C:\Users\Owner\Downloads\simulator-windows-64\dataTrack1\IMG\right_2024_11_20_20_14_50_381.jpg, 0.6249156, 0.3421695, 0, 11.17453
C:\Users\Owner\Downloads\simulator-windows-64\dataTrack1\IMG\center_2024_11_20_20_14_50_485.jpg, C:\Users\Owner\Downloads\simulator-windows-64\dataTrack1\IMG\left_2024_11_20_20_14_50_485.jpg, C:\Users\Owner\Downloads\simulator-windows-64\dataTrack1\IMG\right_2024_11_20_20_14_50_485.jpg, 0.8853774, 0.292529, 0, 11.20429
C:\Users\Owner\Downloads\simulator-windows-64\dataTrack1\IMG\center_2024_11_20_20_14_50_589.jpg, C:\Users\Owner\Downloads\simulator-windows-64\dataTrack1\IMG\left_2024_11_20_20_14_50_589.jpg, C:\Users\Owner\Downloads\simulator-windows-64\dataTrack1\IMG\right_2024_11_20_20_14_50_589.jpg, 0.6229407, 0.252033, 0, 11.77205
C:\Users\Owner\Downloads\simulator-windows-64\dataTrack1\IMG\center_2024_11_20_20_14_50_695.jpg, C:\Users\Owner\Downloads\simulator-windows-64\dataTrack1\IMG\left_2024_11_20_20_14_50_695.jpg, C:\Users\Owner\Downloads\simulator-windows-64\dataTrack1\IMG\right_2024_11_20_20_14_50_695.jpg, 0.308031, 0.3445587, 0, 11.48957
C:\Users\Owner\Downloads\simulator-windows-64\dataTrack1\IMG\center_2024_11_20_20_14_50_800.jpg, C:\Users\Owner\Downloads\simulator-windows-64\dataTrack1\IMG\left_2024_11_20_20_14_50_800.jpg, C:\Users\Owner\Downloads\simulator-windows-64\dataTrack1\IMG\right_2024_11_20_20_14_50_800.jpg, 0, 0.02815376, 0, 12.02897
C:\Users\Owner\Downloads\simulator-windows-64\dataTrack1\IMG\center_2024_11_20_20_14_50_905.jpg, C:\Users\Owner\Downloads\simulator-windows-64\dataTrack1\IMG\left_2024_11_20_20_14_50_905.jpg, C:\Users\Owner\Downloads\simulator-windows-64\dataTrack1\IMG\right_2024_11_20_20_14_50_905.jpg, 0, 0.0524442, 0, 11.479
C:\Users\Owner\Downloads\simulator-windows-64\dataTrack1\IMG\center_2024_11_20_20_14_51_010.jpg, C:\Users\Owner\Downloads\simulator-windows-64\dataTrack1\IMG\left_2024_11_20_20_14_51_010.jpg, C:\Users\Owner\Downloads\simulator-windows-64\dataTrack1\IMG\right_2024_11_20_20_14_51_010.jpg, 0, 0.1086168, 0, 11.48382
C:\Users\Owner\Downloads\simulator-windows-64\dataTrack1\IMG\center_2024_11_20_20_14_51_114.jpg, C:\Users\Owner\Downloads\simulator-windows-64\dataTrack1\IMG\left_2024_11_20_20_14_51_114.jpg, C:\Users\Owner\Downloads\simulator-windows-64\dataTrack1\IMG\right_2024_11_20_20_14_51_114.jpg, 0, 0, 0, 11.97229
C:\Users\Owner\Downloads\simulator-windows-64\dataTrack1\IMG\center_2024_11_20_20_14_51_217.jpg, C:\Users\Owner\Downloads\simulator-windows-64\dataTrack1\IMG\left_2024_11_20_20_14_51_217.jpg, C:\Users\Owner\Downloads\simulator-windows-64\dataTrack1\IMG\right_2024_11_20_20_14_51_217.jpg, -0.2313702, 0, 0, 11.36557
C:\Users\Owner\Downloads\simulator-windows-64\dataTrack1\IMG\center_2024_11_20_20_14_51_322.jpg, C:\Users\Owner\Downloads\simulator-windows-64\dataTrack1\IMG\left_2024_11_20_20_14_51_322.jpg, C:\Users\Owner\Downloads\simulator-windows-64\dataTrack1\IMG\right_2024_11_20_20_14_51_322.jpg, -0.3264246, 0, 0, 11.44182
C:\Users\Owner\Downloads\simulator-windows-64\dataTrack1\IMG\center_2024_11_20_20_14_51_425.jpg, C:\Users\Owner\Downloads\simulator-windows-64\dataTrack1\IMG\left_2024_11_20_20_14_51_425.jpg, C:\Users\Owner\Downloads\simulator-windows-64\dataTrack1\IMG\right_2024_11_20_20_14_51_425.jpg, -0.065844, 0, 0, 11.43081
C:\Users\Owner\Downloads\simulator-windows-64\dataTrack1\IMG\center_2024_11_20_20_14_51_528.jpg, C:\Users\Owner\Downloads\simulator-windows-64\dataTrack1\IMG\left_2024_11_20_20_14_51_528.jpg, C:\Users\Owner\Downloads\simulator-windows-64\dataTrack1\IMG\right_2024_11_20_20_14_51_528.jpg, 0, 0.1549167, 0, 11.14883
C:\Users\Owner\Downloads\simulator-windows-64\dataTrack1\IMG\center_2024_11_20_20_14_51_633.jpg, C:\Users\Owner\Downloads\simulator-windows-64\dataTrack1\IMG\left_2024_11_20_20_14_51_633.jpg, C:\Users\Owner\Downloads\simulator-windows-64\dataTrack1\IMG\right_2024_11_20_20_14_51_633.jpg, 0, 0.3655092, 0, 11.27541
C:\Users\Owner\Downloads\simulator-windows-64\dataTrack1\IMG\center_2024_11_20_20_14_51_735.jpg, C:\Users\Owner\Downloads\simulator-windows-64\dataTrack1\IMG\left_2024_11_20_20_14_51_735.jpg, C:\Users\Owner\Downloads\simulator-windows-64\dataTrack1\IMG\right_2024_11_20_20_14_51_735.jpg, 0, 0.2654385, 0, 11.94538
C:\Users\Owner\Downloads\simulator-windows-64\dataTrack1\IMG\center_2024_11_20_20_14_51_841.jpg, C:\Users\Owner\Downloads\simulator-windows-64\dataTrack1\IMG\left_2024_11_20_20_14_51_841.jpg, C:\Users\Owner\Downloads\simulator-windows-64\dataTrack1\IMG\right_2024_11_20_20_14_51_841.jpg, 0, 0.4789122, 0, 12.12942
C:\Users\Owner\Downloads\simulator-windows-64\dataTrack1\IMG\center_2024_11_20_20_14_51_944.jpg, C:\Users\Owner\Downloads\simulator-windows-64\dataTrack1\IMG\left_2024_11_20_20_14_51_944.jpg, C:\Users\Owner\Downloads\simulator-windows-64\dataTrack1\IMG\right_2024_11_20_20_14_51_944.jpg, 0, 0.4278783, 0, 12.56329
C:\Users\Owner\Downloads\simulator-windows-64\dataTrack1\IMG\center_2024_11_20_20_14_52_048.jpg, C:\Users\Owner\Downloads\simulator-windows-64\dataTrack1\IMG\left_2024_11_20_20_14_52_048.jpg, C:\Users\Owner\Downloads\simulator-windows-64\dataTrack1\IMG\right_2024_11_20_20_14_52_048.jpg, 0, 0.7875444, 0, 13.00727
C:\Users\Owner\Downloads\simulator-windows-64\dataTrack1\IMG\center_2024_11_20_20_14_52_152.jpg, C:\Users\Owner\Downloads\simulator-windows-64\dataTrack1\IMG\left_2024_11_20_20_14_52_152.jpg, C:\Users\Owner\Downloads\simulator-windows-64\dataTrack1\IMG\right_2024_11_20_20_14_52_152.jpg, 0, 0.6848888, 0, 13.8308
C:\Users\Owner\Downloads\simulator-windows-64\dataTrack1\IMG\center_2024_11_20_20_14_52_256.jpg, C:\Users\Owner\Downloads\simulator-windows-64\dataTrack1\IMG\left_2024_11_20_20_14_52_256.jpg, C:\Users\Owner\Downloads\simulator-windows-64\dataTrack1\IMG\right_2024_11_20_20_14_52_256.jpg, 0.0532749, 0.9991673, 0, 14.76024
C:\Users\Owner\Downloads\simulator-windows-64\dataTrack1\IMG\center_2024_11_20_20_14_52_358.jpg, C:\Users\Owner\Downloads\simulator-windows-64\dataTrack1\IMG\left_2024_11_20_20_14_52_358.jpg, C:\Users\Owner\Downloads\simulator-windows-64\dataTrack1\IMG\right_2024_11_20_20_14_52_358.jpg, 0.3579312, 0.7749367, 0, 15.67607
C:\Users\Owner\Downloads\simulator-windows-64\dataTrack1\IMG\center_2024_11_20_20_14_52_464.jpg, C:\Users\Owner\Downloads\simulator-windows-64\dataTrack1\IMG\left_2024_11_20_20_14_52_464.jpg, C:\Users\Owner\Downloads\simulator-windows-64\dataTrack1\IMG\right_2024_11_20_20_14_52_464.jpg, 0.2677311, 0.8651368, 0, 16.32701
C:\Users\Owner\Downloads\simulator-windows-64\dataTrack1\IMG\center_2024_11_20_20_14_52_567.jpg, C:\Users\Owner\Downloads\simulator-windows-64\dataTrack1\IMG\left_2024_11_20_20_14_52_567.jpg, C:\Users\Owner\Downloads\simulator-windows-64\dataTrack1\IMG\right_2024_11_20_20_14_52_567.jpg, 0, 0.7747852, 0, 17.47536
C:\Users\Owner\Downloads\simulator-windows-64\dataTrack1\IMG\center_2024_11_20_20_14_52_673.jpg, C:\Users\Owner\Downloads\simulator-windows-64\dataTrack1\IMG\left_2024_11_20_20_14_52_673.jpg, C:\Users\Owner\Downloads\simulator-windows-64\dataTrack1\IMG\right_2024_11_20_20_14_52_673.jpg, 0, 0.8819085, 0, 18.19461
C:\Users\Owner\Downloads\simulator-windows-64\dataTrack1\IMG\center_2024_11_20_20_14_52_776.jpg, C:\Users\Owner\Downloads\simulator-windows-64\dataTrack1\IMG\left_2024_11_20_20_14_52_776.jpg, C:\Users\Owner\Downloads\simulator-windows-64\dataTrack1\IMG\right_2024_11_20_20_14_52_776.jpg, 0, 0.896872, 0, 19.18497
C:\Users\Owner\Downloads\simulator-windows-64\dataTrack1\IMG\center_2024_11_20_20_14_52_880.jpg, C:\Users\Owner\Downloads\simulator-windows-64\dataTrack1\IMG\left_2024_11_20_20_14_52_880.jpg, C:\Users\Owner\Downloads\simulator-windows-64\dataTrack1\IMG\right_2024_11_20_20_14_52_880.jpg, 0, 0.8936824, 0, 19.98863
C:\Users\Owner\Downloads\simulator-windows-64\dataTrack1\IMG\center_2024_11_20_20_14_52_984.jpg, C:\Users\Owner\Downloads\simulator-windows-64\dataTrack1\IMG\left_2024_11_20_20_14_52_984.jpg, C:\Users\Owner\Downloads\simulator-windows-64\dataTrack1\IMG\right_2024_11_20_20_14_52_984.jpg, 0, 1, 0, 20.96455
C:\Users\Owner\Downloads\simulator-windows-64\dataTrack1\IMG\center_2024_11_20_20_14_53_090.jpg, C:\Users\Owner\Downloads\simulator-windows-64\dataTrack1\IMG\left_2024_11_20_20_14_53_090.jpg, C:\Users\Owner\Downloads\simulator-windows-64\dataTrack1\IMG\right_2024_11_20_20_14_53_090.jpg, 0, 0.7995112, 0, 21.93295
C:\Users\Owner\Downloads\simulator-windows-64\dataTrack1\IMG\center_2024_11_20_20_14_53_193.jpg, C:\Users\Owner\Downloads\simulator-windows-64\dataTrack1\IMG\left_2024_11_20_20_14_53_193.jpg, C:\Users\Owner\Downloads\simulator-windows-64\dataTrack1\IMG\right_2024_11_20_20_14_53_193.jpg, 0, 1, 0, 22.87314
C:\Users\Owner\Downloads\simulator-windows-64\dataTrack1\IMG\center_2024_11_20_20_14_53_296.jpg, C:\Users\Owner\Downloads\simulator-windows-64\dataTrack1\IMG\left_2024_11_20_20_14_53_296.jpg, C:\Users\Owner\Downloads\simulator-windows-64\dataTrack1\IMG\right_2024_11_20_20_14_53_296.jpg, 0.049482, 0.6900715, 0, 23.66721
C:\Users\Owner\Downloads\simulator-windows-64\dataTrack1\IMG\center_2024_11_20_20_14_53_401.jpg, C:\Users\Owner\Downloads\simulator-windows-64\dataTrack1\IMG\left_2024_11_20_20_14_53_401.jpg, C:\Users\Owner\Downloads\simulator-windows-64\dataTrack1\IMG\right_2024_11_20_20_14_53_401.jpg, 0.2574954, 0.7750314, 0, 24.13933
C:\Users\Owner\Downloads\simulator-windows-64\dataTrack1\IMG\center_2024_11_20_20_14_53_505.jpg, C:\Users\Owner\Downloads\simulator-windows-64\dataTrack1\IMG\left_2024_11_20_20_14_53_505.jpg, C:\Users\Owner\Downloads\simulator-windows-64\dataTrack1\IMG\right_2024_11_20_20_14_53_505.jpg, 0, 0.9331492, 0, 24.98517
C:\Users\Owner\Downloads\simulator-windows-64\dataTrack1\IMG\center_2024_11_20_20_14_53_609.jpg, C:\Users\Owner\Downloads\simulator-windows-64\dataTrack1\IMG\left_2024_11_20_20_14_53_609.jpg, C:\Users\Owner\Downloads\simulator-windows-64\dataTrack1\IMG\right_2024_11_20_20_14_53_609.jpg, 0, 0.5673202, 0, 25.73921
C:\Users\Owner\Downloads\simulator-windows-64\dataTrack1\IMG\center_2024_11_20_20_14_53_712.jpg, C:\Users\Owner\Downloads\simulator-windows-64\dataTrack1\IMG\left_2024_11_20_20_14_53_712.jpg, C:\Users\Owner\Downloads\simulator-windows-64\dataTrack1\IMG\right_2024_11_20_20_14_53_712.jpg, 0, 0.4617574, 0, 26.01282
C:\Users\Owner\Downloads\simulator-windows-64\dataTrack1\IMG\center_2024_11_20_20_14_53_816.jpg, C:\Users\Owner\Downloads\simulator-windows-64\dataTrack1\IMG\left_2024_11_20_20_14_53_816.jpg, C:\Users\Owner\Downloads\simulator-windows-64\dataTrack1\IMG\right_2024_11_20_20_14_53_816.jpg, 0, 0.565924, 0, 26.44946
C:\Users\Owner\Downloads\simulator-windows-64\dataTrack1\IMG\center_2024_11_20_20_14_53_919.jpg, C:\Users\Owner\Downloads\simulator-windows-64\dataTrack1\IMG\left_2024_11_20_20_14_53_919.jpg, C:\Users\Owner\Downloads\simulator-windows-64\dataTrack1\IMG\right_2024_11_20_20_14_53_919.jpg, 0, 0.3596518, 0, 26.70268
C:\Users\Owner\Downloads\simulator-windows-64\dataTrack1\IMG\center_2024_11_20_20_14_54_024.jpg, C:\Users\Owner\Downloads\simulator-windows-64\dataTrack1\IMG\left_2024_11_20_20_14_54_024.jpg, C:\Users\Owner\Downloads\simulator-windows-64\dataTrack1\IMG\right_2024_11_20_20_14_54_024.jpg, 0, 0.6735487, 0, 27.02384
C:\Users\Owner\Downloads\simulator-windows-64\dataTrack1\IMG\center_2024_11_20_20_14_54_127.jpg, C:\Users\Owner\Downloads\simulator-windows-64\dataTrack1\IMG\left_2024_11_20_20_14_54_127.jpg, C:\Users\Owner\Downloads\simulator-windows-64\dataTrack1\IMG\right_2024_11_20_20_14_54_127.jpg, 0.208035, 0.5666509, 0, 27.69351
C:\Users\Owner\Downloads\simulator-windows-64\dataTrack1\IMG\center_2024_11_20_20_14_54_230.jpg, C:\Users\Owner\Downloads\simulator-windows-64\dataTrack1\IMG\left_2024_11_20_20_14_54_230.jpg, C:\Users\Owner\Downloads\simulator-windows-64\dataTrack1\IMG\right_2024_11_20_20_14_54_230.jpg, 0.1130289, 0.257215, 0, 27.86399
C:\Users\Owner\Downloads\simulator-windows-64\dataTrack1\IMG\center_2024_11_20_20_14_54_335.jpg, C:\Users\Owner\Downloads\simulator-windows-64\dataTrack1\IMG\left_2024_11_20_20_14_54_335.jpg, C:\Users\Owner\Downloads\simulator-windows-64\dataTrack1\IMG\right_2024_11_20_20_14_54_335.jpg, 0, 0.1515226, 0, 27.73251
C:\Users\Owner\Downloads\simulator-windows-64\dataTrack1\IMG\center_2024_11_20_20_14_54_436.jpg, C:\Users\Owner\Downloads\simulator-windows-64\dataTrack1\IMG\left_2024_11_20_20_14_54_436.jpg, C:\Users\Owner\Downloads\simulator-windows-64\dataTrack1\IMG\right_2024_11_20_20_14_54_436.jpg, 0, 0.1457029, 0, 27.71861
C:\Users\Owner\Downloads\simulator-windows-64\dataTrack1\IMG\center_2024_11_20_20_14_54_541.jpg, C:\Users\Owner\Downloads\simulator-windows-64\dataTrack1\IMG\left_2024_11_20_20_14_54_541.jpg, C:\Users\Owner\Downloads\simulator-windows-64\dataTrack1\IMG\right_2024_11_20_20_14_54_541.jpg, 0, 0, 0, 27.48528
C:\Users\Owner\Downloads\simulator-windows-64\dataTrack1\IMG\center_2024_11_20_20_14_54_645.jpg, C:\Users\Owner\Downloads\simulator-windows-64\dataTrack1\IMG\left_2024_11_20_20_14_54_645.jpg, C:\Users\Owner\Downloads\simulator-windows-64\dataTrack1\IMG\right_2024_11_20_20_14_54_645.jpg, 0, 0, 0, 27.20855
C:\Users\Owner\Downloads\simulator-windows-64\dataTrack1\IMG\center_2024_11_20_20_14_54_751.jpg, C:\Users\Owner\Downloads\simulator-windows-64\dataTrack1\IMG\left_2024_11_20_20_14_54_751.jpg, C:\Users\Owner\Downloads\simulator-windows-64\dataTrack1\IMG\right_2024_11_20_20_14_54_751.jpg, 0, 0, 0, 26.88107
C:\Users\Owner\Downloads\simulator-windows-64\dataTrack1\IMG\center_2024_11_20_20_14_54_852.jpg, C:\Users\Owner\Downloads\simulator-windows-64\dataTrack1\IMG\left_2024_11_20_20_14_54_852.jpg, C:\Users\Owner\Downloads\simulator-windows-64\dataTrack1\IMG\right_2024_11_20_20_14_54_852.jpg, 0, 0, 0, 26.61116
C:\Users\Owner\Downloads\simulator-windows-64\dataTrack1\IMG\center_2024_11_20_20_14_54_958.jpg, C:\Users\Owner\Downloads\simulator-windows-64\dataTrack1\IMG\left_2024_11_20_20_14_54_958.jpg, C:\Users\Owner\Downloads\simulator-windows-64\dataTrack1\IMG\right_2024_11_20_20_14_54_958.jpg, 0, 0, 0, 26.34397
C:\Users\Owner\Downloads\simulator-windows-64\dataTrack1\IMG\center_2024_11_20_20_14_55_063.jpg, C:\Users\Owner\Downloads\simulator-windows-64\dataTrack1\IMG\left_2024_11_20_20_14_55_063.jpg, C:\Users\Owner\Downloads\simulator-windows-64\dataTrack1\IMG\right_2024_11_20_20_14_55_063.jpg, 0, 0.3138339, 0, 26.22809
C:\Users\Owner\Downloads\simulator-windows-64\dataTrack1\IMG\center_2024_11_20_20_14_55_169.jpg, C:\Users\Owner\Downloads\simulator-windows-64\dataTrack1\IMG\left_2024_11_20_20_14_55_169.jpg, C:\Users\Owner\Downloads\simulator-windows-64\dataTrack1\IMG\right_2024_11_20_20_14_55_169.jpg, 0, 0, 0, 26.15318
C:\Users\Owner\Downloads\simulator-windows-64\dataTrack1\IMG\center_2024_11_20_20_14_55_270.jpg, C:\Users\Owner\Downloads\simulator-windows-64\dataTrack1\IMG\left_2024_11_20_20_14_55_270.jpg, C:\Users\Owner\Downloads\simulator-windows-64\dataTrack1\IMG\right_2024_11_20_20_14_55_270.jpg, 0, 0.2234346, 0, 25.99488
C:\Users\Owner\Downloads\simulator-windows-64\dataTrack1\IMG\center_2024_11_20_20_14_55_376.jpg, C:\Users\Owner\Downloads\simulator-windows-64\dataTrack1\IMG\left_2024_11_20_20_14_55_376.jpg, C:\Users\Owner\Downloads\simulator-windows-64\dataTrack1\IMG\right_2024_11_20_20_14_55_376.jpg, 0, 0.1194567, 0, 26.02035
C:\Users\Owner\Downloads\simulator-windows-64\dataTrack1\IMG\center_2024_11_20_20_14_55_477.jpg, C:\Users\Owner\Downloads\simulator-windows-64\dataTrack1\IMG\left_2024_11_20_20_14_55_477.jpg, C:\Users\Owner\Downloads\simulator-windows-64\dataTrack1\IMG\right_2024_11_20_20_14_55_477.jpg, 0, 0.4238067, 0, 26.0792
C:\Users\Owner\Downloads\simulator-windows-64\dataTrack1\IMG\center_2024_11_20_20_14_55_580.jpg, C:\Users\Owner\Downloads\simulator-windows-64\dataTrack1\IMG\left_2024_11_20_20_14_55_580.jpg, C:\Users\Owner\Downloads\simulator-windows-64\dataTrack1\IMG\right_2024_11_20_20_14_55_580.jpg, 0, 0.1136796, 0, 26.16888
C:\Users\Owner\Downloads\simulator-windows-64\dataTrack1\IMG\center_2024_11_20_20_14_55_685.jpg, C:\Users\Owner\Downloads\simulator-windows-64\dataTrack1\IMG\left_2024_11_20_20_14_55_685.jpg, C:\Users\Owner\Downloads\simulator-windows-64\dataTrack1\IMG\right_2024_11_20_20_14_55_685.jpg, 0, 0.4266036, 0, 26.18865
C:\Users\Owner\Downloads\simulator-windows-64\dataTrack1\IMG\center_2024_11_20_20_14_55_789.jpg, C:\Users\Owner\Downloads\simulator-windows-64\dataTrack1\IMG\left_2024_11_20_20_14_55_789.jpg, C:\Users\Owner\Downloads\simulator-windows-64\dataTrack1\IMG\right_2024_11_20_20_14_55_789.jpg, 0, 0.1122909, 0, 26.28381
C:\Users\Owner\Downloads\simulator-windows-64\dataTrack1\IMG\center_2024_11_20_20_14_55_892.jpg, C:\Users\Owner\Downloads\simulator-windows-64\dataTrack1\IMG\left_2024_11_20_20_14_55_892.jpg, C:\Users\Owner\Downloads\simulator-windows-64\dataTrack1\IMG\right_2024_11_20_20_14_55_892.jpg, 0, 0.4217355, 0, 26.35
C:\Users\Owner\Downloads\simulator-windows-64\dataTrack1\IMG\center_2024_11_20_20_14_55_996.jpg, C:\Users\Owner\Downloads\simulator-windows-64\dataTrack1\IMG\left_2024_11_20_20_14_55_996.jpg, C:\Users\Owner\Downloads\simulator-windows-64\dataTrack1\IMG\right_2024_11_20_20_14_55_996.jpg, 0, 0.1111131, 0, 26.41863
C:\Users\Owner\Downloads\simulator-windows-64\dataTrack1\IMG\center_2024_11_20_20_14_56_099.jpg, C:\Users\Owner\Downloads\simulator-windows-64\dataTrack1\IMG\left_2024_11_20_20_14_56_099.jpg, C:\Users\Owner\Downloads\simulator-windows-64\dataTrack1\IMG\right_2024_11_20_20_14_56_099.jpg, -0.2061528, 0, 0, 26.1559
C:\Users\Owner\Downloads\simulator-windows-64\dataTrack1\IMG\center_2024_11_20_20_14_56_202.jpg, C:\Users\Owner\Downloads\simulator-windows-64\dataTrack1\IMG\left_2024_11_20_20_14_56_202.jpg, C:\Users\Owner\Downloads\simulator-windows-64\dataTrack1\IMG\right_2024_11_20_20_14_56_202.jpg, -0.2060619, 0.2098401, 0, 25.95692
C:\Users\Owner\Downloads\simulator-windows-64\dataTrack1\IMG\center_2024_11_20_20_14_56_306.jpg, C:\Users\Owner\Downloads\simulator-windows-64\dataTrack1\IMG\left_2024_11_20_20_14_56_306.jpg, C:\Users\Owner\Downloads\simulator-windows-64\dataTrack1\IMG\right_2024_11_20_20_14_56_306.jpg, 0, 0, 0, 25.80715
C:\Users\Owner\Downloads\simulator-windows-64\dataTrack1\IMG\center_2024_11_20_20_14_56_410.jpg, C:\Users\Owner\Downloads\simulator-windows-64\dataTrack1\IMG\left_2024_11_20_20_14_56_410.jpg, C:\Users\Owner\Downloads\simulator-windows-64\dataTrack1\IMG\right_2024_11_20_20_14_56_410.jpg, 0, 0, 0, 25.49202
C:\Users\Owner\Downloads\simulator-windows-64\dataTrack1\IMG\center_2024_11_20_20_14_56_513.jpg, C:\Users\Owner\Downloads\simulator-windows-64\dataTrack1\IMG\left_2024_11_20_20_14_56_513.jpg, C:\Users\Owner\Downloads\simulator-windows-64\dataTrack1\IMG\right_2024_11_20_20_14_56_513.jpg, 0, 0, 0, 25.2356
C:\Users\Owner\Downloads\simulator-windows-64\dataTrack1\IMG\center_2024_11_20_20_14_56_617.jpg, C:\Users\Owner\Downloads\simulator-windows-64\dataTrack1\IMG\left_2024_11_20_20_14_56_617.jpg, C:\Users\Owner\Downloads\simulator-windows-64\dataTrack1\IMG\right_2024_11_20_20_14_56_617.jpg, 0, 0.2061756, 0, 25.1638
C:\Users\Owner\Downloads\simulator-windows-64\dataTrack1\IMG\center_2024_11_20_20_14_56_720.jpg, C:\Users\Owner\Downloads\simulator-windows-64\dataTrack1\IMG\left_2024_11_20_20_14_56_720.jpg, C:\Users\Owner\Downloads\simulator-windows-64\dataTrack1\IMG\right_2024_11_20_20_14_56_720.jpg, 0, 0, 0, 25.00697
C:\Users\Owner\Downloads\simulator-windows-64\dataTrack1\IMG\center_2024_11_20_20_14_56_824.jpg, C:\Users\Owner\Downloads\simulator-windows-64\dataTrack1\IMG\left_2024_11_20_20_14_56_824.jpg, C:\Users\Owner\Downloads\simulator-windows-64\dataTrack1\IMG\right_2024_11_20_20_14_56_824.jpg, 0, 0.1565994, 0, 24.8053
C:\Users\Owner\Downloads\simulator-windows-64\dataTrack1\IMG\center_2024_11_20_20_14_56_928.jpg, C:\Users\Owner\Downloads\simulator-windows-64\dataTrack1\IMG\left_2024_11_20_20_14_56_928.jpg, C:\Users\Owner\Downloads\simulator-windows-64\dataTrack1\IMG\right_2024_11_20_20_14_56_928.jpg, 0, 0, 0, 24.60768
C:\Users\Owner\Downloads\simulator-windows-64\dataTrack1\IMG\center_2024_11_20_20_14_57_031.jpg, C:\Users\Owner\Downloads\simulator-windows-64\dataTrack1\IMG\left_2024_11_20_20_14_57_031.jpg, C:\Users\Owner\Downloads\simulator-windows-64\dataTrack1\IMG\right_2024_11_20_20_14_57_031.jpg, 0, 0, 0, 24.36176
C:\Users\Owner\Downloads\simulator-windows-64\dataTrack1\IMG\center_2024_11_20_20_14_57_136.jpg, C:\Users\Owner\Downloads\simulator-windows-64\dataTrack1\IMG\left_2024_11_20_20_14_57_136.jpg, C:\Users\Owner\Downloads\simulator-windows-64\dataTrack1\IMG\right_2024_11_20_20_14_57_136.jpg, 0, 0, 0, 24.11693
C:\Users\Owner\Downloads\simulator-windows-64\dataTrack1\IMG\center_2024_11_20_20_14_57_237.jpg, C:\Users\Owner\Downloads\simulator-windows-64\dataTrack1\IMG\left_2024_11_20_20_14_57_237.jpg, C:\Users\Owner\Downloads\simulator-windows-64\dataTrack1\IMG\right_2024_11_20_20_14_57_237.jpg, 0, 0, 0, 23.87484
C:\Users\Owner\Downloads\simulator-windows-64\dataTrack1\IMG\center_2024_11_20_20_14_57_342.jpg, C:\Users\Owner\Downloads\simulator-windows-64\dataTrack1\IMG\left_2024_11_20_20_14_57_342.jpg, C:\Users\Owner\Downloads\simulator-windows-64\dataTrack1\IMG\right_2024_11_20_20_14_57_342.jpg, 0, 0, 0, 23.635
C:\Users\Owner\Downloads\simulator-windows-64\dataTrack1\IMG\center_2024_11_20_20_14_57_443.jpg, C:\Users\Owner\Downloads\simulator-windows-64\dataTrack1\IMG\left_2024_11_20_20_14_57_443.jpg, C:\Users\Owner\Downloads\simulator-windows-64\dataTrack1\IMG\right_2024_11_20_20_14_57_443.jpg, 0, 0, 0, 23.39754
C:\Users\Owner\Downloads\simulator-windows-64\dataTrack1\IMG\center_2024_11_20_20_14_57_548.jpg, C:\Users\Owner\Downloads\simulator-windows-64\dataTrack1\IMG\left_2024_11_20_20_14_57_548.jpg, C:\Users\Owner\Downloads\simulator-windows-64\dataTrack1\IMG\right_2024_11_20_20_14_57_548.jpg, 0, 0.155037, 0, 23.16465
C:\Users\Owner\Downloads\simulator-windows-64\dataTrack1\IMG\center_2024_11_20_20_14_57_651.jpg, C:\Users\Owner\Downloads\simulator-windows-64\dataTrack1\IMG\left_2024_11_20_20_14_57_651.jpg, C:\Users\Owner\Downloads\simulator-windows-64\dataTrack1\IMG\right_2024_11_20_20_14_57_651.jpg, 0, 0, 0, 22.97581
C:\Users\Owner\Downloads\simulator-windows-64\dataTrack1\IMG\center_2024_11_20_20_14_57_755.jpg, C:\Users\Owner\Downloads\simulator-windows-64\dataTrack1\IMG\left_2024_11_20_20_14_57_755.jpg, C:\Users\Owner\Downloads\simulator-windows-64\dataTrack1\IMG\right_2024_11_20_20_14_57_755.jpg, 0, 0.1563906, 0, 22.79212
C:\Users\Owner\Downloads\simulator-windows-64\dataTrack1\IMG\center_2024_11_20_20_14_57_860.jpg, C:\Users\Owner\Downloads\simulator-windows-64\dataTrack1\IMG\left_2024_11_20_20_14_57_860.jpg, C:\Users\Owner\Downloads\simulator-windows-64\dataTrack1\IMG\right_2024_11_20_20_14_57_860.jpg, 0, 0, 0, 22.62722
C:\Users\Owner\Downloads\simulator-windows-64\dataTrack1\IMG\center_2024_11_20_20_14_57_963.jpg, C:\Users\Owner\Downloads\simulator-windows-64\dataTrack1\IMG\left_2024_11_20_20_14_57_963.jpg, C:\Users\Owner\Downloads\simulator-windows-64\dataTrack1\IMG\right_2024_11_20_20_14_57_963.jpg, 0, 0.1583742, 0, 22.41052
C:\Users\Owner\Downloads\simulator-windows-64\dataTrack1\IMG\center_2024_11_20_20_14_58_066.jpg, C:\Users\Owner\Downloads\simulator-windows-64\dataTrack1\IMG\left_2024_11_20_20_14_58_066.jpg, C:\Users\Owner\Downloads\simulator-windows-64\dataTrack1\IMG\right_2024_11_20_20_14_58_066.jpg, 0, 0.1070625, 0, 22.43984
C:\Users\Owner\Downloads\simulator-windows-64\dataTrack1\IMG\center_2024_11_20_20_14_58_170.jpg, C:\Users\Owner\Downloads\simulator-windows-64\dataTrack1\IMG\left_2024_11_20_20_14_58_170.jpg, C:\Users\Owner\Downloads\simulator-windows-64\dataTrack1\IMG\right_2024_11_20_20_14_58_170.jpg, 0, 0.1042173, 0, 22.20051
C:\Users\Owner\Downloads\simulator-windows-64\dataTrack1\IMG\center_2024_11_20_20_14_58_274.jpg, C:\Users\Owner\Downloads\simulator-windows-64\dataTrack1\IMG\left_2024_11_20_20_14_58_274.jpg, C:\Users\Owner\Downloads\simulator-windows-64\dataTrack1\IMG\right_2024_11_20_20_14_58_274.jpg, 0, 0.01442759, 0, 22.14748
C:\Users\Owner\Downloads\simulator-windows-64\dataTrack1\IMG\center_2024_11_20_20_14_58_378.jpg, C:\Users\Owner\Downloads\simulator-windows-64\dataTrack1\IMG\left_2024_11_20_20_14_58_378.jpg, C:\Users\Owner\Downloads\simulator-windows-64\dataTrack1\IMG\right_2024_11_20_20_14_58_378.jpg, 0, 0.1030953, 0, 21.94347
C:\Users\Owner\Downloads\simulator-windows-64\dataTrack1\IMG\center_2024_11_20_20_14_58_480.jpg, C:\Users\Owner\Downloads\simulator-windows-64\dataTrack1\IMG\left_2024_11_20_20_14_58_480.jpg, C:\Users\Owner\Downloads\simulator-windows-64\dataTrack1\IMG\right_2024_11_20_20_14_58_480.jpg, 0, 0.005883604, 0, 21.88729
C:\Users\Owner\Downloads\simulator-windows-64\dataTrack1\IMG\center_2024_11_20_20_14_58_584.jpg, C:\Users\Owner\Downloads\simulator-windows-64\dataTrack1\IMG\left_2024_11_20_20_14_58_584.jpg, C:\Users\Owner\Downloads\simulator-windows-64\dataTrack1\IMG\right_2024_11_20_20_14_58_584.jpg, 0, 0.0531294, 0, 21.67271
C:\Users\Owner\Downloads\simulator-windows-64\dataTrack1\IMG\center_2024_11_20_20_14_58_687.jpg, C:\Users\Owner\Downloads\simulator-windows-64\dataTrack1\IMG\left_2024_11_20_20_14_58_687.jpg, C:\Users\Owner\Downloads\simulator-windows-64\dataTrack1\IMG\right_2024_11_20_20_14_58_687.jpg, 0, 0.2069406, 0, 21.66985
C:\Users\Owner\Downloads\simulator-windows-64\dataTrack1\IMG\center_2024_11_20_20_14_58_792.jpg, C:\Users\Owner\Downloads\simulator-windows-64\dataTrack1\IMG\left_2024_11_20_20_14_58_792.jpg, C:\Users\Owner\Downloads\simulator-windows-64\dataTrack1\IMG\right_2024_11_20_20_14_58_792.jpg, 0, 0.101787, 0, 21.4745
C:\Users\Owner\Downloads\simulator-windows-64\dataTrack1\IMG\center_2024_11_20_20_14_58_895.jpg, C:\Users\Owner\Downloads\simulator-windows-64\dataTrack1\IMG\left_2024_11_20_20_14_58_895.jpg, C:\Users\Owner\Downloads\simulator-windows-64\dataTrack1\IMG\right_2024_11_20_20_14_58_895.jpg, -0.05169659, 0, 0, 21.41716
C:\Users\Owner\Downloads\simulator-windows-64\dataTrack1\IMG\center_2024_11_20_20_14_58_999.jpg, C:\Users\Owner\Downloads\simulator-windows-64\dataTrack1\IMG\left_2024_11_20_20_14_58_999.jpg, C:\Users\Owner\Downloads\simulator-windows-64\dataTrack1\IMG\right_2024_11_20_20_14_58_999.jpg, -0.2520954, 0, 0, 21.11979
C:\Users\Owner\Downloads\simulator-windows-64\dataTrack1\IMG\center_2024_11_20_20_14_59_102.jpg, C:\Users\Owner\Downloads\simulator-windows-64\dataTrack1\IMG\left_2024_11_20_20_14_59_102.jpg, C:\Users\Owner\Downloads\simulator-windows-64\dataTrack1\IMG\right_2024_11_20_20_14_59_102.jpg, 0, 0, 0, 20.93847
C:\Users\Owner\Downloads\simulator-windows-64\dataTrack1\IMG\center_2024_11_20_20_14_59_204.jpg, C:\Users\Owner\Downloads\simulator-windows-64\dataTrack1\IMG\left_2024_11_20_20_14_59_204.jpg, C:\Users\Owner\Downloads\simulator-windows-64\dataTrack1\IMG\right_2024_11_20_20_14_59_204.jpg, 0, 0, 0, 20.66036
C:\Users\Owner\Downloads\simulator-windows-64\dataTrack1\IMG\center_2024_11_20_20_14_59_308.jpg, C:\Users\Owner\Downloads\simulator-windows-64\dataTrack1\IMG\left_2024_11_20_20_14_59_308.jpg, C:\Users\Owner\Downloads\simulator-windows-64\dataTrack1\IMG\right_2024_11_20_20_14_59_308.jpg, -0.3095913, 0, 0, 20.26061
C:\Users\Owner\Downloads\simulator-windows-64\dataTrack1\IMG\center_2024_11_20_20_14_59_412.jpg, C:\Users\Owner\Downloads\simulator-windows-64\dataTrack1\IMG\left_2024_11_20_20_14_59_412.jpg, C:\Users\Owner\Downloads\simulator-windows-64\dataTrack1\IMG\right_2024_11_20_20_14_59_412.jpg, 0, 0, 0, 20.34383
C:\Users\Owner\Downloads\simulator-windows-64\dataTrack1\IMG\center_2024_11_20_20_14_59_514.jpg, C:\Users\Owner\Downloads\simulator-windows-64\dataTrack1\IMG\left_2024_11_20_20_14_59_514.jpg, C:\Users\Owner\Downloads\simulator-windows-64\dataTrack1\IMG\right_2024_11_20_20_14_59_514.jpg, -0.2059401, 0, 0, 19.80046
C:\Users\Owner\Downloads\simulator-windows-64\dataTrack1\IMG\center_2024_11_20_20_14_59_617.jpg, C:\Users\Owner\Downloads\simulator-windows-64\dataTrack1\IMG\left_2024_11_20_20_14_59_617.jpg, C:\Users\Owner\Downloads\simulator-windows-64\dataTrack1\IMG\right_2024_11_20_20_14_59_617.jpg, -0.3124995, 0, 0, 19.87486
C:\Users\Owner\Downloads\simulator-windows-64\dataTrack1\IMG\center_2024_11_20_20_14_59_721.jpg, C:\Users\Owner\Downloads\simulator-windows-64\dataTrack1\IMG\left_2024_11_20_20_14_59_721.jpg, C:\Users\Owner\Downloads\simulator-windows-64\dataTrack1\IMG\right_2024_11_20_20_14_59_721.jpg, -0.001673717, 0, 0, 19.3106
C:\Users\Owner\Downloads\simulator-windows-64\dataTrack1\IMG\center_2024_11_20_20_14_59_826.jpg, C:\Users\Owner\Downloads\simulator-windows-64\dataTrack1\IMG\left_2024_11_20_20_14_59_826.jpg, C:\Users\Owner\Downloads\simulator-windows-64\dataTrack1\IMG\right_2024_11_20_20_14_59_826.jpg, -0.1546311, 0, 0, 19.49177
C:\Users\Owner\Downloads\simulator-windows-64\dataTrack1\IMG\center_2024_11_20_20_14_59_930.jpg, C:\Users\Owner\Downloads\simulator-windows-64\dataTrack1\IMG\left_2024_11_20_20_14_59_930.jpg, C:\Users\Owner\Downloads\simulator-windows-64\dataTrack1\IMG\right_2024_11_20_20_14_59_930.jpg, 0, 0.1967151, 0, 19.45724
C:\Users\Owner\Downloads\simulator-windows-64\dataTrack1\IMG\center_2024_11_20_20_15_00_034.jpg, C:\Users\Owner\Downloads\simulator-windows-64\dataTrack1\IMG\left_2024_11_20_20_15_00_034.jpg, C:\Users\Owner\Downloads\simulator-windows-64\dataTrack1\IMG\right_2024_11_20_20_15_00_034.jpg, 0, 0, 0, 18.91897
C:\Users\Owner\Downloads\simulator-windows-64\dataTrack1\IMG\center_2024_11_20_20_15_00_137.jpg, C:\Users\Owner\Downloads\simulator-windows-64\dataTrack1\IMG\left_2024_11_20_20_15_00_137.jpg, C:\Users\Owner\Downloads\simulator-windows-64\dataTrack1\IMG\right_2024_11_20_20_15_00_137.jpg, 0, 0.2029053, 0, 19.31212
C:\Users\Owner\Downloads\simulator-windows-64\dataTrack1\IMG\center_2024_11_20_20_15_00_242.jpg, C:\Users\Owner\Downloads\simulator-windows-64\dataTrack1\IMG\left_2024_11_20_20_15_00_242.jpg, C:\Users\Owner\Downloads\simulator-windows-64\dataTrack1\IMG\right_2024_11_20_20_15_00_242.jpg, 0, 0.0514491, 0, 18.81963
C:\Users\Owner\Downloads\simulator-windows-64\dataTrack1\IMG\center_2024_11_20_20_15_00_345.jpg, C:\Users\Owner\Downloads\simulator-windows-64\dataTrack1\IMG\left_2024_11_20_20_15_00_345.jpg, C:\Users\Owner\Downloads\simulator-windows-64\dataTrack1\IMG\right_2024_11_20_20_15_00_345.jpg, 0, 0.09623308, 0, 19.20715
C:\Users\Owner\Downloads\simulator-windows-64\dataTrack1\IMG\center_2024_11_20_20_15_00_447.jpg, C:\Users\Owner\Downloads\simulator-windows-64\dataTrack1\IMG\left_2024_11_20_20_15_00_447.jpg, C:\Users\Owner\Downloads\simulator-windows-64\dataTrack1\IMG\right_2024_11_20_20_15_00_447.jpg, 0, 0.1033824, 0, 19.02614
C:\Users\Owner\Downloads\simulator-windows-64\dataTrack1\IMG\center_2024_11_20_20_15_00_551.jpg, C:\Users\Owner\Downloads\simulator-windows-64\dataTrack1\IMG\left_2024_11_20_20_15_00_551.jpg, C:\Users\Owner\Downloads\simulator-windows-64\dataTrack1\IMG\right_2024_11_20_20_15_00_551.jpg, 0, 0.1022823, 0, 18.63882
C:\Users\Owner\Downloads\simulator-windows-64\dataTrack1\IMG\center_2024_11_20_20_15_00_654.jpg, C:\Users\Owner\Downloads\simulator-windows-64\dataTrack1\IMG\left_2024_11_20_20_15_00_654.jpg, C:\Users\Owner\Downloads\simulator-windows-64\dataTrack1\IMG\right_2024_11_20_20_15_00_654.jpg, 0, 0.1536966, 0, 18.93604
C:\Users\Owner\Downloads\simulator-windows-64\dataTrack1\IMG\center_2024_11_20_20_15_00_759.jpg, C:\Users\Owner\Downloads\simulator-windows-64\dataTrack1\IMG\left_2024_11_20_20_15_00_759.jpg, C:\Users\Owner\Downloads\simulator-windows-64\dataTrack1\IMG\right_2024_11_20_20_15_00_759.jpg, -0.2098188, 0.05031596, 0, 18.51899
C:\Users\Owner\Downloads\simulator-windows-64\dataTrack1\IMG\center_2024_11_20_20_15_00_862.jpg, C:\Users\Owner\Downloads\simulator-windows-64\dataTrack1\IMG\left_2024_11_20_20_15_00_862.jpg, C:\Users\Owner\Downloads\simulator-windows-64\dataTrack1\IMG\right_2024_11_20_20_15_00_862.jpg, -0.4070373, 0, 0, 18.69401
C:\Users\Owner\Downloads\simulator-windows-64\dataTrack1\IMG\center_2024_11_20_20_15_00_965.jpg, C:\Users\Owner\Downloads\simulator-windows-64\dataTrack1\IMG\left_2024_11_20_20_15_00_965.jpg, C:\Users\Owner\Downloads\simulator-windows-64\dataTrack1\IMG\right_2024_11_20_20_15_00_965.jpg, -0.1003119, 0, 0, 18.00745
C:\Users\Owner\Downloads\simulator-windows-64\dataTrack1\IMG\center_2024_11_20_20_15_01_069.jpg, C:\Users\Owner\Downloads\simulator-windows-64\dataTrack1\IMG\left_2024_11_20_20_15_01_069.jpg, C:\Users\Owner\Downloads\simulator-windows-64\dataTrack1\IMG\right_2024_11_20_20_15_01_069.jpg, 0, 0, 0, 17.76604
C:\Users\Owner\Downloads\simulator-windows-64\dataTrack1\IMG\center_2024_11_20_20_15_01_171.jpg, C:\Users\Owner\Downloads\simulator-windows-64\dataTrack1\IMG\left_2024_11_20_20_15_01_171.jpg, C:\Users\Owner\Downloads\simulator-windows-64\dataTrack1\IMG\right_2024_11_20_20_15_01_171.jpg, -0.3074202, 0, 0, 18.04962
C:\Users\Owner\Downloads\simulator-windows-64\dataTrack1\IMG\center_2024_11_20_20_15_01_277.jpg, C:\Users\Owner\Downloads\simulator-windows-64\dataTrack1\IMG\left_2024_11_20_20_15_01_277.jpg, C:\Users\Owner\Downloads\simulator-windows-64\dataTrack1\IMG\right_2024_11_20_20_15_01_277.jpg, -0.2006451, 0.1016559, 0, 17.34484
C:\Users\Owner\Downloads\simulator-windows-64\dataTrack1\IMG\center_2024_11_20_20_15_01_380.jpg, C:\Users\Owner\Downloads\simulator-windows-64\dataTrack1\IMG\left_2024_11_20_20_15_01_380.jpg, C:\Users\Owner\Downloads\simulator-windows-64\dataTrack1\IMG\right_2024_11_20_20_15_01_380.jpg, 0, 0.2971443, 0, 17.92393
C:\Users\Owner\Downloads\simulator-windows-64\dataTrack1\IMG\center_2024_11_20_20_15_01_481.jpg, C:\Users\Owner\Downloads\simulator-windows-64\dataTrack1\IMG\left_2024_11_20_20_15_01_481.jpg, C:\Users\Owner\Downloads\simulator-windows-64\dataTrack1\IMG\right_2024_11_20_20_15_01_481.jpg, -0.1544511, 0, 0, 17.49844
C:\Users\Owner\Downloads\simulator-windows-64\dataTrack1\IMG\center_2024_11_20_20_15_01_585.jpg, C:\Users\Owner\Downloads\simulator-windows-64\dataTrack1\IMG\left_2024_11_20_20_15_01_585.jpg, C:\Users\Owner\Downloads\simulator-windows-64\dataTrack1\IMG\right_2024_11_20_20_15_01_585.jpg, -0.1075119, 0, 0, 17.79295
C:\Users\Owner\Downloads\simulator-windows-64\dataTrack1\IMG\center_2024_11_20_20_15_01_688.jpg, C:\Users\Owner\Downloads\simulator-windows-64\dataTrack1\IMG\left_2024_11_20_20_15_01_688.jpg, C:\Users\Owner\Downloads\simulator-windows-64\dataTrack1\IMG\right_2024_11_20_20_15_01_688.jpg, 0, 0, 0, 17.57947
C:\Users\Owner\Downloads\simulator-windows-64\dataTrack1\IMG\center_2024_11_20_20_15_01_794.jpg, C:\Users\Owner\Downloads\simulator-windows-64\dataTrack1\IMG\left_2024_11_20_20_15_01_794.jpg, C:\Users\Owner\Downloads\simulator-windows-64\dataTrack1\IMG\right_2024_11_20_20_15_01_794.jpg, -0.3155331, 0, 0, 16.85548
C:\Users\Owner\Downloads\simulator-windows-64\dataTrack1\IMG\center_2024_11_20_20_15_01_896.jpg, C:\Users\Owner\Downloads\simulator-windows-64\dataTrack1\IMG\left_2024_11_20_20_15_01_896.jpg, C:\Users\Owner\Downloads\simulator-windows-64\dataTrack1\IMG\right_2024_11_20_20_15_01_896.jpg, -0.2100519, 0, 0, 17.15456
C:\Users\Owner\Downloads\simulator-windows-64\dataTrack1\IMG\center_2024_11_20_20_15_02_000.jpg, C:\Users\Owner\Downloads\simulator-windows-64\dataTrack1\IMG\left_2024_11_20_20_15_02_000.jpg, C:\Users\Owner\Downloads\simulator-windows-64\dataTrack1\IMG\right_2024_11_20_20_15_02_000.jpg, 0, 0, 0, 16.44728
C:\Users\Owner\Downloads\simulator-windows-64\dataTrack1\IMG\center_2024_11_20_20_15_02_103.jpg, C:\Users\Owner\Downloads\simulator-windows-64\dataTrack1\IMG\left_2024_11_20_20_15_02_103.jpg, C:\Users\Owner\Downloads\simulator-windows-64\dataTrack1\IMG\right_2024_11_20_20_15_02_103.jpg, -0.100341, 0, 0, 16.81496
C:\Users\Owner\Downloads\simulator-windows-64\dataTrack1\IMG\center_2024_11_20_20_15_02_205.jpg, C:\Users\Owner\Downloads\simulator-windows-64\dataTrack1\IMG\left_2024_11_20_20_15_02_205.jpg, C:\Users\Owner\Downloads\simulator-windows-64\dataTrack1\IMG\right_2024_11_20_20_15_02_205.jpg, -0.3580884, 0.1525134, 0, 16.1179
C:\Users\Owner\Downloads\simulator-windows-64\dataTrack1\IMG\center_2024_11_20_20_15_02_310.jpg, C:\Users\Owner\Downloads\simulator-windows-64\dataTrack1\IMG\left_2024_11_20_20_15_02_310.jpg, C:\Users\Owner\Downloads\simulator-windows-64\dataTrack1\IMG\right_2024_11_20_20_15_02_310.jpg, -0.1006296, 0, 0, 15.97705
C:\Users\Owner\Downloads\simulator-windows-64\dataTrack1\IMG\center_2024_11_20_20_15_02_414.jpg, C:\Users\Owner\Downloads\simulator-windows-64\dataTrack1\IMG\left_2024_11_20_20_15_02_414.jpg, C:\Users\Owner\Downloads\simulator-windows-64\dataTrack1\IMG\right_2024_11_20_20_15_02_414.jpg, -0.4111842, 0, 0, 16.32203
C:\Users\Owner\Downloads\simulator-windows-64\dataTrack1\IMG\center_2024_11_20_20_15_02_516.jpg, C:\Users\Owner\Downloads\simulator-windows-64\dataTrack1\IMG\left_2024_11_20_20_15_02_516.jpg, C:\Users\Owner\Downloads\simulator-windows-64\dataTrack1\IMG\right_2024_11_20_20_15_02_516.jpg, -0.7212192, 0, 0, 15.52058
C:\Users\Owner\Downloads\simulator-windows-64\dataTrack1\IMG\center_2024_11_20_20_15_02_620.jpg, C:\Users\Owner\Downloads\simulator-windows-64\dataTrack1\IMG\left_2024_11_20_20_15_02_620.jpg, C:\Users\Owner\Downloads\simulator-windows-64\dataTrack1\IMG\right_2024_11_20_20_15_02_620.jpg, -0.6256263, 0, 0, 15.74557
C:\Users\Owner\Downloads\simulator-windows-64\dataTrack1\IMG\center_2024_11_20_20_15_02_725.jpg, C:\Users\Owner\Downloads\simulator-windows-64\dataTrack1\IMG\left_2024_11_20_20_15_02_725.jpg, C:\Users\Owner\Downloads\simulator-windows-64\dataTrack1\IMG\right_2024_11_20_20_15_02_725.jpg, -0.311766, 0.0521217, 0, 15.09496
C:\Users\Owner\Downloads\simulator-windows-64\dataTrack1\IMG\center_2024_11_20_20_15_02_829.jpg, C:\Users\Owner\Downloads\simulator-windows-64\dataTrack1\IMG\left_2024_11_20_20_15_02_829.jpg, C:\Users\Owner\Downloads\simulator-windows-64\dataTrack1\IMG\right_2024_11_20_20_15_02_829.jpg, -0.2313846, 0.2625537, 0, 15.28655
C:\Users\Owner\Downloads\simulator-windows-64\dataTrack1\IMG\center_2024_11_20_20_15_02_931.jpg, C:\Users\Owner\Downloads\simulator-windows-64\dataTrack1\IMG\left_2024_11_20_20_15_02_931.jpg, C:\Users\Owner\Downloads\simulator-windows-64\dataTrack1\IMG\right_2024_11_20_20_15_02_931.jpg, 0, 0, 0, 15.68468
C:\Users\Owner\Downloads\simulator-windows-64\dataTrack1\IMG\center_2024_11_20_20_15_03_035.jpg, C:\Users\Owner\Downloads\simulator-windows-64\dataTrack1\IMG\left_2024_11_20_20_15_03_035.jpg, C:\Users\Owner\Downloads\simulator-windows-64\dataTrack1\IMG\right_2024_11_20_20_15_03_035.jpg, 0, 0, 0, 15.0027
C:\Users\Owner\Downloads\simulator-windows-64\dataTrack1\IMG\center_2024_11_20_20_15_03_137.jpg, C:\Users\Owner\Downloads\simulator-windows-64\dataTrack1\IMG\left_2024_11_20_20_15_03_137.jpg, C:\Users\Owner\Downloads\simulator-windows-64\dataTrack1\IMG\right_2024_11_20_20_15_03_137.jpg, 0, 0.3069294, 0, 15.49734
C:\Users\Owner\Downloads\simulator-windows-64\dataTrack1\IMG\center_2024_11_20_20_15_03_242.jpg, C:\Users\Owner\Downloads\simulator-windows-64\dataTrack1\IMG\left_2024_11_20_20_15_03_242.jpg, C:\Users\Owner\Downloads\simulator-windows-64\dataTrack1\IMG\right_2024_11_20_20_15_03_242.jpg, 0, 0, 0, 15.03077
C:\Users\Owner\Downloads\simulator-windows-64\dataTrack1\IMG\center_2024_11_20_20_15_03_346.jpg, C:\Users\Owner\Downloads\simulator-windows-64\dataTrack1\IMG\left_2024_11_20_20_15_03_346.jpg, C:\Users\Owner\Downloads\simulator-windows-64\dataTrack1\IMG\right_2024_11_20_20_15_03_346.jpg, 0, 0.259761, 0, 15.54921
C:\Users\Owner\Downloads\simulator-windows-64\dataTrack1\IMG\center_2024_11_20_20_15_03_450.jpg, C:\Users\Owner\Downloads\simulator-windows-64\dataTrack1\IMG\left_2024_11_20_20_15_03_450.jpg, C:\Users\Owner\Downloads\simulator-windows-64\dataTrack1\IMG\right_2024_11_20_20_15_03_450.jpg, 0, 0.006700486, 0, 15.64483
C:\Users\Owner\Downloads\simulator-windows-64\dataTrack1\IMG\center_2024_11_20_20_15_03_551.jpg, C:\Users\Owner\Downloads\simulator-windows-64\dataTrack1\IMG\left_2024_11_20_20_15_03_551.jpg, C:\Users\Owner\Downloads\simulator-windows-64\dataTrack1\IMG\right_2024_11_20_20_15_03_551.jpg, -0.2050731, 0.3112734, 0, 15.19416
C:\Users\Owner\Downloads\simulator-windows-64\dataTrack1\IMG\center_2024_11_20_20_15_03_655.jpg, C:\Users\Owner\Downloads\simulator-windows-64\dataTrack1\IMG\left_2024_11_20_20_15_03_655.jpg, C:\Users\Owner\Downloads\simulator-windows-64\dataTrack1\IMG\right_2024_11_20_20_15_03_655.jpg, -0.5153124, 0.00103407, 0, 15.5754
C:\Users\Owner\Downloads\simulator-windows-64\dataTrack1\IMG\center_2024_11_20_20_15_03_760.jpg, C:\Users\Owner\Downloads\simulator-windows-64\dataTrack1\IMG\left_2024_11_20_20_15_03_760.jpg, C:\Users\Owner\Downloads\simulator-windows-64\dataTrack1\IMG\right_2024_11_20_20_15_03_760.jpg, -0.7208511, 0, 0, 14.72676
C:\Users\Owner\Downloads\simulator-windows-64\dataTrack1\IMG\center_2024_11_20_20_15_03_863.jpg, C:\Users\Owner\Downloads\simulator-windows-64\dataTrack1\IMG\left_2024_11_20_20_15_03_863.jpg, C:\Users\Owner\Downloads\simulator-windows-64\dataTrack1\IMG\right_2024_11_20_20_15_03_863.jpg, -0.4084557, 0.1044015, 0, 15.10713
C:\Users\Owner\Downloads\simulator-windows-64\dataTrack1\IMG\center_2024_11_20_20_15_03_965.jpg, C:\Users\Owner\Downloads\simulator-windows-64\dataTrack1\IMG\left_2024_11_20_20_15_03_965.jpg, C:\Users\Owner\Downloads\simulator-windows-64\dataTrack1\IMG\right_2024_11_20_20_15_03_965.jpg, -0.1523382, 0.2593032, 0, 14.80484
C:\Users\Owner\Downloads\simulator-windows-64\dataTrack1\IMG\center_2024_11_20_20_15_04_071.jpg, C:\Users\Owner\Downloads\simulator-windows-64\dataTrack1\IMG\left_2024_11_20_20_15_04_071.jpg, C:\Users\Owner\Downloads\simulator-windows-64\dataTrack1\IMG\right_2024_11_20_20_15_04_071.jpg, -0.3100248, 0, 0, 14.6184
C:\Users\Owner\Downloads\simulator-windows-64\dataTrack1\IMG\center_2024_11_20_20_15_04_172.jpg, C:\Users\Owner\Downloads\simulator-windows-64\dataTrack1\IMG\left_2024_11_20_20_15_04_172.jpg, C:\Users\Owner\Downloads\simulator-windows-64\dataTrack1\IMG\right_2024_11_20_20_15_04_172.jpg, -0.006344408, 0, 0, 15.01937
C:\Users\Owner\Downloads\simulator-windows-64\dataTrack1\IMG\center_2024_11_20_20_15_04_278.jpg, C:\Users\Owner\Downloads\simulator-windows-64\dataTrack1\IMG\left_2024_11_20_20_15_04_278.jpg, C:\Users\Owner\Downloads\simulator-windows-64\dataTrack1\IMG\right_2024_11_20_20_15_04_278.jpg, 0, 0.21084, 0, 14.39581
C:\Users\Owner\Downloads\simulator-windows-64\dataTrack1\IMG\center_2024_11_20_20_15_04_381.jpg, C:\Users\Owner\Downloads\simulator-windows-64\dataTrack1\IMG\left_2024_11_20_20_15_04_381.jpg, C:\Users\Owner\Downloads\simulator-windows-64\dataTrack1\IMG\right_2024_11_20_20_15_04_381.jpg, 0, 0.1034345, 0, 15.06729
C:\Users\Owner\Downloads\simulator-windows-64\dataTrack1\IMG\center_2024_11_20_20_15_04_482.jpg, C:\Users\Owner\Downloads\simulator-windows-64\dataTrack1\IMG\left_2024_11_20_20_15_04_482.jpg, C:\Users\Owner\Downloads\simulator-windows-64\dataTrack1\IMG\right_2024_11_20_20_15_04_482.jpg, 0, 0.154347, 0, 14.42236
C:\Users\Owner\Downloads\simulator-windows-64\dataTrack1\IMG\center_2024_11_20_20_15_04_585.jpg, C:\Users\Owner\Downloads\simulator-windows-64\dataTrack1\IMG\left_2024_11_20_20_15_04_585.jpg, C:\Users\Owner\Downloads\simulator-windows-64\dataTrack1\IMG\right_2024_11_20_20_15_04_585.jpg, 0, 0.3072792, 0, 15.11678
C:\Users\Owner\Downloads\simulator-windows-64\dataTrack1\IMG\center_2024_11_20_20_15_04_690.jpg, C:\Users\Owner\Downloads\simulator-windows-64\dataTrack1\IMG\left_2024_11_20_20_15_04_690.jpg, C:\Users\Owner\Downloads\simulator-windows-64\dataTrack1\IMG\right_2024_11_20_20_15_04_690.jpg, 0, 0.2565573, 0, 15.18101
C:\Users\Owner\Downloads\simulator-windows-64\dataTrack1\IMG\center_2024_11_20_20_15_04_794.jpg, C:\Users\Owner\Downloads\simulator-windows-64\dataTrack1\IMG\left_2024_11_20_20_15_04_794.jpg, C:\Users\Owner\Downloads\simulator-windows-64\dataTrack1\IMG\right_2024_11_20_20_15_04_794.jpg, -0.3103545, 0.1567302, 0, 14.89241
C:\Users\Owner\Downloads\simulator-windows-64\dataTrack1\IMG\center_2024_11_20_20_15_04_898.jpg, C:\Users\Owner\Downloads\simulator-windows-64\dataTrack1\IMG\left_2024_11_20_20_15_04_898.jpg, C:\Users\Owner\Downloads\simulator-windows-64\dataTrack1\IMG\right_2024_11_20_20_15_04_898.jpg, -0.5145105, 0, 0, 15.15611
C:\Users\Owner\Downloads\simulator-windows-64\dataTrack1\IMG\center_2024_11_20_20_15_05_000.jpg, C:\Users\Owner\Downloads\simulator-windows-64\dataTrack1\IMG\left_2024_11_20_20_15_05_000.jpg, C:\Users\Owner\Downloads\simulator-windows-64\dataTrack1\IMG\right_2024_11_20_20_15_05_000.jpg, -0.2064501, 0.1532655, 0, 14.5131
C:\Users\Owner\Downloads\simulator-windows-64\dataTrack1\IMG\center_2024_11_20_20_15_05_105.jpg, C:\Users\Owner\Downloads\simulator-windows-64\dataTrack1\IMG\left_2024_11_20_20_15_05_105.jpg, C:\Users\Owner\Downloads\simulator-windows-64\dataTrack1\IMG\right_2024_11_20_20_15_05_105.jpg, -0.1043355, 0.1534728, 0, 15.17614
C:\Users\Owner\Downloads\simulator-windows-64\dataTrack1\IMG\center_2024_11_20_20_15_05_206.jpg, C:\Users\Owner\Downloads\simulator-windows-64\dataTrack1\IMG\left_2024_11_20_20_15_05_206.jpg, C:\Users\Owner\Downloads\simulator-windows-64\dataTrack1\IMG\right_2024_11_20_20_15_05_206.jpg, -0.356787, 0, 0, 14.5451
C:\Users\Owner\Downloads\simulator-windows-64\dataTrack1\IMG\center_2024_11_20_20_15_05_312.jpg, C:\Users\Owner\Downloads\simulator-windows-64\dataTrack1\IMG\left_2024_11_20_20_15_05_312.jpg, C:\Users\Owner\Downloads\simulator-windows-64\dataTrack1\IMG\right_2024_11_20_20_15_05_312.jpg, -0.0914883, 0.2302053, 0, 14.45119
C:\Users\Owner\Downloads\simulator-windows-64\dataTrack1\IMG\center_2024_11_20_20_15_05_415.jpg, C:\Users\Owner\Downloads\simulator-windows-64\dataTrack1\IMG\left_2024_11_20_20_15_05_415.jpg, C:\Users\Owner\Downloads\simulator-windows-64\dataTrack1\IMG\right_2024_11_20_20_15_05_415.jpg, 0, 0.2281704, 0, 15.17139
C:\Users\Owner\Downloads\simulator-windows-64\dataTrack1\IMG\center_2024_11_20_20_15_05_517.jpg, C:\Users\Owner\Downloads\simulator-windows-64\dataTrack1\IMG\left_2024_11_20_20_15_05_517.jpg, C:\Users\Owner\Downloads\simulator-windows-64\dataTrack1\IMG\right_2024_11_20_20_15_05_517.jpg, -0.2212212, 0, 0, 14.60194
C:\Users\Owner\Downloads\simulator-windows-64\dataTrack1\IMG\center_2024_11_20_20_15_05_621.jpg, C:\Users\Owner\Downloads\simulator-windows-64\dataTrack1\IMG\left_2024_11_20_20_15_05_621.jpg, C:\Users\Owner\Downloads\simulator-windows-64\dataTrack1\IMG\right_2024_11_20_20_15_05_621.jpg, -0.2224893, 0.2034414, 0, 14.96984
C:\Users\Owner\Downloads\simulator-windows-64\dataTrack1\IMG\center_2024_11_20_20_15_05_724.jpg, C:\Users\Owner\Downloads\simulator-windows-64\dataTrack1\IMG\left_2024_11_20_20_15_05_724.jpg, C:\Users\Owner\Downloads\simulator-windows-64\dataTrack1\IMG\right_2024_11_20_20_15_05_724.jpg, 0, 0, 0, 14.39462
C:\Users\Owner\Downloads\simulator-windows-64\dataTrack1\IMG\center_2024_11_20_20_15_05_831.jpg, C:\Users\Owner\Downloads\simulator-windows-64\dataTrack1\IMG\left_2024_11_20_20_15_05_831.jpg, C:\Users\Owner\Downloads\simulator-windows-64\dataTrack1\IMG\right_2024_11_20_20_15_05_831.jpg, -0.1576977, 0.0550818, 0, 14.21958
C:\Users\Owner\Downloads\simulator-windows-64\dataTrack1\IMG\center_2024_11_20_20_15_05_937.jpg, C:\Users\Owner\Downloads\simulator-windows-64\dataTrack1\IMG\left_2024_11_20_20_15_05_937.jpg, C:\Users\Owner\Downloads\simulator-windows-64\dataTrack1\IMG\right_2024_11_20_20_15_05_937.jpg, -0.4744374, 0.3718215, 0, 14.79347
C:\Users\Owner\Downloads\simulator-windows-64\dataTrack1\IMG\center_2024_11_20_20_15_06_039.jpg, C:\Users\Owner\Downloads\simulator-windows-64\dataTrack1\IMG\left_2024_11_20_20_15_06_039.jpg, C:\Users\Owner\Downloads\simulator-windows-64\dataTrack1\IMG\right_2024_11_20_20_15_06_039.jpg, -0.1656492, 0.06303334, 0, 14.39505
C:\Users\Owner\Downloads\simulator-windows-64\dataTrack1\IMG\center_2024_11_20_20_15_06_144.jpg, C:\Users\Owner\Downloads\simulator-windows-64\dataTrack1\IMG\left_2024_11_20_20_15_06_144.jpg, C:\Users\Owner\Downloads\simulator-windows-64\dataTrack1\IMG\right_2024_11_20_20_15_06_144.jpg, 0, 0.1568661, 0, 14.77684
C:\Users\Owner\Downloads\simulator-windows-64\dataTrack1\IMG\center_2024_11_20_20_15_06_249.jpg, C:\Users\Owner\Downloads\simulator-windows-64\dataTrack1\IMG\left_2024_11_20_20_15_06_249.jpg, C:\Users\Owner\Downloads\simulator-windows-64\dataTrack1\IMG\right_2024_11_20_20_15_06_249.jpg, -0.1034085, 0.3668739, 0, 14.98694
C:\Users\Owner\Downloads\simulator-windows-64\dataTrack1\IMG\center_2024_11_20_20_15_06_353.jpg, C:\Users\Owner\Downloads\simulator-windows-64\dataTrack1\IMG\left_2024_11_20_20_15_06_353.jpg, C:\Users\Owner\Downloads\simulator-windows-64\dataTrack1\IMG\right_2024_11_20_20_15_06_353.jpg, -0.2089803, 0.05465426, 0, 14.56622
C:\Users\Owner\Downloads\simulator-windows-64\dataTrack1\IMG\center_2024_11_20_20_15_06_456.jpg, C:\Users\Owner\Downloads\simulator-windows-64\dataTrack1\IMG\left_2024_11_20_20_15_06_456.jpg, C:\Users\Owner\Downloads\simulator-windows-64\dataTrack1\IMG\right_2024_11_20_20_15_06_456.jpg, 0, 0.0480336, 0, 14.97188
C:\Users\Owner\Downloads\simulator-windows-64\dataTrack1\IMG\center_2024_11_20_20_15_06_561.jpg, C:\Users\Owner\Downloads\simulator-windows-64\dataTrack1\IMG\left_2024_11_20_20_15_06_561.jpg, C:\Users\Owner\Downloads\simulator-windows-64\dataTrack1\IMG\right_2024_11_20_20_15_06_561.jpg, 0, 0.3639375, 0, 14.5322
C:\Users\Owner\Downloads\simulator-windows-64\dataTrack1\IMG\center_2024_11_20_20_15_06_664.jpg, C:\Users\Owner\Downloads\simulator-windows-64\dataTrack1\IMG\left_2024_11_20_20_15_06_664.jpg, C:\Users\Owner\Downloads\simulator-windows-64\dataTrack1\IMG\right_2024_11_20_20_15_06_664.jpg, -0.258363, 0.3119535, 0, 15.29852
C:\Users\Owner\Downloads\simulator-windows-64\dataTrack1\IMG\center_2024_11_20_20_15_06_768.jpg, C:\Users\Owner\Downloads\simulator-windows-64\dataTrack1\IMG\left_2024_11_20_20_15_06_768.jpg, C:\Users\Owner\Downloads\simulator-windows-64\dataTrack1\IMG\right_2024_11_20_20_15_06_768.jpg, -0.3113358, 0.0517305, 0, 15.31278
C:\Users\Owner\Downloads\simulator-windows-64\dataTrack1\IMG\center_2024_11_20_20_15_06_870.jpg, C:\Users\Owner\Downloads\simulator-windows-64\dataTrack1\IMG\left_2024_11_20_20_15_06_870.jpg, C:\Users\Owner\Downloads\simulator-windows-64\dataTrack1\IMG\right_2024_11_20_20_15_06_870.jpg, -0.005495105, 0.3575712, 0, 14.90161
C:\Users\Owner\Downloads\simulator-windows-64\dataTrack1\IMG\center_2024_11_20_20_15_06_977.jpg, C:\Users\Owner\Downloads\simulator-windows-64\dataTrack1\IMG\left_2024_11_20_20_15_06_977.jpg, C:\Users\Owner\Downloads\simulator-windows-64\dataTrack1\IMG\right_2024_11_20_20_15_06_977.jpg, 0, 0.5638992, 0, 15.80348
C:\Users\Owner\Downloads\simulator-windows-64\dataTrack1\IMG\center_2024_11_20_20_15_07_080.jpg, C:\Users\Owner\Downloads\simulator-windows-64\dataTrack1\IMG\left_2024_11_20_20_15_07_080.jpg, C:\Users\Owner\Downloads\simulator-windows-64\dataTrack1\IMG\right_2024_11_20_20_15_07_080.jpg, 0, 0.2528676, 0, 15.72508
C:\Users\Owner\Downloads\simulator-windows-64\dataTrack1\IMG\center_2024_11_20_20_15_07_183.jpg, C:\Users\Owner\Downloads\simulator-windows-64\dataTrack1\IMG\left_2024_11_20_20_15_07_183.jpg, C:\Users\Owner\Downloads\simulator-windows-64\dataTrack1\IMG\right_2024_11_20_20_15_07_183.jpg, 0, 0.5633153, 0, 16.45984
C:\Users\Owner\Downloads\simulator-windows-64\dataTrack1\IMG\center_2024_11_20_20_15_07_288.jpg, C:\Users\Owner\Downloads\simulator-windows-64\dataTrack1\IMG\left_2024_11_20_20_15_07_288.jpg, C:\Users\Owner\Downloads\simulator-windows-64\dataTrack1\IMG\right_2024_11_20_20_15_07_288.jpg, -0.1031337, 0.2496092, 0, 16.8682
C:\Users\Owner\Downloads\simulator-windows-64\dataTrack1\IMG\center_2024_11_20_20_15_07_390.jpg, C:\Users\Owner\Downloads\simulator-windows-64\dataTrack1\IMG\left_2024_11_20_20_15_07_390.jpg, C:\Users\Owner\Downloads\simulator-windows-64\dataTrack1\IMG\right_2024_11_20_20_15_07_390.jpg, -0.4095477, 0.1521818, 0, 16.31152
C:\Users\Owner\Downloads\simulator-windows-64\dataTrack1\IMG\center_2024_11_20_20_15_07_494.jpg, C:\Users\Owner\Downloads\simulator-windows-64\dataTrack1\IMG\left_2024_11_20_20_15_07_494.jpg, C:\Users\Owner\Downloads\simulator-windows-64\dataTrack1\IMG\right_2024_11_20_20_15_07_494.jpg, -0.619772, 0.3624062, 0, 16.79476
C:\Users\Owner\Downloads\simulator-windows-64\dataTrack1\IMG\center_2024_11_20_20_15_07_598.jpg, C:\Users\Owner\Downloads\simulator-windows-64\dataTrack1\IMG\left_2024_11_20_20_15_07_598.jpg, C:\Users\Owner\Downloads\simulator-windows-64\dataTrack1\IMG\right_2024_11_20_20_15_07_598.jpg, -0.3085271, 0.0511613, 0, 16.42642
C:\Users\Owner\Downloads\simulator-windows-64\dataTrack1\IMG\center_2024_11_20_20_15_07_700.jpg, C:\Users\Owner\Downloads\simulator-windows-64\dataTrack1\IMG\left_2024_11_20_20_15_07_700.jpg, C:\Users\Owner\Downloads\simulator-windows-64\dataTrack1\IMG\right_2024_11_20_20_15_07_700.jpg, -0.002612852, 0.2196135, 0, 16.79156
C:\Users\Owner\Downloads\simulator-windows-64\dataTrack1\IMG\center_2024_11_20_20_15_07_803.jpg, C:\Users\Owner\Downloads\simulator-windows-64\dataTrack1\IMG\left_2024_11_20_20_15_07_803.jpg, C:\Users\Owner\Downloads\simulator-windows-64\dataTrack1\IMG\right_2024_11_20_20_15_07_803.jpg, -0.3131942, 0.2207484, 0, 16.64373
C:\Users\Owner\Downloads\simulator-windows-64\dataTrack1\IMG\center_2024_11_20_20_15_07_908.jpg, C:\Users\Owner\Downloads\simulator-windows-64\dataTrack1\IMG\left_2024_11_20_20_15_07_908.jpg, C:\Users\Owner\Downloads\simulator-windows-64\dataTrack1\IMG\right_2024_11_20_20_15_07_908.jpg, -0.4109794, 0, 0, 16.33338
C:\Users\Owner\Downloads\simulator-windows-64\dataTrack1\IMG\center_2024_11_20_20_15_08_011.jpg, C:\Users\Owner\Downloads\simulator-windows-64\dataTrack1\IMG\left_2024_11_20_20_15_08_011.jpg, C:\Users\Owner\Downloads\simulator-windows-64\dataTrack1\IMG\right_2024_11_20_20_15_08_011.jpg, -0.1008475, 0.20847, 0, 16.75542
C:\Users\Owner\Downloads\simulator-windows-64\dataTrack1\IMG\center_2024_11_20_20_15_08_116.jpg, C:\Users\Owner\Downloads\simulator-windows-64\dataTrack1\IMG\left_2024_11_20_20_15_08_116.jpg, C:\Users\Owner\Downloads\simulator-windows-64\dataTrack1\IMG\right_2024_11_20_20_15_08_116.jpg, 0, 0.2079798, 0, 16.45459
C:\Users\Owner\Downloads\simulator-windows-64\dataTrack1\IMG\center_2024_11_20_20_15_08_219.jpg, C:\Users\Owner\Downloads\simulator-windows-64\dataTrack1\IMG\left_2024_11_20_20_15_08_219.jpg, C:\Users\Owner\Downloads\simulator-windows-64\dataTrack1\IMG\right_2024_11_20_20_15_08_219.jpg, 0, 0, 0, 16.90557
C:\Users\Owner\Downloads\simulator-windows-64\dataTrack1\IMG\center_2024_11_20_20_15_08_323.jpg, C:\Users\Owner\Downloads\simulator-windows-64\dataTrack1\IMG\left_2024_11_20_20_15_08_323.jpg, C:\Users\Owner\Downloads\simulator-windows-64\dataTrack1\IMG\right_2024_11_20_20_15_08_323.jpg, 0, 0, 0, 16.19131
C:\Users\Owner\Downloads\simulator-windows-64\dataTrack1\IMG\center_2024_11_20_20_15_08_424.jpg, C:\Users\Owner\Downloads\simulator-windows-64\dataTrack1\IMG\left_2024_11_20_20_15_08_424.jpg, C:\Users\Owner\Downloads\simulator-windows-64\dataTrack1\IMG\right_2024_11_20_20_15_08_424.jpg, 0, 0, 0, 16.57315
C:\Users\Owner\Downloads\simulator-windows-64\dataTrack1\IMG\center_2024_11_20_20_15_08_531.jpg, C:\Users\Owner\Downloads\simulator-windows-64\dataTrack1\IMG\left_2024_11_20_20_15_08_531.jpg, C:\Users\Owner\Downloads\simulator-windows-64\dataTrack1\IMG\right_2024_11_20_20_15_08_531.jpg, 0.2259387, 0, 0, 16.34908
C:\Users\Owner\Downloads\simulator-windows-64\dataTrack1\IMG\center_2024_11_20_20_15_08_631.jpg, C:\Users\Owner\Downloads\simulator-windows-64\dataTrack1\IMG\left_2024_11_20_20_15_08_631.jpg, C:\Users\Owner\Downloads\simulator-windows-64\dataTrack1\IMG\right_2024_11_20_20_15_08_631.jpg, 0.2220654, 0, 0, 15.59324
C:\Users\Owner\Downloads\simulator-windows-64\dataTrack1\IMG\center_2024_11_20_20_15_08_735.jpg, C:\Users\Owner\Downloads\simulator-windows-64\dataTrack1\IMG\left_2024_11_20_20_15_08_735.jpg, C:\Users\Owner\Downloads\simulator-windows-64\dataTrack1\IMG\right_2024_11_20_20_15_08_735.jpg, 0, 0, 0, 15.98107
C:\Users\Owner\Downloads\simulator-windows-64\dataTrack1\IMG\center_2024_11_20_20_15_08_839.jpg, C:\Users\Owner\Downloads\simulator-windows-64\dataTrack1\IMG\left_2024_11_20_20_15_08_839.jpg, C:\Users\Owner\Downloads\simulator-windows-64\dataTrack1\IMG\right_2024_11_20_20_15_08_839.jpg, 0, 0.203853, 0, 15.31904
C:\Users\Owner\Downloads\simulator-windows-64\dataTrack1\IMG\center_2024_11_20_20_15_08_945.jpg, C:\Users\Owner\Downloads\simulator-windows-64\dataTrack1\IMG\left_2024_11_20_20_15_08_945.jpg, C:\Users\Owner\Downloads\simulator-windows-64\dataTrack1\IMG\right_2024_11_20_20_15_08_945.jpg, 0, 0.1067595, 0, 15.98256
C:\Users\Owner\Downloads\simulator-windows-64\dataTrack1\IMG\center_2024_11_20_20_15_09_048.jpg, C:\Users\Owner\Downloads\simulator-windows-64\dataTrack1\IMG\left_2024_11_20_20_15_09_048.jpg, C:\Users\Owner\Downloads\simulator-windows-64\dataTrack1\IMG\right_2024_11_20_20_15_09_048.jpg, 0, 0.2542008, 0, 15.93867
C:\Users\Owner\Downloads\simulator-windows-64\dataTrack1\IMG\center_2024_11_20_20_15_09_152.jpg, C:\Users\Owner\Downloads\simulator-windows-64\dataTrack1\IMG\left_2024_11_20_20_15_09_152.jpg, C:\Users\Owner\Downloads\simulator-windows-64\dataTrack1\IMG\right_2024_11_20_20_15_09_152.jpg, 0, 0.2558127, 0, 15.762
C:\Users\Owner\Downloads\simulator-windows-64\dataTrack1\IMG\center_2024_11_20_20_15_09_255.jpg, C:\Users\Owner\Downloads\simulator-windows-64\dataTrack1\IMG\left_2024_11_20_20_15_09_255.jpg, C:\Users\Owner\Downloads\simulator-windows-64\dataTrack1\IMG\right_2024_11_20_20_15_09_255.jpg, 0, 0.5668318, 0, 16.5422
C:\Users\Owner\Downloads\simulator-windows-64\dataTrack1\IMG\center_2024_11_20_20_15_09_357.jpg, C:\Users\Owner\Downloads\simulator-windows-64\dataTrack1\IMG\left_2024_11_20_20_15_09_357.jpg, C:\Users\Owner\Downloads\simulator-windows-64\dataTrack1\IMG\right_2024_11_20_20_15_09_357.jpg, -0.1035243, 0.5619834, 0, 16.7742
C:\Users\Owner\Downloads\simulator-windows-64\dataTrack1\IMG\center_2024_11_20_20_15_09_461.jpg, C:\Users\Owner\Downloads\simulator-windows-64\dataTrack1\IMG\left_2024_11_20_20_15_09_461.jpg, C:\Users\Owner\Downloads\simulator-windows-64\dataTrack1\IMG\right_2024_11_20_20_15_09_461.jpg, 0, 0.562719, 0, 17.48182
C:\Users\Owner\Downloads\simulator-windows-64\dataTrack1\IMG\center_2024_11_20_20_15_09_566.jpg, C:\Users\Owner\Downloads\simulator-windows-64\dataTrack1\IMG\left_2024_11_20_20_15_09_566.jpg, C:\Users\Owner\Downloads\simulator-windows-64\dataTrack1\IMG\right_2024_11_20_20_15_09_566.jpg, 0, 0.7152423, 0, 17.89057
C:\Users\Owner\Downloads\simulator-windows-64\dataTrack1\IMG\center_2024_11_20_20_15_09_668.jpg, C:\Users\Owner\Downloads\simulator-windows-64\dataTrack1\IMG\left_2024_11_20_20_15_09_668.jpg, C:\Users\Owner\Downloads\simulator-windows-64\dataTrack1\IMG\right_2024_11_20_20_15_09_668.jpg, 0, 0.4609725, 0, 18.34189
C:\Users\Owner\Downloads\simulator-windows-64\dataTrack1\IMG\center_2024_11_20_20_15_09_772.jpg, C:\Users\Owner\Downloads\simulator-windows-64\dataTrack1\IMG\left_2024_11_20_20_15_09_772.jpg, C:\Users\Owner\Downloads\simulator-windows-64\dataTrack1\IMG\right_2024_11_20_20_15_09_772.jpg, 0, 0.7707459, 0, 19.23268
C:\Users\Owner\Downloads\simulator-windows-64\dataTrack1\IMG\center_2024_11_20_20_15_09_877.jpg, C:\Users\Owner\Downloads\simulator-windows-64\dataTrack1\IMG\left_2024_11_20_20_15_09_877.jpg, C:\Users\Owner\Downloads\simulator-windows-64\dataTrack1\IMG\right_2024_11_20_20_15_09_877.jpg, -0.224424, 0.4585344, 0, 19.53238
C:\Users\Owner\Downloads\simulator-windows-64\dataTrack1\IMG\center_2024_11_20_20_15_09_982.jpg, C:\Users\Owner\Downloads\simulator-windows-64\dataTrack1\IMG\left_2024_11_20_20_15_09_982.jpg, C:\Users\Owner\Downloads\simulator-windows-64\dataTrack1\IMG\right_2024_11_20_20_15_09_982.jpg, -0.2342631, 0.3429693, 0, 19.90502
C:\Users\Owner\Downloads\simulator-windows-64\dataTrack1\IMG\center_2024_11_20_20_15_10_085.jpg, C:\Users\Owner\Downloads\simulator-windows-64\dataTrack1\IMG\left_2024_11_20_20_15_10_085.jpg, C:\Users\Owner\Downloads\simulator-windows-64\dataTrack1\IMG\right_2024_11_20_20_15_10_085.jpg, 0, 0.6018747, 0, 20.03167
C:\Users\Owner\Downloads\simulator-windows-64\dataTrack1\IMG\center_2024_11_20_20_15_10_189.jpg, C:\Users\Owner\Downloads\simulator-windows-64\dataTrack1\IMG\left_2024_11_20_20_15_10_189.jpg, C:\Users\Owner\Downloads\simulator-windows-64\dataTrack1\IMG\right_2024_11_20_20_15_10_189.jpg, 0, 0.3402369, 0, 20.50432
C:\Users\Owner\Downloads\simulator-windows-64\dataTrack1\IMG\center_2024_11_20_20_15_10_291.jpg, C:\Users\Owner\Downloads\simulator-windows-64\dataTrack1\IMG\left_2024_11_20_20_15_10_291.jpg, C:\Users\Owner\Downloads\simulator-windows-64\dataTrack1\IMG\right_2024_11_20_20_15_10_291.jpg, 0, 0.3417253, 0, 20.84925
C:\Users\Owner\Downloads\simulator-windows-64\dataTrack1\IMG\center_2024_11_20_20_15_10_396.jpg, C:\Users\Owner\Downloads\simulator-windows-64\dataTrack1\IMG\left_2024_11_20_20_15_10_396.jpg, C:\Users\Owner\Downloads\simulator-windows-64\dataTrack1\IMG\right_2024_11_20_20_15_10_396.jpg, -0.1021053, 0.5566722, 0, 21.05824
C:\Users\Owner\Downloads\simulator-windows-64\dataTrack1\IMG\center_2024_11_20_20_15_10_497.jpg, C:\Users\Owner\Downloads\simulator-windows-64\dataTrack1\IMG\left_2024_11_20_20_15_10_497.jpg, C:\Users\Owner\Downloads\simulator-windows-64\dataTrack1\IMG\right_2024_11_20_20_15_10_497.jpg, -0.4078023, 0.2509752, 0, 21.42939
C:\Users\Owner\Downloads\simulator-windows-64\dataTrack1\IMG\center_2024_11_20_20_15_10_600.jpg, C:\Users\Owner\Downloads\simulator-windows-64\dataTrack1\IMG\left_2024_11_20_20_15_10_600.jpg, C:\Users\Owner\Downloads\simulator-windows-64\dataTrack1\IMG\right_2024_11_20_20_15_10_600.jpg, -0.09866038, 0.2536983, 0, 21.17007
C:\Users\Owner\Downloads\simulator-windows-64\dataTrack1\IMG\center_2024_11_20_20_15_10_704.jpg, C:\Users\Owner\Downloads\simulator-windows-64\dataTrack1\IMG\left_2024_11_20_20_15_10_704.jpg, C:\Users\Owner\Downloads\simulator-windows-64\dataTrack1\IMG\right_2024_11_20_20_15_10_704.jpg, 0, 0.4063734, 0, 21.63091
C:\Users\Owner\Downloads\simulator-windows-64\dataTrack1\IMG\center_2024_11_20_20_15_10_808.jpg, C:\Users\Owner\Downloads\simulator-windows-64\dataTrack1\IMG\left_2024_11_20_20_15_10_808.jpg, C:\Users\Owner\Downloads\simulator-windows-64\dataTrack1\IMG\right_2024_11_20_20_15_10_808.jpg, 0, 0.0455415, 0, 21.67996
C:\Users\Owner\Downloads\simulator-windows-64\dataTrack1\IMG\center_2024_11_20_20_15_10_913.jpg, C:\Users\Owner\Downloads\simulator-windows-64\dataTrack1\IMG\left_2024_11_20_20_15_10_913.jpg, C:\Users\Owner\Downloads\simulator-windows-64\dataTrack1\IMG\right_2024_11_20_20_15_10_913.jpg, -0.3123513, 0.2060334, 0, 21.27131
C:\Users\Owner\Downloads\simulator-windows-64\dataTrack1\IMG\center_2024_11_20_20_15_11_017.jpg, C:\Users\Owner\Downloads\simulator-windows-64\dataTrack1\IMG\left_2024_11_20_20_15_11_017.jpg, C:\Users\Owner\Downloads\simulator-windows-64\dataTrack1\IMG\right_2024_11_20_20_15_11_017.jpg, -0.5237043, 0.06962401, 0, 21.39314
C:\Users\Owner\Downloads\simulator-windows-64\dataTrack1\IMG\center_2024_11_20_20_15_11_120.jpg, C:\Users\Owner\Downloads\simulator-windows-64\dataTrack1\IMG\left_2024_11_20_20_15_11_120.jpg, C:\Users\Owner\Downloads\simulator-windows-64\dataTrack1\IMG\right_2024_11_20_20_15_11_120.jpg, -0.2140398, 0, 0, 20.90718
C:\Users\Owner\Downloads\simulator-windows-64\dataTrack1\IMG\center_2024_11_20_20_15_11_223.jpg, C:\Users\Owner\Downloads\simulator-windows-64\dataTrack1\IMG\left_2024_11_20_20_15_11_223.jpg, C:\Users\Owner\Downloads\simulator-windows-64\dataTrack1\IMG\right_2024_11_20_20_15_11_223.jpg, -0.3152088, 0, 0, 20.98748
C:\Users\Owner\Downloads\simulator-windows-64\dataTrack1\IMG\center_2024_11_20_20_15_11_328.jpg, C:\Users\Owner\Downloads\simulator-windows-64\dataTrack1\IMG\left_2024_11_20_20_15_11_328.jpg, C:\Users\Owner\Downloads\simulator-windows-64\dataTrack1\IMG\right_2024_11_20_20_15_11_328.jpg, -0.2212482, 0.1049304, 0, 20.72615
C:\Users\Owner\Downloads\simulator-windows-64\dataTrack1\IMG\center_2024_11_20_20_15_11_431.jpg, C:\Users\Owner\Downloads\simulator-windows-64\dataTrack1\IMG\left_2024_11_20_20_15_11_431.jpg, C:\Users\Owner\Downloads\simulator-windows-64\dataTrack1\IMG\right_2024_11_20_20_15_11_431.jpg, 0, 0.09450358, 0, 20.43995
C:\Users\Owner\Downloads\simulator-windows-64\dataTrack1\IMG\center_2024_11_20_20_15_11_533.jpg, C:\Users\Owner\Downloads\simulator-windows-64\dataTrack1\IMG\left_2024_11_20_20_15_11_533.jpg, C:\Users\Owner\Downloads\simulator-windows-64\dataTrack1\IMG\right_2024_11_20_20_15_11_533.jpg, 0, 0.0523272, 0, 20.53806
C:\Users\Owner\Downloads\simulator-windows-64\dataTrack1\IMG\center_2024_11_20_20_15_11_637.jpg, C:\Users\Owner\Downloads\simulator-windows-64\dataTrack1\IMG\left_2024_11_20_20_15_11_637.jpg, C:\Users\Owner\Downloads\simulator-windows-64\dataTrack1\IMG\right_2024_11_20_20_15_11_637.jpg, 0, 0.2561781, 0, 20.30105
C:\Users\Owner\Downloads\simulator-windows-64\dataTrack1\IMG\center_2024_11_20_20_15_11_740.jpg, C:\Users\Owner\Downloads\simulator-windows-64\dataTrack1\IMG\left_2024_11_20_20_15_11_740.jpg, C:\Users\Owner\Downloads\simulator-windows-64\dataTrack1\IMG\right_2024_11_20_20_15_11_740.jpg, 0, 0, 0, 20.51072
C:\Users\Owner\Downloads\simulator-windows-64\dataTrack1\IMG\center_2024_11_20_20_15_11_846.jpg, C:\Users\Owner\Downloads\simulator-windows-64\dataTrack1\IMG\left_2024_11_20_20_15_11_846.jpg, C:\Users\Owner\Downloads\simulator-windows-64\dataTrack1\IMG\right_2024_11_20_20_15_11_846.jpg, 0, 0.2595255, 0, 20.15908
C:\Users\Owner\Downloads\simulator-windows-64\dataTrack1\IMG\center_2024_11_20_20_15_11_949.jpg, C:\Users\Owner\Downloads\simulator-windows-64\dataTrack1\IMG\left_2024_11_20_20_15_11_949.jpg, C:\Users\Owner\Downloads\simulator-windows-64\dataTrack1\IMG\right_2024_11_20_20_15_11_949.jpg, 0, 0.003131092, 0, 20.13271
C:\Users\Owner\Downloads\simulator-windows-64\dataTrack1\IMG\center_2024_11_20_20_15_12_053.jpg, C:\Users\Owner\Downloads\simulator-windows-64\dataTrack1\IMG\left_2024_11_20_20_15_12_053.jpg, C:\Users\Owner\Downloads\simulator-windows-64\dataTrack1\IMG\right_2024_11_20_20_15_12_053.jpg, 0, 0.05142091, 0, 20.28648
C:\Users\Owner\Downloads\simulator-windows-64\dataTrack1\IMG\center_2024_11_20_20_15_12_156.jpg, C:\Users\Owner\Downloads\simulator-windows-64\dataTrack1\IMG\left_2024_11_20_20_15_12_156.jpg, C:\Users\Owner\Downloads\simulator-windows-64\dataTrack1\IMG\right_2024_11_20_20_15_12_156.jpg, 0, 0, 0, 19.75659
C:\Users\Owner\Downloads\simulator-windows-64\dataTrack1\IMG\center_2024_11_20_20_15_12_258.jpg, C:\Users\Owner\Downloads\simulator-windows-64\dataTrack1\IMG\left_2024_11_20_20_15_12_258.jpg, C:\Users\Owner\Downloads\simulator-windows-64\dataTrack1\IMG\right_2024_11_20_20_15_12_258.jpg, 0, 0.2041917, 0, 19.96534
C:\Users\Owner\Downloads\simulator-windows-64\dataTrack1\IMG\center_2024_11_20_20_15_12_364.jpg, C:\Users\Owner\Downloads\simulator-windows-64\dataTrack1\IMG\left_2024_11_20_20_15_12_364.jpg, C:\Users\Owner\Downloads\simulator-windows-64\dataTrack1\IMG\right_2024_11_20_20_15_12_364.jpg, 0, 0.1450116, 0, 19.75768
C:\Users\Owner\Downloads\simulator-windows-64\dataTrack1\IMG\center_2024_11_20_20_15_12_467.jpg, C:\Users\Owner\Downloads\simulator-windows-64\dataTrack1\IMG\left_2024_11_20_20_15_12_467.jpg, C:\Users\Owner\Downloads\simulator-windows-64\dataTrack1\IMG\right_2024_11_20_20_15_12_467.jpg, 0, 0.233556, 0, 19.64999
C:\Users\Owner\Downloads\simulator-windows-64\dataTrack1\IMG\center_2024_11_20_20_15_12_570.jpg, C:\Users\Owner\Downloads\simulator-windows-64\dataTrack1\IMG\left_2024_11_20_20_15_12_570.jpg, C:\Users\Owner\Downloads\simulator-windows-64\dataTrack1\IMG\right_2024_11_20_20_15_12_570.jpg, 0, 0.1340721, 0, 20.06662
C:\Users\Owner\Downloads\simulator-windows-64\dataTrack1\IMG\center_2024_11_20_20_15_12_674.jpg, C:\Users\Owner\Downloads\simulator-windows-64\dataTrack1\IMG\left_2024_11_20_20_15_12_674.jpg, C:\Users\Owner\Downloads\simulator-windows-64\dataTrack1\IMG\right_2024_11_20_20_15_12_674.jpg, 0, 0.2332089, 0, 19.70349
C:\Users\Owner\Downloads\simulator-windows-64\dataTrack1\IMG\center_2024_11_20_20_15_12_777.jpg, C:\Users\Owner\Downloads\simulator-windows-64\dataTrack1\IMG\left_2024_11_20_20_15_12_777.jpg, C:\Users\Owner\Downloads\simulator-windows-64\dataTrack1\IMG\right_2024_11_20_20_15_12_777.jpg, 0, 0.1334535, 0, 20.12445
C:\Users\Owner\Downloads\simulator-windows-64\dataTrack1\IMG\center_2024_11_20_20_15_12_881.jpg, C:\Users\Owner\Downloads\simulator-windows-64\dataTrack1\IMG\left_2024_11_20_20_15_12_881.jpg, C:\Users\Owner\Downloads\simulator-windows-64\dataTrack1\IMG\right_2024_11_20_20_15_12_881.jpg, 0, 0.2665572, 0, 19.77257
C:\Users\Owner\Downloads\simulator-windows-64\dataTrack1\IMG\center_2024_11_20_20_15_12_985.jpg, C:\Users\Owner\Downloads\simulator-windows-64\dataTrack1\IMG\left_2024_11_20_20_15_12_985.jpg, C:\Users\Owner\Downloads\simulator-windows-64\dataTrack1\IMG\right_2024_11_20_20_15_12_985.jpg, 0, 0.3248694, 0, 20.29823
C:\Users\Owner\Downloads\simulator-windows-64\dataTrack1\IMG\center_2024_11_20_20_15_13_090.jpg, C:\Users\Owner\Downloads\simulator-windows-64\dataTrack1\IMG\left_2024_11_20_20_15_13_090.jpg, C:\Users\Owner\Downloads\simulator-windows-64\dataTrack1\IMG\right_2024_11_20_20_15_13_090.jpg, -0.1541544, 0, 0, 20.2445
C:\Users\Owner\Downloads\simulator-windows-64\dataTrack1\IMG\center_2024_11_20_20_15_13_192.jpg, C:\Users\Owner\Downloads\simulator-windows-64\dataTrack1\IMG\left_2024_11_20_20_15_13_192.jpg, C:\Users\Owner\Downloads\simulator-windows-64\dataTrack1\IMG\right_2024_11_20_20_15_13_192.jpg, 0, 0.1510854, 0, 19.77532
C:\Users\Owner\Downloads\simulator-windows-64\dataTrack1\IMG\center_2024_11_20_20_15_13_297.jpg, C:\Users\Owner\Downloads\simulator-windows-64\dataTrack1\IMG\left_2024_11_20_20_15_13_297.jpg, C:\Users\Owner\Downloads\simulator-windows-64\dataTrack1\IMG\right_2024_11_20_20_15_13_297.jpg, 0, 0.3595563, 0, 20.24776
C:\Users\Owner\Downloads\simulator-windows-64\dataTrack1\IMG\center_2024_11_20_20_15_13_400.jpg, C:\Users\Owner\Downloads\simulator-windows-64\dataTrack1\IMG\left_2024_11_20_20_15_13_400.jpg, C:\Users\Owner\Downloads\simulator-windows-64\dataTrack1\IMG\right_2024_11_20_20_15_13_400.jpg, 0, 0.05171824, 0, 20.01099
C:\Users\Owner\Downloads\simulator-windows-64\dataTrack1\IMG\center_2024_11_20_20_15_13_503.jpg, C:\Users\Owner\Downloads\simulator-windows-64\dataTrack1\IMG\left_2024_11_20_20_15_13_503.jpg, C:\Users\Owner\Downloads\simulator-windows-64\dataTrack1\IMG\right_2024_11_20_20_15_13_503.jpg, 0, 0.3617652, 0, 20.31465
C:\Users\Owner\Downloads\simulator-windows-64\dataTrack1\IMG\center_2024_11_20_20_15_13_605.jpg, C:\Users\Owner\Downloads\simulator-windows-64\dataTrack1\IMG\left_2024_11_20_20_15_13_605.jpg, C:\Users\Owner\Downloads\simulator-windows-64\dataTrack1\IMG\right_2024_11_20_20_15_13_605.jpg, 0, 0.3061473, 0, 20.35199
C:\Users\Owner\Downloads\simulator-windows-64\dataTrack1\IMG\center_2024_11_20_20_15_13_709.jpg, C:\Users\Owner\Downloads\simulator-windows-64\dataTrack1\IMG\left_2024_11_20_20_15_13_709.jpg, C:\Users\Owner\Downloads\simulator-windows-64\dataTrack1\IMG\right_2024_11_20_20_15_13_709.jpg, -0.3616467, 0, 0, 20.15272
C:\Users\Owner\Downloads\simulator-windows-64\dataTrack1\IMG\center_2024_11_20_20_15_13_814.jpg, C:\Users\Owner\Downloads\simulator-windows-64\dataTrack1\IMG\left_2024_11_20_20_15_13_814.jpg, C:\Users\Owner\Downloads\simulator-windows-64\dataTrack1\IMG\right_2024_11_20_20_15_13_814.jpg, -0.2554335, 0.051714, 0, 20.19861
C:\Users\Owner\Downloads\simulator-windows-64\dataTrack1\IMG\center_2024_11_20_20_15_13_919.jpg, C:\Users\Owner\Downloads\simulator-windows-64\dataTrack1\IMG\left_2024_11_20_20_15_13_919.jpg, C:\Users\Owner\Downloads\simulator-windows-64\dataTrack1\IMG\right_2024_11_20_20_15_13_919.jpg, 0, 0.3660378, 0, 19.95891
C:\Users\Owner\Downloads\simulator-windows-64\dataTrack1\IMG\center_2024_11_20_20_15_14_020.jpg, C:\Users\Owner\Downloads\simulator-windows-64\dataTrack1\IMG\left_2024_11_20_20_15_14_020.jpg, C:\Users\Owner\Downloads\simulator-windows-64\dataTrack1\IMG\right_2024_11_20_20_15_14_020.jpg, 0, 0.06026006, 0, 20.3068
C:\Users\Owner\Downloads\simulator-windows-64\dataTrack1\IMG\center_2024_11_20_20_15_14_124.jpg, C:\Users\Owner\Downloads\simulator-windows-64\dataTrack1\IMG\left_2024_11_20_20_15_14_124.jpg, C:\Users\Owner\Downloads\simulator-windows-64\dataTrack1\IMG\right_2024_11_20_20_15_14_124.jpg, 0, 0.1046223, 0, 19.80644
C:\Users\Owner\Downloads\simulator-windows-64\dataTrack1\IMG\center_2024_11_20_20_15_14_226.jpg, C:\Users\Owner\Downloads\simulator-windows-64\dataTrack1\IMG\left_2024_11_20_20_15_14_226.jpg, C:\Users\Owner\Downloads\simulator-windows-64\dataTrack1\IMG\right_2024_11_20_20_15_14_226.jpg, -0.1484679, 0.2103852, 0, 20.20725
C:\Users\Owner\Downloads\simulator-windows-64\dataTrack1\IMG\center_2024_11_20_20_15_14_332.jpg, C:\Users\Owner\Downloads\simulator-windows-64\dataTrack1\IMG\left_2024_11_20_20_15_14_332.jpg, C:\Users\Owner\Downloads\simulator-windows-64\dataTrack1\IMG\right_2024_11_20_20_15_14_332.jpg, -0.5175105, 0, 0, 19.87035
C:\Users\Owner\Downloads\simulator-windows-64\dataTrack1\IMG\center_2024_11_20_20_15_14_436.jpg, C:\Users\Owner\Downloads\simulator-windows-64\dataTrack1\IMG\left_2024_11_20_20_15_14_436.jpg, C:\Users\Owner\Downloads\simulator-windows-64\dataTrack1\IMG\right_2024_11_20_20_15_14_436.jpg, -0.424248, 0.1040094, 0, 19.27561
C:\Users\Owner\Downloads\simulator-windows-64\dataTrack1\IMG\center_2024_11_20_20_15_14_539.jpg, C:\Users\Owner\Downloads\simulator-windows-64\dataTrack1\IMG\left_2024_11_20_20_15_14_539.jpg, C:\Users\Owner\Downloads\simulator-windows-64\dataTrack1\IMG\right_2024_11_20_20_15_14_539.jpg, -0.1164907, 0.4117668, 0, 19.69668
C:\Users\Owner\Downloads\simulator-windows-64\dataTrack1\IMG\center_2024_11_20_20_15_14_644.jpg, C:\Users\Owner\Downloads\simulator-windows-64\dataTrack1\IMG\left_2024_11_20_20_15_14_644.jpg, C:\Users\Owner\Downloads\simulator-windows-64\dataTrack1\IMG\right_2024_11_20_20_15_14_644.jpg, 0, 0.09694803, 0, 19.54089
C:\Users\Owner\Downloads\simulator-windows-64\dataTrack1\IMG\center_2024_11_20_20_15_14_750.jpg, C:\Users\Owner\Downloads\simulator-windows-64\dataTrack1\IMG\left_2024_11_20_20_15_14_750.jpg, C:\Users\Owner\Downloads\simulator-windows-64\dataTrack1\IMG\right_2024_11_20_20_15_14_750.jpg, 0, 0.4162563, 0, 19.68198
C:\Users\Owner\Downloads\simulator-windows-64\dataTrack1\IMG\center_2024_11_20_20_15_14_853.jpg, C:\Users\Owner\Downloads\simulator-windows-64\dataTrack1\IMG\left_2024_11_20_20_15_14_853.jpg, C:\Users\Owner\Downloads\simulator-windows-64\dataTrack1\IMG\right_2024_11_20_20_15_14_853.jpg, 0, 0.3076541, 0, 20.26797
C:\Users\Owner\Downloads\simulator-windows-64\dataTrack1\IMG\center_2024_11_20_20_15_14_957.jpg, C:\Users\Owner\Downloads\simulator-windows-64\dataTrack1\IMG\left_2024_11_20_20_15_14_957.jpg, C:\Users\Owner\Downloads\simulator-windows-64\dataTrack1\IMG\right_2024_11_20_20_15_14_957.jpg, 0, 0.4494246, 0, 20.18843
C:\Users\Owner\Downloads\simulator-windows-64\dataTrack1\IMG\center_2024_11_20_20_15_15_058.jpg, C:\Users\Owner\Downloads\simulator-windows-64\dataTrack1\IMG\left_2024_11_20_20_15_15_058.jpg, C:\Users\Owner\Downloads\simulator-windows-64\dataTrack1\IMG\right_2024_11_20_20_15_15_058.jpg, 0, 0.3522106, 0, 20.81137
C:\Users\Owner\Downloads\simulator-windows-64\dataTrack1\IMG\center_2024_11_20_20_15_15_164.jpg, C:\Users\Owner\Downloads\simulator-windows-64\dataTrack1\IMG\left_2024_11_20_20_15_15_164.jpg, C:\Users\Owner\Downloads\simulator-windows-64\dataTrack1\IMG\right_2024_11_20_20_15_15_164.jpg, 0, 0.4624311, 0, 20.73831
C:\Users\Owner\Downloads\simulator-windows-64\dataTrack1\IMG\center_2024_11_20_20_15_15_269.jpg, C:\Users\Owner\Downloads\simulator-windows-64\dataTrack1\IMG\left_2024_11_20_20_15_15_269.jpg, C:\Users\Owner\Downloads\simulator-windows-64\dataTrack1\IMG\right_2024_11_20_20_15_15_269.jpg, 0, 0.1465995, 0, 20.93395
C:\Users\Owner\Downloads\simulator-windows-64\dataTrack1\IMG\center_2024_11_20_20_15_15_372.jpg, C:\Users\Owner\Downloads\simulator-windows-64\dataTrack1\IMG\left_2024_11_20_20_15_15_372.jpg, C:\Users\Owner\Downloads\simulator-windows-64\dataTrack1\IMG\right_2024_11_20_20_15_15_372.jpg, 0, 0.4543128, 0, 21.3407
C:\Users\Owner\Downloads\simulator-windows-64\dataTrack1\IMG\center_2024_11_20_20_15_15_476.jpg, C:\Users\Owner\Downloads\simulator-windows-64\dataTrack1\IMG\left_2024_11_20_20_15_15_476.jpg, C:\Users\Owner\Downloads\simulator-windows-64\dataTrack1\IMG\right_2024_11_20_20_15_15_476.jpg, 0, 0.6591942, 0, 21.6381
C:\Users\Owner\Downloads\simulator-windows-64\dataTrack1\IMG\center_2024_11_20_20_15_15_580.jpg, C:\Users\Owner\Downloads\simulator-windows-64\dataTrack1\IMG\left_2024_11_20_20_15_15_580.jpg, C:\Users\Owner\Downloads\simulator-windows-64\dataTrack1\IMG\right_2024_11_20_20_15_15_580.jpg, 0, 0.9708636, 0, 22.50928
C:\Users\Owner\Downloads\simulator-windows-64\dataTrack1\IMG\center_2024_11_20_20_15_15_684.jpg, C:\Users\Owner\Downloads\simulator-windows-64\dataTrack1\IMG\left_2024_11_20_20_15_15_684.jpg, C:\Users\Owner\Downloads\simulator-windows-64\dataTrack1\IMG\right_2024_11_20_20_15_15_684.jpg, 0, 0.6600585, 0, 23.26298
C:\Users\Owner\Downloads\simulator-windows-64\dataTrack1\IMG\center_2024_11_20_20_15_15_788.jpg, C:\Users\Owner\Downloads\simulator-windows-64\dataTrack1\IMG\left_2024_11_20_20_15_15_788.jpg, C:\Users\Owner\Downloads\simulator-windows-64\dataTrack1\IMG\right_2024_11_20_20_15_15_788.jpg, 0, 0.7616361, 0, 23.89851
C:\Users\Owner\Downloads\simulator-windows-64\dataTrack1\IMG\center_2024_11_20_20_15_15_891.jpg, C:\Users\Owner\Downloads\simulator-windows-64\dataTrack1\IMG\left_2024_11_20_20_15_15_891.jpg, C:\Users\Owner\Downloads\simulator-windows-64\dataTrack1\IMG\right_2024_11_20_20_15_15_891.jpg, 0, 0.6581656, 0, 24.60087
C:\Users\Owner\Downloads\simulator-windows-64\dataTrack1\IMG\center_2024_11_20_20_15_15_993.jpg, C:\Users\Owner\Downloads\simulator-windows-64\dataTrack1\IMG\left_2024_11_20_20_15_15_993.jpg, C:\Users\Owner\Downloads\simulator-windows-64\dataTrack1\IMG\right_2024_11_20_20_15_15_993.jpg, 0, 0.5578273, 0, 24.99527
C:\Users\Owner\Downloads\simulator-windows-64\dataTrack1\IMG\center_2024_11_20_20_15_16_100.jpg, C:\Users\Owner\Downloads\simulator-windows-64\dataTrack1\IMG\left_2024_11_20_20_15_16_100.jpg, C:\Users\Owner\Downloads\simulator-windows-64\dataTrack1\IMG\right_2024_11_20_20_15_16_100.jpg, 0, 0.8790786, 0, 25.60072
C:\Users\Owner\Downloads\simulator-windows-64\dataTrack1\IMG\center_2024_11_20_20_15_16_203.jpg, C:\Users\Owner\Downloads\simulator-windows-64\dataTrack1\IMG\left_2024_11_20_20_15_16_203.jpg, C:\Users\Owner\Downloads\simulator-windows-64\dataTrack1\IMG\right_2024_11_20_20_15_16_203.jpg, -0.3101946, 0.568884, 0, 26.22374
C:\Users\Owner\Downloads\simulator-windows-64\dataTrack1\IMG\center_2024_11_20_20_15_16_306.jpg, C:\Users\Owner\Downloads\simulator-windows-64\dataTrack1\IMG\left_2024_11_20_20_15_16_306.jpg, C:\Users\Owner\Downloads\simulator-windows-64\dataTrack1\IMG\right_2024_11_20_20_15_16_306.jpg, -0.3608754, 0.3113946, 0, 26.35779
C:\Users\Owner\Downloads\simulator-windows-64\dataTrack1\IMG\center_2024_11_20_20_15_16_410.jpg, C:\Users\Owner\Downloads\simulator-windows-64\dataTrack1\IMG\left_2024_11_20_20_15_16_410.jpg, C:\Users\Owner\Downloads\simulator-windows-64\dataTrack1\IMG\right_2024_11_20_20_15_16_410.jpg, 0, 0.1550199, 0, 26.24428
C:\Users\Owner\Downloads\simulator-windows-64\dataTrack1\IMG\center_2024_11_20_20_15_16_512.jpg, C:\Users\Owner\Downloads\simulator-windows-64\dataTrack1\IMG\left_2024_11_20_20_15_16_512.jpg, C:\Users\Owner\Downloads\simulator-windows-64\dataTrack1\IMG\right_2024_11_20_20_15_16_512.jpg, 0, 0.2513988, 0, 26.31263
C:\Users\Owner\Downloads\simulator-windows-64\dataTrack1\IMG\center_2024_11_20_20_15_16_617.jpg, C:\Users\Owner\Downloads\simulator-windows-64\dataTrack1\IMG\left_2024_11_20_20_15_16_617.jpg, C:\Users\Owner\Downloads\simulator-windows-64\dataTrack1\IMG\right_2024_11_20_20_15_16_617.jpg, 0, 0, 0, 26.17072
C:\Users\Owner\Downloads\simulator-windows-64\dataTrack1\IMG\center_2024_11_20_20_15_16_720.jpg, C:\Users\Owner\Downloads\simulator-windows-64\dataTrack1\IMG\left_2024_11_20_20_15_16_720.jpg, C:\Users\Owner\Downloads\simulator-windows-64\dataTrack1\IMG\right_2024_11_20_20_15_16_720.jpg, 0, 0.1543581, 0, 25.94447
C:\Users\Owner\Downloads\simulator-windows-64\dataTrack1\IMG\center_2024_11_20_20_15_16_823.jpg, C:\Users\Owner\Downloads\simulator-windows-64\dataTrack1\IMG\left_2024_11_20_20_15_16_823.jpg, C:\Users\Owner\Downloads\simulator-windows-64\dataTrack1\IMG\right_2024_11_20_20_15_16_823.jpg, 0, 0.05877719, 0, 25.92833
C:\Users\Owner\Downloads\simulator-windows-64\dataTrack1\IMG\center_2024_11_20_20_15_16_928.jpg, C:\Users\Owner\Downloads\simulator-windows-64\dataTrack1\IMG\left_2024_11_20_20_15_16_928.jpg, C:\Users\Owner\Downloads\simulator-windows-64\dataTrack1\IMG\right_2024_11_20_20_15_16_928.jpg, 0, 0.1035966, 0, 25.64004
C:\Users\Owner\Downloads\simulator-windows-64\dataTrack1\IMG\center_2024_11_20_20_15_17_041.jpg, C:\Users\Owner\Downloads\simulator-windows-64\dataTrack1\IMG\left_2024_11_20_20_15_17_041.jpg, C:\Users\Owner\Downloads\simulator-windows-64\dataTrack1\IMG\right_2024_11_20_20_15_17_041.jpg, -0.1540257, 0.1384188, 0, 25.64402
C:\Users\Owner\Downloads\simulator-windows-64\dataTrack1\IMG\center_2024_11_20_20_15_17_143.jpg, C:\Users\Owner\Downloads\simulator-windows-64\dataTrack1\IMG\left_2024_11_20_20_15_17_143.jpg, C:\Users\Owner\Downloads\simulator-windows-64\dataTrack1\IMG\right_2024_11_20_20_15_17_143.jpg, -0.3553653, 0, 0, 25.34294
C:\Users\Owner\Downloads\simulator-windows-64\dataTrack1\IMG\center_2024_11_20_20_15_17_249.jpg, C:\Users\Owner\Downloads\simulator-windows-64\dataTrack1\IMG\left_2024_11_20_20_15_17_249.jpg, C:\Users\Owner\Downloads\simulator-windows-64\dataTrack1\IMG\right_2024_11_20_20_15_17_249.jpg, -0.03932699, 0, 0, 25.0242
C:\Users\Owner\Downloads\simulator-windows-64\dataTrack1\IMG\center_2024_11_20_20_15_17_352.jpg, C:\Users\Owner\Downloads\simulator-windows-64\dataTrack1\IMG\left_2024_11_20_20_15_17_352.jpg, C:\Users\Owner\Downloads\simulator-windows-64\dataTrack1\IMG\right_2024_11_20_20_15_17_352.jpg, 0, 0.1558443, 0, 24.81344
C:\Users\Owner\Downloads\simulator-windows-64\dataTrack1\IMG\center_2024_11_20_20_15_17_456.jpg, C:\Users\Owner\Downloads\simulator-windows-64\dataTrack1\IMG\left_2024_11_20_20_15_17_456.jpg, C:\Users\Owner\Downloads\simulator-windows-64\dataTrack1\IMG\right_2024_11_20_20_15_17_456.jpg, 0, 0.3625959, 0, 24.95246
C:\Users\Owner\Downloads\simulator-windows-64\dataTrack1\IMG\center_2024_11_20_20_15_17_557.jpg, C:\Users\Owner\Downloads\simulator-windows-64\dataTrack1\IMG\left_2024_11_20_20_15_17_557.jpg, C:\Users\Owner\Downloads\simulator-windows-64\dataTrack1\IMG\right_2024_11_20_20_15_17_557.jpg, 0, 0.05738612, 0, 24.96071
C:\Users\Owner\Downloads\simulator-windows-64\dataTrack1\IMG\center_2024_11_20_20_15_17_661.jpg, C:\Users\Owner\Downloads\simulator-windows-64\dataTrack1\IMG\left_2024_11_20_20_15_17_661.jpg, C:\Users\Owner\Downloads\simulator-windows-64\dataTrack1\IMG\right_2024_11_20_20_15_17_661.jpg, 0, 0.2070687, 0, 24.76825
C:\Users\Owner\Downloads\simulator-windows-64\dataTrack1\IMG\center_2024_11_20_20_15_17_766.jpg, C:\Users\Owner\Downloads\simulator-windows-64\dataTrack1\IMG\left_2024_11_20_20_15_17_766.jpg, C:\Users\Owner\Downloads\simulator-windows-64\dataTrack1\IMG\right_2024_11_20_20_15_17_766.jpg, 0, 0, 0, 24.62941
C:\Users\Owner\Downloads\simulator-windows-64\dataTrack1\IMG\center_2024_11_20_20_15_17_870.jpg, C:\Users\Owner\Downloads\simulator-windows-64\dataTrack1\IMG\left_2024_11_20_20_15_17_870.jpg, C:\Users\Owner\Downloads\simulator-windows-64\dataTrack1\IMG\right_2024_11_20_20_15_17_870.jpg, -0.3104412, 0.0534336, 0, 24.27845
C:\Users\Owner\Downloads\simulator-windows-64\dataTrack1\IMG\center_2024_11_20_20_15_17_975.jpg, C:\Users\Owner\Downloads\simulator-windows-64\dataTrack1\IMG\left_2024_11_20_20_15_17_975.jpg, C:\Users\Owner\Downloads\simulator-windows-64\dataTrack1\IMG\right_2024_11_20_20_15_17_975.jpg, -0.419952, 0, 0, 23.94259
C:\Users\Owner\Downloads\simulator-windows-64\dataTrack1\IMG\center_2024_11_20_20_15_18_076.jpg, C:\Users\Owner\Downloads\simulator-windows-64\dataTrack1\IMG\left_2024_11_20_20_15_18_076.jpg, C:\Users\Owner\Downloads\simulator-windows-64\dataTrack1\IMG\right_2024_11_20_20_15_18_076.jpg, -0.1133529, 0, 0, 23.70596
C:\Users\Owner\Downloads\simulator-windows-64\dataTrack1\IMG\center_2024_11_20_20_15_18_182.jpg, C:\Users\Owner\Downloads\simulator-windows-64\dataTrack1\IMG\left_2024_11_20_20_15_18_182.jpg, C:\Users\Owner\Downloads\simulator-windows-64\dataTrack1\IMG\right_2024_11_20_20_15_18_182.jpg, 0, 0, 0, 23.45283
C:\Users\Owner\Downloads\simulator-windows-64\dataTrack1\IMG\center_2024_11_20_20_15_18_284.jpg, C:\Users\Owner\Downloads\simulator-windows-64\dataTrack1\IMG\left_2024_11_20_20_15_18_284.jpg, C:\Users\Owner\Downloads\simulator-windows-64\dataTrack1\IMG\right_2024_11_20_20_15_18_284.jpg, 0, 0.2581683, 0, 23.35869
C:\Users\Owner\Downloads\simulator-windows-64\dataTrack1\IMG\center_2024_11_20_20_15_18_389.jpg, C:\Users\Owner\Downloads\simulator-windows-64\dataTrack1\IMG\left_2024_11_20_20_15_18_389.jpg, C:\Users\Owner\Downloads\simulator-windows-64\dataTrack1\IMG\right_2024_11_20_20_15_18_389.jpg, 0, 0, 0, 23.29535
C:\Users\Owner\Downloads\simulator-windows-64\dataTrack1\IMG\center_2024_11_20_20_15_18_491.jpg, C:\Users\Owner\Downloads\simulator-windows-64\dataTrack1\IMG\left_2024_11_20_20_15_18_491.jpg, C:\Users\Owner\Downloads\simulator-windows-64\dataTrack1\IMG\right_2024_11_20_20_15_18_491.jpg, 0, 0, 0, 23.0658
C:\Users\Owner\Downloads\simulator-windows-64\dataTrack1\IMG\center_2024_11_20_20_15_18_594.jpg, C:\Users\Owner\Downloads\simulator-windows-64\dataTrack1\IMG\left_2024_11_20_20_15_18_594.jpg, C:\Users\Owner\Downloads\simulator-windows-64\dataTrack1\IMG\right_2024_11_20_20_15_18_594.jpg, 0, 0, 0, 22.82967
C:\Users\Owner\Downloads\simulator-windows-64\dataTrack1\IMG\center_2024_11_20_20_15_18_700.jpg, C:\Users\Owner\Downloads\simulator-windows-64\dataTrack1\IMG\left_2024_11_20_20_15_18_700.jpg, C:\Users\Owner\Downloads\simulator-windows-64\dataTrack1\IMG\right_2024_11_20_20_15_18_700.jpg, 0.0526878, 0, 0, 22.60005
C:\Users\Owner\Downloads\simulator-windows-64\dataTrack1\IMG\center_2024_11_20_20_15_18_804.jpg, C:\Users\Owner\Downloads\simulator-windows-64\dataTrack1\IMG\left_2024_11_20_20_15_18_804.jpg, C:\Users\Owner\Downloads\simulator-windows-64\dataTrack1\IMG\right_2024_11_20_20_15_18_804.jpg, 0.315711, 0, 0, 22.32129
C:\Users\Owner\Downloads\simulator-windows-64\dataTrack1\IMG\center_2024_11_20_20_15_18_908.jpg, C:\Users\Owner\Downloads\simulator-windows-64\dataTrack1\IMG\left_2024_11_20_20_15_18_908.jpg, C:\Users\Owner\Downloads\simulator-windows-64\dataTrack1\IMG\right_2024_11_20_20_15_18_908.jpg, 0.05297551, 0, 0, 22.03289
C:\Users\Owner\Downloads\simulator-windows-64\dataTrack1\IMG\center_2024_11_20_20_15_19_011.jpg, C:\Users\Owner\Downloads\simulator-windows-64\dataTrack1\IMG\left_2024_11_20_20_15_19_011.jpg, C:\Users\Owner\Downloads\simulator-windows-64\dataTrack1\IMG\right_2024_11_20_20_15_19_011.jpg, 0, 0, 0, 21.80388
C:\Users\Owner\Downloads\simulator-windows-64\dataTrack1\IMG\center_2024_11_20_20_15_19_115.jpg, C:\Users\Owner\Downloads\simulator-windows-64\dataTrack1\IMG\left_2024_11_20_20_15_19_115.jpg, C:\Users\Owner\Downloads\simulator-windows-64\dataTrack1\IMG\right_2024_11_20_20_15_19_115.jpg, 0, 0.3144786, 0, 21.76803
C:\Users\Owner\Downloads\simulator-windows-64\dataTrack1\IMG\center_2024_11_20_20_15_19_219.jpg, C:\Users\Owner\Downloads\simulator-windows-64\dataTrack1\IMG\left_2024_11_20_20_15_19_219.jpg, C:\Users\Owner\Downloads\simulator-windows-64\dataTrack1\IMG\right_2024_11_20_20_15_19_219.jpg, 0, 0.005324088, 0, 21.78338
C:\Users\Owner\Downloads\simulator-windows-64\dataTrack1\IMG\center_2024_11_20_20_15_19_323.jpg, C:\Users\Owner\Downloads\simulator-windows-64\dataTrack1\IMG\left_2024_11_20_20_15_19_323.jpg, C:\Users\Owner\Downloads\simulator-windows-64\dataTrack1\IMG\right_2024_11_20_20_15_19_323.jpg, 0, 0.3178665, 0, 21.68977
C:\Users\Owner\Downloads\simulator-windows-64\dataTrack1\IMG\center_2024_11_20_20_15_19_427.jpg, C:\Users\Owner\Downloads\simulator-windows-64\dataTrack1\IMG\left_2024_11_20_20_15_19_427.jpg, C:\Users\Owner\Downloads\simulator-windows-64\dataTrack1\IMG\right_2024_11_20_20_15_19_427.jpg, 0, 0.1123683, 0, 21.6408
C:\Users\Owner\Downloads\simulator-windows-64\dataTrack1\IMG\center_2024_11_20_20_15_19_529.jpg, C:\Users\Owner\Downloads\simulator-windows-64\dataTrack1\IMG\left_2024_11_20_20_15_19_529.jpg, C:\Users\Owner\Downloads\simulator-windows-64\dataTrack1\IMG\right_2024_11_20_20_15_19_529.jpg, 0, 0.4160034, 0, 21.89588
C:\Users\Owner\Downloads\simulator-windows-64\dataTrack1\IMG\center_2024_11_20_20_15_19_634.jpg, C:\Users\Owner\Downloads\simulator-windows-64\dataTrack1\IMG\left_2024_11_20_20_15_19_634.jpg, C:\Users\Owner\Downloads\simulator-windows-64\dataTrack1\IMG\right_2024_11_20_20_15_19_634.jpg, 0, 0.1008624, 0, 21.81634
C:\Users\Owner\Downloads\simulator-windows-64\dataTrack1\IMG\center_2024_11_20_20_15_19_739.jpg, C:\Users\Owner\Downloads\simulator-windows-64\dataTrack1\IMG\left_2024_11_20_20_15_19_739.jpg, C:\Users\Owner\Downloads\simulator-windows-64\dataTrack1\IMG\right_2024_11_20_20_15_19_739.jpg, 0, 0.1551255, 0, 21.84802
C:\Users\Owner\Downloads\simulator-windows-64\dataTrack1\IMG\center_2024_11_20_20_15_19_843.jpg, C:\Users\Owner\Downloads\simulator-windows-64\dataTrack1\IMG\left_2024_11_20_20_15_19_843.jpg, C:\Users\Owner\Downloads\simulator-windows-64\dataTrack1\IMG\right_2024_11_20_20_15_19_843.jpg, 0, 0.156621, 0, 21.69936
C:\Users\Owner\Downloads\simulator-windows-64\dataTrack1\IMG\center_2024_11_20_20_15_19_948.jpg, C:\Users\Owner\Downloads\simulator-windows-64\dataTrack1\IMG\left_2024_11_20_20_15_19_948.jpg, C:\Users\Owner\Downloads\simulator-windows-64\dataTrack1\IMG\right_2024_11_20_20_15_19_948.jpg, 0, 0.0559797, 0, 21.44934
C:\Users\Owner\Downloads\simulator-windows-64\dataTrack1\IMG\center_2024_11_20_20_15_20_055.jpg, C:\Users\Owner\Downloads\simulator-windows-64\dataTrack1\IMG\left_2024_11_20_20_15_20_055.jpg, C:\Users\Owner\Downloads\simulator-windows-64\dataTrack1\IMG\right_2024_11_20_20_15_20_055.jpg, 0, 0.2708427, 0, 21.75842
C:\Users\Owner\Downloads\simulator-windows-64\dataTrack1\IMG\center_2024_11_20_20_15_20_160.jpg, C:\Users\Owner\Downloads\simulator-windows-64\dataTrack1\IMG\left_2024_11_20_20_15_20_160.jpg, C:\Users\Owner\Downloads\simulator-windows-64\dataTrack1\IMG\right_2024_11_20_20_15_20_160.jpg, -0.2040321, 0, 0, 21.41672
C:\Users\Owner\Downloads\simulator-windows-64\dataTrack1\IMG\center_2024_11_20_20_15_20_263.jpg, C:\Users\Owner\Downloads\simulator-windows-64\dataTrack1\IMG\left_2024_11_20_20_15_20_263.jpg, C:\Users\Owner\Downloads\simulator-windows-64\dataTrack1\IMG\right_2024_11_20_20_15_20_263.jpg, -0.5134671, 0, 0, 21.32529
C:\Users\Owner\Downloads\simulator-windows-64\dataTrack1\IMG\center_2024_11_20_20_15_20_370.jpg, C:\Users\Owner\Downloads\simulator-windows-64\dataTrack1\IMG\left_2024_11_20_20_15_20_370.jpg, C:\Users\Owner\Downloads\simulator-windows-64\dataTrack1\IMG\right_2024_11_20_20_15_20_370.jpg, -0.1918228, 0, 0, 21.06827
C:\Users\Owner\Downloads\simulator-windows-64\dataTrack1\IMG\center_2024_11_20_20_15_20_476.jpg, C:\Users\Owner\Downloads\simulator-windows-64\dataTrack1\IMG\left_2024_11_20_20_15_20_476.jpg, C:\Users\Owner\Downloads\simulator-windows-64\dataTrack1\IMG\right_2024_11_20_20_15_20_476.jpg, 0, 0.3167931, 0, 20.7668
C:\Users\Owner\Downloads\simulator-windows-64\dataTrack1\IMG\center_2024_11_20_20_15_20_578.jpg, C:\Users\Owner\Downloads\simulator-windows-64\dataTrack1\IMG\left_2024_11_20_20_15_20_578.jpg, C:\Users\Owner\Downloads\simulator-windows-64\dataTrack1\IMG\right_2024_11_20_20_15_20_578.jpg, 0, 0.1805223, 0, 21.19307
C:\Users\Owner\Downloads\simulator-windows-64\dataTrack1\IMG\center_2024_11_20_20_15_20_684.jpg, C:\Users\Owner\Downloads\simulator-windows-64\dataTrack1\IMG\left_2024_11_20_20_15_20_684.jpg, C:\Users\Owner\Downloads\simulator-windows-64\dataTrack1\IMG\right_2024_11_20_20_15_20_684.jpg, 0, 0, 0, 20.77117
C:\Users\Owner\Downloads\simulator-windows-64\dataTrack1\IMG\center_2024_11_20_20_15_20_788.jpg, C:\Users\Owner\Downloads\simulator-windows-64\dataTrack1\IMG\left_2024_11_20_20_15_20_788.jpg, C:\Users\Owner\Downloads\simulator-windows-64\dataTrack1\IMG\right_2024_11_20_20_15_20_788.jpg, 0, 0.3115014, 0, 20.76506
C:\Users\Owner\Downloads\simulator-windows-64\dataTrack1\IMG\center_2024_11_20_20_15_20_891.jpg, C:\Users\Owner\Downloads\simulator-windows-64\dataTrack1\IMG\left_2024_11_20_20_15_20_891.jpg, C:\Users\Owner\Downloads\simulator-windows-64\dataTrack1\IMG\right_2024_11_20_20_15_20_891.jpg, 0, 0.1746822, 0, 21.17421
C:\Users\Owner\Downloads\simulator-windows-64\dataTrack1\IMG\center_2024_11_20_20_15_20_995.jpg, C:\Users\Owner\Downloads\simulator-windows-64\dataTrack1\IMG\left_2024_11_20_20_15_20_995.jpg, C:\Users\Owner\Downloads\simulator-windows-64\dataTrack1\IMG\right_2024_11_20_20_15_20_995.jpg, 0, 0.2862735, 0, 20.90715
C:\Users\Owner\Downloads\simulator-windows-64\dataTrack1\IMG\center_2024_11_20_20_15_21_099.jpg, C:\Users\Owner\Downloads\simulator-windows-64\dataTrack1\IMG\left_2024_11_20_20_15_21_099.jpg, C:\Users\Owner\Downloads\simulator-windows-64\dataTrack1\IMG\right_2024_11_20_20_15_21_099.jpg, 0, 0.1704324, 0, 21.32283
C:\Users\Owner\Downloads\simulator-windows-64\dataTrack1\IMG\center_2024_11_20_20_15_21_201.jpg, C:\Users\Owner\Downloads\simulator-windows-64\dataTrack1\IMG\left_2024_11_20_20_15_21_201.jpg, C:\Users\Owner\Downloads\simulator-windows-64\dataTrack1\IMG\right_2024_11_20_20_15_21_201.jpg, 0, 0.2673765, 0, 20.9974
C:\Users\Owner\Downloads\simulator-windows-64\dataTrack1\IMG\center_2024_11_20_20_15_21_306.jpg, C:\Users\Owner\Downloads\simulator-windows-64\dataTrack1\IMG\left_2024_11_20_20_15_21_306.jpg, C:\Users\Owner\Downloads\simulator-windows-64\dataTrack1\IMG\right_2024_11_20_20_15_21_306.jpg, 0, 0.1813585, 0, 21.40872
C:\Users\Owner\Downloads\simulator-windows-64\dataTrack1\IMG\center_2024_11_20_20_15_21_410.jpg, C:\Users\Owner\Downloads\simulator-windows-64\dataTrack1\IMG\left_2024_11_20_20_15_21_410.jpg, C:\Users\Owner\Downloads\simulator-windows-64\dataTrack1\IMG\right_2024_11_20_20_15_21_410.jpg, -0.0568125, 0.4411806, 0, 21.55412
C:\Users\Owner\Downloads\simulator-windows-64\dataTrack1\IMG\center_2024_11_20_20_15_21_511.jpg, C:\Users\Owner\Downloads\simulator-windows-64\dataTrack1\IMG\left_2024_11_20_20_15_21_511.jpg, C:\Users\Owner\Downloads\simulator-windows-64\dataTrack1\IMG\right_2024_11_20_20_15_21_511.jpg, -0.2577831, 0.4340467, 0, 21.73636
C:\Users\Owner\Downloads\simulator-windows-64\dataTrack1\IMG\center_2024_11_20_20_15_21_617.jpg, C:\Users\Owner\Downloads\simulator-windows-64\dataTrack1\IMG\left_2024_11_20_20_15_21_617.jpg, C:\Users\Owner\Downloads\simulator-windows-64\dataTrack1\IMG\right_2024_11_20_20_15_21_617.jpg, 0, 0.1178794, 0, 22.00675
C:\Users\Owner\Downloads\simulator-windows-64\dataTrack1\IMG\center_2024_11_20_20_15_21_720.jpg, C:\Users\Owner\Downloads\simulator-windows-64\dataTrack1\IMG\left_2024_11_20_20_15_21_720.jpg, C:\Users\Owner\Downloads\simulator-windows-64\dataTrack1\IMG\right_2024_11_20_20_15_21_720.jpg, 0, 0.4277296, 0, 21.90964
C:\Users\Owner\Downloads\simulator-windows-64\dataTrack1\IMG\center_2024_11_20_20_15_21_824.jpg, C:\Users\Owner\Downloads\simulator-windows-64\dataTrack1\IMG\left_2024_11_20_20_15_21_824.jpg, C:\Users\Owner\Downloads\simulator-windows-64\dataTrack1\IMG\right_2024_11_20_20_15_21_824.jpg, 0, 0.1182511, 0, 22.24755
C:\Users\Owner\Downloads\simulator-windows-64\dataTrack1\IMG\center_2024_11_20_20_15_21_927.jpg, C:\Users\Owner\Downloads\simulator-windows-64\dataTrack1\IMG\left_2024_11_20_20_15_21_927.jpg, C:\Users\Owner\Downloads\simulator-windows-64\dataTrack1\IMG\right_2024_11_20_20_15_21_927.jpg, 0, 0.2607148, 0, 22.15484
C:\Users\Owner\Downloads\simulator-windows-64\dataTrack1\IMG\center_2024_11_20_20_15_22_029.jpg, C:\Users\Owner\Downloads\simulator-windows-64\dataTrack1\IMG\left_2024_11_20_20_15_22_029.jpg, C:\Users\Owner\Downloads\simulator-windows-64\dataTrack1\IMG\right_2024_11_20_20_15_22_029.jpg, 0, 0, 0, 21.81977
C:\Users\Owner\Downloads\simulator-windows-64\dataTrack1\IMG\center_2024_11_20_20_15_22_135.jpg, C:\Users\Owner\Downloads\simulator-windows-64\dataTrack1\IMG\left_2024_11_20_20_15_22_135.jpg, C:\Users\Owner\Downloads\simulator-windows-64\dataTrack1\IMG\right_2024_11_20_20_15_22_135.jpg, -0.052116, 0.2311221, 0, 21.95679
C:\Users\Owner\Downloads\simulator-windows-64\dataTrack1\IMG\center_2024_11_20_20_15_22_238.jpg, C:\Users\Owner\Downloads\simulator-windows-64\dataTrack1\IMG\left_2024_11_20_20_15_22_238.jpg, C:\Users\Owner\Downloads\simulator-windows-64\dataTrack1\IMG\right_2024_11_20_20_15_22_238.jpg, -0.3632733, 0.1256988, 0, 21.76257
C:\Users\Owner\Downloads\simulator-windows-64\dataTrack1\IMG\center_2024_11_20_20_15_22_341.jpg, C:\Users\Owner\Downloads\simulator-windows-64\dataTrack1\IMG\left_2024_11_20_20_15_22_341.jpg, C:\Users\Owner\Downloads\simulator-windows-64\dataTrack1\IMG\right_2024_11_20_20_15_22_341.jpg, -0.0565128, 0.2276985, 0, 21.8535
C:\Users\Owner\Downloads\simulator-windows-64\dataTrack1\IMG\center_2024_11_20_20_15_22_444.jpg, C:\Users\Owner\Downloads\simulator-windows-64\dataTrack1\IMG\left_2024_11_20_20_15_22_444.jpg, C:\Users\Owner\Downloads\simulator-windows-64\dataTrack1\IMG\right_2024_11_20_20_15_22_444.jpg, 0, 0.2905584, 0, 21.81281
C:\Users\Owner\Downloads\simulator-windows-64\dataTrack1\IMG\center_2024_11_20_20_15_22_548.jpg, C:\Users\Owner\Downloads\simulator-windows-64\dataTrack1\IMG\left_2024_11_20_20_15_22_548.jpg, C:\Users\Owner\Downloads\simulator-windows-64\dataTrack1\IMG\right_2024_11_20_20_15_22_548.jpg, 0, 0, 0, 21.64717
C:\Users\Owner\Downloads\simulator-windows-64\dataTrack1\IMG\center_2024_11_20_20_15_22_651.jpg, C:\Users\Owner\Downloads\simulator-windows-64\dataTrack1\IMG\left_2024_11_20_20_15_22_651.jpg, C:\Users\Owner\Downloads\simulator-windows-64\dataTrack1\IMG\right_2024_11_20_20_15_22_651.jpg, 0, 0.3140781, 0, 21.88243
C:\Users\Owner\Downloads\simulator-windows-64\dataTrack1\IMG\center_2024_11_20_20_15_22_754.jpg, C:\Users\Owner\Downloads\simulator-windows-64\dataTrack1\IMG\left_2024_11_20_20_15_22_754.jpg, C:\Users\Owner\Downloads\simulator-windows-64\dataTrack1\IMG\right_2024_11_20_20_15_22_754.jpg, 0, 0.165588, 0, 21.82275
C:\Users\Owner\Downloads\simulator-windows-64\dataTrack1\IMG\center_2024_11_20_20_15_22_858.jpg, C:\Users\Owner\Downloads\simulator-windows-64\dataTrack1\IMG\left_2024_11_20_20_15_22_858.jpg, C:\Users\Owner\Downloads\simulator-windows-64\dataTrack1\IMG\right_2024_11_20_20_15_22_858.jpg, 0, 0.4746336, 0, 22.17617
C:\Users\Owner\Downloads\simulator-windows-64\dataTrack1\IMG\center_2024_11_20_20_15_22_961.jpg, C:\Users\Owner\Downloads\simulator-windows-64\dataTrack1\IMG\left_2024_11_20_20_15_22_961.jpg, C:\Users\Owner\Downloads\simulator-windows-64\dataTrack1\IMG\right_2024_11_20_20_15_22_961.jpg, 0, 0.3471117, 0, 22.44008
C:\Users\Owner\Downloads\simulator-windows-64\dataTrack1\IMG\center_2024_11_20_20_15_23_067.jpg, C:\Users\Owner\Downloads\simulator-windows-64\dataTrack1\IMG\left_2024_11_20_20_15_23_067.jpg, C:\Users\Owner\Downloads\simulator-windows-64\dataTrack1\IMG\right_2024_11_20_20_15_23_067.jpg, 0, 0.6644946, 0, 22.91964
C:\Users\Owner\Downloads\simulator-windows-64\dataTrack1\IMG\center_2024_11_20_20_15_23_171.jpg, C:\Users\Owner\Downloads\simulator-windows-64\dataTrack1\IMG\left_2024_11_20_20_15_23_171.jpg, C:\Users\Owner\Downloads\simulator-windows-64\dataTrack1\IMG\right_2024_11_20_20_15_23_171.jpg, 0, 0.3527683, 0, 23.33841
C:\Users\Owner\Downloads\simulator-windows-64\dataTrack1\IMG\center_2024_11_20_20_15_23_275.jpg, C:\Users\Owner\Downloads\simulator-windows-64\dataTrack1\IMG\left_2024_11_20_20_15_23_275.jpg, C:\Users\Owner\Downloads\simulator-windows-64\dataTrack1\IMG\right_2024_11_20_20_15_23_275.jpg, 0, 0.6644377, 0, 23.69557
C:\Users\Owner\Downloads\simulator-windows-64\dataTrack1\IMG\center_2024_11_20_20_15_23_378.jpg, C:\Users\Owner\Downloads\simulator-windows-64\dataTrack1\IMG\left_2024_11_20_20_15_23_378.jpg, C:\Users\Owner\Downloads\simulator-windows-64\dataTrack1\IMG\right_2024_11_20_20_15_23_378.jpg, 0, 0.3551884, 0, 24.10811
C:\Users\Owner\Downloads\simulator-windows-64\dataTrack1\IMG\center_2024_11_20_20_15_23_481.jpg, C:\Users\Owner\Downloads\simulator-windows-64\dataTrack1\IMG\left_2024_11_20_20_15_23_481.jpg, C:\Users\Owner\Downloads\simulator-windows-64\dataTrack1\IMG\right_2024_11_20_20_15_23_481.jpg, 0, 0.6652612, 0, 24.44297
C:\Users\Owner\Downloads\simulator-windows-64\dataTrack1\IMG\center_2024_11_20_20_15_23_584.jpg, C:\Users\Owner\Downloads\simulator-windows-64\dataTrack1\IMG\left_2024_11_20_20_15_23_584.jpg, C:\Users\Owner\Downloads\simulator-windows-64\dataTrack1\IMG\right_2024_11_20_20_15_23_584.jpg, -0.1053108, 0.4016235, 0, 24.86186
C:\Users\Owner\Downloads\simulator-windows-64\dataTrack1\IMG\center_2024_11_20_20_15_23_688.jpg, C:\Users\Owner\Downloads\simulator-windows-64\dataTrack1\IMG\left_2024_11_20_20_15_23_688.jpg, C:\Users\Owner\Downloads\simulator-windows-64\dataTrack1\IMG\right_2024_11_20_20_15_23_688.jpg, -0.1569504, 0.349984, 0, 24.88237
C:\Users\Owner\Downloads\simulator-windows-64\dataTrack1\IMG\center_2024_11_20_20_15_23_792.jpg, C:\Users\Owner\Downloads\simulator-windows-64\dataTrack1\IMG\left_2024_11_20_20_15_23_792.jpg, C:\Users\Owner\Downloads\simulator-windows-64\dataTrack1\IMG\right_2024_11_20_20_15_23_792.jpg, 0, 0.4556088, 0, 25.22089
C:\Users\Owner\Downloads\simulator-windows-64\dataTrack1\IMG\center_2024_11_20_20_15_23_896.jpg, C:\Users\Owner\Downloads\simulator-windows-64\dataTrack1\IMG\left_2024_11_20_20_15_23_896.jpg, C:\Users\Owner\Downloads\simulator-windows-64\dataTrack1\IMG\right_2024_11_20_20_15_23_896.jpg, 0, 0.1459887, 0, 25.33602
C:\Users\Owner\Downloads\simulator-windows-64\dataTrack1\IMG\center_2024_11_20_20_15_24_001.jpg, C:\Users\Owner\Downloads\simulator-windows-64\dataTrack1\IMG\left_2024_11_20_20_15_24_001.jpg, C:\Users\Owner\Downloads\simulator-windows-64\dataTrack1\IMG\right_2024_11_20_20_15_24_001.jpg, 0, 0, 0, 25.12188
C:\Users\Owner\Downloads\simulator-windows-64\dataTrack1\IMG\center_2024_11_20_20_15_24_105.jpg, C:\Users\Owner\Downloads\simulator-windows-64\dataTrack1\IMG\left_2024_11_20_20_15_24_105.jpg, C:\Users\Owner\Downloads\simulator-windows-64\dataTrack1\IMG\right_2024_11_20_20_15_24_105.jpg, 0, 0.260403, 0, 25.01468
C:\Users\Owner\Downloads\simulator-windows-64\dataTrack1\IMG\center_2024_11_20_20_15_24_208.jpg, C:\Users\Owner\Downloads\simulator-windows-64\dataTrack1\IMG\left_2024_11_20_20_15_24_208.jpg, C:\Users\Owner\Downloads\simulator-windows-64\dataTrack1\IMG\right_2024_11_20_20_15_24_208.jpg, 0, 0.2015622, 0, 25.19684
C:\Users\Owner\Downloads\simulator-windows-64\dataTrack1\IMG\center_2024_11_20_20_15_24_311.jpg, C:\Users\Owner\Downloads\simulator-windows-64\dataTrack1\IMG\left_2024_11_20_20_15_24_311.jpg, C:\Users\Owner\Downloads\simulator-windows-64\dataTrack1\IMG\right_2024_11_20_20_15_24_311.jpg, 0, 0.3070884, 0, 25.17586
C:\Users\Owner\Downloads\simulator-windows-64\dataTrack1\IMG\center_2024_11_20_20_15_24_413.jpg, C:\Users\Owner\Downloads\simulator-windows-64\dataTrack1\IMG\left_2024_11_20_20_15_24_413.jpg, C:\Users\Owner\Downloads\simulator-windows-64\dataTrack1\IMG\right_2024_11_20_20_15_24_413.jpg, 0, 0.3054513, 0, 25.38086
C:\Users\Owner\Downloads\simulator-windows-64\dataTrack1\IMG\center_2024_11_20_20_15_24_519.jpg, C:\Users\Owner\Downloads\simulator-windows-64\dataTrack1\IMG\left_2024_11_20_20_15_24_519.jpg, C:\Users\Owner\Downloads\simulator-windows-64\dataTrack1\IMG\right_2024_11_20_20_15_24_519.jpg, 0, 0.4084347, 0, 25.45764
C:\Users\Owner\Downloads\simulator-windows-64\dataTrack1\IMG\center_2024_11_20_20_15_24_621.jpg, C:\Users\Owner\Downloads\simulator-windows-64\dataTrack1\IMG\left_2024_11_20_20_15_24_621.jpg, C:\Users\Owner\Downloads\simulator-windows-64\dataTrack1\IMG\right_2024_11_20_20_15_24_621.jpg, 0, 0.4178219, 0, 25.80441
C:\Users\Owner\Downloads\simulator-windows-64\dataTrack1\IMG\center_2024_11_20_20_15_24_726.jpg, C:\Users\Owner\Downloads\simulator-windows-64\dataTrack1\IMG\left_2024_11_20_20_15_24_726.jpg, C:\Users\Owner\Downloads\simulator-windows-64\dataTrack1\IMG\right_2024_11_20_20_15_24_726.jpg, 0, 0.2584241, 0, 25.89716
C:\Users\Owner\Downloads\simulator-windows-64\dataTrack1\IMG\center_2024_11_20_20_15_24_831.jpg, C:\Users\Owner\Downloads\simulator-windows-64\dataTrack1\IMG\left_2024_11_20_20_15_24_831.jpg, C:\Users\Owner\Downloads\simulator-windows-64\dataTrack1\IMG\right_2024_11_20_20_15_24_831.jpg, 0, 0.3091959, 0, 26.15862
C:\Users\Owner\Downloads\simulator-windows-64\dataTrack1\IMG\center_2024_11_20_20_15_24_936.jpg, C:\Users\Owner\Downloads\simulator-windows-64\dataTrack1\IMG\left_2024_11_20_20_15_24_936.jpg, C:\Users\Owner\Downloads\simulator-windows-64\dataTrack1\IMG\right_2024_11_20_20_15_24_936.jpg, 0, 0.2003502, 0, 26.11716
C:\Users\Owner\Downloads\simulator-windows-64\dataTrack1\IMG\center_2024_11_20_20_15_25_039.jpg, C:\Users\Owner\Downloads\simulator-windows-64\dataTrack1\IMG\left_2024_11_20_20_15_25_039.jpg, C:\Users\Owner\Downloads\simulator-windows-64\dataTrack1\IMG\right_2024_11_20_20_15_25_039.jpg, 0, 0.5099697, 0, 26.26732
C:\Users\Owner\Downloads\simulator-windows-64\dataTrack1\IMG\center_2024_11_20_20_15_25_144.jpg, C:\Users\Owner\Downloads\simulator-windows-64\dataTrack1\IMG\left_2024_11_20_20_15_25_144.jpg, C:\Users\Owner\Downloads\simulator-windows-64\dataTrack1\IMG\right_2024_11_20_20_15_25_144.jpg, 0, 0.3056027, 0, 26.47574
C:\Users\Owner\Downloads\simulator-windows-64\dataTrack1\IMG\center_2024_11_20_20_15_25_245.jpg, C:\Users\Owner\Downloads\simulator-windows-64\dataTrack1\IMG\left_2024_11_20_20_15_25_245.jpg, C:\Users\Owner\Downloads\simulator-windows-64\dataTrack1\IMG\right_2024_11_20_20_15_25_245.jpg, 0, 0.5590973, 0, 26.72012
C:\Users\Owner\Downloads\simulator-windows-64\dataTrack1\IMG\center_2024_11_20_20_15_25_348.jpg, C:\Users\Owner\Downloads\simulator-windows-64\dataTrack1\IMG\left_2024_11_20_20_15_25_348.jpg, C:\Users\Owner\Downloads\simulator-windows-64\dataTrack1\IMG\right_2024_11_20_20_15_25_348.jpg, 0, 0.5036249, 0, 27.31322
C:\Users\Owner\Downloads\simulator-windows-64\dataTrack1\IMG\center_2024_11_20_20_15_25_452.jpg, C:\Users\Owner\Downloads\simulator-windows-64\dataTrack1\IMG\left_2024_11_20_20_15_25_452.jpg, C:\Users\Owner\Downloads\simulator-windows-64\dataTrack1\IMG\right_2024_11_20_20_15_25_452.jpg, 0, 0.1911904, 0, 27.44668
C:\Users\Owner\Downloads\simulator-windows-64\dataTrack1\IMG\center_2024_11_20_20_15_25_557.jpg, C:\Users\Owner\Downloads\simulator-windows-64\dataTrack1\IMG\left_2024_11_20_20_15_25_557.jpg, C:\Users\Owner\Downloads\simulator-windows-64\dataTrack1\IMG\right_2024_11_20_20_15_25_557.jpg, 0, 0, 0, 27.24943
C:\Users\Owner\Downloads\simulator-windows-64\dataTrack1\IMG\center_2024_11_20_20_15_25_658.jpg, C:\Users\Owner\Downloads\simulator-windows-64\dataTrack1\IMG\left_2024_11_20_20_15_25_658.jpg, C:\Users\Owner\Downloads\simulator-windows-64\dataTrack1\IMG\right_2024_11_20_20_15_25_658.jpg, 0, 0.2199618, 0, 27.0596
C:\Users\Owner\Downloads\simulator-windows-64\dataTrack1\IMG\center_2024_11_20_20_15_25_761.jpg, C:\Users\Owner\Downloads\simulator-windows-64\dataTrack1\IMG\left_2024_11_20_20_15_25_761.jpg, C:\Users\Owner\Downloads\simulator-windows-64\dataTrack1\IMG\right_2024_11_20_20_15_25_761.jpg, 0, 0.3230667, 0, 27.20741
C:\Users\Owner\Downloads\simulator-windows-64\dataTrack1\IMG\center_2024_11_20_20_15_25_866.jpg, C:\Users\Owner\Downloads\simulator-windows-64\dataTrack1\IMG\left_2024_11_20_20_15_25_866.jpg, C:\Users\Owner\Downloads\simulator-windows-64\dataTrack1\IMG\right_2024_11_20_20_15_25_866.jpg, -0.2612883, 0.06177841, 0, 27.12815
C:\Users\Owner\Downloads\simulator-windows-64\dataTrack1\IMG\center_2024_11_20_20_15_25_970.jpg, C:\Users\Owner\Downloads\simulator-windows-64\dataTrack1\IMG\left_2024_11_20_20_15_25_970.jpg, C:\Users\Owner\Downloads\simulator-windows-64\dataTrack1\IMG\right_2024_11_20_20_15_25_970.jpg, -0.3192591, 0, 0, 26.65094
C:\Users\Owner\Downloads\simulator-windows-64\dataTrack1\IMG\center_2024_11_20_20_15_26_075.jpg, C:\Users\Owner\Downloads\simulator-windows-64\dataTrack1\IMG\left_2024_11_20_20_15_26_075.jpg, C:\Users\Owner\Downloads\simulator-windows-64\dataTrack1\IMG\right_2024_11_20_20_15_26_075.jpg, -0.006269998, 0, 0, 26.38421
C:\Users\Owner\Downloads\simulator-windows-64\dataTrack1\IMG\center_2024_11_20_20_15_26_178.jpg, C:\Users\Owner\Downloads\simulator-windows-64\dataTrack1\IMG\left_2024_11_20_20_15_26_178.jpg, C:\Users\Owner\Downloads\simulator-windows-64\dataTrack1\IMG\right_2024_11_20_20_15_26_178.jpg, 0, 0.1559805, 0, 26.15646
C:\Users\Owner\Downloads\simulator-windows-64\dataTrack1\IMG\center_2024_11_20_20_15_26_279.jpg, C:\Users\Owner\Downloads\simulator-windows-64\dataTrack1\IMG\left_2024_11_20_20_15_26_279.jpg, C:\Users\Owner\Downloads\simulator-windows-64\dataTrack1\IMG\right_2024_11_20_20_15_26_279.jpg, 0, 0.2558595, 0, 26.21495
C:\Users\Owner\Downloads\simulator-windows-64\dataTrack1\IMG\center_2024_11_20_20_15_26_385.jpg, C:\Users\Owner\Downloads\simulator-windows-64\dataTrack1\IMG\left_2024_11_20_20_15_26_385.jpg, C:\Users\Owner\Downloads\simulator-windows-64\dataTrack1\IMG\right_2024_11_20_20_15_26_385.jpg, 0, 0, 0, 26.11357
C:\Users\Owner\Downloads\simulator-windows-64\dataTrack1\IMG\center_2024_11_20_20_15_26_488.jpg, C:\Users\Owner\Downloads\simulator-windows-64\dataTrack1\IMG\left_2024_11_20_20_15_26_488.jpg, C:\Users\Owner\Downloads\simulator-windows-64\dataTrack1\IMG\right_2024_11_20_20_15_26_488.jpg, 0, 0.3626223, 0, 26.08281
C:\Users\Owner\Downloads\simulator-windows-64\dataTrack1\IMG\center_2024_11_20_20_15_26_590.jpg, C:\Users\Owner\Downloads\simulator-windows-64\dataTrack1\IMG\left_2024_11_20_20_15_26_590.jpg, C:\Users\Owner\Downloads\simulator-windows-64\dataTrack1\IMG\right_2024_11_20_20_15_26_590.jpg, 0, 0.2538732, 0, 26.1043
C:\Users\Owner\Downloads\simulator-windows-64\dataTrack1\IMG\center_2024_11_20_20_15_26_694.jpg, C:\Users\Owner\Downloads\simulator-windows-64\dataTrack1\IMG\left_2024_11_20_20_15_26_694.jpg, C:\Users\Owner\Downloads\simulator-windows-64\dataTrack1\IMG\right_2024_11_20_20_15_26_694.jpg, 0, 0.4584876, 0, 26.34513
C:\Users\Owner\Downloads\simulator-windows-64\dataTrack1\IMG\center_2024_11_20_20_15_26_797.jpg, C:\Users\Owner\Downloads\simulator-windows-64\dataTrack1\IMG\left_2024_11_20_20_15_26_797.jpg, C:\Users\Owner\Downloads\simulator-windows-64\dataTrack1\IMG\right_2024_11_20_20_15_26_797.jpg, 0, 0.1489758, 0, 26.45162
C:\Users\Owner\Downloads\simulator-windows-64\dataTrack1\IMG\center_2024_11_20_20_15_26_902.jpg, C:\Users\Owner\Downloads\simulator-windows-64\dataTrack1\IMG\left_2024_11_20_20_15_26_902.jpg, C:\Users\Owner\Downloads\simulator-windows-64\dataTrack1\IMG\right_2024_11_20_20_15_26_902.jpg, 0, 0.4652862, 0, 26.5298
C:\Users\Owner\Downloads\simulator-windows-64\dataTrack1\IMG\center_2024_11_20_20_15_27_006.jpg, C:\Users\Owner\Downloads\simulator-windows-64\dataTrack1\IMG\left_2024_11_20_20_15_27_006.jpg, C:\Users\Owner\Downloads\simulator-windows-64\dataTrack1\IMG\right_2024_11_20_20_15_27_006.jpg, 0, 0.2049288, 0, 26.6834
C:\Users\Owner\Downloads\simulator-windows-64\dataTrack1\IMG\center_2024_11_20_20_15_27_109.jpg, C:\Users\Owner\Downloads\simulator-windows-64\dataTrack1\IMG\left_2024_11_20_20_15_27_109.jpg, C:\Users\Owner\Downloads\simulator-windows-64\dataTrack1\IMG\right_2024_11_20_20_15_27_109.jpg, 0, 0.462951, 0, 26.80468
C:\Users\Owner\Downloads\simulator-windows-64\dataTrack1\IMG\center_2024_11_20_20_15_27_212.jpg, C:\Users\Owner\Downloads\simulator-windows-64\dataTrack1\IMG\left_2024_11_20_20_15_27_212.jpg, C:\Users\Owner\Downloads\simulator-windows-64\dataTrack1\IMG\right_2024_11_20_20_15_27_212.jpg, 0, 0.1549062, 0, 26.90242
C:\Users\Owner\Downloads\simulator-windows-64\dataTrack1\IMG\center_2024_11_20_20_15_27_315.jpg, C:\Users\Owner\Downloads\simulator-windows-64\dataTrack1\IMG\left_2024_11_20_20_15_27_315.jpg, C:\Users\Owner\Downloads\simulator-windows-64\dataTrack1\IMG\right_2024_11_20_20_15_27_315.jpg, 0, 0.2589183, 0, 26.80257
C:\Users\Owner\Downloads\simulator-windows-64\dataTrack1\IMG\center_2024_11_20_20_15_27_420.jpg, C:\Users\Owner\Downloads\simulator-windows-64\dataTrack1\IMG\left_2024_11_20_20_15_27_420.jpg, C:\Users\Owner\Downloads\simulator-windows-64\dataTrack1\IMG\right_2024_11_20_20_15_27_420.jpg, 0, 0, 0, 26.67011
C:\Users\Owner\Downloads\simulator-windows-64\dataTrack1\IMG\center_2024_11_20_20_15_27_523.jpg, C:\Users\Owner\Downloads\simulator-windows-64\dataTrack1\IMG\left_2024_11_20_20_15_27_523.jpg, C:\Users\Owner\Downloads\simulator-windows-64\dataTrack1\IMG\right_2024_11_20_20_15_27_523.jpg, 0, 0.205482, 0, 26.44819
C:\Users\Owner\Downloads\simulator-windows-64\dataTrack1\IMG\center_2024_11_20_20_15_27_627.jpg, C:\Users\Owner\Downloads\simulator-windows-64\dataTrack1\IMG\left_2024_11_20_20_15_27_627.jpg, C:\Users\Owner\Downloads\simulator-windows-64\dataTrack1\IMG\right_2024_11_20_20_15_27_627.jpg, 0, 0, 0, 26.29473
C:\Users\Owner\Downloads\simulator-windows-64\dataTrack1\IMG\center_2024_11_20_20_15_27_729.jpg, C:\Users\Owner\Downloads\simulator-windows-64\dataTrack1\IMG\left_2024_11_20_20_15_27_729.jpg, C:\Users\Owner\Downloads\simulator-windows-64\dataTrack1\IMG\right_2024_11_20_20_15_27_729.jpg, 0, 0.203913, 0, 26.06507
C:\Users\Owner\Downloads\simulator-windows-64\dataTrack1\IMG\center_2024_11_20_20_15_27_833.jpg, C:\Users\Owner\Downloads\simulator-windows-64\dataTrack1\IMG\left_2024_11_20_20_15_27_833.jpg, C:\Users\Owner\Downloads\simulator-windows-64\dataTrack1\IMG\right_2024_11_20_20_15_27_833.jpg, 0, 0.06745353, 0, 26.03977
C:\Users\Owner\Downloads\simulator-windows-64\dataTrack1\IMG\center_2024_11_20_20_15_27_938.jpg, C:\Users\Owner\Downloads\simulator-windows-64\dataTrack1\IMG\left_2024_11_20_20_15_27_938.jpg, C:\Users\Owner\Downloads\simulator-windows-64\dataTrack1\IMG\right_2024_11_20_20_15_27_938.jpg, 0, 0.2088, 0, 25.86592
C:\Users\Owner\Downloads\simulator-windows-64\dataTrack1\IMG\center_2024_11_20_20_15_28_041.jpg, C:\Users\Owner\Downloads\simulator-windows-64\dataTrack1\IMG\left_2024_11_20_20_15_28_041.jpg, C:\Users\Owner\Downloads\simulator-windows-64\dataTrack1\IMG\right_2024_11_20_20_15_28_041.jpg, 0, 0.09883918, 0, 25.91567
C:\Users\Owner\Downloads\simulator-windows-64\dataTrack1\IMG\center_2024_11_20_20_15_28_145.jpg, C:\Users\Owner\Downloads\simulator-windows-64\dataTrack1\IMG\left_2024_11_20_20_15_28_145.jpg, C:\Users\Owner\Downloads\simulator-windows-64\dataTrack1\IMG\right_2024_11_20_20_15_28_145.jpg, 0, 0.1535217, 0, 25.71632
C:\Users\Owner\Downloads\simulator-windows-64\dataTrack1\IMG\center_2024_11_20_20_15_28_248.jpg, C:\Users\Owner\Downloads\simulator-windows-64\dataTrack1\IMG\left_2024_11_20_20_15_28_248.jpg, C:\Users\Owner\Downloads\simulator-windows-64\dataTrack1\IMG\right_2024_11_20_20_15_28_248.jpg, 0, 0, 0, 25.5066
C:\Users\Owner\Downloads\simulator-windows-64\dataTrack1\IMG\center_2024_11_20_20_15_28_353.jpg, C:\Users\Owner\Downloads\simulator-windows-64\dataTrack1\IMG\left_2024_11_20_20_15_28_353.jpg, C:\Users\Owner\Downloads\simulator-windows-64\dataTrack1\IMG\right_2024_11_20_20_15_28_353.jpg, 0, 0.2056725, 0, 25.33927
C:\Users\Owner\Downloads\simulator-windows-64\dataTrack1\IMG\center_2024_11_20_20_15_28_458.jpg, C:\Users\Owner\Downloads\simulator-windows-64\dataTrack1\IMG\left_2024_11_20_20_15_28_458.jpg, C:\Users\Owner\Downloads\simulator-windows-64\dataTrack1\IMG\right_2024_11_20_20_15_28_458.jpg, 0, 0.09931801, 0, 25.36647
C:\Users\Owner\Downloads\simulator-windows-64\dataTrack1\IMG\center_2024_11_20_20_15_28_562.jpg, C:\Users\Owner\Downloads\simulator-windows-64\dataTrack1\IMG\left_2024_11_20_20_15_28_562.jpg, C:\Users\Owner\Downloads\simulator-windows-64\dataTrack1\IMG\right_2024_11_20_20_15_28_562.jpg, 0, 0.2366541, 0, 25.19274
C:\Users\Owner\Downloads\simulator-windows-64\dataTrack1\IMG\center_2024_11_20_20_15_28_664.jpg, C:\Users\Owner\Downloads\simulator-windows-64\dataTrack1\IMG\left_2024_11_20_20_15_28_664.jpg, C:\Users\Owner\Downloads\simulator-windows-64\dataTrack1\IMG\right_2024_11_20_20_15_28_664.jpg, 0, 0.1434885, 0, 25.29306
C:\Users\Owner\Downloads\simulator-windows-64\dataTrack1\IMG\center_2024_11_20_20_15_28_769.jpg, C:\Users\Owner\Downloads\simulator-windows-64\dataTrack1\IMG\left_2024_11_20_20_15_28_769.jpg, C:\Users\Owner\Downloads\simulator-windows-64\dataTrack1\IMG\right_2024_11_20_20_15_28_769.jpg, 0, 0.0522495, 0, 25.02893
C:\Users\Owner\Downloads\simulator-windows-64\dataTrack1\IMG\center_2024_11_20_20_15_28_872.jpg, C:\Users\Owner\Downloads\simulator-windows-64\dataTrack1\IMG\left_2024_11_20_20_15_28_872.jpg, C:\Users\Owner\Downloads\simulator-windows-64\dataTrack1\IMG\right_2024_11_20_20_15_28_872.jpg, 0, 0, 0, 24.84282
C:\Users\Owner\Downloads\simulator-windows-64\dataTrack1\IMG\center_2024_11_20_20_15_28_976.jpg, C:\Users\Owner\Downloads\simulator-windows-64\dataTrack1\IMG\left_2024_11_20_20_15_28_976.jpg, C:\Users\Owner\Downloads\simulator-windows-64\dataTrack1\IMG\right_2024_11_20_20_15_28_976.jpg, 0, 0, 0, 24.59486
C:\Users\Owner\Downloads\simulator-windows-64\dataTrack1\IMG\center_2024_11_20_20_15_29_080.jpg, C:\Users\Owner\Downloads\simulator-windows-64\dataTrack1\IMG\left_2024_11_20_20_15_29_080.jpg, C:\Users\Owner\Downloads\simulator-windows-64\dataTrack1\IMG\right_2024_11_20_20_15_29_080.jpg, 0, 0, 0, 24.34769
C:\Users\Owner\Downloads\simulator-windows-64\dataTrack1\IMG\center_2024_11_20_20_15_29_181.jpg, C:\Users\Owner\Downloads\simulator-windows-64\dataTrack1\IMG\left_2024_11_20_20_15_29_181.jpg, C:\Users\Owner\Downloads\simulator-windows-64\dataTrack1\IMG\right_2024_11_20_20_15_29_181.jpg, 0, 0.3051879, 0, 24.24721
C:\Users\Owner\Downloads\simulator-windows-64\dataTrack1\IMG\center_2024_11_20_20_15_29_286.jpg, C:\Users\Owner\Downloads\simulator-windows-64\dataTrack1\IMG\left_2024_11_20_20_15_29_286.jpg, C:\Users\Owner\Downloads\simulator-windows-64\dataTrack1\IMG\right_2024_11_20_20_15_29_286.jpg, 0, 0.04372469, 0, 24.23769
C:\Users\Owner\Downloads\simulator-windows-64\dataTrack1\IMG\center_2024_11_20_20_15_29_390.jpg, C:\Users\Owner\Downloads\simulator-windows-64\dataTrack1\IMG\left_2024_11_20_20_15_29_390.jpg, C:\Users\Owner\Downloads\simulator-windows-64\dataTrack1\IMG\right_2024_11_20_20_15_29_390.jpg, 0, 0, 0, 23.94409
C:\Users\Owner\Downloads\simulator-windows-64\dataTrack1\IMG\center_2024_11_20_20_15_29_493.jpg, C:\Users\Owner\Downloads\simulator-windows-64\dataTrack1\IMG\left_2024_11_20_20_15_29_493.jpg, C:\Users\Owner\Downloads\simulator-windows-64\dataTrack1\IMG\right_2024_11_20_20_15_29_493.jpg, 0, 0.1560927, 0, 23.75182
C:\Users\Owner\Downloads\simulator-windows-64\dataTrack1\IMG\center_2024_11_20_20_15_29_597.jpg, C:\Users\Owner\Downloads\simulator-windows-64\dataTrack1\IMG\left_2024_11_20_20_15_29_597.jpg, C:\Users\Owner\Downloads\simulator-windows-64\dataTrack1\IMG\right_2024_11_20_20_15_29_597.jpg, 0, 0.1481697, 0, 23.78469
C:\Users\Owner\Downloads\simulator-windows-64\dataTrack1\IMG\center_2024_11_20_20_15_29_699.jpg, C:\Users\Owner\Downloads\simulator-windows-64\dataTrack1\IMG\left_2024_11_20_20_15_29_699.jpg, C:\Users\Owner\Downloads\simulator-windows-64\dataTrack1\IMG\right_2024_11_20_20_15_29_699.jpg, -0.1574718, 0, 0, 23.58887
C:\Users\Owner\Downloads\simulator-windows-64\dataTrack1\IMG\center_2024_11_20_20_15_29_804.jpg, C:\Users\Owner\Downloads\simulator-windows-64\dataTrack1\IMG\left_2024_11_20_20_15_29_804.jpg, C:\Users\Owner\Downloads\simulator-windows-64\dataTrack1\IMG\right_2024_11_20_20_15_29_804.jpg, -0.2110941, 0, 0, 23.28738
C:\Users\Owner\Downloads\simulator-windows-64\dataTrack1\IMG\center_2024_11_20_20_15_29_908.jpg, C:\Users\Owner\Downloads\simulator-windows-64\dataTrack1\IMG\left_2024_11_20_20_15_29_908.jpg, C:\Users\Owner\Downloads\simulator-windows-64\dataTrack1\IMG\right_2024_11_20_20_15_29_908.jpg, 0, 0.1541442, 0, 23.05234
C:\Users\Owner\Downloads\simulator-windows-64\dataTrack1\IMG\center_2024_11_20_20_15_30_011.jpg, C:\Users\Owner\Downloads\simulator-windows-64\dataTrack1\IMG\left_2024_11_20_20_15_30_011.jpg, C:\Users\Owner\Downloads\simulator-windows-64\dataTrack1\IMG\right_2024_11_20_20_15_30_011.jpg, 0, 0.157692, 0, 23.11685
C:\Users\Owner\Downloads\simulator-windows-64\dataTrack1\IMG\center_2024_11_20_20_15_30_113.jpg, C:\Users\Owner\Downloads\simulator-windows-64\dataTrack1\IMG\left_2024_11_20_20_15_30_113.jpg, C:\Users\Owner\Downloads\simulator-windows-64\dataTrack1\IMG\right_2024_11_20_20_15_30_113.jpg, 0, 0, 0, 22.91693
C:\Users\Owner\Downloads\simulator-windows-64\dataTrack1\IMG\center_2024_11_20_20_15_30_219.jpg, C:\Users\Owner\Downloads\simulator-windows-64\dataTrack1\IMG\left_2024_11_20_20_15_30_219.jpg, C:\Users\Owner\Downloads\simulator-windows-64\dataTrack1\IMG\right_2024_11_20_20_15_30_219.jpg, 0, 0.3166596, 0, 22.87091
C:\Users\Owner\Downloads\simulator-windows-64\dataTrack1\IMG\center_2024_11_20_20_15_30_321.jpg, C:\Users\Owner\Downloads\simulator-windows-64\dataTrack1\IMG\left_2024_11_20_20_15_30_321.jpg, C:\Users\Owner\Downloads\simulator-windows-64\dataTrack1\IMG\right_2024_11_20_20_15_30_321.jpg, 0, 0.007096529, 0, 22.89449
C:\Users\Owner\Downloads\simulator-windows-64\dataTrack1\IMG\center_2024_11_20_20_15_30_425.jpg, C:\Users\Owner\Downloads\simulator-windows-64\dataTrack1\IMG\left_2024_11_20_20_15_30_425.jpg, C:\Users\Owner\Downloads\simulator-windows-64\dataTrack1\IMG\right_2024_11_20_20_15_30_425.jpg, 0, 0, 0, 22.63556
C:\Users\Owner\Downloads\simulator-windows-64\dataTrack1\IMG\center_2024_11_20_20_15_30_529.jpg, C:\Users\Owner\Downloads\simulator-windows-64\dataTrack1\IMG\left_2024_11_20_20_15_30_529.jpg, C:\Users\Owner\Downloads\simulator-windows-64\dataTrack1\IMG\right_2024_11_20_20_15_30_529.jpg, 0, 0.3103383, 0, 22.59772
C:\Users\Owner\Downloads\simulator-windows-64\dataTrack1\IMG\center_2024_11_20_20_15_30_631.jpg, C:\Users\Owner\Downloads\simulator-windows-64\dataTrack1\IMG\left_2024_11_20_20_15_30_631.jpg, C:\Users\Owner\Downloads\simulator-windows-64\dataTrack1\IMG\right_2024_11_20_20_15_30_631.jpg, 0, 0.2095315, 0, 22.76063
C:\Users\Owner\Downloads\simulator-windows-64\dataTrack1\IMG\center_2024_11_20_20_15_30_736.jpg, C:\Users\Owner\Downloads\simulator-windows-64\dataTrack1\IMG\left_2024_11_20_20_15_30_736.jpg, C:\Users\Owner\Downloads\simulator-windows-64\dataTrack1\IMG\right_2024_11_20_20_15_30_736.jpg, 0, 0, 0, 22.6287
C:\Users\Owner\Downloads\simulator-windows-64\dataTrack1\IMG\center_2024_11_20_20_15_30_840.jpg, C:\Users\Owner\Downloads\simulator-windows-64\dataTrack1\IMG\left_2024_11_20_20_15_30_840.jpg, C:\Users\Owner\Downloads\simulator-windows-64\dataTrack1\IMG\right_2024_11_20_20_15_30_840.jpg, -0.3139305, 0, 0, 22.33597
C:\Users\Owner\Downloads\simulator-windows-64\dataTrack1\IMG\center_2024_11_20_20_15_30_944.jpg, C:\Users\Owner\Downloads\simulator-windows-64\dataTrack1\IMG\left_2024_11_20_20_15_30_944.jpg, C:\Users\Owner\Downloads\simulator-windows-64\dataTrack1\IMG\right_2024_11_20_20_15_30_944.jpg, -0.4172445, 0.0542829, 0, 21.97673
C:\Users\Owner\Downloads\simulator-windows-64\dataTrack1\IMG\center_2024_11_20_20_15_31_048.jpg, C:\Users\Owner\Downloads\simulator-windows-64\dataTrack1\IMG\left_2024_11_20_20_15_31_048.jpg, C:\Users\Owner\Downloads\simulator-windows-64\dataTrack1\IMG\right_2024_11_20_20_15_31_048.jpg, -0.1062573, 0.1534941, 0, 21.97884
C:\Users\Owner\Downloads\simulator-windows-64\dataTrack1\IMG\center_2024_11_20_20_15_31_149.jpg, C:\Users\Owner\Downloads\simulator-windows-64\dataTrack1\IMG\left_2024_11_20_20_15_31_149.jpg, C:\Users\Owner\Downloads\simulator-windows-64\dataTrack1\IMG\right_2024_11_20_20_15_31_149.jpg, 0, 0, 0, 21.76587
C:\Users\Owner\Downloads\simulator-windows-64\dataTrack1\IMG\center_2024_11_20_20_15_31_254.jpg, C:\Users\Owner\Downloads\simulator-windows-64\dataTrack1\IMG\left_2024_11_20_20_15_31_254.jpg, C:\Users\Owner\Downloads\simulator-windows-64\dataTrack1\IMG\right_2024_11_20_20_15_31_254.jpg, 0, 0.3152292, 0, 21.7615
C:\Users\Owner\Downloads\simulator-windows-64\dataTrack1\IMG\center_2024_11_20_20_15_31_358.jpg, C:\Users\Owner\Downloads\simulator-windows-64\dataTrack1\IMG\left_2024_11_20_20_15_31_358.jpg, C:\Users\Owner\Downloads\simulator-windows-64\dataTrack1\IMG\right_2024_11_20_20_15_31_358.jpg, 0, 0.005090702, 0, 21.74216
C:\Users\Owner\Downloads\simulator-windows-64\dataTrack1\IMG\center_2024_11_20_20_15_31_461.jpg, C:\Users\Owner\Downloads\simulator-windows-64\dataTrack1\IMG\left_2024_11_20_20_15_31_461.jpg, C:\Users\Owner\Downloads\simulator-windows-64\dataTrack1\IMG\right_2024_11_20_20_15_31_461.jpg, 0, 0.3160152, 0, 21.68498
C:\Users\Owner\Downloads\simulator-windows-64\dataTrack1\IMG\center_2024_11_20_20_15_31_565.jpg, C:\Users\Owner\Downloads\simulator-windows-64\dataTrack1\IMG\left_2024_11_20_20_15_31_565.jpg, C:\Users\Owner\Downloads\simulator-windows-64\dataTrack1\IMG\right_2024_11_20_20_15_31_565.jpg, 0, 0.0549618, 0, 21.73041
C:\Users\Owner\Downloads\simulator-windows-64\dataTrack1\IMG\center_2024_11_20_20_15_31_667.jpg, C:\Users\Owner\Downloads\simulator-windows-64\dataTrack1\IMG\left_2024_11_20_20_15_31_667.jpg, C:\Users\Owner\Downloads\simulator-windows-64\dataTrack1\IMG\right_2024_11_20_20_15_31_667.jpg, 0, 0, 0, 21.48153
C:\Users\Owner\Downloads\simulator-windows-64\dataTrack1\IMG\center_2024_11_20_20_15_31_773.jpg, C:\Users\Owner\Downloads\simulator-windows-64\dataTrack1\IMG\left_2024_11_20_20_15_31_773.jpg, C:\Users\Owner\Downloads\simulator-windows-64\dataTrack1\IMG\right_2024_11_20_20_15_31_773.jpg, 0.3171744, 0, 0, 21.103
C:\Users\Owner\Downloads\simulator-windows-64\dataTrack1\IMG\center_2024_11_20_20_15_31_876.jpg, C:\Users\Owner\Downloads\simulator-windows-64\dataTrack1\IMG\left_2024_11_20_20_15_31_876.jpg, C:\Users\Owner\Downloads\simulator-windows-64\dataTrack1\IMG\right_2024_11_20_20_15_31_876.jpg, 0.006900609, 0, 0, 21.08189
C:\Users\Owner\Downloads\simulator-windows-64\dataTrack1\IMG\center_2024_11_20_20_15_31_979.jpg, C:\Users\Owner\Downloads\simulator-windows-64\dataTrack1\IMG\left_2024_11_20_20_15_31_979.jpg, C:\Users\Owner\Downloads\simulator-windows-64\dataTrack1\IMG\right_2024_11_20_20_15_31_979.jpg, 0, 0, 0, 20.56762
C:\Users\Owner\Downloads\simulator-windows-64\dataTrack1\IMG\center_2024_11_20_20_15_32_081.jpg, C:\Users\Owner\Downloads\simulator-windows-64\dataTrack1\IMG\left_2024_11_20_20_15_32_081.jpg, C:\Users\Owner\Downloads\simulator-windows-64\dataTrack1\IMG\right_2024_11_20_20_15_32_081.jpg, 0, 0.1536195, 0, 20.68488
C:\Users\Owner\Downloads\simulator-windows-64\dataTrack1\IMG\center_2024_11_20_20_15_32_187.jpg, C:\Users\Owner\Downloads\simulator-windows-64\dataTrack1\IMG\left_2024_11_20_20_15_32_187.jpg, C:\Users\Owner\Downloads\simulator-windows-64\dataTrack1\IMG\right_2024_11_20_20_15_32_187.jpg, 0, 0.3598983, 0, 20.87362
C:\Users\Owner\Downloads\simulator-windows-64\dataTrack1\IMG\center_2024_11_20_20_15_32_290.jpg, C:\Users\Owner\Downloads\simulator-windows-64\dataTrack1\IMG\left_2024_11_20_20_15_32_290.jpg, C:\Users\Owner\Downloads\simulator-windows-64\dataTrack1\IMG\right_2024_11_20_20_15_32_290.jpg, 0, 0.2562321, 0, 20.67513
C:\Users\Owner\Downloads\simulator-windows-64\dataTrack1\IMG\center_2024_11_20_20_15_32_394.jpg, C:\Users\Owner\Downloads\simulator-windows-64\dataTrack1\IMG\left_2024_11_20_20_15_32_394.jpg, C:\Users\Owner\Downloads\simulator-windows-64\dataTrack1\IMG\right_2024_11_20_20_15_32_394.jpg, 0, 0.5676368, 0, 21.22442
C:\Users\Owner\Downloads\simulator-windows-64\dataTrack1\IMG\center_2024_11_20_20_15_32_497.jpg, C:\Users\Owner\Downloads\simulator-windows-64\dataTrack1\IMG\left_2024_11_20_20_15_32_497.jpg, C:\Users\Owner\Downloads\simulator-windows-64\dataTrack1\IMG\right_2024_11_20_20_15_32_497.jpg, 0, 0.4621986, 0, 21.38305
C:\Users\Owner\Downloads\simulator-windows-64\dataTrack1\IMG\center_2024_11_20_20_15_32_600.jpg, C:\Users\Owner\Downloads\simulator-windows-64\dataTrack1\IMG\left_2024_11_20_20_15_32_600.jpg, C:\Users\Owner\Downloads\simulator-windows-64\dataTrack1\IMG\right_2024_11_20_20_15_32_600.jpg, 0, 0.5626671, 0, 22.00161
C:\Users\Owner\Downloads\simulator-windows-64\dataTrack1\IMG\center_2024_11_20_20_15_32_705.jpg, C:\Users\Owner\Downloads\simulator-windows-64\dataTrack1\IMG\left_2024_11_20_20_15_32_705.jpg, C:\Users\Owner\Downloads\simulator-windows-64\dataTrack1\IMG\right_2024_11_20_20_15_32_705.jpg, 0, 0.404115, 0, 22.20745
C:\Users\Owner\Downloads\simulator-windows-64\dataTrack1\IMG\center_2024_11_20_20_15_32_810.jpg, C:\Users\Owner\Downloads\simulator-windows-64\dataTrack1\IMG\left_2024_11_20_20_15_32_810.jpg, C:\Users\Owner\Downloads\simulator-windows-64\dataTrack1\IMG\right_2024_11_20_20_15_32_810.jpg, 0, 0.6608427, 0, 22.84279
C:\Users\Owner\Downloads\simulator-windows-64\dataTrack1\IMG\center_2024_11_20_20_15_32_912.jpg, C:\Users\Owner\Downloads\simulator-windows-64\dataTrack1\IMG\left_2024_11_20_20_15_32_912.jpg, C:\Users\Owner\Downloads\simulator-windows-64\dataTrack1\IMG\right_2024_11_20_20_15_32_912.jpg, 0, 0.6613398, 0, 23.3399
C:\Users\Owner\Downloads\simulator-windows-64\dataTrack1\IMG\center_2024_11_20_20_15_33_016.jpg, C:\Users\Owner\Downloads\simulator-windows-64\dataTrack1\IMG\left_2024_11_20_20_15_33_016.jpg, C:\Users\Owner\Downloads\simulator-windows-64\dataTrack1\IMG\right_2024_11_20_20_15_33_016.jpg, 0, 0.7587956, 0, 24.04746
C:\Users\Owner\Downloads\simulator-windows-64\dataTrack1\IMG\center_2024_11_20_20_15_33_118.jpg, C:\Users\Owner\Downloads\simulator-windows-64\dataTrack1\IMG\left_2024_11_20_20_15_33_118.jpg, C:\Users\Owner\Downloads\simulator-windows-64\dataTrack1\IMG\right_2024_11_20_20_15_33_118.jpg, 0, 0.76283, 0, 24.65328
C:\Users\Owner\Downloads\simulator-windows-64\dataTrack1\IMG\center_2024_11_20_20_15_33_223.jpg, C:\Users\Owner\Downloads\simulator-windows-64\dataTrack1\IMG\left_2024_11_20_20_15_33_223.jpg, C:\Users\Owner\Downloads\simulator-windows-64\dataTrack1\IMG\right_2024_11_20_20_15_33_223.jpg, 0, 1, 0, 25.47829
C:\Users\Owner\Downloads\simulator-windows-64\dataTrack1\IMG\center_2024_11_20_20_15_33_327.jpg, C:\Users\Owner\Downloads\simulator-windows-64\dataTrack1\IMG\left_2024_11_20_20_15_33_327.jpg, C:\Users\Owner\Downloads\simulator-windows-64\dataTrack1\IMG\right_2024_11_20_20_15_33_327.jpg, 0, 1, 0, 26.62342
C:\Users\Owner\Downloads\simulator-windows-64\dataTrack1\IMG\center_2024_11_20_20_15_33_431.jpg, C:\Users\Owner\Downloads\simulator-windows-64\dataTrack1\IMG\left_2024_11_20_20_15_33_431.jpg, C:\Users\Owner\Downloads\simulator-windows-64\dataTrack1\IMG\right_2024_11_20_20_15_33_431.jpg, 0, 1, 0, 27.56416
C:\Users\Owner\Downloads\simulator-windows-64\dataTrack1\IMG\center_2024_11_20_20_15_33_533.jpg, C:\Users\Owner\Downloads\simulator-windows-64\dataTrack1\IMG\left_2024_11_20_20_15_33_533.jpg, C:\Users\Owner\Downloads\simulator-windows-64\dataTrack1\IMG\right_2024_11_20_20_15_33_533.jpg, 0, 1, 0, 28.49515
C:\Users\Owner\Downloads\simulator-windows-64\dataTrack1\IMG\center_2024_11_20_20_15_33_638.jpg, C:\Users\Owner\Downloads\simulator-windows-64\dataTrack1\IMG\left_2024_11_20_20_15_33_638.jpg, C:\Users\Owner\Downloads\simulator-windows-64\dataTrack1\IMG\right_2024_11_20_20_15_33_638.jpg, 0, 1, 0, 29.41692
C:\Users\Owner\Downloads\simulator-windows-64\dataTrack1\IMG\center_2024_11_20_20_15_33_742.jpg, C:\Users\Owner\Downloads\simulator-windows-64\dataTrack1\IMG\left_2024_11_20_20_15_33_742.jpg, C:\Users\Owner\Downloads\simulator-windows-64\dataTrack1\IMG\right_2024_11_20_20_15_33_742.jpg, 0, 1, 0, 30.19049
C:\Users\Owner\Downloads\simulator-windows-64\dataTrack1\IMG\center_2024_11_20_20_15_33_845.jpg, C:\Users\Owner\Downloads\simulator-windows-64\dataTrack1\IMG\left_2024_11_20_20_15_33_845.jpg, C:\Users\Owner\Downloads\simulator-windows-64\dataTrack1\IMG\right_2024_11_20_20_15_33_845.jpg, 0, 1, 0, 30.19029
C:\Users\Owner\Downloads\simulator-windows-64\dataTrack1\IMG\center_2024_11_20_20_15_33_949.jpg, C:\Users\Owner\Downloads\simulator-windows-64\dataTrack1\IMG\left_2024_11_20_20_15_33_949.jpg, C:\Users\Owner\Downloads\simulator-windows-64\dataTrack1\IMG\right_2024_11_20_20_15_33_949.jpg, 0, 1, 0, 30.19029
C:\Users\Owner\Downloads\simulator-windows-64\dataTrack1\IMG\center_2024_11_20_20_15_34_055.jpg, C:\Users\Owner\Downloads\simulator-windows-64\dataTrack1\IMG\left_2024_11_20_20_15_34_055.jpg, C:\Users\Owner\Downloads\simulator-windows-64\dataTrack1\IMG\right_2024_11_20_20_15_34_055.jpg, 0, 1, 0, 30.1903
C:\Users\Owner\Downloads\simulator-windows-64\dataTrack1\IMG\center_2024_11_20_20_15_34_158.jpg, C:\Users\Owner\Downloads\simulator-windows-64\dataTrack1\IMG\left_2024_11_20_20_15_34_158.jpg, C:\Users\Owner\Downloads\simulator-windows-64\dataTrack1\IMG\right_2024_11_20_20_15_34_158.jpg, 0, 1, 0, 30.19032
C:\Users\Owner\Downloads\simulator-windows-64\dataTrack1\IMG\center_2024_11_20_20_15_34_261.jpg, C:\Users\Owner\Downloads\simulator-windows-64\dataTrack1\IMG\left_2024_11_20_20_15_34_261.jpg, C:\Users\Owner\Downloads\simulator-windows-64\dataTrack1\IMG\right_2024_11_20_20_15_34_261.jpg, 0, 1, 0, 30.1903
C:\Users\Owner\Downloads\simulator-windows-64\dataTrack1\IMG\center_2024_11_20_20_15_34_364.jpg, C:\Users\Owner\Downloads\simulator-windows-64\dataTrack1\IMG\left_2024_11_20_20_15_34_364.jpg, C:\Users\Owner\Downloads\simulator-windows-64\dataTrack1\IMG\right_2024_11_20_20_15_34_364.jpg, 0, 1, 0, 30.19033
C:\Users\Owner\Downloads\simulator-windows-64\dataTrack1\IMG\center_2024_11_20_20_15_34_466.jpg, C:\Users\Owner\Downloads\simulator-windows-64\dataTrack1\IMG\left_2024_11_20_20_15_34_466.jpg, C:\Users\Owner\Downloads\simulator-windows-64\dataTrack1\IMG\right_2024_11_20_20_15_34_466.jpg, 0, 1, 0, 30.19032
C:\Users\Owner\Downloads\simulator-windows-64\dataTrack1\IMG\center_2024_11_20_20_15_34_571.jpg, C:\Users\Owner\Downloads\simulator-windows-64\dataTrack1\IMG\left_2024_11_20_20_15_34_571.jpg, C:\Users\Owner\Downloads\simulator-windows-64\dataTrack1\IMG\right_2024_11_20_20_15_34_571.jpg, 0, 1, 0, 30.1903
C:\Users\Owner\Downloads\simulator-windows-64\dataTrack1\IMG\center_2024_11_20_20_15_34_674.jpg, C:\Users\Owner\Downloads\simulator-windows-64\dataTrack1\IMG\left_2024_11_20_20_15_34_674.jpg, C:\Users\Owner\Downloads\simulator-windows-64\dataTrack1\IMG\right_2024_11_20_20_15_34_674.jpg, 0, 1, 0, 30.19031
C:\Users\Owner\Downloads\simulator-windows-64\dataTrack1\IMG\center_2024_11_20_20_15_34_777.jpg, C:\Users\Owner\Downloads\simulator-windows-64\dataTrack1\IMG\left_2024_11_20_20_15_34_777.jpg, C:\Users\Owner\Downloads\simulator-windows-64\dataTrack1\IMG\right_2024_11_20_20_15_34_777.jpg, 0, 1, 0, 30.19027
C:\Users\Owner\Downloads\simulator-windows-64\dataTrack1\IMG\center_2024_11_20_20_15_34_880.jpg, C:\Users\Owner\Downloads\simulator-windows-64\dataTrack1\IMG\left_2024_11_20_20_15_34_880.jpg, C:\Users\Owner\Downloads\simulator-windows-64\dataTrack1\IMG\right_2024_11_20_20_15_34_880.jpg, 0, 1, 0, 30.19029
C:\Users\Owner\Downloads\simulator-windows-64\dataTrack1\IMG\center_2024_11_20_20_15_34_984.jpg, C:\Users\Owner\Downloads\simulator-windows-64\dataTrack1\IMG\left_2024_11_20_20_15_34_984.jpg, C:\Users\Owner\Downloads\simulator-windows-64\dataTrack1\IMG\right_2024_11_20_20_15_34_984.jpg, 0, 1, 0, 30.19049
C:\Users\Owner\Downloads\simulator-windows-64\dataTrack1\IMG\center_2024_11_20_20_15_35_090.jpg, C:\Users\Owner\Downloads\simulator-windows-64\dataTrack1\IMG\left_2024_11_20_20_15_35_090.jpg, C:\Users\Owner\Downloads\simulator-windows-64\dataTrack1\IMG\right_2024_11_20_20_15_35_090.jpg, 0, 0.8952922, 0, 30.17393
C:\Users\Owner\Downloads\simulator-windows-64\dataTrack1\IMG\center_2024_11_20_20_15_35_195.jpg, C:\Users\Owner\Downloads\simulator-windows-64\dataTrack1\IMG\left_2024_11_20_20_15_35_195.jpg, C:\Users\Owner\Downloads\simulator-windows-64\dataTrack1\IMG\right_2024_11_20_20_15_35_195.jpg, 0, 0.5808304, 0, 30.09294
C:\Users\Owner\Downloads\simulator-windows-64\dataTrack1\IMG\center_2024_11_20_20_15_35_299.jpg, C:\Users\Owner\Downloads\simulator-windows-64\dataTrack1\IMG\left_2024_11_20_20_15_35_299.jpg, C:\Users\Owner\Downloads\simulator-windows-64\dataTrack1\IMG\right_2024_11_20_20_15_35_299.jpg, 0, 0.2689474, 0, 30.01802
C:\Users\Owner\Downloads\simulator-windows-64\dataTrack1\IMG\center_2024_11_20_20_15_35_400.jpg, C:\Users\Owner\Downloads\simulator-windows-64\dataTrack1\IMG\left_2024_11_20_20_15_35_400.jpg, C:\Users\Owner\Downloads\simulator-windows-64\dataTrack1\IMG\right_2024_11_20_20_15_35_400.jpg, 0, 0, 0, 29.87606
C:\Users\Owner\Downloads\simulator-windows-64\dataTrack1\IMG\center_2024_11_20_20_15_35_505.jpg, C:\Users\Owner\Downloads\simulator-windows-64\dataTrack1\IMG\left_2024_11_20_20_15_35_505.jpg, C:\Users\Owner\Downloads\simulator-windows-64\dataTrack1\IMG\right_2024_11_20_20_15_35_505.jpg, 0, 0, 0, 29.57296
C:\Users\Owner\Downloads\simulator-windows-64\dataTrack1\IMG\center_2024_11_20_20_15_35_610.jpg, C:\Users\Owner\Downloads\simulator-windows-64\dataTrack1\IMG\left_2024_11_20_20_15_35_610.jpg, C:\Users\Owner\Downloads\simulator-windows-64\dataTrack1\IMG\right_2024_11_20_20_15_35_610.jpg, 0, 0, 0, 29.21702
C:\Users\Owner\Downloads\simulator-windows-64\dataTrack1\IMG\center_2024_11_20_20_15_35_711.jpg, C:\Users\Owner\Downloads\simulator-windows-64\dataTrack1\IMG\left_2024_11_20_20_15_35_711.jpg, C:\Users\Owner\Downloads\simulator-windows-64\dataTrack1\IMG\right_2024_11_20_20_15_35_711.jpg, 0, 0, 0, 28.92363
C:\Users\Owner\Downloads\simulator-windows-64\dataTrack1\IMG\center_2024_11_20_20_15_35_815.jpg, C:\Users\Owner\Downloads\simulator-windows-64\dataTrack1\IMG\left_2024_11_20_20_15_35_815.jpg, C:\Users\Owner\Downloads\simulator-windows-64\dataTrack1\IMG\right_2024_11_20_20_15_35_815.jpg, -0.3112632, 0, 0, 28.57541
C:\Users\Owner\Downloads\simulator-windows-64\dataTrack1\IMG\center_2024_11_20_20_15_35_920.jpg, C:\Users\Owner\Downloads\simulator-windows-64\dataTrack1\IMG\left_2024_11_20_20_15_35_920.jpg, C:\Users\Owner\Downloads\simulator-windows-64\dataTrack1\IMG\right_2024_11_20_20_15_35_920.jpg, 0, 0, 0, 28.27341
C:\Users\Owner\Downloads\simulator-windows-64\dataTrack1\IMG\center_2024_11_20_20_15_36_025.jpg, C:\Users\Owner\Downloads\simulator-windows-64\dataTrack1\IMG\left_2024_11_20_20_15_36_025.jpg, C:\Users\Owner\Downloads\simulator-windows-64\dataTrack1\IMG\right_2024_11_20_20_15_36_025.jpg, 0, 0, 0, 27.98594
C:\Users\Owner\Downloads\simulator-windows-64\dataTrack1\IMG\center_2024_11_20_20_15_36_130.jpg, C:\Users\Owner\Downloads\simulator-windows-64\dataTrack1\IMG\left_2024_11_20_20_15_36_130.jpg, C:\Users\Owner\Downloads\simulator-windows-64\dataTrack1\IMG\right_2024_11_20_20_15_36_130.jpg, 0, 0, 0, 27.64845
C:\Users\Owner\Downloads\simulator-windows-64\dataTrack1\IMG\center_2024_11_20_20_15_36_233.jpg, C:\Users\Owner\Downloads\simulator-windows-64\dataTrack1\IMG\left_2024_11_20_20_15_36_233.jpg, C:\Users\Owner\Downloads\simulator-windows-64\dataTrack1\IMG\right_2024_11_20_20_15_36_233.jpg, 0, 0, 0, 27.37079
C:\Users\Owner\Downloads\simulator-windows-64\dataTrack1\IMG\center_2024_11_20_20_15_36_335.jpg, C:\Users\Owner\Downloads\simulator-windows-64\dataTrack1\IMG\left_2024_11_20_20_15_36_335.jpg, C:\Users\Owner\Downloads\simulator-windows-64\dataTrack1\IMG\right_2024_11_20_20_15_36_335.jpg, -0.1493967, 0, 0, 27.08789
C:\Users\Owner\Downloads\simulator-windows-64\dataTrack1\IMG\center_2024_11_20_20_15_36_439.jpg, C:\Users\Owner\Downloads\simulator-windows-64\dataTrack1\IMG\left_2024_11_20_20_15_36_439.jpg, C:\Users\Owner\Downloads\simulator-windows-64\dataTrack1\IMG\right_2024_11_20_20_15_36_439.jpg, -0.3584535, 0, 0, 26.70958
C:\Users\Owner\Downloads\simulator-windows-64\dataTrack1\IMG\center_2024_11_20_20_15_36_543.jpg, C:\Users\Owner\Downloads\simulator-windows-64\dataTrack1\IMG\left_2024_11_20_20_15_36_543.jpg, C:\Users\Owner\Downloads\simulator-windows-64\dataTrack1\IMG\right_2024_11_20_20_15_36_543.jpg, -0.04778333, 0, 0, 26.43275
C:\Users\Owner\Downloads\simulator-windows-64\dataTrack1\IMG\center_2024_11_20_20_15_36_647.jpg, C:\Users\Owner\Downloads\simulator-windows-64\dataTrack1\IMG\left_2024_11_20_20_15_36_647.jpg, C:\Users\Owner\Downloads\simulator-windows-64\dataTrack1\IMG\right_2024_11_20_20_15_36_647.jpg, 0, 0, 0, 26.15804
C:\Users\Owner\Downloads\simulator-windows-64\dataTrack1\IMG\center_2024_11_20_20_15_36_749.jpg, C:\Users\Owner\Downloads\simulator-windows-64\dataTrack1\IMG\left_2024_11_20_20_15_36_749.jpg, C:\Users\Owner\Downloads\simulator-windows-64\dataTrack1\IMG\right_2024_11_20_20_15_36_749.jpg, 0, 0.1974681, 0, 25.92428
C:\Users\Owner\Downloads\simulator-windows-64\dataTrack1\IMG\center_2024_11_20_20_15_36_855.jpg, C:\Users\Owner\Downloads\simulator-windows-64\dataTrack1\IMG\left_2024_11_20_20_15_36_855.jpg, C:\Users\Owner\Downloads\simulator-windows-64\dataTrack1\IMG\right_2024_11_20_20_15_36_855.jpg, 0, 0.09794549, 0, 25.92822
C:\Users\Owner\Downloads\simulator-windows-64\dataTrack1\IMG\center_2024_11_20_20_15_36_959.jpg, C:\Users\Owner\Downloads\simulator-windows-64\dataTrack1\IMG\left_2024_11_20_20_15_36_959.jpg, C:\Users\Owner\Downloads\simulator-windows-64\dataTrack1\IMG\right_2024_11_20_20_15_36_959.jpg, 0, 0.1040742, 0, 25.7066
C:\Users\Owner\Downloads\simulator-windows-64\dataTrack1\IMG\center_2024_11_20_20_15_37_062.jpg, C:\Users\Owner\Downloads\simulator-windows-64\dataTrack1\IMG\left_2024_11_20_20_15_37_062.jpg, C:\Users\Owner\Downloads\simulator-windows-64\dataTrack1\IMG\right_2024_11_20_20_15_37_062.jpg, 0, 0.1027278, 0, 25.68079
C:\Users\Owner\Downloads\simulator-windows-64\dataTrack1\IMG\center_2024_11_20_20_15_37_166.jpg, C:\Users\Owner\Downloads\simulator-windows-64\dataTrack1\IMG\left_2024_11_20_20_15_37_166.jpg, C:\Users\Owner\Downloads\simulator-windows-64\dataTrack1\IMG\right_2024_11_20_20_15_37_166.jpg, 0, 0.0252918, 0, 25.4465
C:\Users\Owner\Downloads\simulator-windows-64\dataTrack1\IMG\center_2024_11_20_20_15_37_268.jpg, C:\Users\Owner\Downloads\simulator-windows-64\dataTrack1\IMG\left_2024_11_20_20_15_37_268.jpg, C:\Users\Owner\Downloads\simulator-windows-64\dataTrack1\IMG\right_2024_11_20_20_15_37_268.jpg, 0, 0.1754475, 0, 25.4185
C:\Users\Owner\Downloads\simulator-windows-64\dataTrack1\IMG\center_2024_11_20_20_15_37_375.jpg, C:\Users\Owner\Downloads\simulator-windows-64\dataTrack1\IMG\left_2024_11_20_20_15_37_375.jpg, C:\Users\Owner\Downloads\simulator-windows-64\dataTrack1\IMG\right_2024_11_20_20_15_37_375.jpg, 0, 0.1060794, 0, 25.23234
C:\Users\Owner\Downloads\simulator-windows-64\dataTrack1\IMG\center_2024_11_20_20_15_37_479.jpg, C:\Users\Owner\Downloads\simulator-windows-64\dataTrack1\IMG\left_2024_11_20_20_15_37_479.jpg, C:\Users\Owner\Downloads\simulator-windows-64\dataTrack1\IMG\right_2024_11_20_20_15_37_479.jpg, 0, 0.1070994, 0, 25.20138
C:\Users\Owner\Downloads\simulator-windows-64\dataTrack1\IMG\center_2024_11_20_20_15_37_582.jpg, C:\Users\Owner\Downloads\simulator-windows-64\dataTrack1\IMG\left_2024_11_20_20_15_37_582.jpg, C:\Users\Owner\Downloads\simulator-windows-64\dataTrack1\IMG\right_2024_11_20_20_15_37_582.jpg, 0, 0.1538328, 0, 25.00337
C:\Users\Owner\Downloads\simulator-windows-64\dataTrack1\IMG\center_2024_11_20_20_15_37_684.jpg, C:\Users\Owner\Downloads\simulator-windows-64\dataTrack1\IMG\left_2024_11_20_20_15_37_684.jpg, C:\Users\Owner\Downloads\simulator-windows-64\dataTrack1\IMG\right_2024_11_20_20_15_37_684.jpg, 0, 0.2023407, 0, 25.04684
C:\Users\Owner\Downloads\simulator-windows-64\dataTrack1\IMG\center_2024_11_20_20_15_37_790.jpg, C:\Users\Owner\Downloads\simulator-windows-64\dataTrack1\IMG\left_2024_11_20_20_15_37_790.jpg, C:\Users\Owner\Downloads\simulator-windows-64\dataTrack1\IMG\right_2024_11_20_20_15_37_790.jpg, 0, 0.1534164, 0, 24.85163
C:\Users\Owner\Downloads\simulator-windows-64\dataTrack1\IMG\center_2024_11_20_20_15_37_895.jpg, C:\Users\Owner\Downloads\simulator-windows-64\dataTrack1\IMG\left_2024_11_20_20_15_37_895.jpg, C:\Users\Owner\Downloads\simulator-windows-64\dataTrack1\IMG\right_2024_11_20_20_15_37_895.jpg, 0, 0.1553277, 0, 24.89797
C:\Users\Owner\Downloads\simulator-windows-64\dataTrack1\IMG\center_2024_11_20_20_15_38_000.jpg, C:\Users\Owner\Downloads\simulator-windows-64\dataTrack1\IMG\left_2024_11_20_20_15_38_000.jpg, C:\Users\Owner\Downloads\simulator-windows-64\dataTrack1\IMG\right_2024_11_20_20_15_38_000.jpg, 0, 0.1521096, 0, 24.73095
C:\Users\Owner\Downloads\simulator-windows-64\dataTrack1\IMG\center_2024_11_20_20_15_38_102.jpg, C:\Users\Owner\Downloads\simulator-windows-64\dataTrack1\IMG\left_2024_11_20_20_15_38_102.jpg, C:\Users\Owner\Downloads\simulator-windows-64\dataTrack1\IMG\right_2024_11_20_20_15_38_102.jpg, 0, 0.2494371, 0, 24.80737
C:\Users\Owner\Downloads\simulator-windows-64\dataTrack1\IMG\center_2024_11_20_20_15_38_208.jpg, C:\Users\Owner\Downloads\simulator-windows-64\dataTrack1\IMG\left_2024_11_20_20_15_38_208.jpg, C:\Users\Owner\Downloads\simulator-windows-64\dataTrack1\IMG\right_2024_11_20_20_15_38_208.jpg, 0, 0.0530298, 0, 24.64641
C:\Users\Owner\Downloads\simulator-windows-64\dataTrack1\IMG\center_2024_11_20_20_15_38_311.jpg, C:\Users\Owner\Downloads\simulator-windows-64\dataTrack1\IMG\left_2024_11_20_20_15_38_311.jpg, C:\Users\Owner\Downloads\simulator-windows-64\dataTrack1\IMG\right_2024_11_20_20_15_38_311.jpg, 0, 0.1566777, 0, 24.62661
C:\Users\Owner\Downloads\simulator-windows-64\dataTrack1\IMG\center_2024_11_20_20_15_38_414.jpg, C:\Users\Owner\Downloads\simulator-windows-64\dataTrack1\IMG\left_2024_11_20_20_15_38_414.jpg, C:\Users\Owner\Downloads\simulator-windows-64\dataTrack1\IMG\right_2024_11_20_20_15_38_414.jpg, 0, 0, 0, 24.4201
C:\Users\Owner\Downloads\simulator-windows-64\dataTrack1\IMG\center_2024_11_20_20_15_38_518.jpg, C:\Users\Owner\Downloads\simulator-windows-64\dataTrack1\IMG\left_2024_11_20_20_15_38_518.jpg, C:\Users\Owner\Downloads\simulator-windows-64\dataTrack1\IMG\right_2024_11_20_20_15_38_518.jpg, 0, 0.3127779, 0, 24.35772
C:\Users\Owner\Downloads\simulator-windows-64\dataTrack1\IMG\center_2024_11_20_20_15_38_621.jpg, C:\Users\Owner\Downloads\simulator-windows-64\dataTrack1\IMG\left_2024_11_20_20_15_38_621.jpg, C:\Users\Owner\Downloads\simulator-windows-64\dataTrack1\IMG\right_2024_11_20_20_15_38_621.jpg, 0, 0.008669075, 0, 24.33481
C:\Users\Owner\Downloads\simulator-windows-64\dataTrack1\IMG\center_2024_11_20_20_15_38_725.jpg, C:\Users\Owner\Downloads\simulator-windows-64\dataTrack1\IMG\left_2024_11_20_20_15_38_725.jpg, C:\Users\Owner\Downloads\simulator-windows-64\dataTrack1\IMG\right_2024_11_20_20_15_38_725.jpg, 0, 0.3250119, 0, 24.24783
C:\Users\Owner\Downloads\simulator-windows-64\dataTrack1\IMG\center_2024_11_20_20_15_38_827.jpg, C:\Users\Owner\Downloads\simulator-windows-64\dataTrack1\IMG\left_2024_11_20_20_15_38_827.jpg, C:\Users\Owner\Downloads\simulator-windows-64\dataTrack1\IMG\right_2024_11_20_20_15_38_827.jpg, 0, 0.1839027, 0, 24.43949
C:\Users\Owner\Downloads\simulator-windows-64\dataTrack1\IMG\center_2024_11_20_20_15_38_931.jpg, C:\Users\Owner\Downloads\simulator-windows-64\dataTrack1\IMG\left_2024_11_20_20_15_38_931.jpg, C:\Users\Owner\Downloads\simulator-windows-64\dataTrack1\IMG\right_2024_11_20_20_15_38_931.jpg, 0, 0.1038468, 0, 24.27382
C:\Users\Owner\Downloads\simulator-windows-64\dataTrack1\IMG\center_2024_11_20_20_15_39_035.jpg, C:\Users\Owner\Downloads\simulator-windows-64\dataTrack1\IMG\left_2024_11_20_20_15_39_035.jpg, C:\Users\Owner\Downloads\simulator-windows-64\dataTrack1\IMG\right_2024_11_20_20_15_39_035.jpg, 0, 0.4168605, 0, 24.34105
C:\Users\Owner\Downloads\simulator-windows-64\dataTrack1\IMG\center_2024_11_20_20_15_39_140.jpg, C:\Users\Owner\Downloads\simulator-windows-64\dataTrack1\IMG\left_2024_11_20_20_15_39_140.jpg, C:\Users\Owner\Downloads\simulator-windows-64\dataTrack1\IMG\right_2024_11_20_20_15_39_140.jpg, 0, 0.1001664, 0, 24.43077
C:\Users\Owner\Downloads\simulator-windows-64\dataTrack1\IMG\center_2024_11_20_20_15_39_244.jpg, C:\Users\Owner\Downloads\simulator-windows-64\dataTrack1\IMG\left_2024_11_20_20_15_39_244.jpg, C:\Users\Owner\Downloads\simulator-windows-64\dataTrack1\IMG\right_2024_11_20_20_15_39_244.jpg, 0, 0.05238, 0, 24.20635
C:\Users\Owner\Downloads\simulator-windows-64\dataTrack1\IMG\center_2024_11_20_20_15_39_348.jpg, C:\Users\Owner\Downloads\simulator-windows-64\dataTrack1\IMG\left_2024_11_20_20_15_39_348.jpg, C:\Users\Owner\Downloads\simulator-windows-64\dataTrack1\IMG\right_2024_11_20_20_15_39_348.jpg, 0, 0.4165938, 0, 24.28932
C:\Users\Owner\Downloads\simulator-windows-64\dataTrack1\IMG\center_2024_11_20_20_15_39_451.jpg, C:\Users\Owner\Downloads\simulator-windows-64\dataTrack1\IMG\left_2024_11_20_20_15_39_451.jpg, C:\Users\Owner\Downloads\simulator-windows-64\dataTrack1\IMG\right_2024_11_20_20_15_39_451.jpg, 0, 0.1095969, 0, 24.34923
C:\Users\Owner\Downloads\simulator-windows-64\dataTrack1\IMG\center_2024_11_20_20_15_39_556.jpg, C:\Users\Owner\Downloads\simulator-windows-64\dataTrack1\IMG\left_2024_11_20_20_15_39_556.jpg, C:\Users\Owner\Downloads\simulator-windows-64\dataTrack1\IMG\right_2024_11_20_20_15_39_556.jpg, 0, 0.1071102, 0, 24.14692
C:\Users\Owner\Downloads\simulator-windows-64\dataTrack1\IMG\center_2024_11_20_20_15_39_660.jpg, C:\Users\Owner\Downloads\simulator-windows-64\dataTrack1\IMG\left_2024_11_20_20_15_39_660.jpg, C:\Users\Owner\Downloads\simulator-windows-64\dataTrack1\IMG\right_2024_11_20_20_15_39_660.jpg, 0, 0.420732, 0, 24.21283
C:\Users\Owner\Downloads\simulator-windows-64\dataTrack1\IMG\center_2024_11_20_20_15_39_761.jpg, C:\Users\Owner\Downloads\simulator-windows-64\dataTrack1\IMG\left_2024_11_20_20_15_39_761.jpg, C:\Users\Owner\Downloads\simulator-windows-64\dataTrack1\IMG\right_2024_11_20_20_15_39_761.jpg, 0, 0.116682, 0, 24.33962
C:\Users\Owner\Downloads\simulator-windows-64\dataTrack1\IMG\center_2024_11_20_20_15_39_866.jpg, C:\Users\Owner\Downloads\simulator-windows-64\dataTrack1\IMG\left_2024_11_20_20_15_39_866.jpg, C:\Users\Owner\Downloads\simulator-windows-64\dataTrack1\IMG\right_2024_11_20_20_15_39_866.jpg, 0, 0.3786297, 0, 24.37471
C:\Users\Owner\Downloads\simulator-windows-64\dataTrack1\IMG\center_2024_11_20_20_15_39_970.jpg, C:\Users\Owner\Downloads\simulator-windows-64\dataTrack1\IMG\left_2024_11_20_20_15_39_970.jpg, C:\Users\Owner\Downloads\simulator-windows-64\dataTrack1\IMG\right_2024_11_20_20_15_39_970.jpg, 0, 0.7424181, 0, 24.93392
C:\Users\Owner\Downloads\simulator-windows-64\dataTrack1\IMG\center_2024_11_20_20_15_40_075.jpg, C:\Users\Owner\Downloads\simulator-windows-64\dataTrack1\IMG\left_2024_11_20_20_15_40_075.jpg, C:\Users\Owner\Downloads\simulator-windows-64\dataTrack1\IMG\right_2024_11_20_20_15_40_075.jpg, 0, 0.4263897, 0, 25.38126
C:\Users\Owner\Downloads\simulator-windows-64\dataTrack1\IMG\center_2024_11_20_20_15_40_180.jpg, C:\Users\Owner\Downloads\simulator-windows-64\dataTrack1\IMG\left_2024_11_20_20_15_40_180.jpg, C:\Users\Owner\Downloads\simulator-windows-64\dataTrack1\IMG\right_2024_11_20_20_15_40_180.jpg, 0, 0.5416332, 0, 25.61144
C:\Users\Owner\Downloads\simulator-windows-64\dataTrack1\IMG\center_2024_11_20_20_15_40_282.jpg, C:\Users\Owner\Downloads\simulator-windows-64\dataTrack1\IMG\left_2024_11_20_20_15_40_282.jpg, C:\Users\Owner\Downloads\simulator-windows-64\dataTrack1\IMG\right_2024_11_20_20_15_40_282.jpg, 0, 0.6517213, 0, 26.15594
C:\Users\Owner\Downloads\simulator-windows-64\dataTrack1\IMG\center_2024_11_20_20_15_40_386.jpg, C:\Users\Owner\Downloads\simulator-windows-64\dataTrack1\IMG\left_2024_11_20_20_15_40_386.jpg, C:\Users\Owner\Downloads\simulator-windows-64\dataTrack1\IMG\right_2024_11_20_20_15_40_386.jpg, 0, 0.3935083, 0, 26.52526
C:\Users\Owner\Downloads\simulator-windows-64\dataTrack1\IMG\center_2024_11_20_20_15_40_490.jpg, C:\Users\Owner\Downloads\simulator-windows-64\dataTrack1\IMG\left_2024_11_20_20_15_40_490.jpg, C:\Users\Owner\Downloads\simulator-windows-64\dataTrack1\IMG\right_2024_11_20_20_15_40_490.jpg, 0, 0.7605788, 0, 27.06434
C:\Users\Owner\Downloads\simulator-windows-64\dataTrack1\IMG\center_2024_11_20_20_15_40_595.jpg, C:\Users\Owner\Downloads\simulator-windows-64\dataTrack1\IMG\left_2024_11_20_20_15_40_595.jpg, C:\Users\Owner\Downloads\simulator-windows-64\dataTrack1\IMG\right_2024_11_20_20_15_40_595.jpg, 0, 0.4467294, 0, 27.51508
C:\Users\Owner\Downloads\simulator-windows-64\dataTrack1\IMG\center_2024_11_20_20_15_40_699.jpg, C:\Users\Owner\Downloads\simulator-windows-64\dataTrack1\IMG\left_2024_11_20_20_15_40_699.jpg, C:\Users\Owner\Downloads\simulator-windows-64\dataTrack1\IMG\right_2024_11_20_20_15_40_699.jpg, 0, 0.7587312, 0, 27.95477
C:\Users\Owner\Downloads\simulator-windows-64\dataTrack1\IMG\center_2024_11_20_20_15_40_800.jpg, C:\Users\Owner\Downloads\simulator-windows-64\dataTrack1\IMG\left_2024_11_20_20_15_40_800.jpg, C:\Users\Owner\Downloads\simulator-windows-64\dataTrack1\IMG\right_2024_11_20_20_15_40_800.jpg, 0, 0.6507723, 0, 28.63128
C:\Users\Owner\Downloads\simulator-windows-64\dataTrack1\IMG\center_2024_11_20_20_15_40_908.jpg, C:\Users\Owner\Downloads\simulator-windows-64\dataTrack1\IMG\left_2024_11_20_20_15_40_908.jpg, C:\Users\Owner\Downloads\simulator-windows-64\dataTrack1\IMG\right_2024_11_20_20_15_40_908.jpg, 0, 0.5454831, 0, 29.04449
C:\Users\Owner\Downloads\simulator-windows-64\dataTrack1\IMG\center_2024_11_20_20_15_41_011.jpg, C:\Users\Owner\Downloads\simulator-windows-64\dataTrack1\IMG\left_2024_11_20_20_15_41_011.jpg, C:\Users\Owner\Downloads\simulator-windows-64\dataTrack1\IMG\right_2024_11_20_20_15_41_011.jpg, 0, 0.8546916, 0, 29.60496
C:\Users\Owner\Downloads\simulator-windows-64\dataTrack1\IMG\center_2024_11_20_20_15_41_114.jpg, C:\Users\Owner\Downloads\simulator-windows-64\dataTrack1\IMG\left_2024_11_20_20_15_41_114.jpg, C:\Users\Owner\Downloads\simulator-windows-64\dataTrack1\IMG\right_2024_11_20_20_15_41_114.jpg, 0, 0.5432423, 0, 30.08518
C:\Users\Owner\Downloads\simulator-windows-64\dataTrack1\IMG\center_2024_11_20_20_15_41_218.jpg, C:\Users\Owner\Downloads\simulator-windows-64\dataTrack1\IMG\left_2024_11_20_20_15_41_218.jpg, C:\Users\Owner\Downloads\simulator-windows-64\dataTrack1\IMG\right_2024_11_20_20_15_41_218.jpg, 0, 0.2327336, 0, 30.00256
C:\Users\Owner\Downloads\simulator-windows-64\dataTrack1\IMG\center_2024_11_20_20_15_41_320.jpg, C:\Users\Owner\Downloads\simulator-windows-64\dataTrack1\IMG\left_2024_11_20_20_15_41_320.jpg, C:\Users\Owner\Downloads\simulator-windows-64\dataTrack1\IMG\right_2024_11_20_20_15_41_320.jpg, 0, 0, 0, 29.83315
C:\Users\Owner\Downloads\simulator-windows-64\dataTrack1\IMG\center_2024_11_20_20_15_41_425.jpg, C:\Users\Owner\Downloads\simulator-windows-64\dataTrack1\IMG\left_2024_11_20_20_15_41_425.jpg, C:\Users\Owner\Downloads\simulator-windows-64\dataTrack1\IMG\right_2024_11_20_20_15_41_425.jpg, 0, 0, 0, 29.52827
C:\Users\Owner\Downloads\simulator-windows-64\dataTrack1\IMG\center_2024_11_20_20_15_41_529.jpg, C:\Users\Owner\Downloads\simulator-windows-64\dataTrack1\IMG\left_2024_11_20_20_15_41_529.jpg, C:\Users\Owner\Downloads\simulator-windows-64\dataTrack1\IMG\right_2024_11_20_20_15_41_529.jpg, 0, 0, 0, 29.17274
C:\Users\Owner\Downloads\simulator-windows-64\dataTrack1\IMG\center_2024_11_20_20_15_41_633.jpg, C:\Users\Owner\Downloads\simulator-windows-64\dataTrack1\IMG\left_2024_11_20_20_15_41_633.jpg, C:\Users\Owner\Downloads\simulator-windows-64\dataTrack1\IMG\right_2024_11_20_20_15_41_633.jpg, 0, 0, 0, 28.87979
C:\Users\Owner\Downloads\simulator-windows-64\dataTrack1\IMG\center_2024_11_20_20_15_41_734.jpg, C:\Users\Owner\Downloads\simulator-windows-64\dataTrack1\IMG\left_2024_11_20_20_15_41_734.jpg, C:\Users\Owner\Downloads\simulator-windows-64\dataTrack1\IMG\right_2024_11_20_20_15_41_734.jpg, -0.2041995, 0, 0, 28.57038
C:\Users\Owner\Downloads\simulator-windows-64\dataTrack1\IMG\center_2024_11_20_20_15_41_840.jpg, C:\Users\Owner\Downloads\simulator-windows-64\dataTrack1\IMG\left_2024_11_20_20_15_41_840.jpg, C:\Users\Owner\Downloads\simulator-windows-64\dataTrack1\IMG\right_2024_11_20_20_15_41_840.jpg, -0.4071024, 0, 0, 28.1443
C:\Users\Owner\Downloads\simulator-windows-64\dataTrack1\IMG\center_2024_11_20_20_15_41_944.jpg, C:\Users\Owner\Downloads\simulator-windows-64\dataTrack1\IMG\left_2024_11_20_20_15_41_944.jpg, C:\Users\Owner\Downloads\simulator-windows-64\dataTrack1\IMG\right_2024_11_20_20_15_41_944.jpg, -0.09424384, 0, 0, 27.84648
C:\Users\Owner\Downloads\simulator-windows-64\dataTrack1\IMG\center_2024_11_20_20_15_42_050.jpg, C:\Users\Owner\Downloads\simulator-windows-64\dataTrack1\IMG\left_2024_11_20_20_15_42_050.jpg, C:\Users\Owner\Downloads\simulator-windows-64\dataTrack1\IMG\right_2024_11_20_20_15_42_050.jpg, 0, 0, 0, 27.49738
C:\Users\Owner\Downloads\simulator-windows-64\dataTrack1\IMG\center_2024_11_20_20_15_42_151.jpg, C:\Users\Owner\Downloads\simulator-windows-64\dataTrack1\IMG\left_2024_11_20_20_15_42_151.jpg, C:\Users\Owner\Downloads\simulator-windows-64\dataTrack1\IMG\right_2024_11_20_20_15_42_151.jpg, 0, 0, 0, 27.21983
C:\Users\Owner\Downloads\simulator-windows-64\dataTrack1\IMG\center_2024_11_20_20_15_42_259.jpg, C:\Users\Owner\Downloads\simulator-windows-64\dataTrack1\IMG\left_2024_11_20_20_15_42_259.jpg, C:\Users\Owner\Downloads\simulator-windows-64\dataTrack1\IMG\right_2024_11_20_20_15_42_259.jpg, 0, 0, 0, 26.94633
C:\Users\Owner\Downloads\simulator-windows-64\dataTrack1\IMG\center_2024_11_20_20_15_42_363.jpg, C:\Users\Owner\Downloads\simulator-windows-64\dataTrack1\IMG\left_2024_11_20_20_15_42_363.jpg, C:\Users\Owner\Downloads\simulator-windows-64\dataTrack1\IMG\right_2024_11_20_20_15_42_363.jpg, 0, 0, 0, 26.67575
C:\Users\Owner\Downloads\simulator-windows-64\dataTrack1\IMG\center_2024_11_20_20_15_42_469.jpg, C:\Users\Owner\Downloads\simulator-windows-64\dataTrack1\IMG\left_2024_11_20_20_15_42_469.jpg, C:\Users\Owner\Downloads\simulator-windows-64\dataTrack1\IMG\right_2024_11_20_20_15_42_469.jpg, 0, 0.103458, 0, 26.37372
C:\Users\Owner\Downloads\simulator-windows-64\dataTrack1\IMG\center_2024_11_20_20_15_42_571.jpg, C:\Users\Owner\Downloads\simulator-windows-64\dataTrack1\IMG\left_2024_11_20_20_15_42_571.jpg, C:\Users\Owner\Downloads\simulator-windows-64\dataTrack1\IMG\right_2024_11_20_20_15_42_571.jpg, 0, 0.2051871, 0, 26.38992
C:\Users\Owner\Downloads\simulator-windows-64\dataTrack1\IMG\center_2024_11_20_20_15_42_677.jpg, C:\Users\Owner\Downloads\simulator-windows-64\dataTrack1\IMG\left_2024_11_20_20_15_42_677.jpg, C:\Users\Owner\Downloads\simulator-windows-64\dataTrack1\IMG\right_2024_11_20_20_15_42_677.jpg, 0, 0, 0, 26.21102
C:\Users\Owner\Downloads\simulator-windows-64\dataTrack1\IMG\center_2024_11_20_20_15_42_778.jpg, C:\Users\Owner\Downloads\simulator-windows-64\dataTrack1\IMG\left_2024_11_20_20_15_42_778.jpg, C:\Users\Owner\Downloads\simulator-windows-64\dataTrack1\IMG\right_2024_11_20_20_15_42_778.jpg, 0, 0, 0, 25.94456
C:\Users\Owner\Downloads\simulator-windows-64\dataTrack1\IMG\center_2024_11_20_20_15_42_881.jpg, C:\Users\Owner\Downloads\simulator-windows-64\dataTrack1\IMG\left_2024_11_20_20_15_42_881.jpg, C:\Users\Owner\Downloads\simulator-windows-64\dataTrack1\IMG\right_2024_11_20_20_15_42_881.jpg, 0, 0.103221, 0, 25.68437
C:\Users\Owner\Downloads\simulator-windows-64\dataTrack1\IMG\center_2024_11_20_20_15_42_986.jpg, C:\Users\Owner\Downloads\simulator-windows-64\dataTrack1\IMG\left_2024_11_20_20_15_42_986.jpg, C:\Users\Owner\Downloads\simulator-windows-64\dataTrack1\IMG\right_2024_11_20_20_15_42_986.jpg, 0, 0.1564746, 0, 25.66955
C:\Users\Owner\Downloads\simulator-windows-64\dataTrack1\IMG\center_2024_11_20_20_15_43_090.jpg, C:\Users\Owner\Downloads\simulator-windows-64\dataTrack1\IMG\left_2024_11_20_20_15_43_090.jpg, C:\Users\Owner\Downloads\simulator-windows-64\dataTrack1\IMG\right_2024_11_20_20_15_43_090.jpg, 0, 0, 0, 25.39214
C:\Users\Owner\Downloads\simulator-windows-64\dataTrack1\IMG\center_2024_11_20_20_15_43_196.jpg, C:\Users\Owner\Downloads\simulator-windows-64\dataTrack1\IMG\left_2024_11_20_20_15_43_196.jpg, C:\Users\Owner\Downloads\simulator-windows-64\dataTrack1\IMG\right_2024_11_20_20_15_43_196.jpg, 0, 0.1580529, 0, 25.18696
C:\Users\Owner\Downloads\simulator-windows-64\dataTrack1\IMG\center_2024_11_20_20_15_43_299.jpg, C:\Users\Owner\Downloads\simulator-windows-64\dataTrack1\IMG\left_2024_11_20_20_15_43_299.jpg, C:\Users\Owner\Downloads\simulator-windows-64\dataTrack1\IMG\right_2024_11_20_20_15_43_299.jpg, 0, 0.2555985, 0, 25.25743
C:\Users\Owner\Downloads\simulator-windows-64\dataTrack1\IMG\center_2024_11_20_20_15_43_401.jpg, C:\Users\Owner\Downloads\simulator-windows-64\dataTrack1\IMG\left_2024_11_20_20_15_43_401.jpg, C:\Users\Owner\Downloads\simulator-windows-64\dataTrack1\IMG\right_2024_11_20_20_15_43_401.jpg, 0, 0, 0, 25.16804
C:\Users\Owner\Downloads\simulator-windows-64\dataTrack1\IMG\center_2024_11_20_20_15_43_504.jpg, C:\Users\Owner\Downloads\simulator-windows-64\dataTrack1\IMG\left_2024_11_20_20_15_43_504.jpg, C:\Users\Owner\Downloads\simulator-windows-64\dataTrack1\IMG\right_2024_11_20_20_15_43_504.jpg, 0, 0.2061237, 0, 24.95683
C:\Users\Owner\Downloads\simulator-windows-64\dataTrack1\IMG\center_2024_11_20_20_15_43_608.jpg, C:\Users\Owner\Downloads\simulator-windows-64\dataTrack1\IMG\left_2024_11_20_20_15_43_608.jpg, C:\Users\Owner\Downloads\simulator-windows-64\dataTrack1\IMG\right_2024_11_20_20_15_43_608.jpg, 0, 0.3159074, 0, 25.14652
C:\Users\Owner\Downloads\simulator-windows-64\dataTrack1\IMG\center_2024_11_20_20_15_43_714.jpg, C:\Users\Owner\Downloads\simulator-windows-64\dataTrack1\IMG\left_2024_11_20_20_15_43_714.jpg, C:\Users\Owner\Downloads\simulator-windows-64\dataTrack1\IMG\right_2024_11_20_20_15_43_714.jpg, 0, 0, 0, 25.07487
C:\Users\Owner\Downloads\simulator-windows-64\dataTrack1\IMG\center_2024_11_20_20_15_43_815.jpg, C:\Users\Owner\Downloads\simulator-windows-64\dataTrack1\IMG\left_2024_11_20_20_15_43_815.jpg, C:\Users\Owner\Downloads\simulator-windows-64\dataTrack1\IMG\right_2024_11_20_20_15_43_815.jpg, 0, 0.3050133, 0, 24.99455
C:\Users\Owner\Downloads\simulator-windows-64\dataTrack1\IMG\center_2024_11_20_20_15_43_919.jpg, C:\Users\Owner\Downloads\simulator-windows-64\dataTrack1\IMG\left_2024_11_20_20_15_43_919.jpg, C:\Users\Owner\Downloads\simulator-windows-64\dataTrack1\IMG\right_2024_11_20_20_15_43_919.jpg, 0, 0, 0, 24.94757
C:\Users\Owner\Downloads\simulator-windows-64\dataTrack1\IMG\center_2024_11_20_20_15_44_025.jpg, C:\Users\Owner\Downloads\simulator-windows-64\dataTrack1\IMG\left_2024_11_20_20_15_44_025.jpg, C:\Users\Owner\Downloads\simulator-windows-64\dataTrack1\IMG\right_2024_11_20_20_15_44_025.jpg, 0, 0.1088715, 0, 24.71515
C:\Users\Owner\Downloads\simulator-windows-64\dataTrack1\IMG\center_2024_11_20_20_15_44_129.jpg, C:\Users\Owner\Downloads\simulator-windows-64\dataTrack1\IMG\left_2024_11_20_20_15_44_129.jpg, C:\Users\Owner\Downloads\simulator-windows-64\dataTrack1\IMG\right_2024_11_20_20_15_44_129.jpg, 0, 0.1568301, 0, 24.76834
C:\Users\Owner\Downloads\simulator-windows-64\dataTrack1\IMG\center_2024_11_20_20_15_44_233.jpg, C:\Users\Owner\Downloads\simulator-windows-64\dataTrack1\IMG\left_2024_11_20_20_15_44_233.jpg, C:\Users\Owner\Downloads\simulator-windows-64\dataTrack1\IMG\right_2024_11_20_20_15_44_233.jpg, 0, 0.0517914, 0, 24.5516
C:\Users\Owner\Downloads\simulator-windows-64\dataTrack1\IMG\center_2024_11_20_20_15_44_337.jpg, C:\Users\Owner\Downloads\simulator-windows-64\dataTrack1\IMG\left_2024_11_20_20_15_44_337.jpg, C:\Users\Owner\Downloads\simulator-windows-64\dataTrack1\IMG\right_2024_11_20_20_15_44_337.jpg, 0, 0.262068, 0, 24.57352
C:\Users\Owner\Downloads\simulator-windows-64\dataTrack1\IMG\center_2024_11_20_20_15_44_441.jpg, C:\Users\Owner\Downloads\simulator-windows-64\dataTrack1\IMG\left_2024_11_20_20_15_44_441.jpg, C:\Users\Owner\Downloads\simulator-windows-64\dataTrack1\IMG\right_2024_11_20_20_15_44_441.jpg, 0, 0, 0, 24.46346
C:\Users\Owner\Downloads\simulator-windows-64\dataTrack1\IMG\center_2024_11_20_20_15_44_545.jpg, C:\Users\Owner\Downloads\simulator-windows-64\dataTrack1\IMG\left_2024_11_20_20_15_44_545.jpg, C:\Users\Owner\Downloads\simulator-windows-64\dataTrack1\IMG\right_2024_11_20_20_15_44_545.jpg, 0, 0.260373, 0, 24.37108
C:\Users\Owner\Downloads\simulator-windows-64\dataTrack1\IMG\center_2024_11_20_20_15_44_649.jpg, C:\Users\Owner\Downloads\simulator-windows-64\dataTrack1\IMG\left_2024_11_20_20_15_44_649.jpg, C:\Users\Owner\Downloads\simulator-windows-64\dataTrack1\IMG\right_2024_11_20_20_15_44_649.jpg, 0, 0.4129764, 0, 24.71019
C:\Users\Owner\Downloads\simulator-windows-64\dataTrack1\IMG\center_2024_11_20_20_15_44_752.jpg, C:\Users\Owner\Downloads\simulator-windows-64\dataTrack1\IMG\left_2024_11_20_20_15_44_752.jpg, C:\Users\Owner\Downloads\simulator-windows-64\dataTrack1\IMG\right_2024_11_20_20_15_44_752.jpg, 0, 0.1055739, 0, 24.76622
C:\Users\Owner\Downloads\simulator-windows-64\dataTrack1\IMG\center_2024_11_20_20_15_44_853.jpg, C:\Users\Owner\Downloads\simulator-windows-64\dataTrack1\IMG\left_2024_11_20_20_15_44_853.jpg, C:\Users\Owner\Downloads\simulator-windows-64\dataTrack1\IMG\right_2024_11_20_20_15_44_853.jpg, 0, 0, 0, 24.53692
C:\Users\Owner\Downloads\simulator-windows-64\dataTrack1\IMG\center_2024_11_20_20_15_44_959.jpg, C:\Users\Owner\Downloads\simulator-windows-64\dataTrack1\IMG\left_2024_11_20_20_15_44_959.jpg, C:\Users\Owner\Downloads\simulator-windows-64\dataTrack1\IMG\right_2024_11_20_20_15_44_959.jpg, 0, 0, 0, 24.28998
C:\Users\Owner\Downloads\simulator-windows-64\dataTrack1\IMG\center_2024_11_20_20_15_45_062.jpg, C:\Users\Owner\Downloads\simulator-windows-64\dataTrack1\IMG\left_2024_11_20_20_15_45_062.jpg, C:\Users\Owner\Downloads\simulator-windows-64\dataTrack1\IMG\right_2024_11_20_20_15_45_062.jpg, -0.3102657, 0, 0, 24.00649
C:\Users\Owner\Downloads\simulator-windows-64\dataTrack1\IMG\center_2024_11_20_20_15_45_166.jpg, C:\Users\Owner\Downloads\simulator-windows-64\dataTrack1\IMG\left_2024_11_20_20_15_45_166.jpg, C:\Users\Owner\Downloads\simulator-windows-64\dataTrack1\IMG\right_2024_11_20_20_15_45_166.jpg, -0.3581382, 0, 0, 23.63583
C:\Users\Owner\Downloads\simulator-windows-64\dataTrack1\IMG\center_2024_11_20_20_15_45_269.jpg, C:\Users\Owner\Downloads\simulator-windows-64\dataTrack1\IMG\left_2024_11_20_20_15_45_269.jpg, C:\Users\Owner\Downloads\simulator-windows-64\dataTrack1\IMG\right_2024_11_20_20_15_45_269.jpg, 0, 0, 0, 23.34977
C:\Users\Owner\Downloads\simulator-windows-64\dataTrack1\IMG\center_2024_11_20_20_15_45_371.jpg, C:\Users\Owner\Downloads\simulator-windows-64\dataTrack1\IMG\left_2024_11_20_20_15_45_371.jpg, C:\Users\Owner\Downloads\simulator-windows-64\dataTrack1\IMG\right_2024_11_20_20_15_45_371.jpg, 0, 0.1049244, 0, 23.12893
C:\Users\Owner\Downloads\simulator-windows-64\dataTrack1\IMG\center_2024_11_20_20_15_45_478.jpg, C:\Users\Owner\Downloads\simulator-windows-64\dataTrack1\IMG\left_2024_11_20_20_15_45_478.jpg, C:\Users\Owner\Downloads\simulator-windows-64\dataTrack1\IMG\right_2024_11_20_20_15_45_478.jpg, 0, 0.217536, 0, 23.16931
C:\Users\Owner\Downloads\simulator-windows-64\dataTrack1\IMG\center_2024_11_20_20_15_45_583.jpg, C:\Users\Owner\Downloads\simulator-windows-64\dataTrack1\IMG\left_2024_11_20_20_15_45_583.jpg, C:\Users\Owner\Downloads\simulator-windows-64\dataTrack1\IMG\right_2024_11_20_20_15_45_583.jpg, 0, 0, 0, 23.06273
C:\Users\Owner\Downloads\simulator-windows-64\dataTrack1\IMG\center_2024_11_20_20_15_45_688.jpg, C:\Users\Owner\Downloads\simulator-windows-64\dataTrack1\IMG\left_2024_11_20_20_15_45_688.jpg, C:\Users\Owner\Downloads\simulator-windows-64\dataTrack1\IMG\right_2024_11_20_20_15_45_688.jpg, 0, 0.1052577, 0, 22.80148
C:\Users\Owner\Downloads\simulator-windows-64\dataTrack1\IMG\center_2024_11_20_20_15_45_789.jpg, C:\Users\Owner\Downloads\simulator-windows-64\dataTrack1\IMG\left_2024_11_20_20_15_45_789.jpg, C:\Users\Owner\Downloads\simulator-windows-64\dataTrack1\IMG\right_2024_11_20_20_15_45_789.jpg, 0, 0.4089429, 0, 22.88819
C:\Users\Owner\Downloads\simulator-windows-64\dataTrack1\IMG\center_2024_11_20_20_15_45_894.jpg, C:\Users\Owner\Downloads\simulator-windows-64\dataTrack1\IMG\left_2024_11_20_20_15_45_894.jpg, C:\Users\Owner\Downloads\simulator-windows-64\dataTrack1\IMG\right_2024_11_20_20_15_45_894.jpg, 0, 0.09418016, 0, 22.96211
C:\Users\Owner\Downloads\simulator-windows-64\dataTrack1\IMG\center_2024_11_20_20_15_45_998.jpg, C:\Users\Owner\Downloads\simulator-windows-64\dataTrack1\IMG\left_2024_11_20_20_15_45_998.jpg, C:\Users\Owner\Downloads\simulator-windows-64\dataTrack1\IMG\right_2024_11_20_20_15_45_998.jpg, 0, 0.4058565, 0, 23.01263
C:\Users\Owner\Downloads\simulator-windows-64\dataTrack1\IMG\center_2024_11_20_20_15_46_101.jpg, C:\Users\Owner\Downloads\simulator-windows-64\dataTrack1\IMG\left_2024_11_20_20_15_46_101.jpg, C:\Users\Owner\Downloads\simulator-windows-64\dataTrack1\IMG\right_2024_11_20_20_15_46_101.jpg, 0, 0.09458035, 0, 23.12421
C:\Users\Owner\Downloads\simulator-windows-64\dataTrack1\IMG\center_2024_11_20_20_15_46_204.jpg, C:\Users\Owner\Downloads\simulator-windows-64\dataTrack1\IMG\left_2024_11_20_20_15_46_204.jpg, C:\Users\Owner\Downloads\simulator-windows-64\dataTrack1\IMG\right_2024_11_20_20_15_46_204.jpg, 0, 0.1056126, 0, 22.91669
C:\Users\Owner\Downloads\simulator-windows-64\dataTrack1\IMG\center_2024_11_20_20_15_46_309.jpg, C:\Users\Owner\Downloads\simulator-windows-64\dataTrack1\IMG\left_2024_11_20_20_15_46_309.jpg, C:\Users\Owner\Downloads\simulator-windows-64\dataTrack1\IMG\right_2024_11_20_20_15_46_309.jpg, 0, 0.04776271, 0, 22.90039
C:\Users\Owner\Downloads\simulator-windows-64\dataTrack1\IMG\center_2024_11_20_20_15_46_413.jpg, C:\Users\Owner\Downloads\simulator-windows-64\dataTrack1\IMG\left_2024_11_20_20_15_46_413.jpg, C:\Users\Owner\Downloads\simulator-windows-64\dataTrack1\IMG\right_2024_11_20_20_15_46_413.jpg, 0, 0.0516009, 0, 22.66958
C:\Users\Owner\Downloads\simulator-windows-64\dataTrack1\IMG\center_2024_11_20_20_15_46_517.jpg, C:\Users\Owner\Downloads\simulator-windows-64\dataTrack1\IMG\left_2024_11_20_20_15_46_517.jpg, C:\Users\Owner\Downloads\simulator-windows-64\dataTrack1\IMG\right_2024_11_20_20_15_46_517.jpg, 0, 0.1535454, 0, 22.64609
C:\Users\Owner\Downloads\simulator-windows-64\dataTrack1\IMG\center_2024_11_20_20_15_46_621.jpg, C:\Users\Owner\Downloads\simulator-windows-64\dataTrack1\IMG\left_2024_11_20_20_15_46_621.jpg, C:\Users\Owner\Downloads\simulator-windows-64\dataTrack1\IMG\right_2024_11_20_20_15_46_621.jpg, 0, 0, 0, 22.48303
C:\Users\Owner\Downloads\simulator-windows-64\dataTrack1\IMG\center_2024_11_20_20_15_46_725.jpg, C:\Users\Owner\Downloads\simulator-windows-64\dataTrack1\IMG\left_2024_11_20_20_15_46_725.jpg, C:\Users\Owner\Downloads\simulator-windows-64\dataTrack1\IMG\right_2024_11_20_20_15_46_725.jpg, 0, 0.3093918, 0, 22.38629
C:\Users\Owner\Downloads\simulator-windows-64\dataTrack1\IMG\center_2024_11_20_20_15_46_828.jpg, C:\Users\Owner\Downloads\simulator-windows-64\dataTrack1\IMG\left_2024_11_20_20_15_46_828.jpg, C:\Users\Owner\Downloads\simulator-windows-64\dataTrack1\IMG\right_2024_11_20_20_15_46_828.jpg, 0, 0, 0, 22.33615
C:\Users\Owner\Downloads\simulator-windows-64\dataTrack1\IMG\center_2024_11_20_20_15_46_932.jpg, C:\Users\Owner\Downloads\simulator-windows-64\dataTrack1\IMG\left_2024_11_20_20_15_46_932.jpg, C:\Users\Owner\Downloads\simulator-windows-64\dataTrack1\IMG\right_2024_11_20_20_15_46_932.jpg, 0, 0.3086412, 0, 22.34658
C:\Users\Owner\Downloads\simulator-windows-64\dataTrack1\IMG\center_2024_11_20_20_15_47_036.jpg, C:\Users\Owner\Downloads\simulator-windows-64\dataTrack1\IMG\left_2024_11_20_20_15_47_036.jpg, C:\Users\Owner\Downloads\simulator-windows-64\dataTrack1\IMG\right_2024_11_20_20_15_47_036.jpg, 0, 0, 0, 22.29559
C:\Users\Owner\Downloads\simulator-windows-64\dataTrack1\IMG\center_2024_11_20_20_15_47_139.jpg, C:\Users\Owner\Downloads\simulator-windows-64\dataTrack1\IMG\left_2024_11_20_20_15_47_139.jpg, C:\Users\Owner\Downloads\simulator-windows-64\dataTrack1\IMG\right_2024_11_20_20_15_47_139.jpg, 0, 0.31107, 0, 22.24359
C:\Users\Owner\Downloads\simulator-windows-64\dataTrack1\IMG\center_2024_11_20_20_15_47_245.jpg, C:\Users\Owner\Downloads\simulator-windows-64\dataTrack1\IMG\left_2024_11_20_20_15_47_245.jpg, C:\Users\Owner\Downloads\simulator-windows-64\dataTrack1\IMG\right_2024_11_20_20_15_47_245.jpg, 0, 0.042204, 0, 22.25561
C:\Users\Owner\Downloads\simulator-windows-64\dataTrack1\IMG\center_2024_11_20_20_15_47_349.jpg, C:\Users\Owner\Downloads\simulator-windows-64\dataTrack1\IMG\left_2024_11_20_20_15_47_349.jpg, C:\Users\Owner\Downloads\simulator-windows-64\dataTrack1\IMG\right_2024_11_20_20_15_47_349.jpg, 0, 0.225885, 0, 22.09988
C:\Users\Owner\Downloads\simulator-windows-64\dataTrack1\IMG\center_2024_11_20_20_15_47_453.jpg, C:\Users\Owner\Downloads\simulator-windows-64\dataTrack1\IMG\left_2024_11_20_20_15_47_453.jpg, C:\Users\Owner\Downloads\simulator-windows-64\dataTrack1\IMG\right_2024_11_20_20_15_47_453.jpg, 0, 0.2292426, 0, 22.23975
C:\Users\Owner\Downloads\simulator-windows-64\dataTrack1\IMG\center_2024_11_20_20_15_47_555.jpg, C:\Users\Owner\Downloads\simulator-windows-64\dataTrack1\IMG\left_2024_11_20_20_15_47_555.jpg, C:\Users\Owner\Downloads\simulator-windows-64\dataTrack1\IMG\right_2024_11_20_20_15_47_555.jpg, 0, 0.3303312, 0, 22.27382
C:\Users\Owner\Downloads\simulator-windows-64\dataTrack1\IMG\center_2024_11_20_20_15_47_660.jpg, C:\Users\Owner\Downloads\simulator-windows-64\dataTrack1\IMG\left_2024_11_20_20_15_47_660.jpg, C:\Users\Owner\Downloads\simulator-windows-64\dataTrack1\IMG\right_2024_11_20_20_15_47_660.jpg, 0, 0.3229002, 0, 22.52618
C:\Users\Owner\Downloads\simulator-windows-64\dataTrack1\IMG\center_2024_11_20_20_15_47_763.jpg, C:\Users\Owner\Downloads\simulator-windows-64\dataTrack1\IMG\left_2024_11_20_20_15_47_763.jpg, C:\Users\Owner\Downloads\simulator-windows-64\dataTrack1\IMG\right_2024_11_20_20_15_47_763.jpg, 0, 0.0140781, 0, 22.55524
C:\Users\Owner\Downloads\simulator-windows-64\dataTrack1\IMG\center_2024_11_20_20_15_47_865.jpg, C:\Users\Owner\Downloads\simulator-windows-64\dataTrack1\IMG\left_2024_11_20_20_15_47_865.jpg, C:\Users\Owner\Downloads\simulator-windows-64\dataTrack1\IMG\right_2024_11_20_20_15_47_865.jpg, -0.253758, 0, 0, 22.26883
C:\Users\Owner\Downloads\simulator-windows-64\dataTrack1\IMG\center_2024_11_20_20_15_47_969.jpg, C:\Users\Owner\Downloads\simulator-windows-64\dataTrack1\IMG\left_2024_11_20_20_15_47_969.jpg, C:\Users\Owner\Downloads\simulator-windows-64\dataTrack1\IMG\right_2024_11_20_20_15_47_969.jpg, 0, 0, 0, 22.00183
C:\Users\Owner\Downloads\simulator-windows-64\dataTrack1\IMG\center_2024_11_20_20_15_48_073.jpg, C:\Users\Owner\Downloads\simulator-windows-64\dataTrack1\IMG\left_2024_11_20_20_15_48_073.jpg, C:\Users\Owner\Downloads\simulator-windows-64\dataTrack1\IMG\right_2024_11_20_20_15_48_073.jpg, 0, 0, 0, 21.79062
C:\Users\Owner\Downloads\simulator-windows-64\dataTrack1\IMG\center_2024_11_20_20_15_48_178.jpg, C:\Users\Owner\Downloads\simulator-windows-64\dataTrack1\IMG\left_2024_11_20_20_15_48_178.jpg, C:\Users\Owner\Downloads\simulator-windows-64\dataTrack1\IMG\right_2024_11_20_20_15_48_178.jpg, 0, 0, 0, 21.56371
C:\Users\Owner\Downloads\simulator-windows-64\dataTrack1\IMG\center_2024_11_20_20_15_48_281.jpg, C:\Users\Owner\Downloads\simulator-windows-64\dataTrack1\IMG\left_2024_11_20_20_15_48_281.jpg, C:\Users\Owner\Downloads\simulator-windows-64\dataTrack1\IMG\right_2024_11_20_20_15_48_281.jpg, -0.1547181, 0, 0, 21.34752
C:\Users\Owner\Downloads\simulator-windows-64\dataTrack1\IMG\center_2024_11_20_20_15_48_385.jpg, C:\Users\Owner\Downloads\simulator-windows-64\dataTrack1\IMG\left_2024_11_20_20_15_48_385.jpg, C:\Users\Owner\Downloads\simulator-windows-64\dataTrack1\IMG\right_2024_11_20_20_15_48_385.jpg, -0.4128807, 0, 0, 21.0357
C:\Users\Owner\Downloads\simulator-windows-64\dataTrack1\IMG\center_2024_11_20_20_15_48_487.jpg, C:\Users\Owner\Downloads\simulator-windows-64\dataTrack1\IMG\left_2024_11_20_20_15_48_487.jpg, C:\Users\Owner\Downloads\simulator-windows-64\dataTrack1\IMG\right_2024_11_20_20_15_48_487.jpg, -0.09938675, 0, 0, 20.8188
C:\Users\Owner\Downloads\simulator-windows-64\dataTrack1\IMG\center_2024_11_20_20_15_48_590.jpg, C:\Users\Owner\Downloads\simulator-windows-64\dataTrack1\IMG\left_2024_11_20_20_15_48_590.jpg, C:\Users\Owner\Downloads\simulator-windows-64\dataTrack1\IMG\right_2024_11_20_20_15_48_590.jpg, 0, 0, 0, 20.5557
C:\Users\Owner\Downloads\simulator-windows-64\dataTrack1\IMG\center_2024_11_20_20_15_48_696.jpg, C:\Users\Owner\Downloads\simulator-windows-64\dataTrack1\IMG\left_2024_11_20_20_15_48_696.jpg, C:\Users\Owner\Downloads\simulator-windows-64\dataTrack1\IMG\right_2024_11_20_20_15_48_696.jpg, 0, 0, 0, 20.35046
C:\Users\Owner\Downloads\simulator-windows-64\dataTrack1\IMG\center_2024_11_20_20_15_48_797.jpg, C:\Users\Owner\Downloads\simulator-windows-64\dataTrack1\IMG\left_2024_11_20_20_15_48_797.jpg, C:\Users\Owner\Downloads\simulator-windows-64\dataTrack1\IMG\right_2024_11_20_20_15_48_797.jpg, 0, 0, 0, 20.14343
C:\Users\Owner\Downloads\simulator-windows-64\dataTrack1\IMG\center_2024_11_20_20_15_48_901.jpg, C:\Users\Owner\Downloads\simulator-windows-64\dataTrack1\IMG\left_2024_11_20_20_15_48_901.jpg, C:\Users\Owner\Downloads\simulator-windows-64\dataTrack1\IMG\right_2024_11_20_20_15_48_901.jpg, 0, 0, 0, 19.94486
C:\Users\Owner\Downloads\simulator-windows-64\dataTrack1\IMG\center_2024_11_20_20_15_49_004.jpg, C:\Users\Owner\Downloads\simulator-windows-64\dataTrack1\IMG\left_2024_11_20_20_15_49_004.jpg, C:\Users\Owner\Downloads\simulator-windows-64\dataTrack1\IMG\right_2024_11_20_20_15_49_004.jpg, 0, 0.3100686, 0, 19.87696
C:\Users\Owner\Downloads\simulator-windows-64\dataTrack1\IMG\center_2024_11_20_20_15_49_108.jpg, C:\Users\Owner\Downloads\simulator-windows-64\dataTrack1\IMG\left_2024_11_20_20_15_49_108.jpg, C:\Users\Owner\Downloads\simulator-windows-64\dataTrack1\IMG\right_2024_11_20_20_15_49_108.jpg, 0, 0, 0, 19.75086
C:\Users\Owner\Downloads\simulator-windows-64\dataTrack1\IMG\center_2024_11_20_20_15_49_213.jpg, C:\Users\Owner\Downloads\simulator-windows-64\dataTrack1\IMG\left_2024_11_20_20_15_49_213.jpg, C:\Users\Owner\Downloads\simulator-windows-64\dataTrack1\IMG\right_2024_11_20_20_15_49_213.jpg, -0.2089536, 0, 0, 19.81603
C:\Users\Owner\Downloads\simulator-windows-64\dataTrack1\IMG\center_2024_11_20_20_15_49_317.jpg, C:\Users\Owner\Downloads\simulator-windows-64\dataTrack1\IMG\left_2024_11_20_20_15_49_317.jpg, C:\Users\Owner\Downloads\simulator-windows-64\dataTrack1\IMG\right_2024_11_20_20_15_49_317.jpg, -0.1041969, 0, 0, 19.23196
C:\Users\Owner\Downloads\simulator-windows-64\dataTrack1\IMG\center_2024_11_20_20_15_49_421.jpg, C:\Users\Owner\Downloads\simulator-windows-64\dataTrack1\IMG\left_2024_11_20_20_15_49_421.jpg, C:\Users\Owner\Downloads\simulator-windows-64\dataTrack1\IMG\right_2024_11_20_20_15_49_421.jpg, 0, 0, 0, 19.40636
C:\Users\Owner\Downloads\simulator-windows-64\dataTrack1\IMG\center_2024_11_20_20_15_49_523.jpg, C:\Users\Owner\Downloads\simulator-windows-64\dataTrack1\IMG\left_2024_11_20_20_15_49_523.jpg, C:\Users\Owner\Downloads\simulator-windows-64\dataTrack1\IMG\right_2024_11_20_20_15_49_523.jpg, 0, 0, 0, 18.79279
C:\Users\Owner\Downloads\simulator-windows-64\dataTrack1\IMG\center_2024_11_20_20_15_49_628.jpg, C:\Users\Owner\Downloads\simulator-windows-64\dataTrack1\IMG\left_2024_11_20_20_15_49_628.jpg, C:\Users\Owner\Downloads\simulator-windows-64\dataTrack1\IMG\right_2024_11_20_20_15_49_628.jpg, 0, 0, 0, 18.54122
C:\Users\Owner\Downloads\simulator-windows-64\dataTrack1\IMG\center_2024_11_20_20_15_49_731.jpg, C:\Users\Owner\Downloads\simulator-windows-64\dataTrack1\IMG\left_2024_11_20_20_15_49_731.jpg, C:\Users\Owner\Downloads\simulator-windows-64\dataTrack1\IMG\right_2024_11_20_20_15_49_731.jpg, -0.3115788, 0, 0, 18.77014
C:\Users\Owner\Downloads\simulator-windows-64\dataTrack1\IMG\center_2024_11_20_20_15_49_833.jpg, C:\Users\Owner\Downloads\simulator-windows-64\dataTrack1\IMG\left_2024_11_20_20_15_49_833.jpg, C:\Users\Owner\Downloads\simulator-windows-64\dataTrack1\IMG\right_2024_11_20_20_15_49_833.jpg, -0.005624413, 0.2049126, 0, 18.21572
C:\Users\Owner\Downloads\simulator-windows-64\dataTrack1\IMG\center_2024_11_20_20_15_49_937.jpg, C:\Users\Owner\Downloads\simulator-windows-64\dataTrack1\IMG\left_2024_11_20_20_15_49_937.jpg, C:\Users\Owner\Downloads\simulator-windows-64\dataTrack1\IMG\right_2024_11_20_20_15_49_937.jpg, 0, 0.3089937, 0, 18.85152
C:\Users\Owner\Downloads\simulator-windows-64\dataTrack1\IMG\center_2024_11_20_20_15_50_041.jpg, C:\Users\Owner\Downloads\simulator-windows-64\dataTrack1\IMG\left_2024_11_20_20_15_50_041.jpg, C:\Users\Owner\Downloads\simulator-windows-64\dataTrack1\IMG\right_2024_11_20_20_15_50_041.jpg, 0, 0.1046475, 0, 18.45759
C:\Users\Owner\Downloads\simulator-windows-64\dataTrack1\IMG\center_2024_11_20_20_15_50_146.jpg, C:\Users\Owner\Downloads\simulator-windows-64\dataTrack1\IMG\left_2024_11_20_20_15_50_146.jpg, C:\Users\Owner\Downloads\simulator-windows-64\dataTrack1\IMG\right_2024_11_20_20_15_50_146.jpg, 0, 0.2629998, 0, 18.95989
C:\Users\Owner\Downloads\simulator-windows-64\dataTrack1\IMG\center_2024_11_20_20_15_50_250.jpg, C:\Users\Owner\Downloads\simulator-windows-64\dataTrack1\IMG\left_2024_11_20_20_15_50_250.jpg, C:\Users\Owner\Downloads\simulator-windows-64\dataTrack1\IMG\right_2024_11_20_20_15_50_250.jpg, 0, 0.1085514, 0, 18.88837
C:\Users\Owner\Downloads\simulator-windows-64\dataTrack1\IMG\center_2024_11_20_20_15_50_353.jpg, C:\Users\Owner\Downloads\simulator-windows-64\dataTrack1\IMG\left_2024_11_20_20_15_50_353.jpg, C:\Users\Owner\Downloads\simulator-windows-64\dataTrack1\IMG\right_2024_11_20_20_15_50_353.jpg, 0, 0.4177458, 0, 18.64583
C:\Users\Owner\Downloads\simulator-windows-64\dataTrack1\IMG\center_2024_11_20_20_15_50_455.jpg, C:\Users\Owner\Downloads\simulator-windows-64\dataTrack1\IMG\left_2024_11_20_20_15_50_455.jpg, C:\Users\Owner\Downloads\simulator-windows-64\dataTrack1\IMG\right_2024_11_20_20_15_50_455.jpg, 0, 0.3119682, 0, 19.18064
C:\Users\Owner\Downloads\simulator-windows-64\dataTrack1\IMG\center_2024_11_20_20_15_50_560.jpg, C:\Users\Owner\Downloads\simulator-windows-64\dataTrack1\IMG\left_2024_11_20_20_15_50_560.jpg, C:\Users\Owner\Downloads\simulator-windows-64\dataTrack1\IMG\right_2024_11_20_20_15_50_560.jpg, 0, 0.6274413, 0, 19.25078
C:\Users\Owner\Downloads\simulator-windows-64\dataTrack1\IMG\center_2024_11_20_20_15_50_664.jpg, C:\Users\Owner\Downloads\simulator-windows-64\dataTrack1\IMG\left_2024_11_20_20_15_50_664.jpg, C:\Users\Owner\Downloads\simulator-windows-64\dataTrack1\IMG\right_2024_11_20_20_15_50_664.jpg, 0, 0.3167118, 0, 19.93272
C:\Users\Owner\Downloads\simulator-windows-64\dataTrack1\IMG\center_2024_11_20_20_15_50_767.jpg, C:\Users\Owner\Downloads\simulator-windows-64\dataTrack1\IMG\left_2024_11_20_20_15_50_767.jpg, C:\Users\Owner\Downloads\simulator-windows-64\dataTrack1\IMG\right_2024_11_20_20_15_50_767.jpg, 0, 0.6268998, 0, 20.35267
C:\Users\Owner\Downloads\simulator-windows-64\dataTrack1\IMG\center_2024_11_20_20_15_50_869.jpg, C:\Users\Owner\Downloads\simulator-windows-64\dataTrack1\IMG\left_2024_11_20_20_15_50_869.jpg, C:\Users\Owner\Downloads\simulator-windows-64\dataTrack1\IMG\right_2024_11_20_20_15_50_869.jpg, -0.052224, 0.5196624, 0, 20.7252
C:\Users\Owner\Downloads\simulator-windows-64\dataTrack1\IMG\center_2024_11_20_20_15_50_972.jpg, C:\Users\Owner\Downloads\simulator-windows-64\dataTrack1\IMG\left_2024_11_20_20_15_50_972.jpg, C:\Users\Owner\Downloads\simulator-windows-64\dataTrack1\IMG\right_2024_11_20_20_15_50_972.jpg, -0.3618567, 0.2100297, 0, 21.0668
C:\Users\Owner\Downloads\simulator-windows-64\dataTrack1\IMG\center_2024_11_20_20_15_51_078.jpg, C:\Users\Owner\Downloads\simulator-windows-64\dataTrack1\IMG\left_2024_11_20_20_15_51_078.jpg, C:\Users\Owner\Downloads\simulator-windows-64\dataTrack1\IMG\right_2024_11_20_20_15_51_078.jpg, -0.2207202, 0.2143026, 0, 20.69484
C:\Users\Owner\Downloads\simulator-windows-64\dataTrack1\IMG\center_2024_11_20_20_15_51_181.jpg, C:\Users\Owner\Downloads\simulator-windows-64\dataTrack1\IMG\left_2024_11_20_20_15_51_181.jpg, C:\Users\Owner\Downloads\simulator-windows-64\dataTrack1\IMG\right_2024_11_20_20_15_51_181.jpg, 0, 0.3122307, 0, 21.13627
C:\Users\Owner\Downloads\simulator-windows-64\dataTrack1\IMG\center_2024_11_20_20_15_51_285.jpg, C:\Users\Owner\Downloads\simulator-windows-64\dataTrack1\IMG\left_2024_11_20_20_15_51_285.jpg, C:\Users\Owner\Downloads\simulator-windows-64\dataTrack1\IMG\right_2024_11_20_20_15_51_285.jpg, 0, 0.04968332, 0, 20.88986
C:\Users\Owner\Downloads\simulator-windows-64\dataTrack1\IMG\center_2024_11_20_20_15_51_387.jpg, C:\Users\Owner\Downloads\simulator-windows-64\dataTrack1\IMG\left_2024_11_20_20_15_51_387.jpg, C:\Users\Owner\Downloads\simulator-windows-64\dataTrack1\IMG\right_2024_11_20_20_15_51_387.jpg, 0, 0.1501377, 0, 20.67067
C:\Users\Owner\Downloads\simulator-windows-64\dataTrack1\IMG\center_2024_11_20_20_15_51_491.jpg, C:\Users\Owner\Downloads\simulator-windows-64\dataTrack1\IMG\left_2024_11_20_20_15_51_491.jpg, C:\Users\Owner\Downloads\simulator-windows-64\dataTrack1\IMG\right_2024_11_20_20_15_51_491.jpg, 0, 0.3568323, 0, 21.11658
C:\Users\Owner\Downloads\simulator-windows-64\dataTrack1\IMG\center_2024_11_20_20_15_51_596.jpg, C:\Users\Owner\Downloads\simulator-windows-64\dataTrack1\IMG\left_2024_11_20_20_15_51_596.jpg, C:\Users\Owner\Downloads\simulator-windows-64\dataTrack1\IMG\right_2024_11_20_20_15_51_596.jpg, 0, 0.04371121, 0, 20.8861
C:\Users\Owner\Downloads\simulator-windows-64\dataTrack1\IMG\center_2024_11_20_20_15_51_699.jpg, C:\Users\Owner\Downloads\simulator-windows-64\dataTrack1\IMG\left_2024_11_20_20_15_51_699.jpg, C:\Users\Owner\Downloads\simulator-windows-64\dataTrack1\IMG\right_2024_11_20_20_15_51_699.jpg, 0, 0.3541566, 0, 21.15891
C:\Users\Owner\Downloads\simulator-windows-64\dataTrack1\IMG\center_2024_11_20_20_15_51_800.jpg, C:\Users\Owner\Downloads\simulator-windows-64\dataTrack1\IMG\left_2024_11_20_20_15_51_800.jpg, C:\Users\Owner\Downloads\simulator-windows-64\dataTrack1\IMG\right_2024_11_20_20_15_51_800.jpg, 0, 0.04999679, 0, 20.95099
C:\Users\Owner\Downloads\simulator-windows-64\dataTrack1\IMG\center_2024_11_20_20_15_51_904.jpg, C:\Users\Owner\Downloads\simulator-windows-64\dataTrack1\IMG\left_2024_11_20_20_15_51_904.jpg, C:\Users\Owner\Downloads\simulator-windows-64\dataTrack1\IMG\right_2024_11_20_20_15_51_904.jpg, 0, 0.3605964, 0, 21.21181
C:\Users\Owner\Downloads\simulator-windows-64\dataTrack1\IMG\center_2024_11_20_20_15_52_008.jpg, C:\Users\Owner\Downloads\simulator-windows-64\dataTrack1\IMG\left_2024_11_20_20_15_52_008.jpg, C:\Users\Owner\Downloads\simulator-windows-64\dataTrack1\IMG\right_2024_11_20_20_15_52_008.jpg, 0, 0.04826009, 0, 21.27194
C:\Users\Owner\Downloads\simulator-windows-64\dataTrack1\IMG\center_2024_11_20_20_15_52_113.jpg, C:\Users\Owner\Downloads\simulator-windows-64\dataTrack1\IMG\left_2024_11_20_20_15_52_113.jpg, C:\Users\Owner\Downloads\simulator-windows-64\dataTrack1\IMG\right_2024_11_20_20_15_52_113.jpg, 0, 0.3624519, 0, 21.07034
C:\Users\Owner\Downloads\simulator-windows-64\dataTrack1\IMG\center_2024_11_20_20_15_52_216.jpg, C:\Users\Owner\Downloads\simulator-windows-64\dataTrack1\IMG\left_2024_11_20_20_15_52_216.jpg, C:\Users\Owner\Downloads\simulator-windows-64\dataTrack1\IMG\right_2024_11_20_20_15_52_216.jpg, 0, 0.05304449, 0, 21.36327
C:\Users\Owner\Downloads\simulator-windows-64\dataTrack1\IMG\center_2024_11_20_20_15_52_320.jpg, C:\Users\Owner\Downloads\simulator-windows-64\dataTrack1\IMG\left_2024_11_20_20_15_52_320.jpg, C:\Users\Owner\Downloads\simulator-windows-64\dataTrack1\IMG\right_2024_11_20_20_15_52_320.jpg, 0, 0.2260323, 0, 20.96932
C:\Users\Owner\Downloads\simulator-windows-64\dataTrack1\IMG\center_2024_11_20_20_15_52_422.jpg, C:\Users\Owner\Downloads\simulator-windows-64\dataTrack1\IMG\left_2024_11_20_20_15_52_422.jpg, C:\Users\Owner\Downloads\simulator-windows-64\dataTrack1\IMG\right_2024_11_20_20_15_52_422.jpg, -0.1033203, 0.1294299, 0, 21.34763
C:\Users\Owner\Downloads\simulator-windows-64\dataTrack1\IMG\center_2024_11_20_20_15_52_528.jpg, C:\Users\Owner\Downloads\simulator-windows-64\dataTrack1\IMG\left_2024_11_20_20_15_52_528.jpg, C:\Users\Owner\Downloads\simulator-windows-64\dataTrack1\IMG\right_2024_11_20_20_15_52_528.jpg, -0.3044715, 0, 0, 21.06179
C:\Users\Owner\Downloads\simulator-windows-64\dataTrack1\IMG\center_2024_11_20_20_15_52_631.jpg, C:\Users\Owner\Downloads\simulator-windows-64\dataTrack1\IMG\left_2024_11_20_20_15_52_631.jpg, C:\Users\Owner\Downloads\simulator-windows-64\dataTrack1\IMG\right_2024_11_20_20_15_52_631.jpg, 0, 0, 0, 20.54472
C:\Users\Owner\Downloads\simulator-windows-64\dataTrack1\IMG\center_2024_11_20_20_15_52_735.jpg, C:\Users\Owner\Downloads\simulator-windows-64\dataTrack1\IMG\left_2024_11_20_20_15_52_735.jpg, C:\Users\Owner\Downloads\simulator-windows-64\dataTrack1\IMG\right_2024_11_20_20_15_52_735.jpg, 0, 0, 0, 20.64429
C:\Users\Owner\Downloads\simulator-windows-64\dataTrack1\IMG\center_2024_11_20_20_15_52_836.jpg, C:\Users\Owner\Downloads\simulator-windows-64\dataTrack1\IMG\left_2024_11_20_20_15_52_836.jpg, C:\Users\Owner\Downloads\simulator-windows-64\dataTrack1\IMG\right_2024_11_20_20_15_52_836.jpg, 0, 0.2205093, 0, 20.2237
C:\Users\Owner\Downloads\simulator-windows-64\dataTrack1\IMG\center_2024_11_20_20_15_52_940.jpg, C:\Users\Owner\Downloads\simulator-windows-64\dataTrack1\IMG\left_2024_11_20_20_15_52_940.jpg, C:\Users\Owner\Downloads\simulator-windows-64\dataTrack1\IMG\right_2024_11_20_20_15_52_940.jpg, 0, 0.2184258, 0, 20.66829
C:\Users\Owner\Downloads\simulator-windows-64\dataTrack1\IMG\center_2024_11_20_20_15_53_045.jpg, C:\Users\Owner\Downloads\simulator-windows-64\dataTrack1\IMG\left_2024_11_20_20_15_53_045.jpg, C:\Users\Owner\Downloads\simulator-windows-64\dataTrack1\IMG\right_2024_11_20_20_15_53_045.jpg, 0, 0, 0, 20.27838
C:\Users\Owner\Downloads\simulator-windows-64\dataTrack1\IMG\center_2024_11_20_20_15_53_149.jpg, C:\Users\Owner\Downloads\simulator-windows-64\dataTrack1\IMG\left_2024_11_20_20_15_53_149.jpg, C:\Users\Owner\Downloads\simulator-windows-64\dataTrack1\IMG\right_2024_11_20_20_15_53_149.jpg, 0, 0.2553306, 0, 20.3523
C:\Users\Owner\Downloads\simulator-windows-64\dataTrack1\IMG\center_2024_11_20_20_15_53_252.jpg, C:\Users\Owner\Downloads\simulator-windows-64\dataTrack1\IMG\left_2024_11_20_20_15_53_252.jpg, C:\Users\Owner\Downloads\simulator-windows-64\dataTrack1\IMG\right_2024_11_20_20_15_53_252.jpg, -0.3081018, 0, 0, 20.47725
C:\Users\Owner\Downloads\simulator-windows-64\dataTrack1\IMG\center_2024_11_20_20_15_53_356.jpg, C:\Users\Owner\Downloads\simulator-windows-64\dataTrack1\IMG\left_2024_11_20_20_15_53_356.jpg, C:\Users\Owner\Downloads\simulator-windows-64\dataTrack1\IMG\right_2024_11_20_20_15_53_356.jpg, 0, 0, 0, 19.94626
C:\Users\Owner\Downloads\simulator-windows-64\dataTrack1\IMG\center_2024_11_20_20_15_53_458.jpg, C:\Users\Owner\Downloads\simulator-windows-64\dataTrack1\IMG\left_2024_11_20_20_15_53_458.jpg, C:\Users\Owner\Downloads\simulator-windows-64\dataTrack1\IMG\right_2024_11_20_20_15_53_458.jpg, 0, 0, 0, 20.07536
C:\Users\Owner\Downloads\simulator-windows-64\dataTrack1\IMG\center_2024_11_20_20_15_53_564.jpg, C:\Users\Owner\Downloads\simulator-windows-64\dataTrack1\IMG\left_2024_11_20_20_15_53_564.jpg, C:\Users\Owner\Downloads\simulator-windows-64\dataTrack1\IMG\right_2024_11_20_20_15_53_564.jpg, -0.1063272, 0, 0, 19.51726
C:\Users\Owner\Downloads\simulator-windows-64\dataTrack1\IMG\center_2024_11_20_20_15_53_667.jpg, C:\Users\Owner\Downloads\simulator-windows-64\dataTrack1\IMG\left_2024_11_20_20_15_53_667.jpg, C:\Users\Owner\Downloads\simulator-windows-64\dataTrack1\IMG\right_2024_11_20_20_15_53_667.jpg, 0, 0, 0, 19.2441
C:\Users\Owner\Downloads\simulator-windows-64\dataTrack1\IMG\center_2024_11_20_20_15_53_771.jpg, C:\Users\Owner\Downloads\simulator-windows-64\dataTrack1\IMG\left_2024_11_20_20_15_53_771.jpg, C:\Users\Owner\Downloads\simulator-windows-64\dataTrack1\IMG\right_2024_11_20_20_15_53_771.jpg, 0, 0.0560673, 0, 19.44849
C:\Users\Owner\Downloads\simulator-windows-64\dataTrack1\IMG\center_2024_11_20_20_15_53_872.jpg, C:\Users\Owner\Downloads\simulator-windows-64\dataTrack1\IMG\left_2024_11_20_20_15_53_872.jpg, C:\Users\Owner\Downloads\simulator-windows-64\dataTrack1\IMG\right_2024_11_20_20_15_53_872.jpg, 0, 0.3593151, 0, 19.14751
C:\Users\Owner\Downloads\simulator-windows-64\dataTrack1\IMG\center_2024_11_20_20_15_53_976.jpg, C:\Users\Owner\Downloads\simulator-windows-64\dataTrack1\IMG\left_2024_11_20_20_15_53_976.jpg, C:\Users\Owner\Downloads\simulator-windows-64\dataTrack1\IMG\right_2024_11_20_20_15_53_976.jpg, -0.1039845, 0.460635, 0, 19.86324
C:\Users\Owner\Downloads\simulator-windows-64\dataTrack1\IMG\center_2024_11_20_20_15_54_079.jpg, C:\Users\Owner\Downloads\simulator-windows-64\dataTrack1\IMG\left_2024_11_20_20_15_54_079.jpg, C:\Users\Owner\Downloads\simulator-windows-64\dataTrack1\IMG\right_2024_11_20_20_15_54_079.jpg, -0.4135881, 0.1510314, 0, 19.69077
C:\Users\Owner\Downloads\simulator-windows-64\dataTrack1\IMG\center_2024_11_20_20_15_54_183.jpg, C:\Users\Owner\Downloads\simulator-windows-64\dataTrack1\IMG\left_2024_11_20_20_15_54_183.jpg, C:\Users\Owner\Downloads\simulator-windows-64\dataTrack1\IMG\right_2024_11_20_20_15_54_183.jpg, -0.09905612, 0, 0, 19.82497
C:\Users\Owner\Downloads\simulator-windows-64\dataTrack1\IMG\center_2024_11_20_20_15_54_287.jpg, C:\Users\Owner\Downloads\simulator-windows-64\dataTrack1\IMG\left_2024_11_20_20_15_54_287.jpg, C:\Users\Owner\Downloads\simulator-windows-64\dataTrack1\IMG\right_2024_11_20_20_15_54_287.jpg, 0, 0.3102417, 0, 19.78647
C:\Users\Owner\Downloads\simulator-windows-64\dataTrack1\IMG\center_2024_11_20_20_15_54_390.jpg, C:\Users\Owner\Downloads\simulator-windows-64\dataTrack1\IMG\left_2024_11_20_20_15_54_390.jpg, C:\Users\Owner\Downloads\simulator-windows-64\dataTrack1\IMG\right_2024_11_20_20_15_54_390.jpg, 0, 0.4107927, 0, 19.83756
C:\Users\Owner\Downloads\simulator-windows-64\dataTrack1\IMG\center_2024_11_20_20_15_54_495.jpg, C:\Users\Owner\Downloads\simulator-windows-64\dataTrack1\IMG\left_2024_11_20_20_15_54_495.jpg, C:\Users\Owner\Downloads\simulator-windows-64\dataTrack1\IMG\right_2024_11_20_20_15_54_495.jpg, 0, 0.2077263, 0, 20.20913
C:\Users\Owner\Downloads\simulator-windows-64\dataTrack1\IMG\center_2024_11_20_20_15_54_597.jpg, C:\Users\Owner\Downloads\simulator-windows-64\dataTrack1\IMG\left_2024_11_20_20_15_54_597.jpg, C:\Users\Owner\Downloads\simulator-windows-64\dataTrack1\IMG\right_2024_11_20_20_15_54_597.jpg, 0, 0.5131374, 0, 20.19064
C:\Users\Owner\Downloads\simulator-windows-64\dataTrack1\IMG\center_2024_11_20_20_15_54_701.jpg, C:\Users\Owner\Downloads\simulator-windows-64\dataTrack1\IMG\left_2024_11_20_20_15_54_701.jpg, C:\Users\Owner\Downloads\simulator-windows-64\dataTrack1\IMG\right_2024_11_20_20_15_54_701.jpg, 0, 0.202611, 0, 20.68089
C:\Users\Owner\Downloads\simulator-windows-64\dataTrack1\IMG\center_2024_11_20_20_15_54_803.jpg, C:\Users\Owner\Downloads\simulator-windows-64\dataTrack1\IMG\left_2024_11_20_20_15_54_803.jpg, C:\Users\Owner\Downloads\simulator-windows-64\dataTrack1\IMG\right_2024_11_20_20_15_54_803.jpg, -0.3094668, 0.2948082, 0, 20.34432
C:\Users\Owner\Downloads\simulator-windows-64\dataTrack1\IMG\center_2024_11_20_20_15_54_907.jpg, C:\Users\Owner\Downloads\simulator-windows-64\dataTrack1\IMG\left_2024_11_20_20_15_54_907.jpg, C:\Users\Owner\Downloads\simulator-windows-64\dataTrack1\IMG\right_2024_11_20_20_15_54_907.jpg, -0.6214944, 0.3979014, 0, 20.56701
C:\Users\Owner\Downloads\simulator-windows-64\dataTrack1\IMG\center_2024_11_20_20_15_55_013.jpg, C:\Users\Owner\Downloads\simulator-windows-64\dataTrack1\IMG\left_2024_11_20_20_15_55_013.jpg, C:\Users\Owner\Downloads\simulator-windows-64\dataTrack1\IMG\right_2024_11_20_20_15_55_013.jpg, -0.4907206, 0.08205568, 0, 20.72734
C:\Users\Owner\Downloads\simulator-windows-64\dataTrack1\IMG\center_2024_11_20_20_15_55_116.jpg, C:\Users\Owner\Downloads\simulator-windows-64\dataTrack1\IMG\left_2024_11_20_20_15_55_116.jpg, C:\Users\Owner\Downloads\simulator-windows-64\dataTrack1\IMG\right_2024_11_20_20_15_55_116.jpg, -0.1792287, 0, 0, 20.2804
C:\Users\Owner\Downloads\simulator-windows-64\dataTrack1\IMG\center_2024_11_20_20_15_55_220.jpg, C:\Users\Owner\Downloads\simulator-windows-64\dataTrack1\IMG\left_2024_11_20_20_15_55_220.jpg, C:\Users\Owner\Downloads\simulator-windows-64\dataTrack1\IMG\right_2024_11_20_20_15_55_220.jpg, 0, 0.0546432, 0, 20.35391
C:\Users\Owner\Downloads\simulator-windows-64\dataTrack1\IMG\center_2024_11_20_20_15_55_322.jpg, C:\Users\Owner\Downloads\simulator-windows-64\dataTrack1\IMG\left_2024_11_20_20_15_55_322.jpg, C:\Users\Owner\Downloads\simulator-windows-64\dataTrack1\IMG\right_2024_11_20_20_15_55_322.jpg, 0, 0.3226278, 0, 20.06061
C:\Users\Owner\Downloads\simulator-windows-64\dataTrack1\IMG\center_2024_11_20_20_15_55_425.jpg, C:\Users\Owner\Downloads\simulator-windows-64\dataTrack1\IMG\left_2024_11_20_20_15_55_425.jpg, C:\Users\Owner\Downloads\simulator-windows-64\dataTrack1\IMG\right_2024_11_20_20_15_55_425.jpg, 0, 0.1095888, 0, 20.44556
C:\Users\Owner\Downloads\simulator-windows-64\dataTrack1\IMG\center_2024_11_20_20_15_55_530.jpg, C:\Users\Owner\Downloads\simulator-windows-64\dataTrack1\IMG\left_2024_11_20_20_15_55_530.jpg, C:\Users\Owner\Downloads\simulator-windows-64\dataTrack1\IMG\right_2024_11_20_20_15_55_530.jpg, 0, 0.1043148, 0, 20.23823
C:\Users\Owner\Downloads\simulator-windows-64\dataTrack1\IMG\center_2024_11_20_20_15_55_634.jpg, C:\Users\Owner\Downloads\simulator-windows-64\dataTrack1\IMG\left_2024_11_20_20_15_55_634.jpg, C:\Users\Owner\Downloads\simulator-windows-64\dataTrack1\IMG\right_2024_11_20_20_15_55_634.jpg, 0, 0.1084953, 0, 19.95786
C:\Users\Owner\Downloads\simulator-windows-64\dataTrack1\IMG\center_2024_11_20_20_15_55_737.jpg, C:\Users\Owner\Downloads\simulator-windows-64\dataTrack1\IMG\left_2024_11_20_20_15_55_737.jpg, C:\Users\Owner\Downloads\simulator-windows-64\dataTrack1\IMG\right_2024_11_20_20_15_55_737.jpg, 0, 0.0511698, 0, 20.0889
C:\Users\Owner\Downloads\simulator-windows-64\dataTrack1\IMG\center_2024_11_20_20_15_55_839.jpg, C:\Users\Owner\Downloads\simulator-windows-64\dataTrack1\IMG\left_2024_11_20_20_15_55_839.jpg, C:\Users\Owner\Downloads\simulator-windows-64\dataTrack1\IMG\right_2024_11_20_20_15_55_839.jpg, 0, 0.1487346, 0, 19.76809
C:\Users\Owner\Downloads\simulator-windows-64\dataTrack1\IMG\center_2024_11_20_20_15_55_944.jpg, C:\Users\Owner\Downloads\simulator-windows-64\dataTrack1\IMG\left_2024_11_20_20_15_55_944.jpg, C:\Users\Owner\Downloads\simulator-windows-64\dataTrack1\IMG\right_2024_11_20_20_15_55_944.jpg, 0, 0, 0, 19.94101
C:\Users\Owner\Downloads\simulator-windows-64\dataTrack1\IMG\center_2024_11_20_20_15_56_048.jpg, C:\Users\Owner\Downloads\simulator-windows-64\dataTrack1\IMG\left_2024_11_20_20_15_56_048.jpg, C:\Users\Owner\Downloads\simulator-windows-64\dataTrack1\IMG\right_2024_11_20_20_15_56_048.jpg, 0, 0.3134358, 0, 19.90804
C:\Users\Owner\Downloads\simulator-windows-64\dataTrack1\IMG\center_2024_11_20_20_15_56_151.jpg, C:\Users\Owner\Downloads\simulator-windows-64\dataTrack1\IMG\left_2024_11_20_20_15_56_151.jpg, C:\Users\Owner\Downloads\simulator-windows-64\dataTrack1\IMG\right_2024_11_20_20_15_56_151.jpg, 0, 0, 0, 19.55926
C:\Users\Owner\Downloads\simulator-windows-64\dataTrack1\IMG\center_2024_11_20_20_15_56_255.jpg, C:\Users\Owner\Downloads\simulator-windows-64\dataTrack1\IMG\left_2024_11_20_20_15_56_255.jpg, C:\Users\Owner\Downloads\simulator-windows-64\dataTrack1\IMG\right_2024_11_20_20_15_56_255.jpg, 0, 0.3073839, 0, 19.88096
C:\Users\Owner\Downloads\simulator-windows-64\dataTrack1\IMG\center_2024_11_20_20_15_56_357.jpg, C:\Users\Owner\Downloads\simulator-windows-64\dataTrack1\IMG\left_2024_11_20_20_15_56_357.jpg, C:\Users\Owner\Downloads\simulator-windows-64\dataTrack1\IMG\right_2024_11_20_20_15_56_357.jpg, 0, 0.000308089, 0, 19.55606
C:\Users\Owner\Downloads\simulator-windows-64\dataTrack1\IMG\center_2024_11_20_20_15_56_463.jpg, C:\Users\Owner\Downloads\simulator-windows-64\dataTrack1\IMG\left_2024_11_20_20_15_56_463.jpg, C:\Users\Owner\Downloads\simulator-windows-64\dataTrack1\IMG\right_2024_11_20_20_15_56_463.jpg, 0, 0.2013957, 0, 19.83799
C:\Users\Owner\Downloads\simulator-windows-64\dataTrack1\IMG\center_2024_11_20_20_15_56_564.jpg, C:\Users\Owner\Downloads\simulator-windows-64\dataTrack1\IMG\left_2024_11_20_20_15_56_564.jpg, C:\Users\Owner\Downloads\simulator-windows-64\dataTrack1\IMG\right_2024_11_20_20_15_56_564.jpg, -0.1565595, 0, 0, 19.40223
C:\Users\Owner\Downloads\simulator-windows-64\dataTrack1\IMG\center_2024_11_20_20_15_56_669.jpg, C:\Users\Owner\Downloads\simulator-windows-64\dataTrack1\IMG\left_2024_11_20_20_15_56_669.jpg, C:\Users\Owner\Downloads\simulator-windows-64\dataTrack1\IMG\right_2024_11_20_20_15_56_669.jpg, -0.4069881, 0, 0, 19.03361
C:\Users\Owner\Downloads\simulator-windows-64\dataTrack1\IMG\center_2024_11_20_20_15_56_771.jpg, C:\Users\Owner\Downloads\simulator-windows-64\dataTrack1\IMG\left_2024_11_20_20_15_56_771.jpg, C:\Users\Owner\Downloads\simulator-windows-64\dataTrack1\IMG\right_2024_11_20_20_15_56_771.jpg, -0.09814948, 0.1509312, 0, 19.24736
C:\Users\Owner\Downloads\simulator-windows-64\dataTrack1\IMG\center_2024_11_20_20_15_56_875.jpg, C:\Users\Owner\Downloads\simulator-windows-64\dataTrack1\IMG\left_2024_11_20_20_15_56_875.jpg, C:\Users\Owner\Downloads\simulator-windows-64\dataTrack1\IMG\right_2024_11_20_20_15_56_875.jpg, 0, 0.2512375, 0, 19.01981
C:\Users\Owner\Downloads\simulator-windows-64\dataTrack1\IMG\center_2024_11_20_20_15_56_980.jpg, C:\Users\Owner\Downloads\simulator-windows-64\dataTrack1\IMG\left_2024_11_20_20_15_56_980.jpg, C:\Users\Owner\Downloads\simulator-windows-64\dataTrack1\IMG\right_2024_11_20_20_15_56_980.jpg, 0, 0, 0, 19.32189
C:\Users\Owner\Downloads\simulator-windows-64\dataTrack1\IMG\center_2024_11_20_20_15_57_083.jpg, C:\Users\Owner\Downloads\simulator-windows-64\dataTrack1\IMG\left_2024_11_20_20_15_57_083.jpg, C:\Users\Owner\Downloads\simulator-windows-64\dataTrack1\IMG\right_2024_11_20_20_15_57_083.jpg, 0, 0.150759, 0, 18.71814
C:\Users\Owner\Downloads\simulator-windows-64\dataTrack1\IMG\center_2024_11_20_20_15_57_184.jpg, C:\Users\Owner\Downloads\simulator-windows-64\dataTrack1\IMG\left_2024_11_20_20_15_57_184.jpg, C:\Users\Owner\Downloads\simulator-windows-64\dataTrack1\IMG\right_2024_11_20_20_15_57_184.jpg, 0, 0.09882842, 0, 19.194
C:\Users\Owner\Downloads\simulator-windows-64\dataTrack1\IMG\center_2024_11_20_20_15_57_290.jpg, C:\Users\Owner\Downloads\simulator-windows-64\dataTrack1\IMG\left_2024_11_20_20_15_57_290.jpg, C:\Users\Owner\Downloads\simulator-windows-64\dataTrack1\IMG\right_2024_11_20_20_15_57_290.jpg, -0.3143634, 0, 0, 18.94134
C:\Users\Owner\Downloads\simulator-windows-64\dataTrack1\IMG\center_2024_11_20_20_15_57_391.jpg, C:\Users\Owner\Downloads\simulator-windows-64\dataTrack1\IMG\left_2024_11_20_20_15_57_391.jpg, C:\Users\Owner\Downloads\simulator-windows-64\dataTrack1\IMG\right_2024_11_20_20_15_57_391.jpg, -0.6213022, 0.1979994, 0, 18.26902
C:\Users\Owner\Downloads\simulator-windows-64\dataTrack1\IMG\center_2024_11_20_20_15_57_497.jpg, C:\Users\Owner\Downloads\simulator-windows-64\dataTrack1\IMG\left_2024_11_20_20_15_57_497.jpg, C:\Users\Owner\Downloads\simulator-windows-64\dataTrack1\IMG\right_2024_11_20_20_15_57_497.jpg, -0.3050413, 0.1953381, 0, 18.7982
C:\Users\Owner\Downloads\simulator-windows-64\dataTrack1\IMG\center_2024_11_20_20_15_57_600.jpg, C:\Users\Owner\Downloads\simulator-windows-64\dataTrack1\IMG\left_2024_11_20_20_15_57_600.jpg, C:\Users\Owner\Downloads\simulator-windows-64\dataTrack1\IMG\right_2024_11_20_20_15_57_600.jpg, 0, 0, 0, 18.25861
C:\Users\Owner\Downloads\simulator-windows-64\dataTrack1\IMG\center_2024_11_20_20_15_57_702.jpg, C:\Users\Owner\Downloads\simulator-windows-64\dataTrack1\IMG\left_2024_11_20_20_15_57_702.jpg, C:\Users\Owner\Downloads\simulator-windows-64\dataTrack1\IMG\right_2024_11_20_20_15_57_702.jpg, 0, 0.2042577, 0, 18.54584
C:\Users\Owner\Downloads\simulator-windows-64\dataTrack1\IMG\center_2024_11_20_20_15_57_805.jpg, C:\Users\Owner\Downloads\simulator-windows-64\dataTrack1\IMG\left_2024_11_20_20_15_57_805.jpg, C:\Users\Owner\Downloads\simulator-windows-64\dataTrack1\IMG\right_2024_11_20_20_15_57_805.jpg, 0, 0, 0, 17.99828
C:\Users\Owner\Downloads\simulator-windows-64\dataTrack1\IMG\center_2024_11_20_20_15_57_909.jpg, C:\Users\Owner\Downloads\simulator-windows-64\dataTrack1\IMG\left_2024_11_20_20_15_57_909.jpg, C:\Users\Owner\Downloads\simulator-windows-64\dataTrack1\IMG\right_2024_11_20_20_15_57_909.jpg, 0, 0, 0, 17.7584
C:\Users\Owner\Downloads\simulator-windows-64\dataTrack1\IMG\center_2024_11_20_20_15_58_015.jpg, C:\Users\Owner\Downloads\simulator-windows-64\dataTrack1\IMG\left_2024_11_20_20_15_58_015.jpg, C:\Users\Owner\Downloads\simulator-windows-64\dataTrack1\IMG\right_2024_11_20_20_15_58_015.jpg, 0, 0.1086522, 0, 18.0958
C:\Users\Owner\Downloads\simulator-windows-64\dataTrack1\IMG\center_2024_11_20_20_15_58_116.jpg, C:\Users\Owner\Downloads\simulator-windows-64\dataTrack1\IMG\left_2024_11_20_20_15_58_116.jpg, C:\Users\Owner\Downloads\simulator-windows-64\dataTrack1\IMG\right_2024_11_20_20_15_58_116.jpg, 0, 0.1131438, 0, 17.6564
C:\Users\Owner\Downloads\simulator-windows-64\dataTrack1\IMG\center_2024_11_20_20_15_58_221.jpg, C:\Users\Owner\Downloads\simulator-windows-64\dataTrack1\IMG\left_2024_11_20_20_15_58_221.jpg, C:\Users\Owner\Downloads\simulator-windows-64\dataTrack1\IMG\right_2024_11_20_20_15_58_221.jpg, 0, 0.1012959, 0, 18.00103
C:\Users\Owner\Downloads\simulator-windows-64\dataTrack1\IMG\center_2024_11_20_20_15_58_325.jpg, C:\Users\Owner\Downloads\simulator-windows-64\dataTrack1\IMG\left_2024_11_20_20_15_58_325.jpg, C:\Users\Owner\Downloads\simulator-windows-64\dataTrack1\IMG\right_2024_11_20_20_15_58_325.jpg, 0, 0.3650565, 0, 17.64825
C:\Users\Owner\Downloads\simulator-windows-64\dataTrack1\IMG\center_2024_11_20_20_15_58_426.jpg, C:\Users\Owner\Downloads\simulator-windows-64\dataTrack1\IMG\left_2024_11_20_20_15_58_426.jpg, C:\Users\Owner\Downloads\simulator-windows-64\dataTrack1\IMG\right_2024_11_20_20_15_58_426.jpg, 0, 0.1651209, 0, 18.1612
C:\Users\Owner\Downloads\simulator-windows-64\dataTrack1\IMG\center_2024_11_20_20_15_58_531.jpg, C:\Users\Owner\Downloads\simulator-windows-64\dataTrack1\IMG\left_2024_11_20_20_15_58_531.jpg, C:\Users\Owner\Downloads\simulator-windows-64\dataTrack1\IMG\right_2024_11_20_20_15_58_531.jpg, 0, 0.4295535, 0, 18.43432
C:\Users\Owner\Downloads\simulator-windows-64\dataTrack1\IMG\center_2024_11_20_20_15_58_634.jpg, C:\Users\Owner\Downloads\simulator-windows-64\dataTrack1\IMG\left_2024_11_20_20_15_58_634.jpg, C:\Users\Owner\Downloads\simulator-windows-64\dataTrack1\IMG\right_2024_11_20_20_15_58_634.jpg, -0.0549957, 0.1206945, 0, 18.18025
C:\Users\Owner\Downloads\simulator-windows-64\dataTrack1\IMG\center_2024_11_20_20_15_58_738.jpg, C:\Users\Owner\Downloads\simulator-windows-64\dataTrack1\IMG\left_2024_11_20_20_15_58_738.jpg, C:\Users\Owner\Downloads\simulator-windows-64\dataTrack1\IMG\right_2024_11_20_20_15_58_738.jpg, -0.366465, 0.2283738, 0, 18.44816
C:\Users\Owner\Downloads\simulator-windows-64\dataTrack1\IMG\center_2024_11_20_20_15_58_839.jpg, C:\Users\Owner\Downloads\simulator-windows-64\dataTrack1\IMG\left_2024_11_20_20_15_58_839.jpg, C:\Users\Owner\Downloads\simulator-windows-64\dataTrack1\IMG\right_2024_11_20_20_15_58_839.jpg, -0.06073891, 0.1306365, 0, 18.16062
C:\Users\Owner\Downloads\simulator-windows-64\dataTrack1\IMG\center_2024_11_20_20_15_58_944.jpg, C:\Users\Owner\Downloads\simulator-windows-64\dataTrack1\IMG\left_2024_11_20_20_15_58_944.jpg, C:\Users\Owner\Downloads\simulator-windows-64\dataTrack1\IMG\right_2024_11_20_20_15_58_944.jpg, 0, 0, 0, 18.46482
C:\Users\Owner\Downloads\simulator-windows-64\dataTrack1\IMG\center_2024_11_20_20_15_59_049.jpg, C:\Users\Owner\Downloads\simulator-windows-64\dataTrack1\IMG\left_2024_11_20_20_15_59_049.jpg, C:\Users\Owner\Downloads\simulator-windows-64\dataTrack1\IMG\right_2024_11_20_20_15_59_049.jpg, -0.0539655, 0, 0, 18.24632
C:\Users\Owner\Downloads\simulator-windows-64\dataTrack1\IMG\center_2024_11_20_20_15_59_151.jpg, C:\Users\Owner\Downloads\simulator-windows-64\dataTrack1\IMG\left_2024_11_20_20_15_59_151.jpg, C:\Users\Owner\Downloads\simulator-windows-64\dataTrack1\IMG\right_2024_11_20_20_15_59_151.jpg, -0.05783428, 0, 0, 17.53587
C:\Users\Owner\Downloads\simulator-windows-64\dataTrack1\IMG\center_2024_11_20_20_15_59_256.jpg, C:\Users\Owner\Downloads\simulator-windows-64\dataTrack1\IMG\left_2024_11_20_20_15_59_256.jpg, C:\Users\Owner\Downloads\simulator-windows-64\dataTrack1\IMG\right_2024_11_20_20_15_59_256.jpg, 0, 0, 0, 17.87437
C:\Users\Owner\Downloads\simulator-windows-64\dataTrack1\IMG\center_2024_11_20_20_15_59_357.jpg, C:\Users\Owner\Downloads\simulator-windows-64\dataTrack1\IMG\left_2024_11_20_20_15_59_357.jpg, C:\Users\Owner\Downloads\simulator-windows-64\dataTrack1\IMG\right_2024_11_20_20_15_59_357.jpg, -0.3064098, 0, 0, 17.15764
C:\Users\Owner\Downloads\simulator-windows-64\dataTrack1\IMG\center_2024_11_20_20_15_59_462.jpg, C:\Users\Owner\Downloads\simulator-windows-64\dataTrack1\IMG\left_2024_11_20_20_15_59_462.jpg, C:\Users\Owner\Downloads\simulator-windows-64\dataTrack1\IMG\right_2024_11_20_20_15_59_462.jpg, 0, 0.1574718, 0, 17.48177
C:\Users\Owner\Downloads\simulator-windows-64\dataTrack1\IMG\center_2024_11_20_20_15_59_566.jpg, C:\Users\Owner\Downloads\simulator-windows-64\dataTrack1\IMG\left_2024_11_20_20_15_59_566.jpg, C:\Users\Owner\Downloads\simulator-windows-64\dataTrack1\IMG\right_2024_11_20_20_15_59_566.jpg, 0, 0.4138575, 0, 17.20156
C:\Users\Owner\Downloads\simulator-windows-64\dataTrack1\IMG\center_2024_11_20_20_15_59_670.jpg, C:\Users\Owner\Downloads\simulator-windows-64\dataTrack1\IMG\left_2024_11_20_20_15_59_670.jpg, C:\Users\Owner\Downloads\simulator-windows-64\dataTrack1\IMG\right_2024_11_20_20_15_59_670.jpg, 0, 0.1580571, 0, 17.26784
C:\Users\Owner\Downloads\simulator-windows-64\dataTrack1\IMG\center_2024_11_20_20_15_59_773.jpg, C:\Users\Owner\Downloads\simulator-windows-64\dataTrack1\IMG\left_2024_11_20_20_15_59_773.jpg, C:\Users\Owner\Downloads\simulator-windows-64\dataTrack1\IMG\right_2024_11_20_20_15_59_773.jpg, 0, 0.3619065, 0, 17.9502
C:\Users\Owner\Downloads\simulator-windows-64\dataTrack1\IMG\center_2024_11_20_20_15_59_874.jpg, C:\Users\Owner\Downloads\simulator-windows-64\dataTrack1\IMG\left_2024_11_20_20_15_59_874.jpg, C:\Users\Owner\Downloads\simulator-windows-64\dataTrack1\IMG\right_2024_11_20_20_15_59_874.jpg, -0.3066264, 0.0552801, 0, 17.53725
C:\Users\Owner\Downloads\simulator-windows-64\dataTrack1\IMG\center_2024_11_20_20_15_59_979.jpg, C:\Users\Owner\Downloads\simulator-windows-64\dataTrack1\IMG\left_2024_11_20_20_15_59_979.jpg, C:\Users\Owner\Downloads\simulator-windows-64\dataTrack1\IMG\right_2024_11_20_20_15_59_979.jpg, -0.6189381, 0, 0, 17.65387
C:\Users\Owner\Downloads\simulator-windows-64\dataTrack1\IMG\center_2024_11_20_20_16_00_083.jpg, C:\Users\Owner\Downloads\simulator-windows-64\dataTrack1\IMG\left_2024_11_20_20_16_00_083.jpg, C:\Users\Owner\Downloads\simulator-windows-64\dataTrack1\IMG\right_2024_11_20_20_16_00_083.jpg, -0.309546, 0.3093921, 0, 17.13161
C:\Users\Owner\Downloads\simulator-windows-64\dataTrack1\IMG\center_2024_11_20_20_16_00_187.jpg, C:\Users\Owner\Downloads\simulator-windows-64\dataTrack1\IMG\left_2024_11_20_20_16_00_187.jpg, C:\Users\Owner\Downloads\simulator-windows-64\dataTrack1\IMG\right_2024_11_20_20_16_00_187.jpg, -0.04657679, 0.04642289, 0, 17.64984
C:\Users\Owner\Downloads\simulator-windows-64\dataTrack1\IMG\center_2024_11_20_20_16_00_290.jpg, C:\Users\Owner\Downloads\simulator-windows-64\dataTrack1\IMG\left_2024_11_20_20_16_00_290.jpg, C:\Users\Owner\Downloads\simulator-windows-64\dataTrack1\IMG\right_2024_11_20_20_16_00_290.jpg, 0, 0.2071548, 0, 17.51949
C:\Users\Owner\Downloads\simulator-windows-64\dataTrack1\IMG\center_2024_11_20_20_16_00_392.jpg, C:\Users\Owner\Downloads\simulator-windows-64\dataTrack1\IMG\left_2024_11_20_20_16_00_392.jpg, C:\Users\Owner\Downloads\simulator-windows-64\dataTrack1\IMG\right_2024_11_20_20_16_00_392.jpg, 0, 0, 0, 16.92589
C:\Users\Owner\Downloads\simulator-windows-64\dataTrack1\IMG\center_2024_11_20_20_16_00_498.jpg, C:\Users\Owner\Downloads\simulator-windows-64\dataTrack1\IMG\left_2024_11_20_20_16_00_498.jpg, C:\Users\Owner\Downloads\simulator-windows-64\dataTrack1\IMG\right_2024_11_20_20_16_00_498.jpg, 0, 0.1585383, 0, 17.31041
C:\Users\Owner\Downloads\simulator-windows-64\dataTrack1\IMG\center_2024_11_20_20_16_00_600.jpg, C:\Users\Owner\Downloads\simulator-windows-64\dataTrack1\IMG\left_2024_11_20_20_16_00_600.jpg, C:\Users\Owner\Downloads\simulator-windows-64\dataTrack1\IMG\right_2024_11_20_20_16_00_600.jpg, 0, 0.2582424, 0, 17.00395
C:\Users\Owner\Downloads\simulator-windows-64\dataTrack1\IMG\center_2024_11_20_20_16_00_704.jpg, C:\Users\Owner\Downloads\simulator-windows-64\dataTrack1\IMG\left_2024_11_20_20_16_00_704.jpg, C:\Users\Owner\Downloads\simulator-windows-64\dataTrack1\IMG\right_2024_11_20_20_16_00_704.jpg, 0, 0.3646533, 0, 17.53858
C:\Users\Owner\Downloads\simulator-windows-64\dataTrack1\IMG\center_2024_11_20_20_16_00_806.jpg, C:\Users\Owner\Downloads\simulator-windows-64\dataTrack1\IMG\left_2024_11_20_20_16_00_806.jpg, C:\Users\Owner\Downloads\simulator-windows-64\dataTrack1\IMG\right_2024_11_20_20_16_00_806.jpg, -0.2564706, 0.5192211, 0, 17.60658
C:\Users\Owner\Downloads\simulator-windows-64\dataTrack1\IMG\center_2024_11_20_20_16_00_909.jpg, C:\Users\Owner\Downloads\simulator-windows-64\dataTrack1\IMG\left_2024_11_20_20_16_00_909.jpg, C:\Users\Owner\Downloads\simulator-windows-64\dataTrack1\IMG\right_2024_11_20_20_16_00_909.jpg, -0.4106874, 0.1587687, 0, 17.60581
C:\Users\Owner\Downloads\simulator-windows-64\dataTrack1\IMG\center_2024_11_20_20_16_01_015.jpg, C:\Users\Owner\Downloads\simulator-windows-64\dataTrack1\IMG\left_2024_11_20_20_16_01_015.jpg, C:\Users\Owner\Downloads\simulator-windows-64\dataTrack1\IMG\right_2024_11_20_20_16_01_015.jpg, -0.09707972, 0, 0, 17.94371
C:\Users\Owner\Downloads\simulator-windows-64\dataTrack1\IMG\center_2024_11_20_20_16_01_118.jpg, C:\Users\Owner\Downloads\simulator-windows-64\dataTrack1\IMG\left_2024_11_20_20_16_01_118.jpg, C:\Users\Owner\Downloads\simulator-windows-64\dataTrack1\IMG\right_2024_11_20_20_16_01_118.jpg, 0, 0, 0, 17.24743
C:\Users\Owner\Downloads\simulator-windows-64\dataTrack1\IMG\center_2024_11_20_20_16_01_222.jpg, C:\Users\Owner\Downloads\simulator-windows-64\dataTrack1\IMG\left_2024_11_20_20_16_01_222.jpg, C:\Users\Owner\Downloads\simulator-windows-64\dataTrack1\IMG\right_2024_11_20_20_16_01_222.jpg, -0.006472803, 0.0490317, 0, 17.57944
C:\Users\Owner\Downloads\simulator-windows-64\dataTrack1\IMG\center_2024_11_20_20_16_01_325.jpg, C:\Users\Owner\Downloads\simulator-windows-64\dataTrack1\IMG\left_2024_11_20_20_16_01_325.jpg, C:\Users\Owner\Downloads\simulator-windows-64\dataTrack1\IMG\right_2024_11_20_20_16_01_325.jpg, 0, 0.3112995, 0, 17.13176
C:\Users\Owner\Downloads\simulator-windows-64\dataTrack1\IMG\center_2024_11_20_20_16_01_426.jpg, C:\Users\Owner\Downloads\simulator-windows-64\dataTrack1\IMG\left_2024_11_20_20_16_01_426.jpg, C:\Users\Owner\Downloads\simulator-windows-64\dataTrack1\IMG\right_2024_11_20_20_16_01_426.jpg, 0, 0.1063755, 0, 17.70781
C:\Users\Owner\Downloads\simulator-windows-64\dataTrack1\IMG\center_2024_11_20_20_16_01_531.jpg, C:\Users\Owner\Downloads\simulator-windows-64\dataTrack1\IMG\left_2024_11_20_20_16_01_531.jpg, C:\Users\Owner\Downloads\simulator-windows-64\dataTrack1\IMG\right_2024_11_20_20_16_01_531.jpg, 0, 0.2090112, 0, 17.59545
C:\Users\Owner\Downloads\simulator-windows-64\dataTrack1\IMG\center_2024_11_20_20_16_01_635.jpg, C:\Users\Owner\Downloads\simulator-windows-64\dataTrack1\IMG\left_2024_11_20_20_16_01_635.jpg, C:\Users\Owner\Downloads\simulator-windows-64\dataTrack1\IMG\right_2024_11_20_20_16_01_635.jpg, -0.102084, 0.2153028, 0, 17.31634
C:\Users\Owner\Downloads\simulator-windows-64\dataTrack1\IMG\center_2024_11_20_20_16_01_740.jpg, C:\Users\Owner\Downloads\simulator-windows-64\dataTrack1\IMG\left_2024_11_20_20_16_01_740.jpg, C:\Users\Owner\Downloads\simulator-windows-64\dataTrack1\IMG\right_2024_11_20_20_16_01_740.jpg, -0.3031608, 0, 0, 17.68452
C:\Users\Owner\Downloads\simulator-windows-64\dataTrack1\IMG\center_2024_11_20_20_16_01_841.jpg, C:\Users\Owner\Downloads\simulator-windows-64\dataTrack1\IMG\left_2024_11_20_20_16_01_841.jpg, C:\Users\Owner\Downloads\simulator-windows-64\dataTrack1\IMG\right_2024_11_20_20_16_01_841.jpg, 0, 0.3045714, 0, 17.15756
C:\Users\Owner\Downloads\simulator-windows-64\dataTrack1\IMG\center_2024_11_20_20_16_01_945.jpg, C:\Users\Owner\Downloads\simulator-windows-64\dataTrack1\IMG\left_2024_11_20_20_16_01_945.jpg, C:\Users\Owner\Downloads\simulator-windows-64\dataTrack1\IMG\right_2024_11_20_20_16_01_945.jpg, 0, 0.261831, 0, 17.85475
C:\Users\Owner\Downloads\simulator-windows-64\dataTrack1\IMG\center_2024_11_20_20_16_02_050.jpg, C:\Users\Owner\Downloads\simulator-windows-64\dataTrack1\IMG\left_2024_11_20_20_16_02_050.jpg, C:\Users\Owner\Downloads\simulator-windows-64\dataTrack1\IMG\right_2024_11_20_20_16_02_050.jpg, -0.1035222, 0, 0, 17.78764
C:\Users\Owner\Downloads\simulator-windows-64\dataTrack1\IMG\center_2024_11_20_20_16_02_153.jpg, C:\Users\Owner\Downloads\simulator-windows-64\dataTrack1\IMG\left_2024_11_20_20_16_02_153.jpg, C:\Users\Owner\Downloads\simulator-windows-64\dataTrack1\IMG\right_2024_11_20_20_16_02_153.jpg, -0.4125405, 0, 0, 17.03619
C:\Users\Owner\Downloads\simulator-windows-64\dataTrack1\IMG\center_2024_11_20_20_16_02_257.jpg, C:\Users\Owner\Downloads\simulator-windows-64\dataTrack1\IMG\left_2024_11_20_20_16_02_257.jpg, C:\Users\Owner\Downloads\simulator-windows-64\dataTrack1\IMG\right_2024_11_20_20_16_02_257.jpg, -0.100587, 0.2067483, 0, 17.39127
C:\Users\Owner\Downloads\simulator-windows-64\dataTrack1\IMG\center_2024_11_20_20_16_02_361.jpg, C:\Users\Owner\Downloads\simulator-windows-64\dataTrack1\IMG\left_2024_11_20_20_16_02_361.jpg, C:\Users\Owner\Downloads\simulator-windows-64\dataTrack1\IMG\right_2024_11_20_20_16_02_361.jpg, 0, 0.2020518, 0, 17.10459
C:\Users\Owner\Downloads\simulator-windows-64\dataTrack1\IMG\center_2024_11_20_20_16_02_463.jpg, C:\Users\Owner\Downloads\simulator-windows-64\dataTrack1\IMG\left_2024_11_20_20_16_02_463.jpg, C:\Users\Owner\Downloads\simulator-windows-64\dataTrack1\IMG\right_2024_11_20_20_16_02_463.jpg, 0, 0.0538935, 0, 17.51427
C:\Users\Owner\Downloads\simulator-windows-64\dataTrack1\IMG\center_2024_11_20_20_16_02_567.jpg, C:\Users\Owner\Downloads\simulator-windows-64\dataTrack1\IMG\left_2024_11_20_20_16_02_567.jpg, C:\Users\Owner\Downloads\simulator-windows-64\dataTrack1\IMG\right_2024_11_20_20_16_02_567.jpg, 0, 0.3667452, 0, 17.57099
C:\Users\Owner\Downloads\simulator-windows-64\dataTrack1\IMG\center_2024_11_20_20_16_02_673.jpg, C:\Users\Owner\Downloads\simulator-windows-64\dataTrack1\IMG\left_2024_11_20_20_16_02_673.jpg, C:\Users\Owner\Downloads\simulator-windows-64\dataTrack1\IMG\right_2024_11_20_20_16_02_673.jpg, 0, 0.2591463, 0, 17.42103
C:\Users\Owner\Downloads\simulator-windows-64\dataTrack1\IMG\center_2024_11_20_20_16_02_776.jpg, C:\Users\Owner\Downloads\simulator-windows-64\dataTrack1\IMG\left_2024_11_20_20_16_02_776.jpg, C:\Users\Owner\Downloads\simulator-windows-64\dataTrack1\IMG\right_2024_11_20_20_16_02_776.jpg, -0.1569879, 0.5681089, 0, 18.13777
C:\Users\Owner\Downloads\simulator-windows-64\dataTrack1\IMG\center_2024_11_20_20_16_02_878.jpg, C:\Users\Owner\Downloads\simulator-windows-64\dataTrack1\IMG\left_2024_11_20_20_16_02_878.jpg, C:\Users\Owner\Downloads\simulator-windows-64\dataTrack1\IMG\right_2024_11_20_20_16_02_878.jpg, -0.3592575, 0.2618688, 0, 18.09026
C:\Users\Owner\Downloads\simulator-windows-64\dataTrack1\IMG\center_2024_11_20_20_16_02_982.jpg, C:\Users\Owner\Downloads\simulator-windows-64\dataTrack1\IMG\left_2024_11_20_20_16_02_982.jpg, C:\Users\Owner\Downloads\simulator-windows-64\dataTrack1\IMG\right_2024_11_20_20_16_02_982.jpg, -0.04562341, 0, 0, 18.39032
C:\Users\Owner\Downloads\simulator-windows-64\dataTrack1\IMG\center_2024_11_20_20_16_03_086.jpg, C:\Users\Owner\Downloads\simulator-windows-64\dataTrack1\IMG\left_2024_11_20_20_16_03_086.jpg, C:\Users\Owner\Downloads\simulator-windows-64\dataTrack1\IMG\right_2024_11_20_20_16_03_086.jpg, 0, 0.1572621, 0, 17.77506
C:\Users\Owner\Downloads\simulator-windows-64\dataTrack1\IMG\center_2024_11_20_20_16_03_190.jpg, C:\Users\Owner\Downloads\simulator-windows-64\dataTrack1\IMG\left_2024_11_20_20_16_03_190.jpg, C:\Users\Owner\Downloads\simulator-windows-64\dataTrack1\IMG\right_2024_11_20_20_16_03_190.jpg, 0, 0.2051808, 0, 18.01367
C:\Users\Owner\Downloads\simulator-windows-64\dataTrack1\IMG\center_2024_11_20_20_16_03_294.jpg, C:\Users\Owner\Downloads\simulator-windows-64\dataTrack1\IMG\left_2024_11_20_20_16_03_294.jpg, C:\Users\Owner\Downloads\simulator-windows-64\dataTrack1\IMG\right_2024_11_20_20_16_03_294.jpg, 0, 0.0523041, 0, 18.34565
C:\Users\Owner\Downloads\simulator-windows-64\dataTrack1\IMG\center_2024_11_20_20_16_03_395.jpg, C:\Users\Owner\Downloads\simulator-windows-64\dataTrack1\IMG\left_2024_11_20_20_16_03_395.jpg, C:\Users\Owner\Downloads\simulator-windows-64\dataTrack1\IMG\right_2024_11_20_20_16_03_395.jpg, 0, 0.3325815, 0, 17.99469
C:\Users\Owner\Downloads\simulator-windows-64\dataTrack1\IMG\center_2024_11_20_20_16_03_501.jpg, C:\Users\Owner\Downloads\simulator-windows-64\dataTrack1\IMG\left_2024_11_20_20_16_03_501.jpg, C:\Users\Owner\Downloads\simulator-windows-64\dataTrack1\IMG\right_2024_11_20_20_16_03_501.jpg, -0.2122773, 0.04002424, 0, 18.46068
C:\Users\Owner\Downloads\simulator-windows-64\dataTrack1\IMG\center_2024_11_20_20_16_03_606.jpg, C:\Users\Owner\Downloads\simulator-windows-64\dataTrack1\IMG\left_2024_11_20_20_16_03_606.jpg, C:\Users\Owner\Downloads\simulator-windows-64\dataTrack1\IMG\right_2024_11_20_20_16_03_606.jpg, -0.3707403, 0, 0, 17.71887
C:\Users\Owner\Downloads\simulator-windows-64\dataTrack1\IMG\center_2024_11_20_20_16_03_709.jpg, C:\Users\Owner\Downloads\simulator-windows-64\dataTrack1\IMG\left_2024_11_20_20_16_03_709.jpg, C:\Users\Owner\Downloads\simulator-windows-64\dataTrack1\IMG\right_2024_11_20_20_16_03_709.jpg, -0.01070734, 0.360033, 0, 17.84754
C:\Users\Owner\Downloads\simulator-windows-64\dataTrack1\IMG\center_2024_11_20_20_16_03_811.jpg, C:\Users\Owner\Downloads\simulator-windows-64\dataTrack1\IMG\left_2024_11_20_20_16_03_811.jpg, C:\Users\Owner\Downloads\simulator-windows-64\dataTrack1\IMG\right_2024_11_20_20_16_03_811.jpg, 0, 0.0540759, 0, 18.32353
C:\Users\Owner\Downloads\simulator-windows-64\dataTrack1\IMG\center_2024_11_20_20_16_03_916.jpg, C:\Users\Owner\Downloads\simulator-windows-64\dataTrack1\IMG\left_2024_11_20_20_16_03_916.jpg, C:\Users\Owner\Downloads\simulator-windows-64\dataTrack1\IMG\right_2024_11_20_20_16_03_916.jpg, 0, 0.2258865, 0, 17.78901
C:\Users\Owner\Downloads\simulator-windows-64\dataTrack1\IMG\center_2024_11_20_20_16_04_019.jpg, C:\Users\Owner\Downloads\simulator-windows-64\dataTrack1\IMG\left_2024_11_20_20_16_04_019.jpg, C:\Users\Owner\Downloads\simulator-windows-64\dataTrack1\IMG\right_2024_11_20_20_16_04_019.jpg, 0, 0.2326338, 0, 18.43129
C:\Users\Owner\Downloads\simulator-windows-64\dataTrack1\IMG\center_2024_11_20_20_16_04_124.jpg, C:\Users\Owner\Downloads\simulator-windows-64\dataTrack1\IMG\left_2024_11_20_20_16_04_124.jpg, C:\Users\Owner\Downloads\simulator-windows-64\dataTrack1\IMG\right_2024_11_20_20_16_04_124.jpg, 0, 0.3421086, 0, 18.05933
C:\Users\Owner\Downloads\simulator-windows-64\dataTrack1\IMG\center_2024_11_20_20_16_04_226.jpg, C:\Users\Owner\Downloads\simulator-windows-64\dataTrack1\IMG\left_2024_11_20_20_16_04_226.jpg, C:\Users\Owner\Downloads\simulator-windows-64\dataTrack1\IMG\right_2024_11_20_20_16_04_226.jpg, -0.1507083, 0.3052185, 0, 18.74225
C:\Users\Owner\Downloads\simulator-windows-64\dataTrack1\IMG\center_2024_11_20_20_16_04_330.jpg, C:\Users\Owner\Downloads\simulator-windows-64\dataTrack1\IMG\left_2024_11_20_20_16_04_330.jpg, C:\Users\Owner\Downloads\simulator-windows-64\dataTrack1\IMG\right_2024_11_20_20_16_04_330.jpg, 0, 0, 0, 18.70326
C:\Users\Owner\Downloads\simulator-windows-64\dataTrack1\IMG\center_2024_11_20_20_16_04_435.jpg, C:\Users\Owner\Downloads\simulator-windows-64\dataTrack1\IMG\left_2024_11_20_20_16_04_435.jpg, C:\Users\Owner\Downloads\simulator-windows-64\dataTrack1\IMG\right_2024_11_20_20_16_04_435.jpg, 0, 0.3169365, 0, 18.29666
C:\Users\Owner\Downloads\simulator-windows-64\dataTrack1\IMG\center_2024_11_20_20_16_04_539.jpg, C:\Users\Owner\Downloads\simulator-windows-64\dataTrack1\IMG\left_2024_11_20_20_16_04_539.jpg, C:\Users\Owner\Downloads\simulator-windows-64\dataTrack1\IMG\right_2024_11_20_20_16_04_539.jpg, 0, 0.1803657, 0, 18.90814
C:\Users\Owner\Downloads\simulator-windows-64\dataTrack1\IMG\center_2024_11_20_20_16_04_644.jpg, C:\Users\Owner\Downloads\simulator-windows-64\dataTrack1\IMG\left_2024_11_20_20_16_04_644.jpg, C:\Users\Owner\Downloads\simulator-windows-64\dataTrack1\IMG\right_2024_11_20_20_16_04_644.jpg, 0, 0.1211985, 0, 18.40559
C:\Users\Owner\Downloads\simulator-windows-64\dataTrack1\IMG\center_2024_11_20_20_16_04_746.jpg, C:\Users\Owner\Downloads\simulator-windows-64\dataTrack1\IMG\left_2024_11_20_20_16_04_746.jpg, C:\Users\Owner\Downloads\simulator-windows-64\dataTrack1\IMG\right_2024_11_20_20_16_04_746.jpg, 0, 0.2221374, 0, 18.94004
C:\Users\Owner\Downloads\simulator-windows-64\dataTrack1\IMG\center_2024_11_20_20_16_04_851.jpg, C:\Users\Owner\Downloads\simulator-windows-64\dataTrack1\IMG\left_2024_11_20_20_16_04_851.jpg, C:\Users\Owner\Downloads\simulator-windows-64\dataTrack1\IMG\right_2024_11_20_20_16_04_851.jpg, -0.31269, 0, 0, 18.74979
C:\Users\Owner\Downloads\simulator-windows-64\dataTrack1\IMG\center_2024_11_20_20_16_04_953.jpg, C:\Users\Owner\Downloads\simulator-windows-64\dataTrack1\IMG\left_2024_11_20_20_16_04_953.jpg, C:\Users\Owner\Downloads\simulator-windows-64\dataTrack1\IMG\right_2024_11_20_20_16_04_953.jpg, -0.2189925, 0.2007603, 0, 18.16544
C:\Users\Owner\Downloads\simulator-windows-64\dataTrack1\IMG\center_2024_11_20_20_16_05_057.jpg, C:\Users\Owner\Downloads\simulator-windows-64\dataTrack1\IMG\left_2024_11_20_20_16_05_057.jpg, C:\Users\Owner\Downloads\simulator-windows-64\dataTrack1\IMG\right_2024_11_20_20_16_05_057.jpg, 0, 0.4084848, 0, 18.82356
C:\Users\Owner\Downloads\simulator-windows-64\dataTrack1\IMG\center_2024_11_20_20_16_05_161.jpg, C:\Users\Owner\Downloads\simulator-windows-64\dataTrack1\IMG\left_2024_11_20_20_16_05_161.jpg, C:\Users\Owner\Downloads\simulator-windows-64\dataTrack1\IMG\right_2024_11_20_20_16_05_161.jpg, 0, 0.09714063, 0, 18.56096
C:\Users\Owner\Downloads\simulator-windows-64\dataTrack1\IMG\center_2024_11_20_20_16_05_265.jpg, C:\Users\Owner\Downloads\simulator-windows-64\dataTrack1\IMG\left_2024_11_20_20_16_05_265.jpg, C:\Users\Owner\Downloads\simulator-windows-64\dataTrack1\IMG\right_2024_11_20_20_16_05_265.jpg, 0, 0.0528306, 0, 18.80959
C:\Users\Owner\Downloads\simulator-windows-64\dataTrack1\IMG\center_2024_11_20_20_16_05_369.jpg, C:\Users\Owner\Downloads\simulator-windows-64\dataTrack1\IMG\left_2024_11_20_20_16_05_369.jpg, C:\Users\Owner\Downloads\simulator-windows-64\dataTrack1\IMG\right_2024_11_20_20_16_05_369.jpg, 0, 0.3114513, 0, 18.92071
C:\Users\Owner\Downloads\simulator-windows-64\dataTrack1\IMG\center_2024_11_20_20_16_05_476.jpg, C:\Users\Owner\Downloads\simulator-windows-64\dataTrack1\IMG\left_2024_11_20_20_16_05_476.jpg, C:\Users\Owner\Downloads\simulator-windows-64\dataTrack1\IMG\right_2024_11_20_20_16_05_476.jpg, -0.1535043, 0, 0, 18.48771
C:\Users\Owner\Downloads\simulator-windows-64\dataTrack1\IMG\center_2024_11_20_20_16_05_580.jpg, C:\Users\Owner\Downloads\simulator-windows-64\dataTrack1\IMG\left_2024_11_20_20_16_05_580.jpg, C:\Users\Owner\Downloads\simulator-windows-64\dataTrack1\IMG\right_2024_11_20_20_16_05_580.jpg, -0.1584348, 0.1005507, 0, 18.71832
C:\Users\Owner\Downloads\simulator-windows-64\dataTrack1\IMG\center_2024_11_20_20_16_05_686.jpg, C:\Users\Owner\Downloads\simulator-windows-64\dataTrack1\IMG\left_2024_11_20_20_16_05_686.jpg, C:\Users\Owner\Downloads\simulator-windows-64\dataTrack1\IMG\right_2024_11_20_20_16_05_686.jpg, 0, 0.3684633, 0, 18.38772
C:\Users\Owner\Downloads\simulator-windows-64\dataTrack1\IMG\center_2024_11_20_20_16_05_789.jpg, C:\Users\Owner\Downloads\simulator-windows-64\dataTrack1\IMG\left_2024_11_20_20_16_05_789.jpg, C:\Users\Owner\Downloads\simulator-windows-64\dataTrack1\IMG\right_2024_11_20_20_16_05_789.jpg, 0, 0.108051, 0, 18.53744
C:\Users\Owner\Downloads\simulator-windows-64\dataTrack1\IMG\center_2024_11_20_20_16_05_894.jpg, C:\Users\Owner\Downloads\simulator-windows-64\dataTrack1\IMG\left_2024_11_20_20_16_05_894.jpg, C:\Users\Owner\Downloads\simulator-windows-64\dataTrack1\IMG\right_2024_11_20_20_16_05_894.jpg, 0, 0.2376933, 0, 18.89542
C:\Users\Owner\Downloads\simulator-windows-64\dataTrack1\IMG\center_2024_11_20_20_16_06_000.jpg, C:\Users\Owner\Downloads\simulator-windows-64\dataTrack1\IMG\left_2024_11_20_20_16_06_000.jpg, C:\Users\Owner\Downloads\simulator-windows-64\dataTrack1\IMG\right_2024_11_20_20_16_06_000.jpg, 0, 0, 0, 18.37794
C:\Users\Owner\Downloads\simulator-windows-64\dataTrack1\IMG\center_2024_11_20_20_16_06_105.jpg, C:\Users\Owner\Downloads\simulator-windows-64\dataTrack1\IMG\left_2024_11_20_20_16_06_105.jpg, C:\Users\Owner\Downloads\simulator-windows-64\dataTrack1\IMG\right_2024_11_20_20_16_06_105.jpg, -0.2652957, 0, 0, 18.62091
C:\Users\Owner\Downloads\simulator-windows-64\dataTrack1\IMG\center_2024_11_20_20_16_06_209.jpg, C:\Users\Owner\Downloads\simulator-windows-64\dataTrack1\IMG\left_2024_11_20_20_16_06_209.jpg, C:\Users\Owner\Downloads\simulator-windows-64\dataTrack1\IMG\right_2024_11_20_20_16_06_209.jpg, 0, 0.3611652, 0, 18.65052
C:\Users\Owner\Downloads\simulator-windows-64\dataTrack1\IMG\center_2024_11_20_20_16_06_313.jpg, C:\Users\Owner\Downloads\simulator-windows-64\dataTrack1\IMG\left_2024_11_20_20_16_06_313.jpg, C:\Users\Owner\Downloads\simulator-windows-64\dataTrack1\IMG\right_2024_11_20_20_16_06_313.jpg, 0, 0.05055691, 0, 18.28201
C:\Users\Owner\Downloads\simulator-windows-64\dataTrack1\IMG\center_2024_11_20_20_16_06_417.jpg, C:\Users\Owner\Downloads\simulator-windows-64\dataTrack1\IMG\left_2024_11_20_20_16_06_417.jpg, C:\Users\Owner\Downloads\simulator-windows-64\dataTrack1\IMG\right_2024_11_20_20_16_06_417.jpg, 0, 0.1045419, 0, 18.56864
C:\Users\Owner\Downloads\simulator-windows-64\dataTrack1\IMG\center_2024_11_20_20_16_06_521.jpg, C:\Users\Owner\Downloads\simulator-windows-64\dataTrack1\IMG\left_2024_11_20_20_16_06_521.jpg, C:\Users\Owner\Downloads\simulator-windows-64\dataTrack1\IMG\right_2024_11_20_20_16_06_521.jpg, 0, 0.2080341, 0, 18.20952
C:\Users\Owner\Downloads\simulator-windows-64\dataTrack1\IMG\center_2024_11_20_20_16_06_623.jpg, C:\Users\Owner\Downloads\simulator-windows-64\dataTrack1\IMG\left_2024_11_20_20_16_06_623.jpg, C:\Users\Owner\Downloads\simulator-windows-64\dataTrack1\IMG\right_2024_11_20_20_16_06_623.jpg, 0, 0.0507141, 0, 18.57071
C:\Users\Owner\Downloads\simulator-windows-64\dataTrack1\IMG\center_2024_11_20_20_16_06_728.jpg, C:\Users\Owner\Downloads\simulator-windows-64\dataTrack1\IMG\left_2024_11_20_20_16_06_728.jpg, C:\Users\Owner\Downloads\simulator-windows-64\dataTrack1\IMG\right_2024_11_20_20_16_06_728.jpg, 0, 0.2553762, 0, 18.61625
C:\Users\Owner\Downloads\simulator-windows-64\dataTrack1\IMG\center_2024_11_20_20_16_06_831.jpg, C:\Users\Owner\Downloads\simulator-windows-64\dataTrack1\IMG\left_2024_11_20_20_16_06_831.jpg, C:\Users\Owner\Downloads\simulator-windows-64\dataTrack1\IMG\right_2024_11_20_20_16_06_831.jpg, 0, 0, 0, 18.08819
C:\Users\Owner\Downloads\simulator-windows-64\dataTrack1\IMG\center_2024_11_20_20_16_06_936.jpg, C:\Users\Owner\Downloads\simulator-windows-64\dataTrack1\IMG\left_2024_11_20_20_16_06_936.jpg, C:\Users\Owner\Downloads\simulator-windows-64\dataTrack1\IMG\right_2024_11_20_20_16_06_936.jpg, 0, 0, 0, 18.38674
C:\Users\Owner\Downloads\simulator-windows-64\dataTrack1\IMG\center_2024_11_20_20_16_07_038.jpg, C:\Users\Owner\Downloads\simulator-windows-64\dataTrack1\IMG\left_2024_11_20_20_16_07_038.jpg, C:\Users\Owner\Downloads\simulator-windows-64\dataTrack1\IMG\right_2024_11_20_20_16_07_038.jpg, 0, 0.3077016, 0, 17.93127
C:\Users\Owner\Downloads\simulator-windows-64\dataTrack1\IMG\center_2024_11_20_20_16_07_141.jpg, C:\Users\Owner\Downloads\simulator-windows-64\dataTrack1\IMG\left_2024_11_20_20_16_07_141.jpg, C:\Users\Owner\Downloads\simulator-windows-64\dataTrack1\IMG\right_2024_11_20_20_16_07_141.jpg, 0, 0.2117505, 0, 18.5971
C:\Users\Owner\Downloads\simulator-windows-64\dataTrack1\IMG\center_2024_11_20_20_16_07_245.jpg, C:\Users\Owner\Downloads\simulator-windows-64\dataTrack1\IMG\left_2024_11_20_20_16_07_245.jpg, C:\Users\Owner\Downloads\simulator-windows-64\dataTrack1\IMG\right_2024_11_20_20_16_07_245.jpg, 0, 0, 0, 18.06388
C:\Users\Owner\Downloads\simulator-windows-64\dataTrack1\IMG\center_2024_11_20_20_16_07_351.jpg, C:\Users\Owner\Downloads\simulator-windows-64\dataTrack1\IMG\left_2024_11_20_20_16_07_351.jpg, C:\Users\Owner\Downloads\simulator-windows-64\dataTrack1\IMG\right_2024_11_20_20_16_07_351.jpg, -0.109446, 0.0554763, 0, 17.8214
C:\Users\Owner\Downloads\simulator-windows-64\dataTrack1\IMG\center_2024_11_20_20_16_07_454.jpg, C:\Users\Owner\Downloads\simulator-windows-64\dataTrack1\IMG\left_2024_11_20_20_16_07_454.jpg, C:\Users\Owner\Downloads\simulator-windows-64\dataTrack1\IMG\right_2024_11_20_20_16_07_454.jpg, -0.41796, 0.3639903, 0, 18.27487
C:\Users\Owner\Downloads\simulator-windows-64\dataTrack1\IMG\center_2024_11_20_20_16_07_557.jpg, C:\Users\Owner\Downloads\simulator-windows-64\dataTrack1\IMG\left_2024_11_20_20_16_07_557.jpg, C:\Users\Owner\Downloads\simulator-windows-64\dataTrack1\IMG\right_2024_11_20_20_16_07_557.jpg, -0.1075386, 0.4653021, 0, 18.35024
C:\Users\Owner\Downloads\simulator-windows-64\dataTrack1\IMG\center_2024_11_20_20_16_07_661.jpg, C:\Users\Owner\Downloads\simulator-windows-64\dataTrack1\IMG\left_2024_11_20_20_16_07_661.jpg, C:\Users\Owner\Downloads\simulator-windows-64\dataTrack1\IMG\right_2024_11_20_20_16_07_661.jpg, 0, 0.156423, 0, 18.86867
C:\Users\Owner\Downloads\simulator-windows-64\dataTrack1\IMG\center_2024_11_20_20_16_07_762.jpg, C:\Users\Owner\Downloads\simulator-windows-64\dataTrack1\IMG\left_2024_11_20_20_16_07_762.jpg, C:\Users\Owner\Downloads\simulator-windows-64\dataTrack1\IMG\right_2024_11_20_20_16_07_762.jpg, 0, 0, 0, 18.31069
C:\Users\Owner\Downloads\simulator-windows-64\dataTrack1\IMG\center_2024_11_20_20_16_07_868.jpg, C:\Users\Owner\Downloads\simulator-windows-64\dataTrack1\IMG\left_2024_11_20_20_16_07_868.jpg, C:\Users\Owner\Downloads\simulator-windows-64\dataTrack1\IMG\right_2024_11_20_20_16_07_868.jpg, 0, 0.3147207, 0, 18.34095
C:\Users\Owner\Downloads\simulator-windows-64\dataTrack1\IMG\center_2024_11_20_20_16_07_971.jpg, C:\Users\Owner\Downloads\simulator-windows-64\dataTrack1\IMG\left_2024_11_20_20_16_07_971.jpg, C:\Users\Owner\Downloads\simulator-windows-64\dataTrack1\IMG\right_2024_11_20_20_16_07_971.jpg, 0, 0.004307993, 0, 18.75383
C:\Users\Owner\Downloads\simulator-windows-64\dataTrack1\IMG\center_2024_11_20_20_16_08_072.jpg, C:\Users\Owner\Downloads\simulator-windows-64\dataTrack1\IMG\left_2024_11_20_20_16_08_072.jpg, C:\Users\Owner\Downloads\simulator-windows-64\dataTrack1\IMG\right_2024_11_20_20_16_08_072.jpg, 0, 0.2019624, 0, 18.20106
C:\Users\Owner\Downloads\simulator-windows-64\dataTrack1\IMG\center_2024_11_20_20_16_08_176.jpg, C:\Users\Owner\Downloads\simulator-windows-64\dataTrack1\IMG\left_2024_11_20_20_16_08_176.jpg, C:\Users\Owner\Downloads\simulator-windows-64\dataTrack1\IMG\right_2024_11_20_20_16_08_176.jpg, 0, 0.09914133, 0, 18.73775
C:\Users\Owner\Downloads\simulator-windows-64\dataTrack1\IMG\center_2024_11_20_20_16_08_279.jpg, C:\Users\Owner\Downloads\simulator-windows-64\dataTrack1\IMG\left_2024_11_20_20_16_08_279.jpg, C:\Users\Owner\Downloads\simulator-windows-64\dataTrack1\IMG\right_2024_11_20_20_16_08_279.jpg, 0, 0.1549863, 0, 18.14407
C:\Users\Owner\Downloads\simulator-windows-64\dataTrack1\IMG\center_2024_11_20_20_16_08_385.jpg, C:\Users\Owner\Downloads\simulator-windows-64\dataTrack1\IMG\left_2024_11_20_20_16_08_385.jpg, C:\Users\Owner\Downloads\simulator-windows-64\dataTrack1\IMG\right_2024_11_20_20_16_08_385.jpg, 0, 0.05459577, 0, 18.66476
C:\Users\Owner\Downloads\simulator-windows-64\dataTrack1\IMG\center_2024_11_20_20_16_08_487.jpg, C:\Users\Owner\Downloads\simulator-windows-64\dataTrack1\IMG\left_2024_11_20_20_16_08_487.jpg, C:\Users\Owner\Downloads\simulator-windows-64\dataTrack1\IMG\right_2024_11_20_20_16_08_487.jpg, 0, 0.1572273, 0, 18.49962
C:\Users\Owner\Downloads\simulator-windows-64\dataTrack1\IMG\center_2024_11_20_20_16_08_591.jpg, C:\Users\Owner\Downloads\simulator-windows-64\dataTrack1\IMG\left_2024_11_20_20_16_08_591.jpg, C:\Users\Owner\Downloads\simulator-windows-64\dataTrack1\IMG\right_2024_11_20_20_16_08_591.jpg, 0, 0.0534213, 0, 18.05873
C:\Users\Owner\Downloads\simulator-windows-64\dataTrack1\IMG\center_2024_11_20_20_16_08_694.jpg, C:\Users\Owner\Downloads\simulator-windows-64\dataTrack1\IMG\left_2024_11_20_20_16_08_694.jpg, C:\Users\Owner\Downloads\simulator-windows-64\dataTrack1\IMG\right_2024_11_20_20_16_08_694.jpg, 0, 0.2051421, 0, 18.42905
C:\Users\Owner\Downloads\simulator-windows-64\dataTrack1\IMG\center_2024_11_20_20_16_08_797.jpg, C:\Users\Owner\Downloads\simulator-windows-64\dataTrack1\IMG\left_2024_11_20_20_16_08_797.jpg, C:\Users\Owner\Downloads\simulator-windows-64\dataTrack1\IMG\right_2024_11_20_20_16_08_797.jpg, 0, 0.2019471, 0, 18.15338
C:\Users\Owner\Downloads\simulator-windows-64\dataTrack1\IMG\center_2024_11_20_20_16_08_901.jpg, C:\Users\Owner\Downloads\simulator-windows-64\dataTrack1\IMG\left_2024_11_20_20_16_08_901.jpg, C:\Users\Owner\Downloads\simulator-windows-64\dataTrack1\IMG\right_2024_11_20_20_16_08_901.jpg, 0, 0.2035542, 0, 18.53889
C:\Users\Owner\Downloads\simulator-windows-64\dataTrack1\IMG\center_2024_11_20_20_16_09_003.jpg, C:\Users\Owner\Downloads\simulator-windows-64\dataTrack1\IMG\left_2024_11_20_20_16_09_003.jpg, C:\Users\Owner\Downloads\simulator-windows-64\dataTrack1\IMG\right_2024_11_20_20_16_09_003.jpg, 0, 0.4611939, 0, 18.37309
C:\Users\Owner\Downloads\simulator-windows-64\dataTrack1\IMG\center_2024_11_20_20_16_09_107.jpg, C:\Users\Owner\Downloads\simulator-windows-64\dataTrack1\IMG\left_2024_11_20_20_16_09_107.jpg, C:\Users\Owner\Downloads\simulator-windows-64\dataTrack1\IMG\right_2024_11_20_20_16_09_107.jpg, -0.0512094, 0.1009749, 0, 18.49795
C:\Users\Owner\Downloads\simulator-windows-64\dataTrack1\IMG\center_2024_11_20_20_16_09_210.jpg, C:\Users\Owner\Downloads\simulator-windows-64\dataTrack1\IMG\left_2024_11_20_20_16_09_210.jpg, C:\Users\Owner\Downloads\simulator-windows-64\dataTrack1\IMG\right_2024_11_20_20_16_09_210.jpg, -0.3597249, 0, 0, 18.68696
C:\Users\Owner\Downloads\simulator-windows-64\dataTrack1\IMG\center_2024_11_20_20_16_09_313.jpg, C:\Users\Owner\Downloads\simulator-windows-64\dataTrack1\IMG\left_2024_11_20_20_16_09_313.jpg, C:\Users\Owner\Downloads\simulator-windows-64\dataTrack1\IMG\right_2024_11_20_20_16_09_313.jpg, -0.04901011, 0, 0, 18.02084
C:\Users\Owner\Downloads\simulator-windows-64\dataTrack1\IMG\center_2024_11_20_20_16_09_420.jpg, C:\Users\Owner\Downloads\simulator-windows-64\dataTrack1\IMG\left_2024_11_20_20_16_09_420.jpg, C:\Users\Owner\Downloads\simulator-windows-64\dataTrack1\IMG\right_2024_11_20_20_16_09_420.jpg, 0, 0.1075575, 0, 18.33879
C:\Users\Owner\Downloads\simulator-windows-64\dataTrack1\IMG\center_2024_11_20_20_16_09_523.jpg, C:\Users\Owner\Downloads\simulator-windows-64\dataTrack1\IMG\left_2024_11_20_20_16_09_523.jpg, C:\Users\Owner\Downloads\simulator-windows-64\dataTrack1\IMG\right_2024_11_20_20_16_09_523.jpg, 0, 0.2023326, 0, 18.0002
C:\Users\Owner\Downloads\simulator-windows-64\dataTrack1\IMG\center_2024_11_20_20_16_09_626.jpg, C:\Users\Owner\Downloads\simulator-windows-64\dataTrack1\IMG\left_2024_11_20_20_16_09_626.jpg, C:\Users\Owner\Downloads\simulator-windows-64\dataTrack1\IMG\right_2024_11_20_20_16_09_626.jpg, 0, 0, 0, 18.35234
C:\Users\Owner\Downloads\simulator-windows-64\dataTrack1\IMG\center_2024_11_20_20_16_09_728.jpg, C:\Users\Owner\Downloads\simulator-windows-64\dataTrack1\IMG\left_2024_11_20_20_16_09_728.jpg, C:\Users\Owner\Downloads\simulator-windows-64\dataTrack1\IMG\right_2024_11_20_20_16_09_728.jpg, 0, 0.3053172, 0, 18.31835
C:\Users\Owner\Downloads\simulator-windows-64\dataTrack1\IMG\center_2024_11_20_20_16_09_831.jpg, C:\Users\Owner\Downloads\simulator-windows-64\dataTrack1\IMG\left_2024_11_20_20_16_09_831.jpg, C:\Users\Owner\Downloads\simulator-windows-64\dataTrack1\IMG\right_2024_11_20_20_16_09_831.jpg, 0, 0, 0, 17.84813
C:\Users\Owner\Downloads\simulator-windows-64\dataTrack1\IMG\center_2024_11_20_20_16_09_936.jpg, C:\Users\Owner\Downloads\simulator-windows-64\dataTrack1\IMG\left_2024_11_20_20_16_09_936.jpg, C:\Users\Owner\Downloads\simulator-windows-64\dataTrack1\IMG\right_2024_11_20_20_16_09_936.jpg, 0, 0.3156408, 0, 18.3113
C:\Users\Owner\Downloads\simulator-windows-64\dataTrack1\IMG\center_2024_11_20_20_16_10_038.jpg, C:\Users\Owner\Downloads\simulator-windows-64\dataTrack1\IMG\left_2024_11_20_20_16_10_038.jpg, C:\Users\Owner\Downloads\simulator-windows-64\dataTrack1\IMG\right_2024_11_20_20_16_10_038.jpg, 0, 0.01100039, 0, 17.88375
C:\Users\Owner\Downloads\simulator-windows-64\dataTrack1\IMG\center_2024_11_20_20_16_10_141.jpg, C:\Users\Owner\Downloads\simulator-windows-64\dataTrack1\IMG\left_2024_11_20_20_16_10_141.jpg, C:\Users\Owner\Downloads\simulator-windows-64\dataTrack1\IMG\right_2024_11_20_20_16_10_141.jpg, 0, 0.3215958, 0, 18.32764
C:\Users\Owner\Downloads\simulator-windows-64\dataTrack1\IMG\center_2024_11_20_20_16_10_244.jpg, C:\Users\Owner\Downloads\simulator-windows-64\dataTrack1\IMG\left_2024_11_20_20_16_10_244.jpg, C:\Users\Owner\Downloads\simulator-windows-64\dataTrack1\IMG\right_2024_11_20_20_16_10_244.jpg, 0, 0.06353939, 0, 17.95021
C:\Users\Owner\Downloads\simulator-windows-64\dataTrack1\IMG\center_2024_11_20_20_16_10_349.jpg, C:\Users\Owner\Downloads\simulator-windows-64\dataTrack1\IMG\left_2024_11_20_20_16_10_349.jpg, C:\Users\Owner\Downloads\simulator-windows-64\dataTrack1\IMG\right_2024_11_20_20_16_10_349.jpg, 0, 0.3248244, 0, 17.99685
C:\Users\Owner\Downloads\simulator-windows-64\dataTrack1\IMG\center_2024_11_20_20_16_10_454.jpg, C:\Users\Owner\Downloads\simulator-windows-64\dataTrack1\IMG\left_2024_11_20_20_16_10_454.jpg, C:\Users\Owner\Downloads\simulator-windows-64\dataTrack1\IMG\right_2024_11_20_20_16_10_454.jpg, 0, 0.0106848, 0, 18.44756
C:\Users\Owner\Downloads\simulator-windows-64\dataTrack1\IMG\center_2024_11_20_20_16_10_557.jpg, C:\Users\Owner\Downloads\simulator-windows-64\dataTrack1\IMG\left_2024_11_20_20_16_10_557.jpg, C:\Users\Owner\Downloads\simulator-windows-64\dataTrack1\IMG\right_2024_11_20_20_16_10_557.jpg, 0, 0.3203793, 0, 18.02127
C:\Users\Owner\Downloads\simulator-windows-64\dataTrack1\IMG\center_2024_11_20_20_16_10_660.jpg, C:\Users\Owner\Downloads\simulator-windows-64\dataTrack1\IMG\left_2024_11_20_20_16_10_660.jpg, C:\Users\Owner\Downloads\simulator-windows-64\dataTrack1\IMG\right_2024_11_20_20_16_10_660.jpg, 0, 0.01120766, 0, 18.49502
C:\Users\Owner\Downloads\simulator-windows-64\dataTrack1\IMG\center_2024_11_20_20_16_10_762.jpg, C:\Users\Owner\Downloads\simulator-windows-64\dataTrack1\IMG\left_2024_11_20_20_16_10_762.jpg, C:\Users\Owner\Downloads\simulator-windows-64\dataTrack1\IMG\right_2024_11_20_20_16_10_762.jpg, 0, 0, 0, 17.81472
C:\Users\Owner\Downloads\simulator-windows-64\dataTrack1\IMG\center_2024_11_20_20_16_10_865.jpg, C:\Users\Owner\Downloads\simulator-windows-64\dataTrack1\IMG\left_2024_11_20_20_16_10_865.jpg, C:\Users\Owner\Downloads\simulator-windows-64\dataTrack1\IMG\right_2024_11_20_20_16_10_865.jpg, 0, 0, 0, 18.14326
C:\Users\Owner\Downloads\simulator-windows-64\dataTrack1\IMG\center_2024_11_20_20_16_10_970.jpg, C:\Users\Owner\Downloads\simulator-windows-64\dataTrack1\IMG\left_2024_11_20_20_16_10_970.jpg, C:\Users\Owner\Downloads\simulator-windows-64\dataTrack1\IMG\right_2024_11_20_20_16_10_970.jpg, 0, 0.1516815, 0, 17.95626
C:\Users\Owner\Downloads\simulator-windows-64\dataTrack1\IMG\center_2024_11_20_20_16_11_073.jpg, C:\Users\Owner\Downloads\simulator-windows-64\dataTrack1\IMG\left_2024_11_20_20_16_11_073.jpg, C:\Users\Owner\Downloads\simulator-windows-64\dataTrack1\IMG\right_2024_11_20_20_16_11_073.jpg, 0, 0.2524896, 0, 17.67664
C:\Users\Owner\Downloads\simulator-windows-64\dataTrack1\IMG\center_2024_11_20_20_16_11_176.jpg, C:\Users\Owner\Downloads\simulator-windows-64\dataTrack1\IMG\left_2024_11_20_20_16_11_176.jpg, C:\Users\Owner\Downloads\simulator-windows-64\dataTrack1\IMG\right_2024_11_20_20_16_11_176.jpg, -0.2204388, 0, 0, 18.0454
C:\Users\Owner\Downloads\simulator-windows-64\dataTrack1\IMG\center_2024_11_20_20_16_11_280.jpg, C:\Users\Owner\Downloads\simulator-windows-64\dataTrack1\IMG\left_2024_11_20_20_16_11_280.jpg, C:\Users\Owner\Downloads\simulator-windows-64\dataTrack1\IMG\right_2024_11_20_20_16_11_280.jpg, -0.2181891, 0, 0, 17.3133
C:\Users\Owner\Downloads\simulator-windows-64\dataTrack1\IMG\center_2024_11_20_20_16_11_385.jpg, C:\Users\Owner\Downloads\simulator-windows-64\dataTrack1\IMG\left_2024_11_20_20_16_11_385.jpg, C:\Users\Owner\Downloads\simulator-windows-64\dataTrack1\IMG\right_2024_11_20_20_16_11_385.jpg, 0, 0, 0, 17.65416
C:\Users\Owner\Downloads\simulator-windows-64\dataTrack1\IMG\center_2024_11_20_20_16_11_488.jpg, C:\Users\Owner\Downloads\simulator-windows-64\dataTrack1\IMG\left_2024_11_20_20_16_11_488.jpg, C:\Users\Owner\Downloads\simulator-windows-64\dataTrack1\IMG\right_2024_11_20_20_16_11_488.jpg, 0, 0, 0, 17.44045
C:\Users\Owner\Downloads\simulator-windows-64\dataTrack1\IMG\center_2024_11_20_20_16_11_593.jpg, C:\Users\Owner\Downloads\simulator-windows-64\dataTrack1\IMG\left_2024_11_20_20_16_11_593.jpg, C:\Users\Owner\Downloads\simulator-windows-64\dataTrack1\IMG\right_2024_11_20_20_16_11_593.jpg, 0, 0, 0, 16.72838
C:\Users\Owner\Downloads\simulator-windows-64\dataTrack1\IMG\center_2024_11_20_20_16_11_697.jpg, C:\Users\Owner\Downloads\simulator-windows-64\dataTrack1\IMG\left_2024_11_20_20_16_11_697.jpg, C:\Users\Owner\Downloads\simulator-windows-64\dataTrack1\IMG\right_2024_11_20_20_16_11_697.jpg, -0.0531942, 0, 0, 17.0948
C:\Users\Owner\Downloads\simulator-windows-64\dataTrack1\IMG\center_2024_11_20_20_16_11_798.jpg, C:\Users\Owner\Downloads\simulator-windows-64\dataTrack1\IMG\left_2024_11_20_20_16_11_798.jpg, C:\Users\Owner\Downloads\simulator-windows-64\dataTrack1\IMG\right_2024_11_20_20_16_11_798.jpg, -0.1532937, 0, 0, 16.37774
C:\Users\Owner\Downloads\simulator-windows-64\dataTrack1\IMG\center_2024_11_20_20_16_11_904.jpg, C:\Users\Owner\Downloads\simulator-windows-64\dataTrack1\IMG\left_2024_11_20_20_16_11_904.jpg, C:\Users\Owner\Downloads\simulator-windows-64\dataTrack1\IMG\right_2024_11_20_20_16_11_904.jpg, 0, 0.3154359, 0, 16.83917
C:\Users\Owner\Downloads\simulator-windows-64\dataTrack1\IMG\center_2024_11_20_20_16_12_005.jpg, C:\Users\Owner\Downloads\simulator-windows-64\dataTrack1\IMG\left_2024_11_20_20_16_12_005.jpg, C:\Users\Owner\Downloads\simulator-windows-64\dataTrack1\IMG\right_2024_11_20_20_16_12_005.jpg, 0, 0.2684604, 0, 16.66906
C:\Users\Owner\Downloads\simulator-windows-64\dataTrack1\IMG\center_2024_11_20_20_16_12_109.jpg, C:\Users\Owner\Downloads\simulator-windows-64\dataTrack1\IMG\left_2024_11_20_20_16_12_109.jpg, C:\Users\Owner\Downloads\simulator-windows-64\dataTrack1\IMG\right_2024_11_20_20_16_12_109.jpg, 0, 0, 0, 16.5225
C:\Users\Owner\Downloads\simulator-windows-64\dataTrack1\IMG\center_2024_11_20_20_16_12_212.jpg, C:\Users\Owner\Downloads\simulator-windows-64\dataTrack1\IMG\left_2024_11_20_20_16_12_212.jpg, C:\Users\Owner\Downloads\simulator-windows-64\dataTrack1\IMG\right_2024_11_20_20_16_12_212.jpg, 0, 0.2054037, 0, 17.05976
C:\Users\Owner\Downloads\simulator-windows-64\dataTrack1\IMG\center_2024_11_20_20_16_12_316.jpg, C:\Users\Owner\Downloads\simulator-windows-64\dataTrack1\IMG\left_2024_11_20_20_16_12_316.jpg, C:\Users\Owner\Downloads\simulator-windows-64\dataTrack1\IMG\right_2024_11_20_20_16_12_316.jpg, 0, 0, 0, 16.45604
C:\Users\Owner\Downloads\simulator-windows-64\dataTrack1\IMG\center_2024_11_20_20_16_12_420.jpg, C:\Users\Owner\Downloads\simulator-windows-64\dataTrack1\IMG\left_2024_11_20_20_16_12_420.jpg, C:\Users\Owner\Downloads\simulator-windows-64\dataTrack1\IMG\right_2024_11_20_20_16_12_420.jpg, 0, 0.3113364, 0, 16.95782
C:\Users\Owner\Downloads\simulator-windows-64\dataTrack1\IMG\center_2024_11_20_20_16_12_524.jpg, C:\Users\Owner\Downloads\simulator-windows-64\dataTrack1\IMG\left_2024_11_20_20_16_12_524.jpg, C:\Users\Owner\Downloads\simulator-windows-64\dataTrack1\IMG\right_2024_11_20_20_16_12_524.jpg, 0, 0.0487902, 0, 16.53666
C:\Users\Owner\Downloads\simulator-windows-64\dataTrack1\IMG\center_2024_11_20_20_16_12_627.jpg, C:\Users\Owner\Downloads\simulator-windows-64\dataTrack1\IMG\left_2024_11_20_20_16_12_627.jpg, C:\Users\Owner\Downloads\simulator-windows-64\dataTrack1\IMG\right_2024_11_20_20_16_12_627.jpg, 0, 0.3092958, 0, 16.58363
C:\Users\Owner\Downloads\simulator-windows-64\dataTrack1\IMG\center_2024_11_20_20_16_12_731.jpg, C:\Users\Owner\Downloads\simulator-windows-64\dataTrack1\IMG\left_2024_11_20_20_16_12_731.jpg, C:\Users\Owner\Downloads\simulator-windows-64\dataTrack1\IMG\right_2024_11_20_20_16_12_731.jpg, 0, 0.0001008026, 0, 17.08565
C:\Users\Owner\Downloads\simulator-windows-64\dataTrack1\IMG\center_2024_11_20_20_16_12_834.jpg, C:\Users\Owner\Downloads\simulator-windows-64\dataTrack1\IMG\left_2024_11_20_20_16_12_834.jpg, C:\Users\Owner\Downloads\simulator-windows-64\dataTrack1\IMG\right_2024_11_20_20_16_12_834.jpg, 0, 0.2239998, 0, 16.50429
C:\Users\Owner\Downloads\simulator-windows-64\dataTrack1\IMG\center_2024_11_20_20_16_12_937.jpg, C:\Users\Owner\Downloads\simulator-windows-64\dataTrack1\IMG\left_2024_11_20_20_16_12_937.jpg, C:\Users\Owner\Downloads\simulator-windows-64\dataTrack1\IMG\right_2024_11_20_20_16_12_937.jpg, 0, 0, 0, 16.95685
C:\Users\Owner\Downloads\simulator-windows-64\dataTrack1\IMG\center_2024_11_20_20_16_13_040.jpg, C:\Users\Owner\Downloads\simulator-windows-64\dataTrack1\IMG\left_2024_11_20_20_16_13_040.jpg, C:\Users\Owner\Downloads\simulator-windows-64\dataTrack1\IMG\right_2024_11_20_20_16_13_040.jpg, 0, 0.1987614, 0, 16.31268
C:\Users\Owner\Downloads\simulator-windows-64\dataTrack1\IMG\center_2024_11_20_20_16_13_143.jpg, C:\Users\Owner\Downloads\simulator-windows-64\dataTrack1\IMG\left_2024_11_20_20_16_13_143.jpg, C:\Users\Owner\Downloads\simulator-windows-64\dataTrack1\IMG\right_2024_11_20_20_16_13_143.jpg, 0, 0.1010742, 0, 16.94883
C:\Users\Owner\Downloads\simulator-windows-64\dataTrack1\IMG\center_2024_11_20_20_16_13_248.jpg, C:\Users\Owner\Downloads\simulator-windows-64\dataTrack1\IMG\left_2024_11_20_20_16_13_248.jpg, C:\Users\Owner\Downloads\simulator-windows-64\dataTrack1\IMG\right_2024_11_20_20_16_13_248.jpg, 0, 0.2034585, 0, 16.84628
C:\Users\Owner\Downloads\simulator-windows-64\dataTrack1\IMG\center_2024_11_20_20_16_13_352.jpg, C:\Users\Owner\Downloads\simulator-windows-64\dataTrack1\IMG\left_2024_11_20_20_16_13_352.jpg, C:\Users\Owner\Downloads\simulator-windows-64\dataTrack1\IMG\right_2024_11_20_20_16_13_352.jpg, 0, 0.07099411, 0, 16.41793
C:\Users\Owner\Downloads\simulator-windows-64\dataTrack1\IMG\center_2024_11_20_20_16_13_456.jpg, C:\Users\Owner\Downloads\simulator-windows-64\dataTrack1\IMG\left_2024_11_20_20_16_13_456.jpg, C:\Users\Owner\Downloads\simulator-windows-64\dataTrack1\IMG\right_2024_11_20_20_16_13_456.jpg, 0, 0.2057079, 0, 16.83777
C:\Users\Owner\Downloads\simulator-windows-64\dataTrack1\IMG\center_2024_11_20_20_16_13_558.jpg, C:\Users\Owner\Downloads\simulator-windows-64\dataTrack1\IMG\left_2024_11_20_20_16_13_558.jpg, C:\Users\Owner\Downloads\simulator-windows-64\dataTrack1\IMG\right_2024_11_20_20_16_13_558.jpg, 0, 0.1082973, 0, 16.46664
C:\Users\Owner\Downloads\simulator-windows-64\dataTrack1\IMG\center_2024_11_20_20_16_13_663.jpg, C:\Users\Owner\Downloads\simulator-windows-64\dataTrack1\IMG\left_2024_11_20_20_16_13_663.jpg, C:\Users\Owner\Downloads\simulator-windows-64\dataTrack1\IMG\right_2024_11_20_20_16_13_663.jpg, 0, 0, 0, 16.85497
C:\Users\Owner\Downloads\simulator-windows-64\dataTrack1\IMG\center_2024_11_20_20_16_13_765.jpg, C:\Users\Owner\Downloads\simulator-windows-64\dataTrack1\IMG\left_2024_11_20_20_16_13_765.jpg, C:\Users\Owner\Downloads\simulator-windows-64\dataTrack1\IMG\right_2024_11_20_20_16_13_765.jpg, -0.1507155, 0, 0, 16.12578
C:\Users\Owner\Downloads\simulator-windows-64\dataTrack1\IMG\center_2024_11_20_20_16_13_870.jpg, C:\Users\Owner\Downloads\simulator-windows-64\dataTrack1\IMG\left_2024_11_20_20_16_13_870.jpg, C:\Users\Owner\Downloads\simulator-windows-64\dataTrack1\IMG\right_2024_11_20_20_16_13_870.jpg, 0, 0, 0, 15.928
C:\Users\Owner\Downloads\simulator-windows-64\dataTrack1\IMG\center_2024_11_20_20_16_13_972.jpg, C:\Users\Owner\Downloads\simulator-windows-64\dataTrack1\IMG\left_2024_11_20_20_16_13_972.jpg, C:\Users\Owner\Downloads\simulator-windows-64\dataTrack1\IMG\right_2024_11_20_20_16_13_972.jpg, 0, 0.3040815, 0, 16.46347
C:\Users\Owner\Downloads\simulator-windows-64\dataTrack1\IMG\center_2024_11_20_20_16_14_076.jpg, C:\Users\Owner\Downloads\simulator-windows-64\dataTrack1\IMG\left_2024_11_20_20_16_14_076.jpg, C:\Users\Owner\Downloads\simulator-windows-64\dataTrack1\IMG\right_2024_11_20_20_16_14_076.jpg, 0, 0, 0, 15.96581
C:\Users\Owner\Downloads\simulator-windows-64\dataTrack1\IMG\center_2024_11_20_20_16_14_179.jpg, C:\Users\Owner\Downloads\simulator-windows-64\dataTrack1\IMG\left_2024_11_20_20_16_14_179.jpg, C:\Users\Owner\Downloads\simulator-windows-64\dataTrack1\IMG\right_2024_11_20_20_16_14_179.jpg, 0, 0.1545753, 0, 16.36654
C:\Users\Owner\Downloads\simulator-windows-64\dataTrack1\IMG\center_2024_11_20_20_16_14_283.jpg, C:\Users\Owner\Downloads\simulator-windows-64\dataTrack1\IMG\left_2024_11_20_20_16_14_283.jpg, C:\Users\Owner\Downloads\simulator-windows-64\dataTrack1\IMG\right_2024_11_20_20_16_14_283.jpg, 0, 0.2577579, 0, 16.05987
C:\Users\Owner\Downloads\simulator-windows-64\dataTrack1\IMG\center_2024_11_20_20_16_14_387.jpg, C:\Users\Owner\Downloads\simulator-windows-64\dataTrack1\IMG\left_2024_11_20_20_16_14_387.jpg, C:\Users\Owner\Downloads\simulator-windows-64\dataTrack1\IMG\right_2024_11_20_20_16_14_387.jpg, -0.1564824, 0, 0, 16.52747
C:\Users\Owner\Downloads\simulator-windows-64\dataTrack1\IMG\center_2024_11_20_20_16_14_491.jpg, C:\Users\Owner\Downloads\simulator-windows-64\dataTrack1\IMG\left_2024_11_20_20_16_14_491.jpg, C:\Users\Owner\Downloads\simulator-windows-64\dataTrack1\IMG\right_2024_11_20_20_16_14_491.jpg, 0, 0, 0, 16.34019
C:\Users\Owner\Downloads\simulator-windows-64\dataTrack1\IMG\center_2024_11_20_20_16_14_596.jpg, C:\Users\Owner\Downloads\simulator-windows-64\dataTrack1\IMG\left_2024_11_20_20_16_14_596.jpg, C:\Users\Owner\Downloads\simulator-windows-64\dataTrack1\IMG\right_2024_11_20_20_16_14_596.jpg, 0, 0.1053762, 0, 15.64253
C:\Users\Owner\Downloads\simulator-windows-64\dataTrack1\IMG\center_2024_11_20_20_16_14_698.jpg, C:\Users\Owner\Downloads\simulator-windows-64\dataTrack1\IMG\left_2024_11_20_20_16_14_698.jpg, C:\Users\Owner\Downloads\simulator-windows-64\dataTrack1\IMG\right_2024_11_20_20_16_14_698.jpg, 0, 0.4106655, 0, 16.28517
C:\Users\Owner\Downloads\simulator-windows-64\dataTrack1\IMG\center_2024_11_20_20_16_14_803.jpg, C:\Users\Owner\Downloads\simulator-windows-64\dataTrack1\IMG\left_2024_11_20_20_16_14_803.jpg, C:\Users\Owner\Downloads\simulator-windows-64\dataTrack1\IMG\right_2024_11_20_20_16_14_803.jpg, 0, 0.09686875, 0, 16.01157
C:\Users\Owner\Downloads\simulator-windows-64\dataTrack1\IMG\center_2024_11_20_20_16_14_906.jpg, C:\Users\Owner\Downloads\simulator-windows-64\dataTrack1\IMG\left_2024_11_20_20_16_14_906.jpg, C:\Users\Owner\Downloads\simulator-windows-64\dataTrack1\IMG\right_2024_11_20_20_16_14_906.jpg, 0, 0.1571139, 0, 16.40005
C:\Users\Owner\Downloads\simulator-windows-64\dataTrack1\IMG\center_2024_11_20_20_16_15_008.jpg, C:\Users\Owner\Downloads\simulator-windows-64\dataTrack1\IMG\left_2024_11_20_20_16_15_008.jpg, C:\Users\Owner\Downloads\simulator-windows-64\dataTrack1\IMG\right_2024_11_20_20_16_15_008.jpg, 0, 0.2013738, 0, 16.58235
C:\Users\Owner\Downloads\simulator-windows-64\dataTrack1\IMG\center_2024_11_20_20_16_15_111.jpg, C:\Users\Owner\Downloads\simulator-windows-64\dataTrack1\IMG\left_2024_11_20_20_16_15_111.jpg, C:\Users\Owner\Downloads\simulator-windows-64\dataTrack1\IMG\right_2024_11_20_20_16_15_111.jpg, 0, 0.2035554, 0, 16.06442
C:\Users\Owner\Downloads\simulator-windows-64\dataTrack1\IMG\center_2024_11_20_20_16_15_215.jpg, C:\Users\Owner\Downloads\simulator-windows-64\dataTrack1\IMG\left_2024_11_20_20_16_15_215.jpg, C:\Users\Owner\Downloads\simulator-windows-64\dataTrack1\IMG\right_2024_11_20_20_16_15_215.jpg, 0, 0.2062176, 0, 16.75361
C:\Users\Owner\Downloads\simulator-windows-64\dataTrack1\IMG\center_2024_11_20_20_16_15_320.jpg, C:\Users\Owner\Downloads\simulator-windows-64\dataTrack1\IMG\left_2024_11_20_20_16_15_320.jpg, C:\Users\Owner\Downloads\simulator-windows-64\dataTrack1\IMG\right_2024_11_20_20_16_15_320.jpg, -0.3134208, 0, 0, 16.14734
C:\Users\Owner\Downloads\simulator-windows-64\dataTrack1\IMG\center_2024_11_20_20_16_15_424.jpg, C:\Users\Owner\Downloads\simulator-windows-64\dataTrack1\IMG\left_2024_11_20_20_16_15_424.jpg, C:\Users\Owner\Downloads\simulator-windows-64\dataTrack1\IMG\right_2024_11_20_20_16_15_424.jpg, -0.6255215, 0, 0, 16.33591
C:\Users\Owner\Downloads\simulator-windows-64\dataTrack1\IMG\center_2024_11_20_20_16_15_527.jpg, C:\Users\Owner\Downloads\simulator-windows-64\dataTrack1\IMG\left_2024_11_20_20_16_15_527.jpg, C:\Users\Owner\Downloads\simulator-windows-64\dataTrack1\IMG\right_2024_11_20_20_16_15_527.jpg, -0.3160931, 0, 0, 15.94708
C:\Users\Owner\Downloads\simulator-windows-64\dataTrack1\IMG\center_2024_11_20_20_16_15_631.jpg, C:\Users\Owner\Downloads\simulator-windows-64\dataTrack1\IMG\left_2024_11_20_20_16_15_631.jpg, C:\Users\Owner\Downloads\simulator-windows-64\dataTrack1\IMG\right_2024_11_20_20_16_15_631.jpg, -0.00623902, 0.2062671, 0, 15.72691
C:\Users\Owner\Downloads\simulator-windows-64\dataTrack1\IMG\center_2024_11_20_20_16_15_733.jpg, C:\Users\Owner\Downloads\simulator-windows-64\dataTrack1\IMG\left_2024_11_20_20_16_15_733.jpg, C:\Users\Owner\Downloads\simulator-windows-64\dataTrack1\IMG\right_2024_11_20_20_16_15_733.jpg, 0, 0.201693, 0, 16.04335
C:\Users\Owner\Downloads\simulator-windows-64\dataTrack1\IMG\center_2024_11_20_20_16_15_838.jpg, C:\Users\Owner\Downloads\simulator-windows-64\dataTrack1\IMG\left_2024_11_20_20_16_15_838.jpg, C:\Users\Owner\Downloads\simulator-windows-64\dataTrack1\IMG\right_2024_11_20_20_16_15_838.jpg, 0, 0, 0, 15.78523
C:\Users\Owner\Downloads\simulator-windows-64\dataTrack1\IMG\center_2024_11_20_20_16_15_940.jpg, C:\Users\Owner\Downloads\simulator-windows-64\dataTrack1\IMG\left_2024_11_20_20_16_15_940.jpg, C:\Users\Owner\Downloads\simulator-windows-64\dataTrack1\IMG\right_2024_11_20_20_16_15_940.jpg, 0, 0, 0, 15.58743
C:\Users\Owner\Downloads\simulator-windows-64\dataTrack1\IMG\center_2024_11_20_20_16_16_043.jpg, C:\Users\Owner\Downloads\simulator-windows-64\dataTrack1\IMG\left_2024_11_20_20_16_16_043.jpg, C:\Users\Owner\Downloads\simulator-windows-64\dataTrack1\IMG\right_2024_11_20_20_16_16_043.jpg, 0, 0, 0, 15.68931
C:\Users\Owner\Downloads\simulator-windows-64\dataTrack1\IMG\center_2024_11_20_20_16_16_146.jpg, C:\Users\Owner\Downloads\simulator-windows-64\dataTrack1\IMG\left_2024_11_20_20_16_16_146.jpg, C:\Users\Owner\Downloads\simulator-windows-64\dataTrack1\IMG\right_2024_11_20_20_16_16_146.jpg, 0, 0.1545249, 0, 15.3129
C:\Users\Owner\Downloads\simulator-windows-64\dataTrack1\IMG\center_2024_11_20_20_16_16_251.jpg, C:\Users\Owner\Downloads\simulator-windows-64\dataTrack1\IMG\left_2024_11_20_20_16_16_251.jpg, C:\Users\Owner\Downloads\simulator-windows-64\dataTrack1\IMG\right_2024_11_20_20_16_16_251.jpg, 0, 0.518559, 0, 15.7591
C:\Users\Owner\Downloads\simulator-windows-64\dataTrack1\IMG\center_2024_11_20_20_16_16_356.jpg, C:\Users\Owner\Downloads\simulator-windows-64\dataTrack1\IMG\left_2024_11_20_20_16_16_356.jpg, C:\Users\Owner\Downloads\simulator-windows-64\dataTrack1\IMG\right_2024_11_20_20_16_16_356.jpg, 0, 0.8347464, 0, 16.57712
C:\Users\Owner\Downloads\simulator-windows-64\dataTrack1\IMG\center_2024_11_20_20_16_16_460.jpg, C:\Users\Owner\Downloads\simulator-windows-64\dataTrack1\IMG\left_2024_11_20_20_16_16_460.jpg, C:\Users\Owner\Downloads\simulator-windows-64\dataTrack1\IMG\right_2024_11_20_20_16_16_460.jpg, 0, 1, 0, 17.49772
C:\Users\Owner\Downloads\simulator-windows-64\dataTrack1\IMG\center_2024_11_20_20_16_16_564.jpg, C:\Users\Owner\Downloads\simulator-windows-64\dataTrack1\IMG\left_2024_11_20_20_16_16_564.jpg, C:\Users\Owner\Downloads\simulator-windows-64\dataTrack1\IMG\right_2024_11_20_20_16_16_564.jpg, 0, 0.7381915, 0, 18.40682
C:\Users\Owner\Downloads\simulator-windows-64\dataTrack1\IMG\center_2024_11_20_20_16_16_667.jpg, C:\Users\Owner\Downloads\simulator-windows-64\dataTrack1\IMG\left_2024_11_20_20_16_16_667.jpg, C:\Users\Owner\Downloads\simulator-windows-64\dataTrack1\IMG\right_2024_11_20_20_16_16_667.jpg, 0.1513953, 0.3776911, 0, 18.91743
C:\Users\Owner\Downloads\simulator-windows-64\dataTrack1\IMG\center_2024_11_20_20_16_16_772.jpg, C:\Users\Owner\Downloads\simulator-windows-64\dataTrack1\IMG\left_2024_11_20_20_16_16_772.jpg, C:\Users\Owner\Downloads\simulator-windows-64\dataTrack1\IMG\right_2024_11_20_20_16_16_772.jpg, 0.4649064, 0.06417998, 0, 18.85152
C:\Users\Owner\Downloads\simulator-windows-64\dataTrack1\IMG\center_2024_11_20_20_16_16_876.jpg, C:\Users\Owner\Downloads\simulator-windows-64\dataTrack1\IMG\left_2024_11_20_20_16_16_876.jpg, C:\Users\Owner\Downloads\simulator-windows-64\dataTrack1\IMG\right_2024_11_20_20_16_16_876.jpg, 0.1522665, 0, 0, 18.66568
C:\Users\Owner\Downloads\simulator-windows-64\dataTrack1\IMG\center_2024_11_20_20_16_16_978.jpg, C:\Users\Owner\Downloads\simulator-windows-64\dataTrack1\IMG\left_2024_11_20_20_16_16_978.jpg, C:\Users\Owner\Downloads\simulator-windows-64\dataTrack1\IMG\right_2024_11_20_20_16_16_978.jpg, 0, 0.1486134, 0, 18.45021
C:\Users\Owner\Downloads\simulator-windows-64\dataTrack1\IMG\center_2024_11_20_20_16_17_081.jpg, C:\Users\Owner\Downloads\simulator-windows-64\dataTrack1\IMG\left_2024_11_20_20_16_17_081.jpg, C:\Users\Owner\Downloads\simulator-windows-64\dataTrack1\IMG\right_2024_11_20_20_16_17_081.jpg, 0, 0.4596765, 0, 18.67976
C:\Users\Owner\Downloads\simulator-windows-64\dataTrack1\IMG\center_2024_11_20_20_16_17_187.jpg, C:\Users\Owner\Downloads\simulator-windows-64\dataTrack1\IMG\left_2024_11_20_20_16_17_187.jpg, C:\Users\Owner\Downloads\simulator-windows-64\dataTrack1\IMG\right_2024_11_20_20_16_17_187.jpg, 0, 0.7772058, 0, 19.35987
C:\Users\Owner\Downloads\simulator-windows-64\dataTrack1\IMG\center_2024_11_20_20_16_17_291.jpg, C:\Users\Owner\Downloads\simulator-windows-64\dataTrack1\IMG\left_2024_11_20_20_16_17_291.jpg, C:\Users\Owner\Downloads\simulator-windows-64\dataTrack1\IMG\right_2024_11_20_20_16_17_291.jpg, 0, 0.4641504, 0, 19.89131
C:\Users\Owner\Downloads\simulator-windows-64\dataTrack1\IMG\center_2024_11_20_20_16_17_395.jpg, C:\Users\Owner\Downloads\simulator-windows-64\dataTrack1\IMG\left_2024_11_20_20_16_17_395.jpg, C:\Users\Owner\Downloads\simulator-windows-64\dataTrack1\IMG\right_2024_11_20_20_16_17_395.jpg, 0, 0.153105, 0, 20.05078
C:\Users\Owner\Downloads\simulator-windows-64\dataTrack1\IMG\center_2024_11_20_20_16_17_498.jpg, C:\Users\Owner\Downloads\simulator-windows-64\dataTrack1\IMG\left_2024_11_20_20_16_17_498.jpg, C:\Users\Owner\Downloads\simulator-windows-64\dataTrack1\IMG\right_2024_11_20_20_16_17_498.jpg, 0, 0, 0, 19.88654
C:\Users\Owner\Downloads\simulator-windows-64\dataTrack1\IMG\center_2024_11_20_20_16_17_612.jpg, C:\Users\Owner\Downloads\simulator-windows-64\dataTrack1\IMG\left_2024_11_20_20_16_17_612.jpg, C:\Users\Owner\Downloads\simulator-windows-64\dataTrack1\IMG\right_2024_11_20_20_16_17_612.jpg, 0, 0, 0, 19.64215
C:\Users\Owner\Downloads\simulator-windows-64\dataTrack1\IMG\center_2024_11_20_20_16_17_715.jpg, C:\Users\Owner\Downloads\simulator-windows-64\dataTrack1\IMG\left_2024_11_20_20_16_17_715.jpg, C:\Users\Owner\Downloads\simulator-windows-64\dataTrack1\IMG\right_2024_11_20_20_16_17_715.jpg, 0, 0, 0, 19.44053
C:\Users\Owner\Downloads\simulator-windows-64\dataTrack1\IMG\center_2024_11_20_20_16_17_817.jpg, C:\Users\Owner\Downloads\simulator-windows-64\dataTrack1\IMG\left_2024_11_20_20_16_17_817.jpg, C:\Users\Owner\Downloads\simulator-windows-64\dataTrack1\IMG\right_2024_11_20_20_16_17_817.jpg, 0, 0.1041456, 0, 19.26364
C:\Users\Owner\Downloads\simulator-windows-64\dataTrack1\IMG\center_2024_11_20_20_16_17_922.jpg, C:\Users\Owner\Downloads\simulator-windows-64\dataTrack1\IMG\left_2024_11_20_20_16_17_922.jpg, C:\Users\Owner\Downloads\simulator-windows-64\dataTrack1\IMG\right_2024_11_20_20_16_17_922.jpg, 0, 0.4205769, 0, 19.36494
C:\Users\Owner\Downloads\simulator-windows-64\dataTrack1\IMG\center_2024_11_20_20_16_18_024.jpg, C:\Users\Owner\Downloads\simulator-windows-64\dataTrack1\IMG\left_2024_11_20_20_16_18_024.jpg, C:\Users\Owner\Downloads\simulator-windows-64\dataTrack1\IMG\right_2024_11_20_20_16_18_024.jpg, -0.0526065, 0.1610484, 0, 19.53808
C:\Users\Owner\Downloads\simulator-windows-64\dataTrack1\IMG\center_2024_11_20_20_16_18_128.jpg, C:\Users\Owner\Downloads\simulator-windows-64\dataTrack1\IMG\left_2024_11_20_20_16_18_128.jpg, C:\Users\Owner\Downloads\simulator-windows-64\dataTrack1\IMG\right_2024_11_20_20_16_18_128.jpg, -0.2031321, 0, 0, 19.26306
C:\Users\Owner\Downloads\simulator-windows-64\dataTrack1\IMG\center_2024_11_20_20_16_18_233.jpg, C:\Users\Owner\Downloads\simulator-windows-64\dataTrack1\IMG\left_2024_11_20_20_16_18_233.jpg, C:\Users\Owner\Downloads\simulator-windows-64\dataTrack1\IMG\right_2024_11_20_20_16_18_233.jpg, 0, 0, 0, 19.05805
C:\Users\Owner\Downloads\simulator-windows-64\dataTrack1\IMG\center_2024_11_20_20_16_18_338.jpg, C:\Users\Owner\Downloads\simulator-windows-64\dataTrack1\IMG\left_2024_11_20_20_16_18_338.jpg, C:\Users\Owner\Downloads\simulator-windows-64\dataTrack1\IMG\right_2024_11_20_20_16_18_338.jpg, 0, 0.2100762, 0, 18.95391
C:\Users\Owner\Downloads\simulator-windows-64\dataTrack1\IMG\center_2024_11_20_20_16_18_442.jpg, C:\Users\Owner\Downloads\simulator-windows-64\dataTrack1\IMG\left_2024_11_20_20_16_18_442.jpg, C:\Users\Owner\Downloads\simulator-windows-64\dataTrack1\IMG\right_2024_11_20_20_16_18_442.jpg, 0, 0.5195985, 0, 19.1773
C:\Users\Owner\Downloads\simulator-windows-64\dataTrack1\IMG\center_2024_11_20_20_16_18_547.jpg, C:\Users\Owner\Downloads\simulator-windows-64\dataTrack1\IMG\left_2024_11_20_20_16_18_547.jpg, C:\Users\Owner\Downloads\simulator-windows-64\dataTrack1\IMG\right_2024_11_20_20_16_18_547.jpg, 0, 0.8378448, 0, 19.96309
C:\Users\Owner\Downloads\simulator-windows-64\dataTrack1\IMG\center_2024_11_20_20_16_18_651.jpg, C:\Users\Owner\Downloads\simulator-windows-64\dataTrack1\IMG\left_2024_11_20_20_16_18_651.jpg, C:\Users\Owner\Downloads\simulator-windows-64\dataTrack1\IMG\right_2024_11_20_20_16_18_651.jpg, 0, 1, 0, 20.93716
C:\Users\Owner\Downloads\simulator-windows-64\dataTrack1\IMG\center_2024_11_20_20_16_18_755.jpg, C:\Users\Owner\Downloads\simulator-windows-64\dataTrack1\IMG\left_2024_11_20_20_16_18_755.jpg, C:\Users\Owner\Downloads\simulator-windows-64\dataTrack1\IMG\right_2024_11_20_20_16_18_755.jpg, 0, 1, 0, 21.93451
C:\Users\Owner\Downloads\simulator-windows-64\dataTrack1\IMG\center_2024_11_20_20_16_18_858.jpg, C:\Users\Owner\Downloads\simulator-windows-64\dataTrack1\IMG\left_2024_11_20_20_16_18_858.jpg, C:\Users\Owner\Downloads\simulator-windows-64\dataTrack1\IMG\right_2024_11_20_20_16_18_858.jpg, 0, 1, 0, 22.92152
C:\Users\Owner\Downloads\simulator-windows-64\dataTrack1\IMG\center_2024_11_20_20_16_18_961.jpg, C:\Users\Owner\Downloads\simulator-windows-64\dataTrack1\IMG\left_2024_11_20_20_16_18_961.jpg, C:\Users\Owner\Downloads\simulator-windows-64\dataTrack1\IMG\right_2024_11_20_20_16_18_961.jpg, 0, 1, 0, 23.89752
C:\Users\Owner\Downloads\simulator-windows-64\dataTrack1\IMG\center_2024_11_20_20_16_19_064.jpg, C:\Users\Owner\Downloads\simulator-windows-64\dataTrack1\IMG\left_2024_11_20_20_16_19_064.jpg, C:\Users\Owner\Downloads\simulator-windows-64\dataTrack1\IMG\right_2024_11_20_20_16_19_064.jpg, 0, 1, 0, 24.86377
C:\Users\Owner\Downloads\simulator-windows-64\dataTrack1\IMG\center_2024_11_20_20_16_19_169.jpg, C:\Users\Owner\Downloads\simulator-windows-64\dataTrack1\IMG\left_2024_11_20_20_16_19_169.jpg, C:\Users\Owner\Downloads\simulator-windows-64\dataTrack1\IMG\right_2024_11_20_20_16_19_169.jpg, 0, 1, 0, 26.01041
C:\Users\Owner\Downloads\simulator-windows-64\dataTrack1\IMG\center_2024_11_20_20_16_19_273.jpg, C:\Users\Owner\Downloads\simulator-windows-64\dataTrack1\IMG\left_2024_11_20_20_16_19_273.jpg, C:\Users\Owner\Downloads\simulator-windows-64\dataTrack1\IMG\right_2024_11_20_20_16_19_273.jpg, 0, 1, 0, 26.95541
C:\Users\Owner\Downloads\simulator-windows-64\dataTrack1\IMG\center_2024_11_20_20_16_19_378.jpg, C:\Users\Owner\Downloads\simulator-windows-64\dataTrack1\IMG\left_2024_11_20_20_16_19_378.jpg, C:\Users\Owner\Downloads\simulator-windows-64\dataTrack1\IMG\right_2024_11_20_20_16_19_378.jpg, 0, 1, 0, 27.89086
C:\Users\Owner\Downloads\simulator-windows-64\dataTrack1\IMG\center_2024_11_20_20_16_19_480.jpg, C:\Users\Owner\Downloads\simulator-windows-64\dataTrack1\IMG\left_2024_11_20_20_16_19_480.jpg, C:\Users\Owner\Downloads\simulator-windows-64\dataTrack1\IMG\right_2024_11_20_20_16_19_480.jpg, 0, 1, 0, 28.81692
C:\Users\Owner\Downloads\simulator-windows-64\dataTrack1\IMG\center_2024_11_20_20_16_19_583.jpg, C:\Users\Owner\Downloads\simulator-windows-64\dataTrack1\IMG\left_2024_11_20_20_16_19_583.jpg, C:\Users\Owner\Downloads\simulator-windows-64\dataTrack1\IMG\right_2024_11_20_20_16_19_583.jpg, 0, 1, 0, 29.73365
C:\Users\Owner\Downloads\simulator-windows-64\dataTrack1\IMG\center_2024_11_20_20_16_19_688.jpg, C:\Users\Owner\Downloads\simulator-windows-64\dataTrack1\IMG\left_2024_11_20_20_16_19_688.jpg, C:\Users\Owner\Downloads\simulator-windows-64\dataTrack1\IMG\right_2024_11_20_20_16_19_688.jpg, 0, 1, 0, 30.19001
C:\Users\Owner\Downloads\simulator-windows-64\dataTrack1\IMG\center_2024_11_20_20_16_19_791.jpg, C:\Users\Owner\Downloads\simulator-windows-64\dataTrack1\IMG\left_2024_11_20_20_16_19_791.jpg, C:\Users\Owner\Downloads\simulator-windows-64\dataTrack1\IMG\right_2024_11_20_20_16_19_791.jpg, 0, 1, 0, 30.18991
C:\Users\Owner\Downloads\simulator-windows-64\dataTrack1\IMG\center_2024_11_20_20_16_19_895.jpg, C:\Users\Owner\Downloads\simulator-windows-64\dataTrack1\IMG\left_2024_11_20_20_16_19_895.jpg, C:\Users\Owner\Downloads\simulator-windows-64\dataTrack1\IMG\right_2024_11_20_20_16_19_895.jpg, 0, 1, 0, 30.18991
C:\Users\Owner\Downloads\simulator-windows-64\dataTrack1\IMG\center_2024_11_20_20_16_19_999.jpg, C:\Users\Owner\Downloads\simulator-windows-64\dataTrack1\IMG\left_2024_11_20_20_16_19_999.jpg, C:\Users\Owner\Downloads\simulator-windows-64\dataTrack1\IMG\right_2024_11_20_20_16_19_999.jpg, 0, 1, 0, 30.18993
C:\Users\Owner\Downloads\simulator-windows-64\dataTrack1\IMG\center_2024_11_20_20_16_20_105.jpg, C:\Users\Owner\Downloads\simulator-windows-64\dataTrack1\IMG\left_2024_11_20_20_16_20_105.jpg, C:\Users\Owner\Downloads\simulator-windows-64\dataTrack1\IMG\right_2024_11_20_20_16_20_105.jpg, 0, 1, 0, 30.18993
C:\Users\Owner\Downloads\simulator-windows-64\dataTrack1\IMG\center_2024_11_20_20_16_20_208.jpg, C:\Users\Owner\Downloads\simulator-windows-64\dataTrack1\IMG\left_2024_11_20_20_16_20_208.jpg, C:\Users\Owner\Downloads\simulator-windows-64\dataTrack1\IMG\right_2024_11_20_20_16_20_208.jpg, 0, 1, 0, 30.18992
C:\Users\Owner\Downloads\simulator-windows-64\dataTrack1\IMG\center_2024_11_20_20_16_20_314.jpg, C:\Users\Owner\Downloads\simulator-windows-64\dataTrack1\IMG\left_2024_11_20_20_16_20_314.jpg, C:\Users\Owner\Downloads\simulator-windows-64\dataTrack1\IMG\right_2024_11_20_20_16_20_314.jpg, 0, 1, 0, 30.18993
C:\Users\Owner\Downloads\simulator-windows-64\dataTrack1\IMG\center_2024_11_20_20_16_20_416.jpg, C:\Users\Owner\Downloads\simulator-windows-64\dataTrack1\IMG\left_2024_11_20_20_16_20_416.jpg, C:\Users\Owner\Downloads\simulator-windows-64\dataTrack1\IMG\right_2024_11_20_20_16_20_416.jpg, 0, 1, 0, 30.18996
C:\Users\Owner\Downloads\simulator-windows-64\dataTrack1\IMG\center_2024_11_20_20_16_20_518.jpg, C:\Users\Owner\Downloads\simulator-windows-64\dataTrack1\IMG\left_2024_11_20_20_16_20_518.jpg, C:\Users\Owner\Downloads\simulator-windows-64\dataTrack1\IMG\right_2024_11_20_20_16_20_518.jpg, 0, 1, 0, 30.18993
C:\Users\Owner\Downloads\simulator-windows-64\dataTrack1\IMG\center_2024_11_20_20_16_20_623.jpg, C:\Users\Owner\Downloads\simulator-windows-64\dataTrack1\IMG\left_2024_11_20_20_16_20_623.jpg, C:\Users\Owner\Downloads\simulator-windows-64\dataTrack1\IMG\right_2024_11_20_20_16_20_623.jpg, 0, 1, 0, 30.18994
C:\Users\Owner\Downloads\simulator-windows-64\dataTrack1\IMG\center_2024_11_20_20_16_20_729.jpg, C:\Users\Owner\Downloads\simulator-windows-64\dataTrack1\IMG\left_2024_11_20_20_16_20_729.jpg, C:\Users\Owner\Downloads\simulator-windows-64\dataTrack1\IMG\right_2024_11_20_20_16_20_729.jpg, 0, 1, 0, 30.18993
C:\Users\Owner\Downloads\simulator-windows-64\dataTrack1\IMG\center_2024_11_20_20_16_20_833.jpg, C:\Users\Owner\Downloads\simulator-windows-64\dataTrack1\IMG\left_2024_11_20_20_16_20_833.jpg, C:\Users\Owner\Downloads\simulator-windows-64\dataTrack1\IMG\right_2024_11_20_20_16_20_833.jpg, 0, 1, 0, 30.18993
C:\Users\Owner\Downloads\simulator-windows-64\dataTrack1\IMG\center_2024_11_20_20_16_20_935.jpg, C:\Users\Owner\Downloads\simulator-windows-64\dataTrack1\IMG\left_2024_11_20_20_16_20_935.jpg, C:\Users\Owner\Downloads\simulator-windows-64\dataTrack1\IMG\right_2024_11_20_20_16_20_935.jpg, 0, 1, 0, 30.18993
C:\Users\Owner\Downloads\simulator-windows-64\dataTrack1\IMG\center_2024_11_20_20_16_21_040.jpg, C:\Users\Owner\Downloads\simulator-windows-64\dataTrack1\IMG\left_2024_11_20_20_16_21_040.jpg, C:\Users\Owner\Downloads\simulator-windows-64\dataTrack1\IMG\right_2024_11_20_20_16_21_040.jpg, 0, 1, 0, 30.18995
C:\Users\Owner\Downloads\simulator-windows-64\dataTrack1\IMG\center_2024_11_20_20_16_21_142.jpg, C:\Users\Owner\Downloads\simulator-windows-64\dataTrack1\IMG\left_2024_11_20_20_16_21_142.jpg, C:\Users\Owner\Downloads\simulator-windows-64\dataTrack1\IMG\right_2024_11_20_20_16_21_142.jpg, 0, 1, 0, 30.18993
C:\Users\Owner\Downloads\simulator-windows-64\dataTrack1\IMG\center_2024_11_20_20_16_21_246.jpg, C:\Users\Owner\Downloads\simulator-windows-64\dataTrack1\IMG\left_2024_11_20_20_16_21_246.jpg, C:\Users\Owner\Downloads\simulator-windows-64\dataTrack1\IMG\right_2024_11_20_20_16_21_246.jpg, 0, 1, 0, 30.18994
C:\Users\Owner\Downloads\simulator-windows-64\dataTrack1\IMG\center_2024_11_20_20_16_21_349.jpg, C:\Users\Owner\Downloads\simulator-windows-64\dataTrack1\IMG\left_2024_11_20_20_16_21_349.jpg, C:\Users\Owner\Downloads\simulator-windows-64\dataTrack1\IMG\right_2024_11_20_20_16_21_349.jpg, 0, 1, 0, 30.18993
C:\Users\Owner\Downloads\simulator-windows-64\dataTrack1\IMG\center_2024_11_20_20_16_21_455.jpg, C:\Users\Owner\Downloads\simulator-windows-64\dataTrack1\IMG\left_2024_11_20_20_16_21_455.jpg, C:\Users\Owner\Downloads\simulator-windows-64\dataTrack1\IMG\right_2024_11_20_20_16_21_455.jpg, 0, 1, 0, 30.18994
C:\Users\Owner\Downloads\simulator-windows-64\dataTrack1\IMG\center_2024_11_20_20_16_21_559.jpg, C:\Users\Owner\Downloads\simulator-windows-64\dataTrack1\IMG\left_2024_11_20_20_16_21_559.jpg, C:\Users\Owner\Downloads\simulator-windows-64\dataTrack1\IMG\right_2024_11_20_20_16_21_559.jpg, 0, 1, 0, 30.18992
C:\Users\Owner\Downloads\simulator-windows-64\dataTrack1\IMG\center_2024_11_20_20_16_21_663.jpg, C:\Users\Owner\Downloads\simulator-windows-64\dataTrack1\IMG\left_2024_11_20_20_16_21_663.jpg, C:\Users\Owner\Downloads\simulator-windows-64\dataTrack1\IMG\right_2024_11_20_20_16_21_663.jpg, 0, 1, 0, 30.18993
C:\Users\Owner\Downloads\simulator-windows-64\dataTrack1\IMG\center_2024_11_20_20_16_21_767.jpg, C:\Users\Owner\Downloads\simulator-windows-64\dataTrack1\IMG\left_2024_11_20_20_16_21_767.jpg, C:\Users\Owner\Downloads\simulator-windows-64\dataTrack1\IMG\right_2024_11_20_20_16_21_767.jpg, 0, 1, 0, 30.18993
C:\Users\Owner\Downloads\simulator-windows-64\dataTrack1\IMG\center_2024_11_20_20_16_21_869.jpg, C:\Users\Owner\Downloads\simulator-windows-64\dataTrack1\IMG\left_2024_11_20_20_16_21_869.jpg, C:\Users\Owner\Downloads\simulator-windows-64\dataTrack1\IMG\right_2024_11_20_20_16_21_869.jpg, 0, 1, 0, 30.18996
C:\Users\Owner\Downloads\simulator-windows-64\dataTrack1\IMG\center_2024_11_20_20_16_21_974.jpg, C:\Users\Owner\Downloads\simulator-windows-64\dataTrack1\IMG\left_2024_11_20_20_16_21_974.jpg, C:\Users\Owner\Downloads\simulator-windows-64\dataTrack1\IMG\right_2024_11_20_20_16_21_974.jpg, 0, 1, 0, 30.18995
C:\Users\Owner\Downloads\simulator-windows-64\dataTrack1\IMG\center_2024_11_20_20_16_22_075.jpg, C:\Users\Owner\Downloads\simulator-windows-64\dataTrack1\IMG\left_2024_11_20_20_16_22_075.jpg, C:\Users\Owner\Downloads\simulator-windows-64\dataTrack1\IMG\right_2024_11_20_20_16_22_075.jpg, 0, 1, 0, 30.18995
C:\Users\Owner\Downloads\simulator-windows-64\dataTrack1\IMG\center_2024_11_20_20_16_22_179.jpg, C:\Users\Owner\Downloads\simulator-windows-64\dataTrack1\IMG\left_2024_11_20_20_16_22_179.jpg, C:\Users\Owner\Downloads\simulator-windows-64\dataTrack1\IMG\right_2024_11_20_20_16_22_179.jpg, 0, 1, 0, 30.18993
C:\Users\Owner\Downloads\simulator-windows-64\dataTrack1\IMG\center_2024_11_20_20_16_22_283.jpg, C:\Users\Owner\Downloads\simulator-windows-64\dataTrack1\IMG\left_2024_11_20_20_16_22_283.jpg, C:\Users\Owner\Downloads\simulator-windows-64\dataTrack1\IMG\right_2024_11_20_20_16_22_283.jpg, 0, 1, 0, 30.18993
C:\Users\Owner\Downloads\simulator-windows-64\dataTrack1\IMG\center_2024_11_20_20_16_22_386.jpg, C:\Users\Owner\Downloads\simulator-windows-64\dataTrack1\IMG\left_2024_11_20_20_16_22_386.jpg, C:\Users\Owner\Downloads\simulator-windows-64\dataTrack1\IMG\right_2024_11_20_20_16_22_386.jpg, 0, 1, 0, 30.18993
C:\Users\Owner\Downloads\simulator-windows-64\dataTrack1\IMG\center_2024_11_20_20_16_22_491.jpg, C:\Users\Owner\Downloads\simulator-windows-64\dataTrack1\IMG\left_2024_11_20_20_16_22_491.jpg, C:\Users\Owner\Downloads\simulator-windows-64\dataTrack1\IMG\right_2024_11_20_20_16_22_491.jpg, 0, 1, 0, 30.18993
C:\Users\Owner\Downloads\simulator-windows-64\dataTrack1\IMG\center_2024_11_20_20_16_22_597.jpg, C:\Users\Owner\Downloads\simulator-windows-64\dataTrack1\IMG\left_2024_11_20_20_16_22_597.jpg, C:\Users\Owner\Downloads\simulator-windows-64\dataTrack1\IMG\right_2024_11_20_20_16_22_597.jpg, 0, 1, 0, 30.18993
C:\Users\Owner\Downloads\simulator-windows-64\dataTrack1\IMG\center_2024_11_20_20_16_22_700.jpg, C:\Users\Owner\Downloads\simulator-windows-64\dataTrack1\IMG\left_2024_11_20_20_16_22_700.jpg, C:\Users\Owner\Downloads\simulator-windows-64\dataTrack1\IMG\right_2024_11_20_20_16_22_700.jpg, 0, 1, 0, 30.18993
C:\Users\Owner\Downloads\simulator-windows-64\dataTrack1\IMG\center_2024_11_20_20_16_22_806.jpg, C:\Users\Owner\Downloads\simulator-windows-64\dataTrack1\IMG\left_2024_11_20_20_16_22_806.jpg, C:\Users\Owner\Downloads\simulator-windows-64\dataTrack1\IMG\right_2024_11_20_20_16_22_806.jpg, 0, 1, 0, 30.18996
C:\Users\Owner\Downloads\simulator-windows-64\dataTrack1\IMG\center_2024_11_20_20_16_22_910.jpg, C:\Users\Owner\Downloads\simulator-windows-64\dataTrack1\IMG\left_2024_11_20_20_16_22_910.jpg, C:\Users\Owner\Downloads\simulator-windows-64\dataTrack1\IMG\right_2024_11_20_20_16_22_910.jpg, 0, 1, 0, 30.18993
C:\Users\Owner\Downloads\simulator-windows-64\dataTrack1\IMG\center_2024_11_20_20_16_23_013.jpg, C:\Users\Owner\Downloads\simulator-windows-64\dataTrack1\IMG\left_2024_11_20_20_16_23_013.jpg, C:\Users\Owner\Downloads\simulator-windows-64\dataTrack1\IMG\right_2024_11_20_20_16_23_013.jpg, 0, 0.946357, 0, 30.18995
C:\Users\Owner\Downloads\simulator-windows-64\dataTrack1\IMG\center_2024_11_20_20_16_23_117.jpg, C:\Users\Owner\Downloads\simulator-windows-64\dataTrack1\IMG\left_2024_11_20_20_16_23_117.jpg, C:\Users\Owner\Downloads\simulator-windows-64\dataTrack1\IMG\right_2024_11_20_20_16_23_117.jpg, 0, 0.6346675, 0, 30.10922
C:\Users\Owner\Downloads\simulator-windows-64\dataTrack1\IMG\center_2024_11_20_20_16_23_224.jpg, C:\Users\Owner\Downloads\simulator-windows-64\dataTrack1\IMG\left_2024_11_20_20_16_23_224.jpg, C:\Users\Owner\Downloads\simulator-windows-64\dataTrack1\IMG\right_2024_11_20_20_16_23_224.jpg, -0.0200283, 0.31282, 0, 30.03867
C:\Users\Owner\Downloads\simulator-windows-64\dataTrack1\IMG\center_2024_11_20_20_16_23_327.jpg, C:\Users\Owner\Downloads\simulator-windows-64\dataTrack1\IMG\left_2024_11_20_20_16_23_327.jpg, C:\Users\Owner\Downloads\simulator-windows-64\dataTrack1\IMG\right_2024_11_20_20_16_23_327.jpg, 0, 0.003327057, 0, 29.86985
C:\Users\Owner\Downloads\simulator-windows-64\dataTrack1\IMG\center_2024_11_20_20_16_23_432.jpg, C:\Users\Owner\Downloads\simulator-windows-64\dataTrack1\IMG\left_2024_11_20_20_16_23_432.jpg, C:\Users\Owner\Downloads\simulator-windows-64\dataTrack1\IMG\right_2024_11_20_20_16_23_432.jpg, 0, 0, 0, 29.56696
C:\Users\Owner\Downloads\simulator-windows-64\dataTrack1\IMG\center_2024_11_20_20_16_23_535.jpg, C:\Users\Owner\Downloads\simulator-windows-64\dataTrack1\IMG\left_2024_11_20_20_16_23_535.jpg, C:\Users\Owner\Downloads\simulator-windows-64\dataTrack1\IMG\right_2024_11_20_20_16_23_535.jpg, 0, 0, 0, 29.2684
C:\Users\Owner\Downloads\simulator-windows-64\dataTrack1\IMG\center_2024_11_20_20_16_23_641.jpg, C:\Users\Owner\Downloads\simulator-windows-64\dataTrack1\IMG\left_2024_11_20_20_16_23_641.jpg, C:\Users\Owner\Downloads\simulator-windows-64\dataTrack1\IMG\right_2024_11_20_20_16_23_641.jpg, 0, 0, 0, 28.97284
C:\Users\Owner\Downloads\simulator-windows-64\dataTrack1\IMG\center_2024_11_20_20_16_23_745.jpg, C:\Users\Owner\Downloads\simulator-windows-64\dataTrack1\IMG\left_2024_11_20_20_16_23_745.jpg, C:\Users\Owner\Downloads\simulator-windows-64\dataTrack1\IMG\right_2024_11_20_20_16_23_745.jpg, 0, 0, 0, 28.68024
C:\Users\Owner\Downloads\simulator-windows-64\dataTrack1\IMG\center_2024_11_20_20_16_23_848.jpg, C:\Users\Owner\Downloads\simulator-windows-64\dataTrack1\IMG\left_2024_11_20_20_16_23_848.jpg, C:\Users\Owner\Downloads\simulator-windows-64\dataTrack1\IMG\right_2024_11_20_20_16_23_848.jpg, 0, 0, 0, 28.333
C:\Users\Owner\Downloads\simulator-windows-64\dataTrack1\IMG\center_2024_11_20_20_16_23_951.jpg, C:\Users\Owner\Downloads\simulator-windows-64\dataTrack1\IMG\left_2024_11_20_20_16_23_951.jpg, C:\Users\Owner\Downloads\simulator-windows-64\dataTrack1\IMG\right_2024_11_20_20_16_23_951.jpg, 0, 0, 0, 28.04684
C:\Users\Owner\Downloads\simulator-windows-64\dataTrack1\IMG\center_2024_11_20_20_16_24_053.jpg, C:\Users\Owner\Downloads\simulator-windows-64\dataTrack1\IMG\left_2024_11_20_20_16_24_053.jpg, C:\Users\Owner\Downloads\simulator-windows-64\dataTrack1\IMG\right_2024_11_20_20_16_24_053.jpg, 0, 0, 0, 27.76356
C:\Users\Owner\Downloads\simulator-windows-64\dataTrack1\IMG\center_2024_11_20_20_16_24_160.jpg, C:\Users\Owner\Downloads\simulator-windows-64\dataTrack1\IMG\left_2024_11_20_20_16_24_160.jpg, C:\Users\Owner\Downloads\simulator-windows-64\dataTrack1\IMG\right_2024_11_20_20_16_24_160.jpg, 0, 0, 0, 27.48312
C:\Users\Owner\Downloads\simulator-windows-64\dataTrack1\IMG\center_2024_11_20_20_16_24_263.jpg, C:\Users\Owner\Downloads\simulator-windows-64\dataTrack1\IMG\left_2024_11_20_20_16_24_263.jpg, C:\Users\Owner\Downloads\simulator-windows-64\dataTrack1\IMG\right_2024_11_20_20_16_24_263.jpg, 0, 0, 0, 27.2055
C:\Users\Owner\Downloads\simulator-windows-64\dataTrack1\IMG\center_2024_11_20_20_16_24_366.jpg, C:\Users\Owner\Downloads\simulator-windows-64\dataTrack1\IMG\left_2024_11_20_20_16_24_366.jpg, C:\Users\Owner\Downloads\simulator-windows-64\dataTrack1\IMG\right_2024_11_20_20_16_24_366.jpg, 0, 0, 0, 26.93067
C:\Users\Owner\Downloads\simulator-windows-64\dataTrack1\IMG\center_2024_11_20_20_16_24_470.jpg, C:\Users\Owner\Downloads\simulator-windows-64\dataTrack1\IMG\left_2024_11_20_20_16_24_470.jpg, C:\Users\Owner\Downloads\simulator-windows-64\dataTrack1\IMG\right_2024_11_20_20_16_24_470.jpg, 0, 0, 0, 26.60452
C:\Users\Owner\Downloads\simulator-windows-64\dataTrack1\IMG\center_2024_11_20_20_16_24_575.jpg, C:\Users\Owner\Downloads\simulator-windows-64\dataTrack1\IMG\left_2024_11_20_20_16_24_575.jpg, C:\Users\Owner\Downloads\simulator-windows-64\dataTrack1\IMG\right_2024_11_20_20_16_24_575.jpg, 0, 0.0530985, 0, 26.33574
C:\Users\Owner\Downloads\simulator-windows-64\dataTrack1\IMG\center_2024_11_20_20_16_24_679.jpg, C:\Users\Owner\Downloads\simulator-windows-64\dataTrack1\IMG\left_2024_11_20_20_16_24_679.jpg, C:\Users\Owner\Downloads\simulator-windows-64\dataTrack1\IMG\right_2024_11_20_20_16_24_679.jpg, 0, 0.3660087, 0, 26.31274
C:\Users\Owner\Downloads\simulator-windows-64\dataTrack1\IMG\center_2024_11_20_20_16_24_781.jpg, C:\Users\Owner\Downloads\simulator-windows-64\dataTrack1\IMG\left_2024_11_20_20_16_24_781.jpg, C:\Users\Owner\Downloads\simulator-windows-64\dataTrack1\IMG\right_2024_11_20_20_16_24_781.jpg, 0, 0.05748662, 0, 26.34624
C:\Users\Owner\Downloads\simulator-windows-64\dataTrack1\IMG\center_2024_11_20_20_16_24_886.jpg, C:\Users\Owner\Downloads\simulator-windows-64\dataTrack1\IMG\left_2024_11_20_20_16_24_886.jpg, C:\Users\Owner\Downloads\simulator-windows-64\dataTrack1\IMG\right_2024_11_20_20_16_24_886.jpg, -0.1545756, 0, 0, 26.07117
C:\Users\Owner\Downloads\simulator-windows-64\dataTrack1\IMG\center_2024_11_20_20_16_24_988.jpg, C:\Users\Owner\Downloads\simulator-windows-64\dataTrack1\IMG\left_2024_11_20_20_16_24_988.jpg, C:\Users\Owner\Downloads\simulator-windows-64\dataTrack1\IMG\right_2024_11_20_20_16_24_988.jpg, 0, 0, 0, 25.74899
C:\Users\Owner\Downloads\simulator-windows-64\dataTrack1\IMG\center_2024_11_20_20_16_25_093.jpg, C:\Users\Owner\Downloads\simulator-windows-64\dataTrack1\IMG\left_2024_11_20_20_16_25_093.jpg, C:\Users\Owner\Downloads\simulator-windows-64\dataTrack1\IMG\right_2024_11_20_20_16_25_093.jpg, 0, 0.2051976, 0, 25.57772
C:\Users\Owner\Downloads\simulator-windows-64\dataTrack1\IMG\center_2024_11_20_20_16_25_196.jpg, C:\Users\Owner\Downloads\simulator-windows-64\dataTrack1\IMG\left_2024_11_20_20_16_25_196.jpg, C:\Users\Owner\Downloads\simulator-windows-64\dataTrack1\IMG\right_2024_11_20_20_16_25_196.jpg, 0, 0.0962928, 0, 25.50114
C:\Users\Owner\Downloads\simulator-windows-64\dataTrack1\IMG\center_2024_11_20_20_16_25_300.jpg, C:\Users\Owner\Downloads\simulator-windows-64\dataTrack1\IMG\left_2024_11_20_20_16_25_300.jpg, C:\Users\Owner\Downloads\simulator-windows-64\dataTrack1\IMG\right_2024_11_20_20_16_25_300.jpg, 0, 0, 0, 25.50209
C:\Users\Owner\Downloads\simulator-windows-64\dataTrack1\IMG\center_2024_11_20_20_16_25_403.jpg, C:\Users\Owner\Downloads\simulator-windows-64\dataTrack1\IMG\left_2024_11_20_20_16_25_403.jpg, C:\Users\Owner\Downloads\simulator-windows-64\dataTrack1\IMG\right_2024_11_20_20_16_25_403.jpg, -0.307812, 0, 0, 24.9164
C:\Users\Owner\Downloads\simulator-windows-64\dataTrack1\IMG\center_2024_11_20_20_16_25_508.jpg, C:\Users\Owner\Downloads\simulator-windows-64\dataTrack1\IMG\left_2024_11_20_20_16_25_508.jpg, C:\Users\Owner\Downloads\simulator-windows-64\dataTrack1\IMG\right_2024_11_20_20_16_25_508.jpg, -0.416022, 0, 0, 24.4527
C:\Users\Owner\Downloads\simulator-windows-64\dataTrack1\IMG\center_2024_11_20_20_16_25_613.jpg, C:\Users\Owner\Downloads\simulator-windows-64\dataTrack1\IMG\left_2024_11_20_20_16_25_613.jpg, C:\Users\Owner\Downloads\simulator-windows-64\dataTrack1\IMG\right_2024_11_20_20_16_25_613.jpg, -0.09989458, 0, 0, 24.34728
C:\Users\Owner\Downloads\simulator-windows-64\dataTrack1\IMG\center_2024_11_20_20_16_25_716.jpg, C:\Users\Owner\Downloads\simulator-windows-64\dataTrack1\IMG\left_2024_11_20_20_16_25_716.jpg, C:\Users\Owner\Downloads\simulator-windows-64\dataTrack1\IMG\right_2024_11_20_20_16_25_716.jpg, 0, 0, 0, 24.02381
C:\Users\Owner\Downloads\simulator-windows-64\dataTrack1\IMG\center_2024_11_20_20_16_25_819.jpg, C:\Users\Owner\Downloads\simulator-windows-64\dataTrack1\IMG\left_2024_11_20_20_16_25_819.jpg, C:\Users\Owner\Downloads\simulator-windows-64\dataTrack1\IMG\right_2024_11_20_20_16_25_819.jpg, 0, 0, 0, 23.81699
C:\Users\Owner\Downloads\simulator-windows-64\dataTrack1\IMG\center_2024_11_20_20_16_25_924.jpg, C:\Users\Owner\Downloads\simulator-windows-64\dataTrack1\IMG\left_2024_11_20_20_16_25_924.jpg, C:\Users\Owner\Downloads\simulator-windows-64\dataTrack1\IMG\right_2024_11_20_20_16_25_924.jpg, 0, 0.1126176, 0, 23.57463
C:\Users\Owner\Downloads\simulator-windows-64\dataTrack1\IMG\center_2024_11_20_20_16_26_027.jpg, C:\Users\Owner\Downloads\simulator-windows-64\dataTrack1\IMG\left_2024_11_20_20_16_26_027.jpg, C:\Users\Owner\Downloads\simulator-windows-64\dataTrack1\IMG\right_2024_11_20_20_16_26_027.jpg, 0, 0.07817998, 0, 23.57943
C:\Users\Owner\Downloads\simulator-windows-64\dataTrack1\IMG\center_2024_11_20_20_16_26_133.jpg, C:\Users\Owner\Downloads\simulator-windows-64\dataTrack1\IMG\left_2024_11_20_20_16_26_133.jpg, C:\Users\Owner\Downloads\simulator-windows-64\dataTrack1\IMG\right_2024_11_20_20_16_26_133.jpg, 0, 0, 0, 23.35411
C:\Users\Owner\Downloads\simulator-windows-64\dataTrack1\IMG\center_2024_11_20_20_16_26_237.jpg, C:\Users\Owner\Downloads\simulator-windows-64\dataTrack1\IMG\left_2024_11_20_20_16_26_237.jpg, C:\Users\Owner\Downloads\simulator-windows-64\dataTrack1\IMG\right_2024_11_20_20_16_26_237.jpg, 0, 0.2074773, 0, 23.29954
C:\Users\Owner\Downloads\simulator-windows-64\dataTrack1\IMG\center_2024_11_20_20_16_26_342.jpg, C:\Users\Owner\Downloads\simulator-windows-64\dataTrack1\IMG\left_2024_11_20_20_16_26_342.jpg, C:\Users\Owner\Downloads\simulator-windows-64\dataTrack1\IMG\right_2024_11_20_20_16_26_342.jpg, 0, 0, 0, 23.16251
C:\Users\Owner\Downloads\simulator-windows-64\dataTrack1\IMG\center_2024_11_20_20_16_26_446.jpg, C:\Users\Owner\Downloads\simulator-windows-64\dataTrack1\IMG\left_2024_11_20_20_16_26_446.jpg, C:\Users\Owner\Downloads\simulator-windows-64\dataTrack1\IMG\right_2024_11_20_20_16_26_446.jpg, 0, 0, 0, 22.92754
C:\Users\Owner\Downloads\simulator-windows-64\dataTrack1\IMG\center_2024_11_20_20_16_26_549.jpg, C:\Users\Owner\Downloads\simulator-windows-64\dataTrack1\IMG\left_2024_11_20_20_16_26_549.jpg, C:\Users\Owner\Downloads\simulator-windows-64\dataTrack1\IMG\right_2024_11_20_20_16_26_549.jpg, 0, 0, 0, 22.65208
C:\Users\Owner\Downloads\simulator-windows-64\dataTrack1\IMG\center_2024_11_20_20_16_26_652.jpg, C:\Users\Owner\Downloads\simulator-windows-64\dataTrack1\IMG\left_2024_11_20_20_16_26_652.jpg, C:\Users\Owner\Downloads\simulator-windows-64\dataTrack1\IMG\right_2024_11_20_20_16_26_652.jpg, 0, 0, 0, 22.42503
C:\Users\Owner\Downloads\simulator-windows-64\dataTrack1\IMG\center_2024_11_20_20_16_26_757.jpg, C:\Users\Owner\Downloads\simulator-windows-64\dataTrack1\IMG\left_2024_11_20_20_16_26_757.jpg, C:\Users\Owner\Downloads\simulator-windows-64\dataTrack1\IMG\right_2024_11_20_20_16_26_757.jpg, 0.2097879, 0, 0, 22.1811
C:\Users\Owner\Downloads\simulator-windows-64\dataTrack1\IMG\center_2024_11_20_20_16_26_861.jpg, C:\Users\Owner\Downloads\simulator-windows-64\dataTrack1\IMG\left_2024_11_20_20_16_26_861.jpg, C:\Users\Owner\Downloads\simulator-windows-64\dataTrack1\IMG\right_2024_11_20_20_16_26_861.jpg, 0.05782139, 0, 0, 21.92406
C:\Users\Owner\Downloads\simulator-windows-64\dataTrack1\IMG\center_2024_11_20_20_16_26_964.jpg, C:\Users\Owner\Downloads\simulator-windows-64\dataTrack1\IMG\left_2024_11_20_20_16_26_964.jpg, C:\Users\Owner\Downloads\simulator-windows-64\dataTrack1\IMG\right_2024_11_20_20_16_26_964.jpg, 0, 0, 0, 21.6981
C:\Users\Owner\Downloads\simulator-windows-64\dataTrack1\IMG\center_2024_11_20_20_16_27_067.jpg, C:\Users\Owner\Downloads\simulator-windows-64\dataTrack1\IMG\left_2024_11_20_20_16_27_067.jpg, C:\Users\Owner\Downloads\simulator-windows-64\dataTrack1\IMG\right_2024_11_20_20_16_27_067.jpg, 0, 0, 0, 21.43622
C:\Users\Owner\Downloads\simulator-windows-64\dataTrack1\IMG\center_2024_11_20_20_16_27_171.jpg, C:\Users\Owner\Downloads\simulator-windows-64\dataTrack1\IMG\left_2024_11_20_20_16_27_171.jpg, C:\Users\Owner\Downloads\simulator-windows-64\dataTrack1\IMG\right_2024_11_20_20_16_27_171.jpg, 0, 0.2075211, 0, 21.42142
C:\Users\Owner\Downloads\simulator-windows-64\dataTrack1\IMG\center_2024_11_20_20_16_27_276.jpg, C:\Users\Owner\Downloads\simulator-windows-64\dataTrack1\IMG\left_2024_11_20_20_16_27_276.jpg, C:\Users\Owner\Downloads\simulator-windows-64\dataTrack1\IMG\right_2024_11_20_20_16_27_276.jpg, 0, 0, 0, 21.29359
C:\Users\Owner\Downloads\simulator-windows-64\dataTrack1\IMG\center_2024_11_20_20_16_27_380.jpg, C:\Users\Owner\Downloads\simulator-windows-64\dataTrack1\IMG\left_2024_11_20_20_16_27_380.jpg, C:\Users\Owner\Downloads\simulator-windows-64\dataTrack1\IMG\right_2024_11_20_20_16_27_380.jpg, 0, 0.2069805, 0, 21.23185
C:\Users\Owner\Downloads\simulator-windows-64\dataTrack1\IMG\center_2024_11_20_20_16_27_483.jpg, C:\Users\Owner\Downloads\simulator-windows-64\dataTrack1\IMG\left_2024_11_20_20_16_27_483.jpg, C:\Users\Owner\Downloads\simulator-windows-64\dataTrack1\IMG\right_2024_11_20_20_16_27_483.jpg, 0, 0, 0, 21.14558
C:\Users\Owner\Downloads\simulator-windows-64\dataTrack1\IMG\center_2024_11_20_20_16_27_586.jpg, C:\Users\Owner\Downloads\simulator-windows-64\dataTrack1\IMG\left_2024_11_20_20_16_27_586.jpg, C:\Users\Owner\Downloads\simulator-windows-64\dataTrack1\IMG\right_2024_11_20_20_16_27_586.jpg, 0, 0.1617102, 0, 21.01558
C:\Users\Owner\Downloads\simulator-windows-64\dataTrack1\IMG\center_2024_11_20_20_16_27_691.jpg, C:\Users\Owner\Downloads\simulator-windows-64\dataTrack1\IMG\left_2024_11_20_20_16_27_691.jpg, C:\Users\Owner\Downloads\simulator-windows-64\dataTrack1\IMG\right_2024_11_20_20_16_27_691.jpg, 0, 0.0532881, 0, 20.67919
C:\Users\Owner\Downloads\simulator-windows-64\dataTrack1\IMG\center_2024_11_20_20_16_27_794.jpg, C:\Users\Owner\Downloads\simulator-windows-64\dataTrack1\IMG\left_2024_11_20_20_16_27_794.jpg, C:\Users\Owner\Downloads\simulator-windows-64\dataTrack1\IMG\right_2024_11_20_20_16_27_794.jpg, 0, 0.260175, 0, 21.01095
C:\Users\Owner\Downloads\simulator-windows-64\dataTrack1\IMG\center_2024_11_20_20_16_27_900.jpg, C:\Users\Owner\Downloads\simulator-windows-64\dataTrack1\IMG\left_2024_11_20_20_16_27_900.jpg, C:\Users\Owner\Downloads\simulator-windows-64\dataTrack1\IMG\right_2024_11_20_20_16_27_900.jpg, 0, 0, 0, 20.64679
C:\Users\Owner\Downloads\simulator-windows-64\dataTrack1\IMG\center_2024_11_20_20_16_28_000.jpg, C:\Users\Owner\Downloads\simulator-windows-64\dataTrack1\IMG\left_2024_11_20_20_16_28_000.jpg, C:\Users\Owner\Downloads\simulator-windows-64\dataTrack1\IMG\right_2024_11_20_20_16_28_000.jpg, -0.3017697, 0, 0, 20.69829
C:\Users\Owner\Downloads\simulator-windows-64\dataTrack1\IMG\center_2024_11_20_20_16_28_104.jpg, C:\Users\Owner\Downloads\simulator-windows-64\dataTrack1\IMG\left_2024_11_20_20_16_28_104.jpg, C:\Users\Owner\Downloads\simulator-windows-64\dataTrack1\IMG\right_2024_11_20_20_16_28_104.jpg, -0.04203393, 0, 0, 20.1724
C:\Users\Owner\Downloads\simulator-windows-64\dataTrack1\IMG\center_2024_11_20_20_16_28_210.jpg, C:\Users\Owner\Downloads\simulator-windows-64\dataTrack1\IMG\left_2024_11_20_20_16_28_210.jpg, C:\Users\Owner\Downloads\simulator-windows-64\dataTrack1\IMG\right_2024_11_20_20_16_28_210.jpg, 0, 0, 0, 19.91422
C:\Users\Owner\Downloads\simulator-windows-64\dataTrack1\IMG\center_2024_11_20_20_16_28_315.jpg, C:\Users\Owner\Downloads\simulator-windows-64\dataTrack1\IMG\left_2024_11_20_20_16_28_315.jpg, C:\Users\Owner\Downloads\simulator-windows-64\dataTrack1\IMG\right_2024_11_20_20_16_28_315.jpg, 0, 0, 0, 20.05506
C:\Users\Owner\Downloads\simulator-windows-64\dataTrack1\IMG\center_2024_11_20_20_16_28_418.jpg, C:\Users\Owner\Downloads\simulator-windows-64\dataTrack1\IMG\left_2024_11_20_20_16_28_418.jpg, C:\Users\Owner\Downloads\simulator-windows-64\dataTrack1\IMG\right_2024_11_20_20_16_28_418.jpg, 0, 0, 0, 19.49015
C:\Users\Owner\Downloads\simulator-windows-64\dataTrack1\IMG\center_2024_11_20_20_16_28_520.jpg, C:\Users\Owner\Downloads\simulator-windows-64\dataTrack1\IMG\left_2024_11_20_20_16_28_520.jpg, C:\Users\Owner\Downloads\simulator-windows-64\dataTrack1\IMG\right_2024_11_20_20_16_28_520.jpg, 0, 0.2199075, 0, 19.73081
C:\Users\Owner\Downloads\simulator-windows-64\dataTrack1\IMG\center_2024_11_20_20_16_28_625.jpg, C:\Users\Owner\Downloads\simulator-windows-64\dataTrack1\IMG\left_2024_11_20_20_16_28_625.jpg, C:\Users\Owner\Downloads\simulator-windows-64\dataTrack1\IMG\right_2024_11_20_20_16_28_625.jpg, 0, 0.1733229, 0, 19.52695
C:\Users\Owner\Downloads\simulator-windows-64\dataTrack1\IMG\center_2024_11_20_20_16_28_729.jpg, C:\Users\Owner\Downloads\simulator-windows-64\dataTrack1\IMG\left_2024_11_20_20_16_28_729.jpg, C:\Users\Owner\Downloads\simulator-windows-64\dataTrack1\IMG\right_2024_11_20_20_16_28_729.jpg, -0.1551831, 0, 0, 19.28044
C:\Users\Owner\Downloads\simulator-windows-64\dataTrack1\IMG\center_2024_11_20_20_16_28_832.jpg, C:\Users\Owner\Downloads\simulator-windows-64\dataTrack1\IMG\left_2024_11_20_20_16_28_832.jpg, C:\Users\Owner\Downloads\simulator-windows-64\dataTrack1\IMG\right_2024_11_20_20_16_28_832.jpg, -0.1535175, 0, 0, 19.44628
C:\Users\Owner\Downloads\simulator-windows-64\dataTrack1\IMG\center_2024_11_20_20_16_28_935.jpg, C:\Users\Owner\Downloads\simulator-windows-64\dataTrack1\IMG\left_2024_11_20_20_16_28_935.jpg, C:\Users\Owner\Downloads\simulator-windows-64\dataTrack1\IMG\right_2024_11_20_20_16_28_935.jpg, 0, 0, 0, 18.80901
C:\Users\Owner\Downloads\simulator-windows-64\dataTrack1\IMG\center_2024_11_20_20_16_29_038.jpg, C:\Users\Owner\Downloads\simulator-windows-64\dataTrack1\IMG\left_2024_11_20_20_16_29_038.jpg, C:\Users\Owner\Downloads\simulator-windows-64\dataTrack1\IMG\right_2024_11_20_20_16_29_038.jpg, -0.2054157, 0, 0, 19.06236
C:\Users\Owner\Downloads\simulator-windows-64\dataTrack1\IMG\center_2024_11_20_20_16_29_142.jpg, C:\Users\Owner\Downloads\simulator-windows-64\dataTrack1\IMG\left_2024_11_20_20_16_29_142.jpg, C:\Users\Owner\Downloads\simulator-windows-64\dataTrack1\IMG\right_2024_11_20_20_16_29_142.jpg, -0.0957927, 0, 0, 18.36259
C:\Users\Owner\Downloads\simulator-windows-64\dataTrack1\IMG\center_2024_11_20_20_16_29_245.jpg, C:\Users\Owner\Downloads\simulator-windows-64\dataTrack1\IMG\left_2024_11_20_20_16_29_245.jpg, C:\Users\Owner\Downloads\simulator-windows-64\dataTrack1\IMG\right_2024_11_20_20_16_29_245.jpg, -0.1022505, 0, 0, 18.65742
C:\Users\Owner\Downloads\simulator-windows-64\dataTrack1\IMG\center_2024_11_20_20_16_29_350.jpg, C:\Users\Owner\Downloads\simulator-windows-64\dataTrack1\IMG\left_2024_11_20_20_16_29_350.jpg, C:\Users\Owner\Downloads\simulator-windows-64\dataTrack1\IMG\right_2024_11_20_20_16_29_350.jpg, -0.0556089, 0, 0, 18.42059
C:\Users\Owner\Downloads\simulator-windows-64\dataTrack1\IMG\center_2024_11_20_20_16_29_453.jpg, C:\Users\Owner\Downloads\simulator-windows-64\dataTrack1\IMG\left_2024_11_20_20_16_29_453.jpg, C:\Users\Owner\Downloads\simulator-windows-64\dataTrack1\IMG\right_2024_11_20_20_16_29_453.jpg, 0, 0, 0, 17.72499
C:\Users\Owner\Downloads\simulator-windows-64\dataTrack1\IMG\center_2024_11_20_20_16_29_555.jpg, C:\Users\Owner\Downloads\simulator-windows-64\dataTrack1\IMG\left_2024_11_20_20_16_29_555.jpg, C:\Users\Owner\Downloads\simulator-windows-64\dataTrack1\IMG\right_2024_11_20_20_16_29_555.jpg, 0, 0.2220288, 0, 18.11545
C:\Users\Owner\Downloads\simulator-windows-64\dataTrack1\IMG\center_2024_11_20_20_16_29_660.jpg, C:\Users\Owner\Downloads\simulator-windows-64\dataTrack1\IMG\left_2024_11_20_20_16_29_660.jpg, C:\Users\Owner\Downloads\simulator-windows-64\dataTrack1\IMG\right_2024_11_20_20_16_29_660.jpg, 0, 0.1209162, 0, 17.79296
C:\Users\Owner\Downloads\simulator-windows-64\dataTrack1\IMG\center_2024_11_20_20_16_29_763.jpg, C:\Users\Owner\Downloads\simulator-windows-64\dataTrack1\IMG\left_2024_11_20_20_16_29_763.jpg, C:\Users\Owner\Downloads\simulator-windows-64\dataTrack1\IMG\right_2024_11_20_20_16_29_763.jpg, 0, 0.1500036, 0, 18.13587
C:\Users\Owner\Downloads\simulator-windows-64\dataTrack1\IMG\center_2024_11_20_20_16_29_869.jpg, C:\Users\Owner\Downloads\simulator-windows-64\dataTrack1\IMG\left_2024_11_20_20_16_29_869.jpg, C:\Users\Owner\Downloads\simulator-windows-64\dataTrack1\IMG\right_2024_11_20_20_16_29_869.jpg, 0, 0.0574023, 0, 18.18435
C:\Users\Owner\Downloads\simulator-windows-64\dataTrack1\IMG\center_2024_11_20_20_16_29_972.jpg, C:\Users\Owner\Downloads\simulator-windows-64\dataTrack1\IMG\left_2024_11_20_20_16_29_972.jpg, C:\Users\Owner\Downloads\simulator-windows-64\dataTrack1\IMG\right_2024_11_20_20_16_29_972.jpg, 0, 0.1548618, 0, 17.57048
C:\Users\Owner\Downloads\simulator-windows-64\dataTrack1\IMG\center_2024_11_20_20_16_30_077.jpg, C:\Users\Owner\Downloads\simulator-windows-64\dataTrack1\IMG\left_2024_11_20_20_16_30_077.jpg, C:\Users\Owner\Downloads\simulator-windows-64\dataTrack1\IMG\right_2024_11_20_20_16_30_077.jpg, -0.1094634, 0.06375268, 0, 18.10598
C:\Users\Owner\Downloads\simulator-windows-64\dataTrack1\IMG\center_2024_11_20_20_16_30_178.jpg, C:\Users\Owner\Downloads\simulator-windows-64\dataTrack1\IMG\left_2024_11_20_20_16_30_178.jpg, C:\Users\Owner\Downloads\simulator-windows-64\dataTrack1\IMG\right_2024_11_20_20_16_30_178.jpg, -0.4146402, 0, 0, 17.38461
C:\Users\Owner\Downloads\simulator-windows-64\dataTrack1\IMG\center_2024_11_20_20_16_30_283.jpg, C:\Users\Owner\Downloads\simulator-windows-64\dataTrack1\IMG\left_2024_11_20_20_16_30_283.jpg, C:\Users\Owner\Downloads\simulator-windows-64\dataTrack1\IMG\right_2024_11_20_20_16_30_283.jpg, -0.1009026, 0, 0, 17.68524
C:\Users\Owner\Downloads\simulator-windows-64\dataTrack1\IMG\center_2024_11_20_20_16_30_388.jpg, C:\Users\Owner\Downloads\simulator-windows-64\dataTrack1\IMG\left_2024_11_20_20_16_30_388.jpg, C:\Users\Owner\Downloads\simulator-windows-64\dataTrack1\IMG\right_2024_11_20_20_16_30_388.jpg, 0, 0, 0, 17.47092
C:\Users\Owner\Downloads\simulator-windows-64\dataTrack1\IMG\center_2024_11_20_20_16_30_493.jpg, C:\Users\Owner\Downloads\simulator-windows-64\dataTrack1\IMG\left_2024_11_20_20_16_30_493.jpg, C:\Users\Owner\Downloads\simulator-windows-64\dataTrack1\IMG\right_2024_11_20_20_16_30_493.jpg, 0, 0.3144906, 0, 17.0103
C:\Users\Owner\Downloads\simulator-windows-64\dataTrack1\IMG\center_2024_11_20_20_16_30_596.jpg, C:\Users\Owner\Downloads\simulator-windows-64\dataTrack1\IMG\left_2024_11_20_20_16_30_596.jpg, C:\Users\Owner\Downloads\simulator-windows-64\dataTrack1\IMG\right_2024_11_20_20_16_30_596.jpg, -0.1517685, 0.2061375, 0, 17.66519
C:\Users\Owner\Downloads\simulator-windows-64\dataTrack1\IMG\center_2024_11_20_20_16_30_702.jpg, C:\Users\Owner\Downloads\simulator-windows-64\dataTrack1\IMG\left_2024_11_20_20_16_30_702.jpg, C:\Users\Owner\Downloads\simulator-windows-64\dataTrack1\IMG\right_2024_11_20_20_16_30_702.jpg, -0.4709058, 0, 0, 17.03925
C:\Users\Owner\Downloads\simulator-windows-64\dataTrack1\IMG\center_2024_11_20_20_16_30_804.jpg, C:\Users\Owner\Downloads\simulator-windows-64\dataTrack1\IMG\left_2024_11_20_20_16_30_804.jpg, C:\Users\Owner\Downloads\simulator-windows-64\dataTrack1\IMG\right_2024_11_20_20_16_30_804.jpg, -0.2158977, 0, 0, 17.34185
C:\Users\Owner\Downloads\simulator-windows-64\dataTrack1\IMG\center_2024_11_20_20_16_30_910.jpg, C:\Users\Owner\Downloads\simulator-windows-64\dataTrack1\IMG\left_2024_11_20_20_16_30_910.jpg, C:\Users\Owner\Downloads\simulator-windows-64\dataTrack1\IMG\right_2024_11_20_20_16_30_910.jpg, -0.4838124, 0, 0, 17.08361
C:\Users\Owner\Downloads\simulator-windows-64\dataTrack1\IMG\center_2024_11_20_20_16_31_015.jpg, C:\Users\Owner\Downloads\simulator-windows-64\dataTrack1\IMG\left_2024_11_20_20_16_31_015.jpg, C:\Users\Owner\Downloads\simulator-windows-64\dataTrack1\IMG\right_2024_11_20_20_16_31_015.jpg, -0.4873909, 0, 0, 16.30054
C:\Users\Owner\Downloads\simulator-windows-64\dataTrack1\IMG\center_2024_11_20_20_16_31_118.jpg, C:\Users\Owner\Downloads\simulator-windows-64\dataTrack1\IMG\left_2024_11_20_20_16_31_118.jpg, C:\Users\Owner\Downloads\simulator-windows-64\dataTrack1\IMG\right_2024_11_20_20_16_31_118.jpg, -0.1781911, 0, 0, 16.67911
C:\Users\Owner\Downloads\simulator-windows-64\dataTrack1\IMG\center_2024_11_20_20_16_31_222.jpg, C:\Users\Owner\Downloads\simulator-windows-64\dataTrack1\IMG\left_2024_11_20_20_16_31_222.jpg, C:\Users\Owner\Downloads\simulator-windows-64\dataTrack1\IMG\right_2024_11_20_20_16_31_222.jpg, 0, 0.053295, 0, 15.98914
C:\Users\Owner\Downloads\simulator-windows-64\dataTrack1\IMG\center_2024_11_20_20_16_31_328.jpg, C:\Users\Owner\Downloads\simulator-windows-64\dataTrack1\IMG\left_2024_11_20_20_16_31_328.jpg, C:\Users\Owner\Downloads\simulator-windows-64\dataTrack1\IMG\right_2024_11_20_20_16_31_328.jpg, 0, 0.2671152, 0, 16.13141
C:\Users\Owner\Downloads\simulator-windows-64\dataTrack1\IMG\center_2024_11_20_20_16_31_431.jpg, C:\Users\Owner\Downloads\simulator-windows-64\dataTrack1\IMG\left_2024_11_20_20_16_31_431.jpg, C:\Users\Owner\Downloads\simulator-windows-64\dataTrack1\IMG\right_2024_11_20_20_16_31_431.jpg, 0, 0, 0, 16.5599
C:\Users\Owner\Downloads\simulator-windows-64\dataTrack1\IMG\center_2024_11_20_20_16_31_535.jpg, C:\Users\Owner\Downloads\simulator-windows-64\dataTrack1\IMG\left_2024_11_20_20_16_31_535.jpg, C:\Users\Owner\Downloads\simulator-windows-64\dataTrack1\IMG\right_2024_11_20_20_16_31_535.jpg, 0, 0.2099376, 0, 16.09381
C:\Users\Owner\Downloads\simulator-windows-64\dataTrack1\IMG\center_2024_11_20_20_16_31_639.jpg, C:\Users\Owner\Downloads\simulator-windows-64\dataTrack1\IMG\left_2024_11_20_20_16_31_639.jpg, C:\Users\Owner\Downloads\simulator-windows-64\dataTrack1\IMG\right_2024_11_20_20_16_31_639.jpg, 0, 0.0540723, 0, 16.50667
C:\Users\Owner\Downloads\simulator-windows-64\dataTrack1\IMG\center_2024_11_20_20_16_31_748.jpg, C:\Users\Owner\Downloads\simulator-windows-64\dataTrack1\IMG\left_2024_11_20_20_16_31_748.jpg, C:\Users\Owner\Downloads\simulator-windows-64\dataTrack1\IMG\right_2024_11_20_20_16_31_748.jpg, -0.1023768, 0.1775274, 0, 16.56567
C:\Users\Owner\Downloads\simulator-windows-64\dataTrack1\IMG\center_2024_11_20_20_16_31_851.jpg, C:\Users\Owner\Downloads\simulator-windows-64\dataTrack1\IMG\left_2024_11_20_20_16_31_851.jpg, C:\Users\Owner\Downloads\simulator-windows-64\dataTrack1\IMG\right_2024_11_20_20_16_31_851.jpg, -0.4125243, 0, 0, 15.87748
C:\Users\Owner\Downloads\simulator-windows-64\dataTrack1\IMG\center_2024_11_20_20_16_31_954.jpg, C:\Users\Owner\Downloads\simulator-windows-64\dataTrack1\IMG\left_2024_11_20_20_16_31_954.jpg, C:\Users\Owner\Downloads\simulator-windows-64\dataTrack1\IMG\right_2024_11_20_20_16_31_954.jpg, -0.7183917, 0, 0, 16.03368
C:\Users\Owner\Downloads\simulator-windows-64\dataTrack1\IMG\center_2024_11_20_20_16_32_059.jpg, C:\Users\Owner\Downloads\simulator-windows-64\dataTrack1\IMG\left_2024_11_20_20_16_32_059.jpg, C:\Users\Owner\Downloads\simulator-windows-64\dataTrack1\IMG\right_2024_11_20_20_16_32_059.jpg, -0.5750908, 0, 0, 15.25462
C:\Users\Owner\Downloads\simulator-windows-64\dataTrack1\IMG\center_2024_11_20_20_16_32_164.jpg, C:\Users\Owner\Downloads\simulator-windows-64\dataTrack1\IMG\left_2024_11_20_20_16_32_164.jpg, C:\Users\Owner\Downloads\simulator-windows-64\dataTrack1\IMG\right_2024_11_20_20_16_32_164.jpg, -0.2587858, 0.2117442, 0, 15.73586
C:\Users\Owner\Downloads\simulator-windows-64\dataTrack1\IMG\center_2024_11_20_20_16_32_266.jpg, C:\Users\Owner\Downloads\simulator-windows-64\dataTrack1\IMG\left_2024_11_20_20_16_32_266.jpg, C:\Users\Owner\Downloads\simulator-windows-64\dataTrack1\IMG\right_2024_11_20_20_16_32_266.jpg, -0.003657993, 0, 0, 15.22623
C:\Users\Owner\Downloads\simulator-windows-64\dataTrack1\IMG\center_2024_11_20_20_16_32_370.jpg, C:\Users\Owner\Downloads\simulator-windows-64\dataTrack1\IMG\left_2024_11_20_20_16_32_370.jpg, C:\Users\Owner\Downloads\simulator-windows-64\dataTrack1\IMG\right_2024_11_20_20_16_32_370.jpg, -0.155304, 0, 0, 15.03845
C:\Users\Owner\Downloads\simulator-windows-64\dataTrack1\IMG\center_2024_11_20_20_16_32_473.jpg, C:\Users\Owner\Downloads\simulator-windows-64\dataTrack1\IMG\left_2024_11_20_20_16_32_473.jpg, C:\Users\Owner\Downloads\simulator-windows-64\dataTrack1\IMG\right_2024_11_20_20_16_32_473.jpg, -0.1549977, 0, 0, 15.40275
C:\Users\Owner\Downloads\simulator-windows-64\dataTrack1\IMG\center_2024_11_20_20_16_32_579.jpg, C:\Users\Owner\Downloads\simulator-windows-64\dataTrack1\IMG\left_2024_11_20_20_16_32_579.jpg, C:\Users\Owner\Downloads\simulator-windows-64\dataTrack1\IMG\right_2024_11_20_20_16_32_579.jpg, 0, 0.2027238, 0, 14.74398
C:\Users\Owner\Downloads\simulator-windows-64\dataTrack1\IMG\center_2024_11_20_20_16_32_683.jpg, C:\Users\Owner\Downloads\simulator-windows-64\dataTrack1\IMG\left_2024_11_20_20_16_32_683.jpg, C:\Users\Owner\Downloads\simulator-windows-64\dataTrack1\IMG\right_2024_11_20_20_16_32_683.jpg, 0, 0, 0, 15.22151
C:\Users\Owner\Downloads\simulator-windows-64\dataTrack1\IMG\center_2024_11_20_20_16_32_788.jpg, C:\Users\Owner\Downloads\simulator-windows-64\dataTrack1\IMG\left_2024_11_20_20_16_32_788.jpg, C:\Users\Owner\Downloads\simulator-windows-64\dataTrack1\IMG\right_2024_11_20_20_16_32_788.jpg, 0, 0.1546578, 0, 15.06269
C:\Users\Owner\Downloads\simulator-windows-64\dataTrack1\IMG\center_2024_11_20_20_16_32_892.jpg, C:\Users\Owner\Downloads\simulator-windows-64\dataTrack1\IMG\left_2024_11_20_20_16_32_892.jpg, C:\Users\Owner\Downloads\simulator-windows-64\dataTrack1\IMG\right_2024_11_20_20_16_32_892.jpg, 0, 0.06245641, 0, 14.59943
C:\Users\Owner\Downloads\simulator-windows-64\dataTrack1\IMG\center_2024_11_20_20_16_32_997.jpg, C:\Users\Owner\Downloads\simulator-windows-64\dataTrack1\IMG\left_2024_11_20_20_16_32_997.jpg, C:\Users\Owner\Downloads\simulator-windows-64\dataTrack1\IMG\right_2024_11_20_20_16_32_997.jpg, 0, 0.203163, 0, 15.04697
C:\Users\Owner\Downloads\simulator-windows-64\dataTrack1\IMG\center_2024_11_20_20_16_33_099.jpg, C:\Users\Owner\Downloads\simulator-windows-64\dataTrack1\IMG\left_2024_11_20_20_16_33_099.jpg, C:\Users\Owner\Downloads\simulator-windows-64\dataTrack1\IMG\right_2024_11_20_20_16_33_099.jpg, -0.3061068, 0.1156284, 0, 14.67084
C:\Users\Owner\Downloads\simulator-windows-64\dataTrack1\IMG\center_2024_11_20_20_16_33_202.jpg, C:\Users\Owner\Downloads\simulator-windows-64\dataTrack1\IMG\left_2024_11_20_20_16_33_202.jpg, C:\Users\Owner\Downloads\simulator-windows-64\dataTrack1\IMG\right_2024_11_20_20_16_33_202.jpg, -0.6153963, 0, 0, 14.92478
C:\Users\Owner\Downloads\simulator-windows-64\dataTrack1\IMG\center_2024_11_20_20_16_33_307.jpg, C:\Users\Owner\Downloads\simulator-windows-64\dataTrack1\IMG\left_2024_11_20_20_16_33_307.jpg, C:\Users\Owner\Downloads\simulator-windows-64\dataTrack1\IMG\right_2024_11_20_20_16_33_307.jpg, -0.5729802, 0, 0, 14.15577
C:\Users\Owner\Downloads\simulator-windows-64\dataTrack1\IMG\center_2024_11_20_20_16_33_412.jpg, C:\Users\Owner\Downloads\simulator-windows-64\dataTrack1\IMG\left_2024_11_20_20_16_33_412.jpg, C:\Users\Owner\Downloads\simulator-windows-64\dataTrack1\IMG\right_2024_11_20_20_16_33_412.jpg, -0.203193, 0.3697872, 0, 14.36131
C:\Users\Owner\Downloads\simulator-windows-64\dataTrack1\IMG\center_2024_11_20_20_16_33_518.jpg, C:\Users\Owner\Downloads\simulator-windows-64\dataTrack1\IMG\left_2024_11_20_20_16_33_518.jpg, C:\Users\Owner\Downloads\simulator-windows-64\dataTrack1\IMG\right_2024_11_20_20_16_33_518.jpg, -0.1049844, 0.05334866, 0, 14.95051
C:\Users\Owner\Downloads\simulator-windows-64\dataTrack1\IMG\center_2024_11_20_20_16_33_622.jpg, C:\Users\Owner\Downloads\simulator-windows-64\dataTrack1\IMG\left_2024_11_20_20_16_33_622.jpg, C:\Users\Owner\Downloads\simulator-windows-64\dataTrack1\IMG\right_2024_11_20_20_16_33_622.jpg, -0.4180443, 0.1028385, 0, 14.25874
C:\Users\Owner\Downloads\simulator-windows-64\dataTrack1\IMG\center_2024_11_20_20_16_33_727.jpg, C:\Users\Owner\Downloads\simulator-windows-64\dataTrack1\IMG\left_2024_11_20_20_16_33_727.jpg, C:\Users\Owner\Downloads\simulator-windows-64\dataTrack1\IMG\right_2024_11_20_20_16_33_727.jpg, -0.5263287, 0.3140109, 0, 14.32807
C:\Users\Owner\Downloads\simulator-windows-64\dataTrack1\IMG\center_2024_11_20_20_16_33_831.jpg, C:\Users\Owner\Downloads\simulator-windows-64\dataTrack1\IMG\left_2024_11_20_20_16_33_831.jpg, C:\Users\Owner\Downloads\simulator-windows-64\dataTrack1\IMG\right_2024_11_20_20_16_33_831.jpg, -0.2160693, 0.003751509, 0, 14.85347
C:\Users\Owner\Downloads\simulator-windows-64\dataTrack1\IMG\center_2024_11_20_20_16_33_935.jpg, C:\Users\Owner\Downloads\simulator-windows-64\dataTrack1\IMG\left_2024_11_20_20_16_33_935.jpg, C:\Users\Owner\Downloads\simulator-windows-64\dataTrack1\IMG\right_2024_11_20_20_16_33_935.jpg, -0.0515739, 0.2103654, 0, 14.26588
C:\Users\Owner\Downloads\simulator-windows-64\dataTrack1\IMG\center_2024_11_20_20_16_34_037.jpg, C:\Users\Owner\Downloads\simulator-windows-64\dataTrack1\IMG\left_2024_11_20_20_16_34_037.jpg, C:\Users\Owner\Downloads\simulator-windows-64\dataTrack1\IMG\right_2024_11_20_20_16_34_037.jpg, -0.3581802, 0.2160789, 0, 14.97079
C:\Users\Owner\Downloads\simulator-windows-64\dataTrack1\IMG\center_2024_11_20_20_16_34_141.jpg, C:\Users\Owner\Downloads\simulator-windows-64\dataTrack1\IMG\left_2024_11_20_20_16_34_141.jpg, C:\Users\Owner\Downloads\simulator-windows-64\dataTrack1\IMG\right_2024_11_20_20_16_34_141.jpg, -0.4646259, 0, 0, 14.27657
C:\Users\Owner\Downloads\simulator-windows-64\dataTrack1\IMG\center_2024_11_20_20_16_34_247.jpg, C:\Users\Owner\Downloads\simulator-windows-64\dataTrack1\IMG\left_2024_11_20_20_16_34_247.jpg, C:\Users\Owner\Downloads\simulator-windows-64\dataTrack1\IMG\right_2024_11_20_20_16_34_247.jpg, -0.4592718, 0.3190035, 0, 14.37059
C:\Users\Owner\Downloads\simulator-windows-64\dataTrack1\IMG\center_2024_11_20_20_16_34_352.jpg, C:\Users\Owner\Downloads\simulator-windows-64\dataTrack1\IMG\left_2024_11_20_20_16_34_352.jpg, C:\Users\Owner\Downloads\simulator-windows-64\dataTrack1\IMG\right_2024_11_20_20_16_34_352.jpg, -0.3181283, 0.005243678, 0, 14.94191
C:\Users\Owner\Downloads\simulator-windows-64\dataTrack1\IMG\center_2024_11_20_20_16_34_457.jpg, C:\Users\Owner\Downloads\simulator-windows-64\dataTrack1\IMG\left_2024_11_20_20_16_34_457.jpg, C:\Users\Owner\Downloads\simulator-windows-64\dataTrack1\IMG\right_2024_11_20_20_16_34_457.jpg, -0.110865, 0.2125071, 0, 14.46758
C:\Users\Owner\Downloads\simulator-windows-64\dataTrack1\IMG\center_2024_11_20_20_16_34_562.jpg, C:\Users\Owner\Downloads\simulator-windows-64\dataTrack1\IMG\left_2024_11_20_20_16_34_562.jpg, C:\Users\Owner\Downloads\simulator-windows-64\dataTrack1\IMG\right_2024_11_20_20_16_34_562.jpg, -0.4234602, 0, 0, 14.8888
C:\Users\Owner\Downloads\simulator-windows-64\dataTrack1\IMG\center_2024_11_20_20_16_34_665.jpg, C:\Users\Owner\Downloads\simulator-windows-64\dataTrack1\IMG\left_2024_11_20_20_16_34_665.jpg, C:\Users\Owner\Downloads\simulator-windows-64\dataTrack1\IMG\right_2024_11_20_20_16_34_665.jpg, -0.163629, 0.1512591, 0, 14.22916
C:\Users\Owner\Downloads\simulator-windows-64\dataTrack1\IMG\center_2024_11_20_20_16_34_769.jpg, C:\Users\Owner\Downloads\simulator-windows-64\dataTrack1\IMG\left_2024_11_20_20_16_34_769.jpg, C:\Users\Owner\Downloads\simulator-windows-64\dataTrack1\IMG\right_2024_11_20_20_16_34_769.jpg, -0.207297, 0.05770646, 0, 14.33679
C:\Users\Owner\Downloads\simulator-windows-64\dataTrack1\IMG\center_2024_11_20_20_16_34_873.jpg, C:\Users\Owner\Downloads\simulator-windows-64\dataTrack1\IMG\left_2024_11_20_20_16_34_873.jpg, C:\Users\Owner\Downloads\simulator-windows-64\dataTrack1\IMG\right_2024_11_20_20_16_34_873.jpg, -0.1102827, 0.1536351, 0, 14.76578
C:\Users\Owner\Downloads\simulator-windows-64\dataTrack1\IMG\center_2024_11_20_20_16_34_978.jpg, C:\Users\Owner\Downloads\simulator-windows-64\dataTrack1\IMG\left_2024_11_20_20_16_34_978.jpg, C:\Users\Owner\Downloads\simulator-windows-64\dataTrack1\IMG\right_2024_11_20_20_16_34_978.jpg, 0, 0.0543279, 0, 14.15756
C:\Users\Owner\Downloads\simulator-windows-64\dataTrack1\IMG\center_2024_11_20_20_16_35_082.jpg, C:\Users\Owner\Downloads\simulator-windows-64\dataTrack1\IMG\left_2024_11_20_20_16_35_082.jpg, C:\Users\Owner\Downloads\simulator-windows-64\dataTrack1\IMG\right_2024_11_20_20_16_35_082.jpg, 0, 0.2647545, 0, 14.70316
C:\Users\Owner\Downloads\simulator-windows-64\dataTrack1\IMG\center_2024_11_20_20_16_35_185.jpg, C:\Users\Owner\Downloads\simulator-windows-64\dataTrack1\IMG\left_2024_11_20_20_16_35_185.jpg, C:\Users\Owner\Downloads\simulator-windows-64\dataTrack1\IMG\right_2024_11_20_20_16_35_185.jpg, 0, 0.2112645, 0, 14.23691
C:\Users\Owner\Downloads\simulator-windows-64\dataTrack1\IMG\center_2024_11_20_20_16_35_289.jpg, C:\Users\Owner\Downloads\simulator-windows-64\dataTrack1\IMG\left_2024_11_20_20_16_35_289.jpg, C:\Users\Owner\Downloads\simulator-windows-64\dataTrack1\IMG\right_2024_11_20_20_16_35_289.jpg, -0.3601638, 0.261986, 0, 14.67931
C:\Users\Owner\Downloads\simulator-windows-64\dataTrack1\IMG\center_2024_11_20_20_16_35_396.jpg, C:\Users\Owner\Downloads\simulator-windows-64\dataTrack1\IMG\left_2024_11_20_20_16_35_396.jpg, C:\Users\Owner\Downloads\simulator-windows-64\dataTrack1\IMG\right_2024_11_20_20_16_35_396.jpg, -0.6794353, 0.153893, 0, 14.8613
C:\Users\Owner\Downloads\simulator-windows-64\dataTrack1\IMG\center_2024_11_20_20_16_35_499.jpg, C:\Users\Owner\Downloads\simulator-windows-64\dataTrack1\IMG\left_2024_11_20_20_16_35_499.jpg, C:\Users\Owner\Downloads\simulator-windows-64\dataTrack1\IMG\right_2024_11_20_20_16_35_499.jpg, -0.9907183, 0.1564844, 0, 14.32659
C:\Users\Owner\Downloads\simulator-windows-64\dataTrack1\IMG\center_2024_11_20_20_16_35_603.jpg, C:\Users\Owner\Downloads\simulator-windows-64\dataTrack1\IMG\left_2024_11_20_20_16_35_603.jpg, C:\Users\Owner\Downloads\simulator-windows-64\dataTrack1\IMG\right_2024_11_20_20_16_35_603.jpg, -0.7953304, 0, 0, 14.60482
C:\Users\Owner\Downloads\simulator-windows-64\dataTrack1\IMG\center_2024_11_20_20_16_35_706.jpg, C:\Users\Owner\Downloads\simulator-windows-64\dataTrack1\IMG\left_2024_11_20_20_16_35_706.jpg, C:\Users\Owner\Downloads\simulator-windows-64\dataTrack1\IMG\right_2024_11_20_20_16_35_706.jpg, -0.5366747, 0, 0, 13.93604
C:\Users\Owner\Downloads\simulator-windows-64\dataTrack1\IMG\center_2024_11_20_20_16_35_812.jpg, C:\Users\Owner\Downloads\simulator-windows-64\dataTrack1\IMG\left_2024_11_20_20_16_35_812.jpg, C:\Users\Owner\Downloads\simulator-windows-64\dataTrack1\IMG\right_2024_11_20_20_16_35_812.jpg, -0.169394, 0, 0, 13.8046
C:\Users\Owner\Downloads\simulator-windows-64\dataTrack1\IMG\center_2024_11_20_20_16_35_917.jpg, C:\Users\Owner\Downloads\simulator-windows-64\dataTrack1\IMG\left_2024_11_20_20_16_35_917.jpg, C:\Users\Owner\Downloads\simulator-windows-64\dataTrack1\IMG\right_2024_11_20_20_16_35_917.jpg, 0.1571337, 0, 0, 14.12505
C:\Users\Owner\Downloads\simulator-windows-64\dataTrack1\IMG\center_2024_11_20_20_16_36_021.jpg, C:\Users\Owner\Downloads\simulator-windows-64\dataTrack1\IMG\left_2024_11_20_20_16_36_021.jpg, C:\Users\Owner\Downloads\simulator-windows-64\dataTrack1\IMG\right_2024_11_20_20_16_36_021.jpg, 0.4716222, 0, 0, 13.35872
C:\Users\Owner\Downloads\simulator-windows-64\dataTrack1\IMG\center_2024_11_20_20_16_36_125.jpg, C:\Users\Owner\Downloads\simulator-windows-64\dataTrack1\IMG\left_2024_11_20_20_16_36_125.jpg, C:\Users\Owner\Downloads\simulator-windows-64\dataTrack1\IMG\right_2024_11_20_20_16_36_125.jpg, 0.4245258, 0, 0, 13.65279
C:\Users\Owner\Downloads\simulator-windows-64\dataTrack1\IMG\center_2024_11_20_20_16_36_232.jpg, C:\Users\Owner\Downloads\simulator-windows-64\dataTrack1\IMG\left_2024_11_20_20_16_36_232.jpg, C:\Users\Owner\Downloads\simulator-windows-64\dataTrack1\IMG\right_2024_11_20_20_16_36_232.jpg, 0.0523944, 0, 0, 13.5338
C:\Users\Owner\Downloads\simulator-windows-64\dataTrack1\IMG\center_2024_11_20_20_16_36_337.jpg, C:\Users\Owner\Downloads\simulator-windows-64\dataTrack1\IMG\left_2024_11_20_20_16_36_337.jpg, C:\Users\Owner\Downloads\simulator-windows-64\dataTrack1\IMG\right_2024_11_20_20_16_36_337.jpg, 0, 0.052107, 0, 12.85554
C:\Users\Owner\Downloads\simulator-windows-64\dataTrack1\IMG\center_2024_11_20_20_16_36_440.jpg, C:\Users\Owner\Downloads\simulator-windows-64\dataTrack1\IMG\left_2024_11_20_20_16_36_440.jpg, C:\Users\Owner\Downloads\simulator-windows-64\dataTrack1\IMG\right_2024_11_20_20_16_36_440.jpg, 0, 0.2546871, 0, 13.45334
C:\Users\Owner\Downloads\simulator-windows-64\dataTrack1\IMG\center_2024_11_20_20_16_36_543.jpg, C:\Users\Owner\Downloads\simulator-windows-64\dataTrack1\IMG\left_2024_11_20_20_16_36_543.jpg, C:\Users\Owner\Downloads\simulator-windows-64\dataTrack1\IMG\right_2024_11_20_20_16_36_543.jpg, 0, 0.1568859, 0, 12.89336
C:\Users\Owner\Downloads\simulator-windows-64\dataTrack1\IMG\center_2024_11_20_20_16_36_647.jpg, C:\Users\Owner\Downloads\simulator-windows-64\dataTrack1\IMG\left_2024_11_20_20_16_36_647.jpg, C:\Users\Owner\Downloads\simulator-windows-64\dataTrack1\IMG\right_2024_11_20_20_16_36_647.jpg, 0, 0.265086, 0, 13.26435
C:\Users\Owner\Downloads\simulator-windows-64\dataTrack1\IMG\center_2024_11_20_20_16_36_752.jpg, C:\Users\Owner\Downloads\simulator-windows-64\dataTrack1\IMG\left_2024_11_20_20_16_36_752.jpg, C:\Users\Owner\Downloads\simulator-windows-64\dataTrack1\IMG\right_2024_11_20_20_16_36_752.jpg, 0, 0.3595713, 0, 13.81699
C:\Users\Owner\Downloads\simulator-windows-64\dataTrack1\IMG\center_2024_11_20_20_16_36_855.jpg, C:\Users\Owner\Downloads\simulator-windows-64\dataTrack1\IMG\left_2024_11_20_20_16_36_855.jpg, C:\Users\Owner\Downloads\simulator-windows-64\dataTrack1\IMG\right_2024_11_20_20_16_36_855.jpg, 0, 0.3611268, 0, 13.92624
C:\Users\Owner\Downloads\simulator-windows-64\dataTrack1\IMG\center_2024_11_20_20_16_36_960.jpg, C:\Users\Owner\Downloads\simulator-windows-64\dataTrack1\IMG\left_2024_11_20_20_16_36_960.jpg, C:\Users\Owner\Downloads\simulator-windows-64\dataTrack1\IMG\right_2024_11_20_20_16_36_960.jpg, 0, 0.6716275, 0, 14.60299
C:\Users\Owner\Downloads\simulator-windows-64\dataTrack1\IMG\center_2024_11_20_20_16_37_064.jpg, C:\Users\Owner\Downloads\simulator-windows-64\dataTrack1\IMG\left_2024_11_20_20_16_37_064.jpg, C:\Users\Owner\Downloads\simulator-windows-64\dataTrack1\IMG\right_2024_11_20_20_16_37_064.jpg, 0, 0.4672918, 0, 14.9614
C:\Users\Owner\Downloads\simulator-windows-64\dataTrack1\IMG\center_2024_11_20_20_16_37_166.jpg, C:\Users\Owner\Downloads\simulator-windows-64\dataTrack1\IMG\left_2024_11_20_20_16_37_166.jpg, C:\Users\Owner\Downloads\simulator-windows-64\dataTrack1\IMG\right_2024_11_20_20_16_37_166.jpg, -0.2534952, 0.720787, 0, 15.5966
C:\Users\Owner\Downloads\simulator-windows-64\dataTrack1\IMG\center_2024_11_20_20_16_37_274.jpg, C:\Users\Owner\Downloads\simulator-windows-64\dataTrack1\IMG\left_2024_11_20_20_16_37_274.jpg, C:\Users\Owner\Downloads\simulator-windows-64\dataTrack1\IMG\right_2024_11_20_20_16_37_274.jpg, 0, 0.4495915, 0, 16.17467
C:\Users\Owner\Downloads\simulator-windows-64\dataTrack1\IMG\center_2024_11_20_20_16_37_378.jpg, C:\Users\Owner\Downloads\simulator-windows-64\dataTrack1\IMG\left_2024_11_20_20_16_37_378.jpg, C:\Users\Owner\Downloads\simulator-windows-64\dataTrack1\IMG\right_2024_11_20_20_16_37_378.jpg, 0, 0.6536686, 0, 16.7277
C:\Users\Owner\Downloads\simulator-windows-64\dataTrack1\IMG\center_2024_11_20_20_16_37_483.jpg, C:\Users\Owner\Downloads\simulator-windows-64\dataTrack1\IMG\left_2024_11_20_20_16_37_483.jpg, C:\Users\Owner\Downloads\simulator-windows-64\dataTrack1\IMG\right_2024_11_20_20_16_37_483.jpg, 0, 0.5487235, 0, 17.21566
C:\Users\Owner\Downloads\simulator-windows-64\dataTrack1\IMG\center_2024_11_20_20_16_37_587.jpg, C:\Users\Owner\Downloads\simulator-windows-64\dataTrack1\IMG\left_2024_11_20_20_16_37_587.jpg, C:\Users\Owner\Downloads\simulator-windows-64\dataTrack1\IMG\right_2024_11_20_20_16_37_587.jpg, 0, 0.6560494, 0, 17.99538
C:\Users\Owner\Downloads\simulator-windows-64\dataTrack1\IMG\center_2024_11_20_20_16_37_690.jpg, C:\Users\Owner\Downloads\simulator-windows-64\dataTrack1\IMG\left_2024_11_20_20_16_37_690.jpg, C:\Users\Owner\Downloads\simulator-windows-64\dataTrack1\IMG\right_2024_11_20_20_16_37_690.jpg, 0, 0.4449349, 0, 18.35348
C:\Users\Owner\Downloads\simulator-windows-64\dataTrack1\IMG\center_2024_11_20_20_16_37_804.jpg, C:\Users\Owner\Downloads\simulator-windows-64\dataTrack1\IMG\left_2024_11_20_20_16_37_804.jpg, C:\Users\Owner\Downloads\simulator-windows-64\dataTrack1\IMG\right_2024_11_20_20_16_37_804.jpg, -0.3416781, 0.6830847, 0, 18.88096
C:\Users\Owner\Downloads\simulator-windows-64\dataTrack1\IMG\center_2024_11_20_20_16_37_907.jpg, C:\Users\Owner\Downloads\simulator-windows-64\dataTrack1\IMG\left_2024_11_20_20_16_37_907.jpg, C:\Users\Owner\Downloads\simulator-windows-64\dataTrack1\IMG\right_2024_11_20_20_16_37_907.jpg, -0.2049582, 0.3732757, 0, 19.36135
C:\Users\Owner\Downloads\simulator-windows-64\dataTrack1\IMG\center_2024_11_20_20_16_38_014.jpg, C:\Users\Owner\Downloads\simulator-windows-64\dataTrack1\IMG\left_2024_11_20_20_16_38_014.jpg, C:\Users\Owner\Downloads\simulator-windows-64\dataTrack1\IMG\right_2024_11_20_20_16_38_014.jpg, 0, 0.4550388, 0, 19.55308
C:\Users\Owner\Downloads\simulator-windows-64\dataTrack1\IMG\center_2024_11_20_20_16_38_116.jpg, C:\Users\Owner\Downloads\simulator-windows-64\dataTrack1\IMG\left_2024_11_20_20_16_38_116.jpg, C:\Users\Owner\Downloads\simulator-windows-64\dataTrack1\IMG\right_2024_11_20_20_16_38_116.jpg, -0.05101771, 0.5551497, 0, 20.07802
C:\Users\Owner\Downloads\simulator-windows-64\dataTrack1\IMG\center_2024_11_20_20_16_38_221.jpg, C:\Users\Owner\Downloads\simulator-windows-64\dataTrack1\IMG\left_2024_11_20_20_16_38_221.jpg, C:\Users\Owner\Downloads\simulator-windows-64\dataTrack1\IMG\right_2024_11_20_20_16_38_221.jpg, -0.05351759, 0.239928, 0, 20.34201
C:\Users\Owner\Downloads\simulator-windows-64\dataTrack1\IMG\center_2024_11_20_20_16_38_328.jpg, C:\Users\Owner\Downloads\simulator-windows-64\dataTrack1\IMG\left_2024_11_20_20_16_38_328.jpg, C:\Users\Owner\Downloads\simulator-windows-64\dataTrack1\IMG\right_2024_11_20_20_16_38_328.jpg, 0, 0.376776, 0, 20.42568
C:\Users\Owner\Downloads\simulator-windows-64\dataTrack1\IMG\center_2024_11_20_20_16_38_434.jpg, C:\Users\Owner\Downloads\simulator-windows-64\dataTrack1\IMG\left_2024_11_20_20_16_38_434.jpg, C:\Users\Owner\Downloads\simulator-windows-64\dataTrack1\IMG\right_2024_11_20_20_16_38_434.jpg, 0, 0.2357466, 0, 20.66851
C:\Users\Owner\Downloads\simulator-windows-64\dataTrack1\IMG\center_2024_11_20_20_16_38_540.jpg, C:\Users\Owner\Downloads\simulator-windows-64\dataTrack1\IMG\left_2024_11_20_20_16_38_540.jpg, C:\Users\Owner\Downloads\simulator-windows-64\dataTrack1\IMG\right_2024_11_20_20_16_38_540.jpg, 0, 0, 0, 20.56365
C:\Users\Owner\Downloads\simulator-windows-64\dataTrack1\IMG\center_2024_11_20_20_16_38_642.jpg, C:\Users\Owner\Downloads\simulator-windows-64\dataTrack1\IMG\left_2024_11_20_20_16_38_642.jpg, C:\Users\Owner\Downloads\simulator-windows-64\dataTrack1\IMG\right_2024_11_20_20_16_38_642.jpg, 0, 0.1033347, 0, 20.35667
C:\Users\Owner\Downloads\simulator-windows-64\dataTrack1\IMG\center_2024_11_20_20_16_38_747.jpg, C:\Users\Owner\Downloads\simulator-windows-64\dataTrack1\IMG\left_2024_11_20_20_16_38_747.jpg, C:\Users\Owner\Downloads\simulator-windows-64\dataTrack1\IMG\right_2024_11_20_20_16_38_747.jpg, 0, 0.3214608, 0, 20.51096
C:\Users\Owner\Downloads\simulator-windows-64\dataTrack1\IMG\center_2024_11_20_20_16_38_852.jpg, C:\Users\Owner\Downloads\simulator-windows-64\dataTrack1\IMG\left_2024_11_20_20_16_38_852.jpg, C:\Users\Owner\Downloads\simulator-windows-64\dataTrack1\IMG\right_2024_11_20_20_16_38_852.jpg, -0.2071176, 0.007070981, 0, 20.46103
C:\Users\Owner\Downloads\simulator-windows-64\dataTrack1\IMG\center_2024_11_20_20_16_38_956.jpg, C:\Users\Owner\Downloads\simulator-windows-64\dataTrack1\IMG\left_2024_11_20_20_16_38_956.jpg, C:\Users\Owner\Downloads\simulator-windows-64\dataTrack1\IMG\right_2024_11_20_20_16_38_956.jpg, -0.4128966, 0.0524067, 0, 20.13597
C:\Users\Owner\Downloads\simulator-windows-64\dataTrack1\IMG\center_2024_11_20_20_16_39_056.jpg, C:\Users\Owner\Downloads\simulator-windows-64\dataTrack1\IMG\left_2024_11_20_20_16_39_056.jpg, C:\Users\Owner\Downloads\simulator-windows-64\dataTrack1\IMG\right_2024_11_20_20_16_39_056.jpg, -0.1095054, 0.3557979, 0, 20.16965
C:\Users\Owner\Downloads\simulator-windows-64\dataTrack1\IMG\center_2024_11_20_20_16_39_162.jpg, C:\Users\Owner\Downloads\simulator-windows-64\dataTrack1\IMG\left_2024_11_20_20_16_39_162.jpg, C:\Users\Owner\Downloads\simulator-windows-64\dataTrack1\IMG\right_2024_11_20_20_16_39_162.jpg, -0.0519672, 0.03934471, 0, 20.23353
C:\Users\Owner\Downloads\simulator-windows-64\dataTrack1\IMG\center_2024_11_20_20_16_39_266.jpg, C:\Users\Owner\Downloads\simulator-windows-64\dataTrack1\IMG\left_2024_11_20_20_16_39_266.jpg, C:\Users\Owner\Downloads\simulator-windows-64\dataTrack1\IMG\right_2024_11_20_20_16_39_266.jpg, -0.3113331, 0, 0, 19.97865
C:\Users\Owner\Downloads\simulator-windows-64\dataTrack1\IMG\center_2024_11_20_20_16_39_370.jpg, C:\Users\Owner\Downloads\simulator-windows-64\dataTrack1\IMG\left_2024_11_20_20_16_39_370.jpg, C:\Users\Owner\Downloads\simulator-windows-64\dataTrack1\IMG\right_2024_11_20_20_16_39_370.jpg, -0.05310873, 0.3108507, 0, 19.94678
C:\Users\Owner\Downloads\simulator-windows-64\dataTrack1\IMG\center_2024_11_20_20_16_39_475.jpg, C:\Users\Owner\Downloads\simulator-windows-64\dataTrack1\IMG\left_2024_11_20_20_16_39_475.jpg, C:\Users\Owner\Downloads\simulator-windows-64\dataTrack1\IMG\right_2024_11_20_20_16_39_475.jpg, 0, 0.2089707, 0, 20.1542
C:\Users\Owner\Downloads\simulator-windows-64\dataTrack1\IMG\center_2024_11_20_20_16_39_577.jpg, C:\Users\Owner\Downloads\simulator-windows-64\dataTrack1\IMG\left_2024_11_20_20_16_39_577.jpg, C:\Users\Owner\Downloads\simulator-windows-64\dataTrack1\IMG\right_2024_11_20_20_16_39_577.jpg, 0, 0.0520098, 0, 20.01723
C:\Users\Owner\Downloads\simulator-windows-64\dataTrack1\IMG\center_2024_11_20_20_16_39_682.jpg, C:\Users\Owner\Downloads\simulator-windows-64\dataTrack1\IMG\left_2024_11_20_20_16_39_682.jpg, C:\Users\Owner\Downloads\simulator-windows-64\dataTrack1\IMG\right_2024_11_20_20_16_39_682.jpg, 0, 0.1638465, 0, 20.05496
C:\Users\Owner\Downloads\simulator-windows-64\dataTrack1\IMG\center_2024_11_20_20_16_39_786.jpg, C:\Users\Owner\Downloads\simulator-windows-64\dataTrack1\IMG\left_2024_11_20_20_16_39_786.jpg, C:\Users\Owner\Downloads\simulator-windows-64\dataTrack1\IMG\right_2024_11_20_20_16_39_786.jpg, 0, 0, 0, 19.89954
C:\Users\Owner\Downloads\simulator-windows-64\dataTrack1\IMG\center_2024_11_20_20_16_39_889.jpg, C:\Users\Owner\Downloads\simulator-windows-64\dataTrack1\IMG\left_2024_11_20_20_16_39_889.jpg, C:\Users\Owner\Downloads\simulator-windows-64\dataTrack1\IMG\right_2024_11_20_20_16_39_889.jpg, 0, 0.2040861, 0, 19.75144
C:\Users\Owner\Downloads\simulator-windows-64\dataTrack1\IMG\center_2024_11_20_20_16_39_995.jpg, C:\Users\Owner\Downloads\simulator-windows-64\dataTrack1\IMG\left_2024_11_20_20_16_39_995.jpg, C:\Users\Owner\Downloads\simulator-windows-64\dataTrack1\IMG\right_2024_11_20_20_16_39_995.jpg, 0, 0.2148378, 0, 19.90528
C:\Users\Owner\Downloads\simulator-windows-64\dataTrack1\IMG\center_2024_11_20_20_16_40_098.jpg, C:\Users\Owner\Downloads\simulator-windows-64\dataTrack1\IMG\left_2024_11_20_20_16_40_098.jpg, C:\Users\Owner\Downloads\simulator-windows-64\dataTrack1\IMG\right_2024_11_20_20_16_40_098.jpg, 0, 0.09751825, 0, 19.8133
C:\Users\Owner\Downloads\simulator-windows-64\dataTrack1\IMG\center_2024_11_20_20_16_40_201.jpg, C:\Users\Owner\Downloads\simulator-windows-64\dataTrack1\IMG\left_2024_11_20_20_16_40_201.jpg, C:\Users\Owner\Downloads\simulator-windows-64\dataTrack1\IMG\right_2024_11_20_20_16_40_201.jpg, 0, 0.09660415, 0, 19.85019
C:\Users\Owner\Downloads\simulator-windows-64\dataTrack1\IMG\center_2024_11_20_20_16_40_305.jpg, C:\Users\Owner\Downloads\simulator-windows-64\dataTrack1\IMG\left_2024_11_20_20_16_40_305.jpg, C:\Users\Owner\Downloads\simulator-windows-64\dataTrack1\IMG\right_2024_11_20_20_16_40_305.jpg, 0, 0, 0, 19.65999
C:\Users\Owner\Downloads\simulator-windows-64\dataTrack1\IMG\center_2024_11_20_20_16_40_411.jpg, C:\Users\Owner\Downloads\simulator-windows-64\dataTrack1\IMG\left_2024_11_20_20_16_40_411.jpg, C:\Users\Owner\Downloads\simulator-windows-64\dataTrack1\IMG\right_2024_11_20_20_16_40_411.jpg, 0, 0.3155184, 0, 19.6555
C:\Users\Owner\Downloads\simulator-windows-64\dataTrack1\IMG\center_2024_11_20_20_16_40_515.jpg, C:\Users\Owner\Downloads\simulator-windows-64\dataTrack1\IMG\left_2024_11_20_20_16_40_515.jpg, C:\Users\Owner\Downloads\simulator-windows-64\dataTrack1\IMG\right_2024_11_20_20_16_40_515.jpg, 0, 0.003770676, 0, 19.63363
C:\Users\Owner\Downloads\simulator-windows-64\dataTrack1\IMG\center_2024_11_20_20_16_40_619.jpg, C:\Users\Owner\Downloads\simulator-windows-64\dataTrack1\IMG\left_2024_11_20_20_16_40_619.jpg, C:\Users\Owner\Downloads\simulator-windows-64\dataTrack1\IMG\right_2024_11_20_20_16_40_619.jpg, 0, 0.1545906, 0, 19.47058
C:\Users\Owner\Downloads\simulator-windows-64\dataTrack1\IMG\center_2024_11_20_20_16_40_723.jpg, C:\Users\Owner\Downloads\simulator-windows-64\dataTrack1\IMG\left_2024_11_20_20_16_40_723.jpg, C:\Users\Owner\Downloads\simulator-windows-64\dataTrack1\IMG\right_2024_11_20_20_16_40_723.jpg, 0, 0.06420483, 0, 19.52471
C:\Users\Owner\Downloads\simulator-windows-64\dataTrack1\IMG\center_2024_11_20_20_16_40_825.jpg, C:\Users\Owner\Downloads\simulator-windows-64\dataTrack1\IMG\left_2024_11_20_20_16_40_825.jpg, C:\Users\Owner\Downloads\simulator-windows-64\dataTrack1\IMG\right_2024_11_20_20_16_40_825.jpg, 0, 0, 0, 19.3287
C:\Users\Owner\Downloads\simulator-windows-64\dataTrack1\IMG\center_2024_11_20_20_16_40_930.jpg, C:\Users\Owner\Downloads\simulator-windows-64\dataTrack1\IMG\left_2024_11_20_20_16_40_930.jpg, C:\Users\Owner\Downloads\simulator-windows-64\dataTrack1\IMG\right_2024_11_20_20_16_40_930.jpg, -0.1029171, 0.2124375, 0, 19.32834
C:\Users\Owner\Downloads\simulator-windows-64\dataTrack1\IMG\center_2024_11_20_20_16_41_033.jpg, C:\Users\Owner\Downloads\simulator-windows-64\dataTrack1\IMG\left_2024_11_20_20_16_41_033.jpg, C:\Users\Owner\Downloads\simulator-windows-64\dataTrack1\IMG\right_2024_11_20_20_16_41_033.jpg, -0.4121283, 0, 0, 19.10818
C:\Users\Owner\Downloads\simulator-windows-64\dataTrack1\IMG\center_2024_11_20_20_16_41_137.jpg, C:\Users\Owner\Downloads\simulator-windows-64\dataTrack1\IMG\left_2024_11_20_20_16_41_137.jpg, C:\Users\Owner\Downloads\simulator-windows-64\dataTrack1\IMG\right_2024_11_20_20_16_41_137.jpg, -0.1025952, 0, 0, 18.89259
C:\Users\Owner\Downloads\simulator-windows-64\dataTrack1\IMG\center_2024_11_20_20_16_41_242.jpg, C:\Users\Owner\Downloads\simulator-windows-64\dataTrack1\IMG\left_2024_11_20_20_16_41_242.jpg, C:\Users\Owner\Downloads\simulator-windows-64\dataTrack1\IMG\right_2024_11_20_20_16_41_242.jpg, 0, 0.1561548, 0, 18.7338
C:\Users\Owner\Downloads\simulator-windows-64\dataTrack1\IMG\center_2024_11_20_20_16_41_349.jpg, C:\Users\Owner\Downloads\simulator-windows-64\dataTrack1\IMG\left_2024_11_20_20_16_41_349.jpg, C:\Users\Owner\Downloads\simulator-windows-64\dataTrack1\IMG\right_2024_11_20_20_16_41_349.jpg, 0, 0.2687082, 0, 18.9432
C:\Users\Owner\Downloads\simulator-windows-64\dataTrack1\IMG\center_2024_11_20_20_16_41_452.jpg, C:\Users\Owner\Downloads\simulator-windows-64\dataTrack1\IMG\left_2024_11_20_20_16_41_452.jpg, C:\Users\Owner\Downloads\simulator-windows-64\dataTrack1\IMG\right_2024_11_20_20_16_41_452.jpg, 0, 0, 0, 18.84502
C:\Users\Owner\Downloads\simulator-windows-64\dataTrack1\IMG\center_2024_11_20_20_16_41_557.jpg, C:\Users\Owner\Downloads\simulator-windows-64\dataTrack1\IMG\left_2024_11_20_20_16_41_557.jpg, C:\Users\Owner\Downloads\simulator-windows-64\dataTrack1\IMG\right_2024_11_20_20_16_41_557.jpg, 0, 0.3136962, 0, 18.86297
C:\Users\Owner\Downloads\simulator-windows-64\dataTrack1\IMG\center_2024_11_20_20_16_41_658.jpg, C:\Users\Owner\Downloads\simulator-windows-64\dataTrack1\IMG\left_2024_11_20_20_16_41_658.jpg, C:\Users\Owner\Downloads\simulator-windows-64\dataTrack1\IMG\right_2024_11_20_20_16_41_658.jpg, 0, 0.0104568, 0, 18.88227
C:\Users\Owner\Downloads\simulator-windows-64\dataTrack1\IMG\center_2024_11_20_20_16_41_763.jpg, C:\Users\Owner\Downloads\simulator-windows-64\dataTrack1\IMG\left_2024_11_20_20_16_41_763.jpg, C:\Users\Owner\Downloads\simulator-windows-64\dataTrack1\IMG\right_2024_11_20_20_16_41_763.jpg, 0, 0.277083, 0, 18.85184
C:\Users\Owner\Downloads\simulator-windows-64\dataTrack1\IMG\center_2024_11_20_20_16_41_869.jpg, C:\Users\Owner\Downloads\simulator-windows-64\dataTrack1\IMG\left_2024_11_20_20_16_41_869.jpg, C:\Users\Owner\Downloads\simulator-windows-64\dataTrack1\IMG\right_2024_11_20_20_16_41_869.jpg, 0, 0.0563907, 0, 18.74112
C:\Users\Owner\Downloads\simulator-windows-64\dataTrack1\IMG\center_2024_11_20_20_16_41_972.jpg, C:\Users\Owner\Downloads\simulator-windows-64\dataTrack1\IMG\left_2024_11_20_20_16_41_972.jpg, C:\Users\Owner\Downloads\simulator-windows-64\dataTrack1\IMG\right_2024_11_20_20_16_41_972.jpg, 0, 0.3650298, 0, 18.85811
C:\Users\Owner\Downloads\simulator-windows-64\dataTrack1\IMG\center_2024_11_20_20_16_42_075.jpg, C:\Users\Owner\Downloads\simulator-windows-64\dataTrack1\IMG\left_2024_11_20_20_16_42_075.jpg, C:\Users\Owner\Downloads\simulator-windows-64\dataTrack1\IMG\right_2024_11_20_20_16_42_075.jpg, 0, 0.057594, 0, 18.91178
C:\Users\Owner\Downloads\simulator-windows-64\dataTrack1\IMG\center_2024_11_20_20_16_42_182.jpg, C:\Users\Owner\Downloads\simulator-windows-64\dataTrack1\IMG\left_2024_11_20_20_16_42_182.jpg, C:\Users\Owner\Downloads\simulator-windows-64\dataTrack1\IMG\right_2024_11_20_20_16_42_182.jpg, 0, 0, 0, 18.7235
C:\Users\Owner\Downloads\simulator-windows-64\dataTrack1\IMG\center_2024_11_20_20_16_42_284.jpg, C:\Users\Owner\Downloads\simulator-windows-64\dataTrack1\IMG\left_2024_11_20_20_16_42_284.jpg, C:\Users\Owner\Downloads\simulator-windows-64\dataTrack1\IMG\right_2024_11_20_20_16_42_284.jpg, 0, 0.2568762, 0, 18.67946
C:\Users\Owner\Downloads\simulator-windows-64\dataTrack1\IMG\center_2024_11_20_20_16_42_388.jpg, C:\Users\Owner\Downloads\simulator-windows-64\dataTrack1\IMG\left_2024_11_20_20_16_42_388.jpg, C:\Users\Owner\Downloads\simulator-windows-64\dataTrack1\IMG\right_2024_11_20_20_16_42_388.jpg, 0, 0.1580214, 0, 18.89881
C:\Users\Owner\Downloads\simulator-windows-64\dataTrack1\IMG\center_2024_11_20_20_16_42_491.jpg, C:\Users\Owner\Downloads\simulator-windows-64\dataTrack1\IMG\left_2024_11_20_20_16_42_491.jpg, C:\Users\Owner\Downloads\simulator-windows-64\dataTrack1\IMG\right_2024_11_20_20_16_42_491.jpg, 0, 0.1557459, 0, 18.79451
C:\Users\Owner\Downloads\simulator-windows-64\dataTrack1\IMG\center_2024_11_20_20_16_42_594.jpg, C:\Users\Owner\Downloads\simulator-windows-64\dataTrack1\IMG\left_2024_11_20_20_16_42_594.jpg, C:\Users\Owner\Downloads\simulator-windows-64\dataTrack1\IMG\right_2024_11_20_20_16_42_594.jpg, 0, 0.3603608, 0, 19.00968
C:\Users\Owner\Downloads\simulator-windows-64\dataTrack1\IMG\center_2024_11_20_20_16_42_699.jpg, C:\Users\Owner\Downloads\simulator-windows-64\dataTrack1\IMG\left_2024_11_20_20_16_42_699.jpg, C:\Users\Owner\Downloads\simulator-windows-64\dataTrack1\IMG\right_2024_11_20_20_16_42_699.jpg, 0, 0.1488234, 0, 19.05791
C:\Users\Owner\Downloads\simulator-windows-64\dataTrack1\IMG\center_2024_11_20_20_16_42_804.jpg, C:\Users\Owner\Downloads\simulator-windows-64\dataTrack1\IMG\left_2024_11_20_20_16_42_804.jpg, C:\Users\Owner\Downloads\simulator-windows-64\dataTrack1\IMG\right_2024_11_20_20_16_42_804.jpg, 0, 0.4616342, 0, 19.21256
C:\Users\Owner\Downloads\simulator-windows-64\dataTrack1\IMG\center_2024_11_20_20_16_42_908.jpg, C:\Users\Owner\Downloads\simulator-windows-64\dataTrack1\IMG\left_2024_11_20_20_16_42_908.jpg, C:\Users\Owner\Downloads\simulator-windows-64\dataTrack1\IMG\right_2024_11_20_20_16_42_908.jpg, 0, 0.4631057, 0, 19.80003
C:\Users\Owner\Downloads\simulator-windows-64\dataTrack1\IMG\center_2024_11_20_20_16_43_012.jpg, C:\Users\Owner\Downloads\simulator-windows-64\dataTrack1\IMG\left_2024_11_20_20_16_43_012.jpg, C:\Users\Owner\Downloads\simulator-windows-64\dataTrack1\IMG\right_2024_11_20_20_16_43_012.jpg, 0, 0.5656859, 0, 20.14346
C:\Users\Owner\Downloads\simulator-windows-64\dataTrack1\IMG\center_2024_11_20_20_16_43_116.jpg, C:\Users\Owner\Downloads\simulator-windows-64\dataTrack1\IMG\left_2024_11_20_20_16_43_116.jpg, C:\Users\Owner\Downloads\simulator-windows-64\dataTrack1\IMG\right_2024_11_20_20_16_43_116.jpg, 0, 0.880985, 0, 20.82998
C:\Users\Owner\Downloads\simulator-windows-64\dataTrack1\IMG\center_2024_11_20_20_16_43_221.jpg, C:\Users\Owner\Downloads\simulator-windows-64\dataTrack1\IMG\left_2024_11_20_20_16_43_221.jpg, C:\Users\Owner\Downloads\simulator-windows-64\dataTrack1\IMG\right_2024_11_20_20_16_43_221.jpg, 0, 0.5665057, 0, 21.52133
C:\Users\Owner\Downloads\simulator-windows-64\dataTrack1\IMG\center_2024_11_20_20_16_43_325.jpg, C:\Users\Owner\Downloads\simulator-windows-64\dataTrack1\IMG\left_2024_11_20_20_16_43_325.jpg, C:\Users\Owner\Downloads\simulator-windows-64\dataTrack1\IMG\right_2024_11_20_20_16_43_325.jpg, 0, 0.6093829, 0, 21.92507
C:\Users\Owner\Downloads\simulator-windows-64\dataTrack1\IMG\center_2024_11_20_20_16_43_430.jpg, C:\Users\Owner\Downloads\simulator-windows-64\dataTrack1\IMG\left_2024_11_20_20_16_43_430.jpg, C:\Users\Owner\Downloads\simulator-windows-64\dataTrack1\IMG\right_2024_11_20_20_16_43_430.jpg, 0, 0.8717186, 0, 22.84969
C:\Users\Owner\Downloads\simulator-windows-64\dataTrack1\IMG\center_2024_11_20_20_16_43_536.jpg, C:\Users\Owner\Downloads\simulator-windows-64\dataTrack1\IMG\left_2024_11_20_20_16_43_536.jpg, C:\Users\Owner\Downloads\simulator-windows-64\dataTrack1\IMG\right_2024_11_20_20_16_43_536.jpg, 0, 0.5580093, 0, 23.47188
C:\Users\Owner\Downloads\simulator-windows-64\dataTrack1\IMG\center_2024_11_20_20_16_43_640.jpg, C:\Users\Owner\Downloads\simulator-windows-64\dataTrack1\IMG\left_2024_11_20_20_16_43_640.jpg, C:\Users\Owner\Downloads\simulator-windows-64\dataTrack1\IMG\right_2024_11_20_20_16_43_640.jpg, 0, 0.2454756, 0, 23.72639
C:\Users\Owner\Downloads\simulator-windows-64\dataTrack1\IMG\center_2024_11_20_20_16_43_741.jpg, C:\Users\Owner\Downloads\simulator-windows-64\dataTrack1\IMG\left_2024_11_20_20_16_43_741.jpg, C:\Users\Owner\Downloads\simulator-windows-64\dataTrack1\IMG\right_2024_11_20_20_16_43_741.jpg, 0, 0, 0, 23.63828
C:\Users\Owner\Downloads\simulator-windows-64\dataTrack1\IMG\center_2024_11_20_20_16_43_848.jpg, C:\Users\Owner\Downloads\simulator-windows-64\dataTrack1\IMG\left_2024_11_20_20_16_43_848.jpg, C:\Users\Owner\Downloads\simulator-windows-64\dataTrack1\IMG\right_2024_11_20_20_16_43_848.jpg, 0, 0, 0, 23.34933
C:\Users\Owner\Downloads\simulator-windows-64\dataTrack1\IMG\center_2024_11_20_20_16_43_951.jpg, C:\Users\Owner\Downloads\simulator-windows-64\dataTrack1\IMG\left_2024_11_20_20_16_43_951.jpg, C:\Users\Owner\Downloads\simulator-windows-64\dataTrack1\IMG\right_2024_11_20_20_16_43_951.jpg, 0, 0.3099261, 0, 23.30979
C:\Users\Owner\Downloads\simulator-windows-64\dataTrack1\IMG\center_2024_11_20_20_16_44_055.jpg, C:\Users\Owner\Downloads\simulator-windows-64\dataTrack1\IMG\left_2024_11_20_20_16_44_055.jpg, C:\Users\Owner\Downloads\simulator-windows-64\dataTrack1\IMG\right_2024_11_20_20_16_44_055.jpg, 0, 0.2022012, 0, 23.46469
C:\Users\Owner\Downloads\simulator-windows-64\dataTrack1\IMG\center_2024_11_20_20_16_44_157.jpg, C:\Users\Owner\Downloads\simulator-windows-64\dataTrack1\IMG\left_2024_11_20_20_16_44_157.jpg, C:\Users\Owner\Downloads\simulator-windows-64\dataTrack1\IMG\right_2024_11_20_20_16_44_157.jpg, 0, 0, 0, 23.31786
C:\Users\Owner\Downloads\simulator-windows-64\dataTrack1\IMG\center_2024_11_20_20_16_44_263.jpg, C:\Users\Owner\Downloads\simulator-windows-64\dataTrack1\IMG\left_2024_11_20_20_16_44_263.jpg, C:\Users\Owner\Downloads\simulator-windows-64\dataTrack1\IMG\right_2024_11_20_20_16_44_263.jpg, 0, 0, 0, 23.07316
C:\Users\Owner\Downloads\simulator-windows-64\dataTrack1\IMG\center_2024_11_20_20_16_44_366.jpg, C:\Users\Owner\Downloads\simulator-windows-64\dataTrack1\IMG\left_2024_11_20_20_16_44_366.jpg, C:\Users\Owner\Downloads\simulator-windows-64\dataTrack1\IMG\right_2024_11_20_20_16_44_366.jpg, 0, 0, 0, 22.84546
C:\Users\Owner\Downloads\simulator-windows-64\dataTrack1\IMG\center_2024_11_20_20_16_44_470.jpg, C:\Users\Owner\Downloads\simulator-windows-64\dataTrack1\IMG\left_2024_11_20_20_16_44_470.jpg, C:\Users\Owner\Downloads\simulator-windows-64\dataTrack1\IMG\right_2024_11_20_20_16_44_470.jpg, 0, 0.2064585, 0, 22.66317
C:\Users\Owner\Downloads\simulator-windows-64\dataTrack1\IMG\center_2024_11_20_20_16_44_574.jpg, C:\Users\Owner\Downloads\simulator-windows-64\dataTrack1\IMG\left_2024_11_20_20_16_44_574.jpg, C:\Users\Owner\Downloads\simulator-windows-64\dataTrack1\IMG\right_2024_11_20_20_16_44_574.jpg, 0, 0.4160253, 0, 22.88947
C:\Users\Owner\Downloads\simulator-windows-64\dataTrack1\IMG\center_2024_11_20_20_16_44_677.jpg, C:\Users\Owner\Downloads\simulator-windows-64\dataTrack1\IMG\left_2024_11_20_20_16_44_677.jpg, C:\Users\Owner\Downloads\simulator-windows-64\dataTrack1\IMG\right_2024_11_20_20_16_44_677.jpg, 0, 0.1099203, 0, 22.97742
C:\Users\Owner\Downloads\simulator-windows-64\dataTrack1\IMG\center_2024_11_20_20_16_44_782.jpg, C:\Users\Owner\Downloads\simulator-windows-64\dataTrack1\IMG\left_2024_11_20_20_16_44_782.jpg, C:\Users\Owner\Downloads\simulator-windows-64\dataTrack1\IMG\right_2024_11_20_20_16_44_782.jpg, 0, 0, 0, 22.7642
C:\Users\Owner\Downloads\simulator-windows-64\dataTrack1\IMG\center_2024_11_20_20_16_44_884.jpg, C:\Users\Owner\Downloads\simulator-windows-64\dataTrack1\IMG\left_2024_11_20_20_16_44_884.jpg, C:\Users\Owner\Downloads\simulator-windows-64\dataTrack1\IMG\right_2024_11_20_20_16_44_884.jpg, 0, 0.0509178, 0, 22.53392
C:\Users\Owner\Downloads\simulator-windows-64\dataTrack1\IMG\center_2024_11_20_20_16_44_988.jpg, C:\Users\Owner\Downloads\simulator-windows-64\dataTrack1\IMG\left_2024_11_20_20_16_44_988.jpg, C:\Users\Owner\Downloads\simulator-windows-64\dataTrack1\IMG\right_2024_11_20_20_16_44_988.jpg, 0, 0.209748, 0, 22.59512
C:\Users\Owner\Downloads\simulator-windows-64\dataTrack1\IMG\center_2024_11_20_20_16_45_090.jpg, C:\Users\Owner\Downloads\simulator-windows-64\dataTrack1\IMG\left_2024_11_20_20_16_45_090.jpg, C:\Users\Owner\Downloads\simulator-windows-64\dataTrack1\IMG\right_2024_11_20_20_16_45_090.jpg, 0.1999527, 0, 0, 22.41671
C:\Users\Owner\Downloads\simulator-windows-64\dataTrack1\IMG\center_2024_11_20_20_16_45_193.jpg, C:\Users\Owner\Downloads\simulator-windows-64\dataTrack1\IMG\left_2024_11_20_20_16_45_193.jpg, C:\Users\Owner\Downloads\simulator-windows-64\dataTrack1\IMG\right_2024_11_20_20_16_45_193.jpg, 0.1010496, 0, 0, 22.15787
C:\Users\Owner\Downloads\simulator-windows-64\dataTrack1\IMG\center_2024_11_20_20_16_45_298.jpg, C:\Users\Owner\Downloads\simulator-windows-64\dataTrack1\IMG\left_2024_11_20_20_16_45_298.jpg, C:\Users\Owner\Downloads\simulator-windows-64\dataTrack1\IMG\right_2024_11_20_20_16_45_298.jpg, 0, 0, 0, 21.92961
C:\Users\Owner\Downloads\simulator-windows-64\dataTrack1\IMG\center_2024_11_20_20_16_45_403.jpg, C:\Users\Owner\Downloads\simulator-windows-64\dataTrack1\IMG\left_2024_11_20_20_16_45_403.jpg, C:\Users\Owner\Downloads\simulator-windows-64\dataTrack1\IMG\right_2024_11_20_20_16_45_403.jpg, 0, 0, 0, 21.7089
C:\Users\Owner\Downloads\simulator-windows-64\dataTrack1\IMG\center_2024_11_20_20_16_45_506.jpg, C:\Users\Owner\Downloads\simulator-windows-64\dataTrack1\IMG\left_2024_11_20_20_16_45_506.jpg, C:\Users\Owner\Downloads\simulator-windows-64\dataTrack1\IMG\right_2024_11_20_20_16_45_506.jpg, 0, 0, 0, 21.49057
C:\Users\Owner\Downloads\simulator-windows-64\dataTrack1\IMG\center_2024_11_20_20_16_45_609.jpg, C:\Users\Owner\Downloads\simulator-windows-64\dataTrack1\IMG\left_2024_11_20_20_16_45_609.jpg, C:\Users\Owner\Downloads\simulator-windows-64\dataTrack1\IMG\right_2024_11_20_20_16_45_609.jpg, 0, 0, 0, 21.23192
C:\Users\Owner\Downloads\simulator-windows-64\dataTrack1\IMG\center_2024_11_20_20_16_45_711.jpg, C:\Users\Owner\Downloads\simulator-windows-64\dataTrack1\IMG\left_2024_11_20_20_16_45_711.jpg, C:\Users\Owner\Downloads\simulator-windows-64\dataTrack1\IMG\right_2024_11_20_20_16_45_711.jpg, 0, 0, 0, 21.01889
C:\Users\Owner\Downloads\simulator-windows-64\dataTrack1\IMG\center_2024_11_20_20_16_45_817.jpg, C:\Users\Owner\Downloads\simulator-windows-64\dataTrack1\IMG\left_2024_11_20_20_16_45_817.jpg, C:\Users\Owner\Downloads\simulator-windows-64\dataTrack1\IMG\right_2024_11_20_20_16_45_817.jpg, 0.0490692, 0, 0, 20.80726
C:\Users\Owner\Downloads\simulator-windows-64\dataTrack1\IMG\center_2024_11_20_20_16_45_920.jpg, C:\Users\Owner\Downloads\simulator-windows-64\dataTrack1\IMG\left_2024_11_20_20_16_45_920.jpg, C:\Users\Owner\Downloads\simulator-windows-64\dataTrack1\IMG\right_2024_11_20_20_16_45_920.jpg, 0.3587811, 0, 0, 20.53605
C:\Users\Owner\Downloads\simulator-windows-64\dataTrack1\IMG\center_2024_11_20_20_16_46_024.jpg, C:\Users\Owner\Downloads\simulator-windows-64\dataTrack1\IMG\left_2024_11_20_20_16_46_024.jpg, C:\Users\Owner\Downloads\simulator-windows-64\dataTrack1\IMG\right_2024_11_20_20_16_46_024.jpg, 0.04579411, 0, 0, 20.31167
C:\Users\Owner\Downloads\simulator-windows-64\dataTrack1\IMG\center_2024_11_20_20_16_46_125.jpg, C:\Users\Owner\Downloads\simulator-windows-64\dataTrack1\IMG\left_2024_11_20_20_16_46_125.jpg, C:\Users\Owner\Downloads\simulator-windows-64\dataTrack1\IMG\right_2024_11_20_20_16_46_125.jpg, 0, 0, 0, 20.10441
C:\Users\Owner\Downloads\simulator-windows-64\dataTrack1\IMG\center_2024_11_20_20_16_46_230.jpg, C:\Users\Owner\Downloads\simulator-windows-64\dataTrack1\IMG\left_2024_11_20_20_16_46_230.jpg, C:\Users\Owner\Downloads\simulator-windows-64\dataTrack1\IMG\right_2024_11_20_20_16_46_230.jpg, 0, 0, 0, 19.86325
C:\Users\Owner\Downloads\simulator-windows-64\dataTrack1\IMG\center_2024_11_20_20_16_46_335.jpg, C:\Users\Owner\Downloads\simulator-windows-64\dataTrack1\IMG\left_2024_11_20_20_16_46_335.jpg, C:\Users\Owner\Downloads\simulator-windows-64\dataTrack1\IMG\right_2024_11_20_20_16_46_335.jpg, 0, 0, 0, 19.64947
C:\Users\Owner\Downloads\simulator-windows-64\dataTrack1\IMG\center_2024_11_20_20_16_46_439.jpg, C:\Users\Owner\Downloads\simulator-windows-64\dataTrack1\IMG\left_2024_11_20_20_16_46_439.jpg, C:\Users\Owner\Downloads\simulator-windows-64\dataTrack1\IMG\right_2024_11_20_20_16_46_439.jpg, 0, 0, 0, 19.48609
C:\Users\Owner\Downloads\simulator-windows-64\dataTrack1\IMG\center_2024_11_20_20_16_46_542.jpg, C:\Users\Owner\Downloads\simulator-windows-64\dataTrack1\IMG\left_2024_11_20_20_16_46_542.jpg, C:\Users\Owner\Downloads\simulator-windows-64\dataTrack1\IMG\right_2024_11_20_20_16_46_542.jpg, 0.2089392, 0, 0, 19.12142
C:\Users\Owner\Downloads\simulator-windows-64\dataTrack1\IMG\center_2024_11_20_20_16_46_644.jpg, C:\Users\Owner\Downloads\simulator-windows-64\dataTrack1\IMG\left_2024_11_20_20_16_46_644.jpg, C:\Users\Owner\Downloads\simulator-windows-64\dataTrack1\IMG\right_2024_11_20_20_16_46_644.jpg, 0.255537, 0, 0, 19.13701
C:\Users\Owner\Downloads\simulator-windows-64\dataTrack1\IMG\center_2024_11_20_20_16_46_749.jpg, C:\Users\Owner\Downloads\simulator-windows-64\dataTrack1\IMG\left_2024_11_20_20_16_46_749.jpg, C:\Users\Owner\Downloads\simulator-windows-64\dataTrack1\IMG\right_2024_11_20_20_16_46_749.jpg, 0, 0, 0, 18.92859
C:\Users\Owner\Downloads\simulator-windows-64\dataTrack1\IMG\center_2024_11_20_20_16_46_852.jpg, C:\Users\Owner\Downloads\simulator-windows-64\dataTrack1\IMG\left_2024_11_20_20_16_46_852.jpg, C:\Users\Owner\Downloads\simulator-windows-64\dataTrack1\IMG\right_2024_11_20_20_16_46_852.jpg, 0.3115698, 0, 0, 18.2797
C:\Users\Owner\Downloads\simulator-windows-64\dataTrack1\IMG\center_2024_11_20_20_16_46_956.jpg, C:\Users\Owner\Downloads\simulator-windows-64\dataTrack1\IMG\left_2024_11_20_20_16_46_956.jpg, C:\Users\Owner\Downloads\simulator-windows-64\dataTrack1\IMG\right_2024_11_20_20_16_46_956.jpg, 0, 0, 0, 18.55069
C:\Users\Owner\Downloads\simulator-windows-64\dataTrack1\IMG\center_2024_11_20_20_16_47_059.jpg, C:\Users\Owner\Downloads\simulator-windows-64\dataTrack1\IMG\left_2024_11_20_20_16_47_059.jpg, C:\Users\Owner\Downloads\simulator-windows-64\dataTrack1\IMG\right_2024_11_20_20_16_47_059.jpg, 0, 0, 0, 17.86181
C:\Users\Owner\Downloads\simulator-windows-64\dataTrack1\IMG\center_2024_11_20_20_16_47_161.jpg, C:\Users\Owner\Downloads\simulator-windows-64\dataTrack1\IMG\left_2024_11_20_20_16_47_161.jpg, C:\Users\Owner\Downloads\simulator-windows-64\dataTrack1\IMG\right_2024_11_20_20_16_47_161.jpg, 0.0530058, 0, 0, 18.18624
C:\Users\Owner\Downloads\simulator-windows-64\dataTrack1\IMG\center_2024_11_20_20_16_47_265.jpg, C:\Users\Owner\Downloads\simulator-windows-64\dataTrack1\IMG\left_2024_11_20_20_16_47_265.jpg, C:\Users\Owner\Downloads\simulator-windows-64\dataTrack1\IMG\right_2024_11_20_20_16_47_265.jpg, 0.3142362, 0, 0, 17.47115
C:\Users\Owner\Downloads\simulator-windows-64\dataTrack1\IMG\center_2024_11_20_20_16_47_369.jpg, C:\Users\Owner\Downloads\simulator-windows-64\dataTrack1\IMG\left_2024_11_20_20_16_47_369.jpg, C:\Users\Owner\Downloads\simulator-windows-64\dataTrack1\IMG\right_2024_11_20_20_16_47_369.jpg, 0.0571617, 0, 0, 17.2233
C:\Users\Owner\Downloads\simulator-windows-64\dataTrack1\IMG\center_2024_11_20_20_16_47_473.jpg, C:\Users\Owner\Downloads\simulator-windows-64\dataTrack1\IMG\left_2024_11_20_20_16_47_473.jpg, C:\Users\Owner\Downloads\simulator-windows-64\dataTrack1\IMG\right_2024_11_20_20_16_47_473.jpg, 0.0507183, 0, 0, 17.56425
C:\Users\Owner\Downloads\simulator-windows-64\dataTrack1\IMG\center_2024_11_20_20_16_47_577.jpg, C:\Users\Owner\Downloads\simulator-windows-64\dataTrack1\IMG\left_2024_11_20_20_16_47_577.jpg, C:\Users\Owner\Downloads\simulator-windows-64\dataTrack1\IMG\right_2024_11_20_20_16_47_577.jpg, 0.3627921, 0, 0, 16.83929
C:\Users\Owner\Downloads\simulator-windows-64\dataTrack1\IMG\center_2024_11_20_20_16_47_680.jpg, C:\Users\Owner\Downloads\simulator-windows-64\dataTrack1\IMG\left_2024_11_20_20_16_47_680.jpg, C:\Users\Owner\Downloads\simulator-windows-64\dataTrack1\IMG\right_2024_11_20_20_16_47_680.jpg, 0.05572563, 0, 0, 17.16917
C:\Users\Owner\Downloads\simulator-windows-64\dataTrack1\IMG\center_2024_11_20_20_16_47_784.jpg, C:\Users\Owner\Downloads\simulator-windows-64\dataTrack1\IMG\left_2024_11_20_20_16_47_784.jpg, C:\Users\Owner\Downloads\simulator-windows-64\dataTrack1\IMG\right_2024_11_20_20_16_47_784.jpg, 0, 0, 0, 16.46243
C:\Users\Owner\Downloads\simulator-windows-64\dataTrack1\IMG\center_2024_11_20_20_16_47_891.jpg, C:\Users\Owner\Downloads\simulator-windows-64\dataTrack1\IMG\left_2024_11_20_20_16_47_891.jpg, C:\Users\Owner\Downloads\simulator-windows-64\dataTrack1\IMG\right_2024_11_20_20_16_47_891.jpg, 0.3183585, 0, 0, 16.23311
C:\Users\Owner\Downloads\simulator-windows-64\dataTrack1\IMG\center_2024_11_20_20_16_47_994.jpg, C:\Users\Owner\Downloads\simulator-windows-64\dataTrack1\IMG\left_2024_11_20_20_16_47_994.jpg, C:\Users\Owner\Downloads\simulator-windows-64\dataTrack1\IMG\right_2024_11_20_20_16_47_994.jpg, 0.3172575, 0, 0, 16.52969
C:\Users\Owner\Downloads\simulator-windows-64\dataTrack1\IMG\center_2024_11_20_20_16_48_099.jpg, C:\Users\Owner\Downloads\simulator-windows-64\dataTrack1\IMG\left_2024_11_20_20_16_48_099.jpg, C:\Users\Owner\Downloads\simulator-windows-64\dataTrack1\IMG\right_2024_11_20_20_16_48_099.jpg, 0.005905822, 0, 0, 15.83942
C:\Users\Owner\Downloads\simulator-windows-64\dataTrack1\IMG\center_2024_11_20_20_16_48_200.jpg, C:\Users\Owner\Downloads\simulator-windows-64\dataTrack1\IMG\left_2024_11_20_20_16_48_200.jpg, C:\Users\Owner\Downloads\simulator-windows-64\dataTrack1\IMG\right_2024_11_20_20_16_48_200.jpg, 0.3150453, 0, 0, 16.18039
C:\Users\Owner\Downloads\simulator-windows-64\dataTrack1\IMG\center_2024_11_20_20_16_48_305.jpg, C:\Users\Owner\Downloads\simulator-windows-64\dataTrack1\IMG\left_2024_11_20_20_16_48_305.jpg, C:\Users\Owner\Downloads\simulator-windows-64\dataTrack1\IMG\right_2024_11_20_20_16_48_305.jpg, 0.575904, 0, 0, 15.4042
C:\Users\Owner\Downloads\simulator-windows-64\dataTrack1\IMG\center_2024_11_20_20_16_48_408.jpg, C:\Users\Owner\Downloads\simulator-windows-64\dataTrack1\IMG\left_2024_11_20_20_16_48_408.jpg, C:\Users\Owner\Downloads\simulator-windows-64\dataTrack1\IMG\right_2024_11_20_20_16_48_408.jpg, 0.3210599, 0, 0, 15.18578
C:\Users\Owner\Downloads\simulator-windows-64\dataTrack1\IMG\center_2024_11_20_20_16_48_512.jpg, C:\Users\Owner\Downloads\simulator-windows-64\dataTrack1\IMG\left_2024_11_20_20_16_48_512.jpg, C:\Users\Owner\Downloads\simulator-windows-64\dataTrack1\IMG\right_2024_11_20_20_16_48_512.jpg, 0.01107386, 0, 0, 15.52497
C:\Users\Owner\Downloads\simulator-windows-64\dataTrack1\IMG\center_2024_11_20_20_16_48_616.jpg, C:\Users\Owner\Downloads\simulator-windows-64\dataTrack1\IMG\left_2024_11_20_20_16_48_616.jpg, C:\Users\Owner\Downloads\simulator-windows-64\dataTrack1\IMG\right_2024_11_20_20_16_48_616.jpg, 0.2210571, 0, 0, 14.8237
C:\Users\Owner\Downloads\simulator-windows-64\dataTrack1\IMG\center_2024_11_20_20_16_48_720.jpg, C:\Users\Owner\Downloads\simulator-windows-64\dataTrack1\IMG\left_2024_11_20_20_16_48_720.jpg, C:\Users\Owner\Downloads\simulator-windows-64\dataTrack1\IMG\right_2024_11_20_20_16_48_720.jpg, 0.2194218, 0, 0, 15.1761
C:\Users\Owner\Downloads\simulator-windows-64\dataTrack1\IMG\center_2024_11_20_20_16_48_825.jpg, C:\Users\Owner\Downloads\simulator-windows-64\dataTrack1\IMG\left_2024_11_20_20_16_48_825.jpg, C:\Users\Owner\Downloads\simulator-windows-64\dataTrack1\IMG\right_2024_11_20_20_16_48_825.jpg, 0, 0, 0, 14.47045
C:\Users\Owner\Downloads\simulator-windows-64\dataTrack1\IMG\center_2024_11_20_20_16_48_928.jpg, C:\Users\Owner\Downloads\simulator-windows-64\dataTrack1\IMG\left_2024_11_20_20_16_48_928.jpg, C:\Users\Owner\Downloads\simulator-windows-64\dataTrack1\IMG\right_2024_11_20_20_16_48_928.jpg, 0, 0, 0, 14.31861
C:\Users\Owner\Downloads\simulator-windows-64\dataTrack1\IMG\center_2024_11_20_20_16_49_031.jpg, C:\Users\Owner\Downloads\simulator-windows-64\dataTrack1\IMG\left_2024_11_20_20_16_49_031.jpg, C:\Users\Owner\Downloads\simulator-windows-64\dataTrack1\IMG\right_2024_11_20_20_16_49_031.jpg, 0, 0, 0, 14.70938
C:\Users\Owner\Downloads\simulator-windows-64\dataTrack1\IMG\center_2024_11_20_20_16_49_135.jpg, C:\Users\Owner\Downloads\simulator-windows-64\dataTrack1\IMG\left_2024_11_20_20_16_49_135.jpg, C:\Users\Owner\Downloads\simulator-windows-64\dataTrack1\IMG\right_2024_11_20_20_16_49_135.jpg, 0, 0, 0, 14.03185
C:\Users\Owner\Downloads\simulator-windows-64\dataTrack1\IMG\center_2024_11_20_20_16_49_237.jpg, C:\Users\Owner\Downloads\simulator-windows-64\dataTrack1\IMG\left_2024_11_20_20_16_49_237.jpg, C:\Users\Owner\Downloads\simulator-windows-64\dataTrack1\IMG\right_2024_11_20_20_16_49_237.jpg, 0.2046915, 0, 0, 14.40348
C:\Users\Owner\Downloads\simulator-windows-64\dataTrack1\IMG\center_2024_11_20_20_16_49_340.jpg, C:\Users\Owner\Downloads\simulator-windows-64\dataTrack1\IMG\left_2024_11_20_20_16_49_340.jpg, C:\Users\Owner\Downloads\simulator-windows-64\dataTrack1\IMG\right_2024_11_20_20_16_49_340.jpg, 0.5144583, 0, 0, 13.64191
C:\Users\Owner\Downloads\simulator-windows-64\dataTrack1\IMG\center_2024_11_20_20_16_49_444.jpg, C:\Users\Owner\Downloads\simulator-windows-64\dataTrack1\IMG\left_2024_11_20_20_16_49_444.jpg, C:\Users\Owner\Downloads\simulator-windows-64\dataTrack1\IMG\right_2024_11_20_20_16_49_444.jpg, 0.7219968, 0, 0, 13.83425
C:\Users\Owner\Downloads\simulator-windows-64\dataTrack1\IMG\center_2024_11_20_20_16_49_549.jpg, C:\Users\Owner\Downloads\simulator-windows-64\dataTrack1\IMG\left_2024_11_20_20_16_49_549.jpg, C:\Users\Owner\Downloads\simulator-windows-64\dataTrack1\IMG\right_2024_11_20_20_16_49_549.jpg, 0.4077834, 0, 0, 13.62049
C:\Users\Owner\Downloads\simulator-windows-64\dataTrack1\IMG\center_2024_11_20_20_16_49_653.jpg, C:\Users\Owner\Downloads\simulator-windows-64\dataTrack1\IMG\left_2024_11_20_20_16_49_653.jpg, C:\Users\Owner\Downloads\simulator-windows-64\dataTrack1\IMG\right_2024_11_20_20_16_49_653.jpg, 0.09620394, 0, 0, 13.02179
C:\Users\Owner\Downloads\simulator-windows-64\dataTrack1\IMG\center_2024_11_20_20_16_49_756.jpg, C:\Users\Owner\Downloads\simulator-windows-64\dataTrack1\IMG\left_2024_11_20_20_16_49_756.jpg, C:\Users\Owner\Downloads\simulator-windows-64\dataTrack1\IMG\right_2024_11_20_20_16_49_756.jpg, 0, 0, 0, 13.4095
C:\Users\Owner\Downloads\simulator-windows-64\dataTrack1\IMG\center_2024_11_20_20_16_49_860.jpg, C:\Users\Owner\Downloads\simulator-windows-64\dataTrack1\IMG\left_2024_11_20_20_16_49_860.jpg, C:\Users\Owner\Downloads\simulator-windows-64\dataTrack1\IMG\right_2024_11_20_20_16_49_860.jpg, 0.1572366, 0, 0, 12.69229
C:\Users\Owner\Downloads\simulator-windows-64\dataTrack1\IMG\center_2024_11_20_20_16_49_961.jpg, C:\Users\Owner\Downloads\simulator-windows-64\dataTrack1\IMG\left_2024_11_20_20_16_49_961.jpg, C:\Users\Owner\Downloads\simulator-windows-64\dataTrack1\IMG\right_2024_11_20_20_16_49_961.jpg, 0.358623, 0, 0, 13.05831
C:\Users\Owner\Downloads\simulator-windows-64\dataTrack1\IMG\center_2024_11_20_20_16_50_066.jpg, C:\Users\Owner\Downloads\simulator-windows-64\dataTrack1\IMG\left_2024_11_20_20_16_50_066.jpg, C:\Users\Owner\Downloads\simulator-windows-64\dataTrack1\IMG\right_2024_11_20_20_16_50_066.jpg, 0.09688109, 0, 0, 12.40364
C:\Users\Owner\Downloads\simulator-windows-64\dataTrack1\IMG\center_2024_11_20_20_16_50_169.jpg, C:\Users\Owner\Downloads\simulator-windows-64\dataTrack1\IMG\left_2024_11_20_20_16_50_169.jpg, C:\Users\Owner\Downloads\simulator-windows-64\dataTrack1\IMG\right_2024_11_20_20_16_50_169.jpg, 0, 0, 0, 12.28389
C:\Users\Owner\Downloads\simulator-windows-64\dataTrack1\IMG\center_2024_11_20_20_16_50_272.jpg, C:\Users\Owner\Downloads\simulator-windows-64\dataTrack1\IMG\left_2024_11_20_20_16_50_272.jpg, C:\Users\Owner\Downloads\simulator-windows-64\dataTrack1\IMG\right_2024_11_20_20_16_50_272.jpg, 0.308538, 0, 0, 12.58933
C:\Users\Owner\Downloads\simulator-windows-64\dataTrack1\IMG\center_2024_11_20_20_16_50_376.jpg, C:\Users\Owner\Downloads\simulator-windows-64\dataTrack1\IMG\left_2024_11_20_20_16_50_376.jpg, C:\Users\Owner\Downloads\simulator-windows-64\dataTrack1\IMG\right_2024_11_20_20_16_50_376.jpg, 0.3082692, 0, 0, 11.90068
C:\Users\Owner\Downloads\simulator-windows-64\dataTrack1\IMG\center_2024_11_20_20_16_50_479.jpg, C:\Users\Owner\Downloads\simulator-windows-64\dataTrack1\IMG\left_2024_11_20_20_16_50_479.jpg, C:\Users\Owner\Downloads\simulator-windows-64\dataTrack1\IMG\right_2024_11_20_20_16_50_479.jpg, 0, 0, 0, 12.30131
C:\Users\Owner\Downloads\simulator-windows-64\dataTrack1\IMG\center_2024_11_20_20_16_50_584.jpg, C:\Users\Owner\Downloads\simulator-windows-64\dataTrack1\IMG\left_2024_11_20_20_16_50_584.jpg, C:\Users\Owner\Downloads\simulator-windows-64\dataTrack1\IMG\right_2024_11_20_20_16_50_584.jpg, 0.3149874, 0, 0, 11.63231
C:\Users\Owner\Downloads\simulator-windows-64\dataTrack1\IMG\center_2024_11_20_20_16_50_688.jpg, C:\Users\Owner\Downloads\simulator-windows-64\dataTrack1\IMG\left_2024_11_20_20_16_50_688.jpg, C:\Users\Owner\Downloads\simulator-windows-64\dataTrack1\IMG\right_2024_11_20_20_16_50_688.jpg, 0.6264978, 0.1055706, 0, 11.41249
C:\Users\Owner\Downloads\simulator-windows-64\dataTrack1\IMG\center_2024_11_20_20_16_50_792.jpg, C:\Users\Owner\Downloads\simulator-windows-64\dataTrack1\IMG\left_2024_11_20_20_16_50_792.jpg, C:\Users\Owner\Downloads\simulator-windows-64\dataTrack1\IMG\right_2024_11_20_20_16_50_792.jpg, 0.9384465, 0, 0, 11.81985
C:\Users\Owner\Downloads\simulator-windows-64\dataTrack1\IMG\center_2024_11_20_20_16_50_894.jpg, C:\Users\Owner\Downloads\simulator-windows-64\dataTrack1\IMG\left_2024_11_20_20_16_50_894.jpg, C:\Users\Owner\Downloads\simulator-windows-64\dataTrack1\IMG\right_2024_11_20_20_16_50_894.jpg, 0.6303807, 0, 0, 11.52584
C:\Users\Owner\Downloads\simulator-windows-64\dataTrack1\IMG\center_2024_11_20_20_16_51_000.jpg, C:\Users\Owner\Downloads\simulator-windows-64\dataTrack1\IMG\left_2024_11_20_20_16_51_000.jpg, C:\Users\Owner\Downloads\simulator-windows-64\dataTrack1\IMG\right_2024_11_20_20_16_51_000.jpg, 0.3120594, 0, 0, 11.44259
C:\Users\Owner\Downloads\simulator-windows-64\dataTrack1\IMG\center_2024_11_20_20_16_51_105.jpg, C:\Users\Owner\Downloads\simulator-windows-64\dataTrack1\IMG\left_2024_11_20_20_16_51_105.jpg, C:\Users\Owner\Downloads\simulator-windows-64\dataTrack1\IMG\right_2024_11_20_20_16_51_105.jpg, 0.05069791, 0.1062429, 0, 11.37259
C:\Users\Owner\Downloads\simulator-windows-64\dataTrack1\IMG\center_2024_11_20_20_16_51_207.jpg, C:\Users\Owner\Downloads\simulator-windows-64\dataTrack1\IMG\left_2024_11_20_20_16_51_207.jpg, C:\Users\Owner\Downloads\simulator-windows-64\dataTrack1\IMG\right_2024_11_20_20_16_51_207.jpg, 0, 0, 0, 11.18285
C:\Users\Owner\Downloads\simulator-windows-64\dataTrack1\IMG\center_2024_11_20_20_16_51_311.jpg, C:\Users\Owner\Downloads\simulator-windows-64\dataTrack1\IMG\left_2024_11_20_20_16_51_311.jpg, C:\Users\Owner\Downloads\simulator-windows-64\dataTrack1\IMG\right_2024_11_20_20_16_51_311.jpg, 0, 0, 0, 11.06595
C:\Users\Owner\Downloads\simulator-windows-64\dataTrack1\IMG\center_2024_11_20_20_16_51_418.jpg, C:\Users\Owner\Downloads\simulator-windows-64\dataTrack1\IMG\left_2024_11_20_20_16_51_418.jpg, C:\Users\Owner\Downloads\simulator-windows-64\dataTrack1\IMG\right_2024_11_20_20_16_51_418.jpg, 0, 0.2096952, 0, 11.16278
C:\Users\Owner\Downloads\simulator-windows-64\dataTrack1\IMG\center_2024_11_20_20_16_51_521.jpg, C:\Users\Owner\Downloads\simulator-windows-64\dataTrack1\IMG\left_2024_11_20_20_16_51_521.jpg, C:\Users\Owner\Downloads\simulator-windows-64\dataTrack1\IMG\right_2024_11_20_20_16_51_521.jpg, 0.2071755, 0, 0, 11.12793
C:\Users\Owner\Downloads\simulator-windows-64\dataTrack1\IMG\center_2024_11_20_20_16_51_625.jpg, C:\Users\Owner\Downloads\simulator-windows-64\dataTrack1\IMG\left_2024_11_20_20_16_51_625.jpg, C:\Users\Owner\Downloads\simulator-windows-64\dataTrack1\IMG\right_2024_11_20_20_16_51_625.jpg, 0.4690764, 0.0539967, 0, 10.95569
C:\Users\Owner\Downloads\simulator-windows-64\dataTrack1\IMG\center_2024_11_20_20_16_51_728.jpg, C:\Users\Owner\Downloads\simulator-windows-64\dataTrack1\IMG\left_2024_11_20_20_16_51_728.jpg, C:\Users\Owner\Downloads\simulator-windows-64\dataTrack1\IMG\right_2024_11_20_20_16_51_728.jpg, 0.6241689, 0.009025801, 0, 10.8689
C:\Users\Owner\Downloads\simulator-windows-64\dataTrack1\IMG\center_2024_11_20_20_16_51_830.jpg, C:\Users\Owner\Downloads\simulator-windows-64\dataTrack1\IMG\left_2024_11_20_20_16_51_830.jpg, C:\Users\Owner\Downloads\simulator-windows-64\dataTrack1\IMG\right_2024_11_20_20_16_51_830.jpg, 0.3178179, 0, 0, 10.7811
C:\Users\Owner\Downloads\simulator-windows-64\dataTrack1\IMG\center_2024_11_20_20_16_51_937.jpg, C:\Users\Owner\Downloads\simulator-windows-64\dataTrack1\IMG\left_2024_11_20_20_16_51_937.jpg, C:\Users\Owner\Downloads\simulator-windows-64\dataTrack1\IMG\right_2024_11_20_20_16_51_937.jpg, 0, 0.1044252, 0, 10.69092
C:\Users\Owner\Downloads\simulator-windows-64\dataTrack1\IMG\center_2024_11_20_20_16_52_040.jpg, C:\Users\Owner\Downloads\simulator-windows-64\dataTrack1\IMG\left_2024_11_20_20_16_52_040.jpg, C:\Users\Owner\Downloads\simulator-windows-64\dataTrack1\IMG\right_2024_11_20_20_16_52_040.jpg, 0, 0.103221, 0, 10.79947
C:\Users\Owner\Downloads\simulator-windows-64\dataTrack1\IMG\center_2024_11_20_20_16_52_146.jpg, C:\Users\Owner\Downloads\simulator-windows-64\dataTrack1\IMG\left_2024_11_20_20_16_52_146.jpg, C:\Users\Owner\Downloads\simulator-windows-64\dataTrack1\IMG\right_2024_11_20_20_16_52_146.jpg, 0, 0, 0, 10.70907
C:\Users\Owner\Downloads\simulator-windows-64\dataTrack1\IMG\center_2024_11_20_20_16_52_248.jpg, C:\Users\Owner\Downloads\simulator-windows-64\dataTrack1\IMG\left_2024_11_20_20_16_52_248.jpg, C:\Users\Owner\Downloads\simulator-windows-64\dataTrack1\IMG\right_2024_11_20_20_16_52_248.jpg, 0, 0.2545233, 0, 10.8721
C:\Users\Owner\Downloads\simulator-windows-64\dataTrack1\IMG\center_2024_11_20_20_16_52_352.jpg, C:\Users\Owner\Downloads\simulator-windows-64\dataTrack1\IMG\left_2024_11_20_20_16_52_352.jpg, C:\Users\Owner\Downloads\simulator-windows-64\dataTrack1\IMG\right_2024_11_20_20_16_52_352.jpg, 0, 0.0520323, 0, 10.86735
C:\Users\Owner\Downloads\simulator-windows-64\dataTrack1\IMG\center_2024_11_20_20_16_52_457.jpg, C:\Users\Owner\Downloads\simulator-windows-64\dataTrack1\IMG\left_2024_11_20_20_16_52_457.jpg, C:\Users\Owner\Downloads\simulator-windows-64\dataTrack1\IMG\right_2024_11_20_20_16_52_457.jpg, 0.153588, 0.1637322, 0, 10.97151
C:\Users\Owner\Downloads\simulator-windows-64\dataTrack1\IMG\center_2024_11_20_20_16_52_561.jpg, C:\Users\Owner\Downloads\simulator-windows-64\dataTrack1\IMG\left_2024_11_20_20_16_52_561.jpg, C:\Users\Owner\Downloads\simulator-windows-64\dataTrack1\IMG\right_2024_11_20_20_16_52_561.jpg, 0.4662338, 0, 0, 10.84354
C:\Users\Owner\Downloads\simulator-windows-64\dataTrack1\IMG\center_2024_11_20_20_16_52_663.jpg, C:\Users\Owner\Downloads\simulator-windows-64\dataTrack1\IMG\left_2024_11_20_20_16_52_663.jpg, C:\Users\Owner\Downloads\simulator-windows-64\dataTrack1\IMG\right_2024_11_20_20_16_52_663.jpg, 0.772094, 0, 0, 10.60651
C:\Users\Owner\Downloads\simulator-windows-64\dataTrack1\IMG\center_2024_11_20_20_16_52_768.jpg, C:\Users\Owner\Downloads\simulator-windows-64\dataTrack1\IMG\left_2024_11_20_20_16_52_768.jpg, C:\Users\Owner\Downloads\simulator-windows-64\dataTrack1\IMG\right_2024_11_20_20_16_52_768.jpg, 0.4555902, 0.1046028, 0, 10.56143
C:\Users\Owner\Downloads\simulator-windows-64\dataTrack1\IMG\center_2024_11_20_20_16_52_872.jpg, C:\Users\Owner\Downloads\simulator-windows-64\dataTrack1\IMG\left_2024_11_20_20_16_52_872.jpg, C:\Users\Owner\Downloads\simulator-windows-64\dataTrack1\IMG\right_2024_11_20_20_16_52_872.jpg, 0.1442493, 0, 0, 10.47909
C:\Users\Owner\Downloads\simulator-windows-64\dataTrack1\IMG\center_2024_11_20_20_16_52_976.jpg, C:\Users\Owner\Downloads\simulator-windows-64\dataTrack1\IMG\left_2024_11_20_20_16_52_976.jpg, C:\Users\Owner\Downloads\simulator-windows-64\dataTrack1\IMG\right_2024_11_20_20_16_52_976.jpg, 0, 0.207417, 0, 10.56005
C:\Users\Owner\Downloads\simulator-windows-64\dataTrack1\IMG\center_2024_11_20_20_16_53_079.jpg, C:\Users\Owner\Downloads\simulator-windows-64\dataTrack1\IMG\left_2024_11_20_20_16_53_079.jpg, C:\Users\Owner\Downloads\simulator-windows-64\dataTrack1\IMG\right_2024_11_20_20_16_53_079.jpg, 0, 0, 0, 10.53919
C:\Users\Owner\Downloads\simulator-windows-64\dataTrack1\IMG\center_2024_11_20_20_16_53_181.jpg, C:\Users\Owner\Downloads\simulator-windows-64\dataTrack1\IMG\left_2024_11_20_20_16_53_181.jpg, C:\Users\Owner\Downloads\simulator-windows-64\dataTrack1\IMG\right_2024_11_20_20_16_53_181.jpg, 0.1046526, 0.2036745, 0, 10.60249
C:\Users\Owner\Downloads\simulator-windows-64\dataTrack1\IMG\center_2024_11_20_20_16_53_286.jpg, C:\Users\Owner\Downloads\simulator-windows-64\dataTrack1\IMG\left_2024_11_20_20_16_53_286.jpg, C:\Users\Owner\Downloads\simulator-windows-64\dataTrack1\IMG\right_2024_11_20_20_16_53_286.jpg, 0.2618151, 0, 0, 10.54793
C:\Users\Owner\Downloads\simulator-windows-64\dataTrack1\IMG\center_2024_11_20_20_16_53_391.jpg, C:\Users\Owner\Downloads\simulator-windows-64\dataTrack1\IMG\left_2024_11_20_20_16_53_391.jpg, C:\Users\Owner\Downloads\simulator-windows-64\dataTrack1\IMG\right_2024_11_20_20_16_53_391.jpg, 0, 0.3131877, 0, 10.66228
C:\Users\Owner\Downloads\simulator-windows-64\dataTrack1\IMG\center_2024_11_20_20_16_53_496.jpg, C:\Users\Owner\Downloads\simulator-windows-64\dataTrack1\IMG\left_2024_11_20_20_16_53_496.jpg, C:\Users\Owner\Downloads\simulator-windows-64\dataTrack1\IMG\right_2024_11_20_20_16_53_496.jpg, 0, 0, 0, 10.72039
C:\Users\Owner\Downloads\simulator-windows-64\dataTrack1\IMG\center_2024_11_20_20_16_53_601.jpg, C:\Users\Owner\Downloads\simulator-windows-64\dataTrack1\IMG\left_2024_11_20_20_16_53_601.jpg, C:\Users\Owner\Downloads\simulator-windows-64\dataTrack1\IMG\right_2024_11_20_20_16_53_601.jpg, 0, 0.3138051, 0, 10.81184
C:\Users\Owner\Downloads\simulator-windows-64\dataTrack1\IMG\center_2024_11_20_20_16_53_704.jpg, C:\Users\Owner\Downloads\simulator-windows-64\dataTrack1\IMG\left_2024_11_20_20_16_53_704.jpg, C:\Users\Owner\Downloads\simulator-windows-64\dataTrack1\IMG\right_2024_11_20_20_16_53_704.jpg, 0.2604084, 0.05339669, 0, 10.89209
C:\Users\Owner\Downloads\simulator-windows-64\dataTrack1\IMG\center_2024_11_20_20_16_53_810.jpg, C:\Users\Owner\Downloads\simulator-windows-64\dataTrack1\IMG\left_2024_11_20_20_16_53_810.jpg, C:\Users\Owner\Downloads\simulator-windows-64\dataTrack1\IMG\right_2024_11_20_20_16_53_810.jpg, 0.6265716, 0.2288025, 0, 10.76902
C:\Users\Owner\Downloads\simulator-windows-64\dataTrack1\IMG\center_2024_11_20_20_16_53_912.jpg, C:\Users\Owner\Downloads\simulator-windows-64\dataTrack1\IMG\left_2024_11_20_20_16_53_912.jpg, C:\Users\Owner\Downloads\simulator-windows-64\dataTrack1\IMG\right_2024_11_20_20_16_53_912.jpg, 0.318717, 0, 0, 10.74074
C:\Users\Owner\Downloads\simulator-windows-64\dataTrack1\IMG\center_2024_11_20_20_16_54_014.jpg, C:\Users\Owner\Downloads\simulator-windows-64\dataTrack1\IMG\left_2024_11_20_20_16_54_014.jpg, C:\Users\Owner\Downloads\simulator-windows-64\dataTrack1\IMG\right_2024_11_20_20_16_54_014.jpg, 0.01357736, 0.223848, 0, 10.73946
C:\Users\Owner\Downloads\simulator-windows-64\dataTrack1\IMG\center_2024_11_20_20_16_54_119.jpg, C:\Users\Owner\Downloads\simulator-windows-64\dataTrack1\IMG\left_2024_11_20_20_16_54_119.jpg, C:\Users\Owner\Downloads\simulator-windows-64\dataTrack1\IMG\right_2024_11_20_20_16_54_119.jpg, 0, 0, 0, 10.71881
C:\Users\Owner\Downloads\simulator-windows-64\dataTrack1\IMG\center_2024_11_20_20_16_54_221.jpg, C:\Users\Owner\Downloads\simulator-windows-64\dataTrack1\IMG\left_2024_11_20_20_16_54_221.jpg, C:\Users\Owner\Downloads\simulator-windows-64\dataTrack1\IMG\right_2024_11_20_20_16_54_221.jpg, 0, 0.3067446, 0, 10.78744
C:\Users\Owner\Downloads\simulator-windows-64\dataTrack1\IMG\center_2024_11_20_20_16_54_327.jpg, C:\Users\Owner\Downloads\simulator-windows-64\dataTrack1\IMG\left_2024_11_20_20_16_54_327.jpg, C:\Users\Owner\Downloads\simulator-windows-64\dataTrack1\IMG\right_2024_11_20_20_16_54_327.jpg, 0, 0.1968474, 0, 10.90867
C:\Users\Owner\Downloads\simulator-windows-64\dataTrack1\IMG\center_2024_11_20_20_16_54_433.jpg, C:\Users\Owner\Downloads\simulator-windows-64\dataTrack1\IMG\left_2024_11_20_20_16_54_433.jpg, C:\Users\Owner\Downloads\simulator-windows-64\dataTrack1\IMG\right_2024_11_20_20_16_54_433.jpg, 0, 0.4048578, 0, 11.24491
C:\Users\Owner\Downloads\simulator-windows-64\dataTrack1\IMG\center_2024_11_20_20_16_54_538.jpg, C:\Users\Owner\Downloads\simulator-windows-64\dataTrack1\IMG\left_2024_11_20_20_16_54_538.jpg, C:\Users\Owner\Downloads\simulator-windows-64\dataTrack1\IMG\right_2024_11_20_20_16_54_538.jpg, 0, 0.5410832, 0, 11.58309
C:\Users\Owner\Downloads\simulator-windows-64\dataTrack1\IMG\center_2024_11_20_20_16_54_642.jpg, C:\Users\Owner\Downloads\simulator-windows-64\dataTrack1\IMG\left_2024_11_20_20_16_54_642.jpg, C:\Users\Owner\Downloads\simulator-windows-64\dataTrack1\IMG\right_2024_11_20_20_16_54_642.jpg, 0, 0.8531327, 0, 12.19935
C:\Users\Owner\Downloads\simulator-windows-64\dataTrack1\IMG\center_2024_11_20_20_16_54_747.jpg, C:\Users\Owner\Downloads\simulator-windows-64\dataTrack1\IMG\left_2024_11_20_20_16_54_747.jpg, C:\Users\Owner\Downloads\simulator-windows-64\dataTrack1\IMG\right_2024_11_20_20_16_54_747.jpg, 0, 1, 0, 13.25769
C:\Users\Owner\Downloads\simulator-windows-64\dataTrack1\IMG\center_2024_11_20_20_16_54_849.jpg, C:\Users\Owner\Downloads\simulator-windows-64\dataTrack1\IMG\left_2024_11_20_20_16_54_849.jpg, C:\Users\Owner\Downloads\simulator-windows-64\dataTrack1\IMG\right_2024_11_20_20_16_54_849.jpg, 0, 1, 0, 14.77921
C:\Users\Owner\Downloads\simulator-windows-64\dataTrack1\IMG\center_2024_11_20_20_16_54_954.jpg, C:\Users\Owner\Downloads\simulator-windows-64\dataTrack1\IMG\left_2024_11_20_20_16_54_954.jpg, C:\Users\Owner\Downloads\simulator-windows-64\dataTrack1\IMG\right_2024_11_20_20_16_54_954.jpg, 0.2036688, 0.683959, 0, 15.348
C:\Users\Owner\Downloads\simulator-windows-64\dataTrack1\IMG\center_2024_11_20_20_16_55_059.jpg, C:\Users\Owner\Downloads\simulator-windows-64\dataTrack1\IMG\left_2024_11_20_20_16_55_059.jpg, C:\Users\Owner\Downloads\simulator-windows-64\dataTrack1\IMG\right_2024_11_20_20_16_55_059.jpg, 0.5196327, 0.3679952, 0, 15.98448
C:\Users\Owner\Downloads\simulator-windows-64\dataTrack1\IMG\center_2024_11_20_20_16_55_162.jpg, C:\Users\Owner\Downloads\simulator-windows-64\dataTrack1\IMG\left_2024_11_20_20_16_55_162.jpg, C:\Users\Owner\Downloads\simulator-windows-64\dataTrack1\IMG\right_2024_11_20_20_16_55_162.jpg, 0.5231768, 0.2520014, 0, 15.55475
C:\Users\Owner\Downloads\simulator-windows-64\dataTrack1\IMG\center_2024_11_20_20_16_55_267.jpg, C:\Users\Owner\Downloads\simulator-windows-64\dataTrack1\IMG\left_2024_11_20_20_16_55_267.jpg, C:\Users\Owner\Downloads\simulator-windows-64\dataTrack1\IMG\right_2024_11_20_20_16_55_267.jpg, 0.2651066, 0.205844, 0, 16.28065
C:\Users\Owner\Downloads\simulator-windows-64\dataTrack1\IMG\center_2024_11_20_20_16_55_370.jpg, C:\Users\Owner\Downloads\simulator-windows-64\dataTrack1\IMG\left_2024_11_20_20_16_55_370.jpg, C:\Users\Owner\Downloads\simulator-windows-64\dataTrack1\IMG\right_2024_11_20_20_16_55_370.jpg, 0, 0.1041975, 0, 16.15853
C:\Users\Owner\Downloads\simulator-windows-64\dataTrack1\IMG\center_2024_11_20_20_16_55_474.jpg, C:\Users\Owner\Downloads\simulator-windows-64\dataTrack1\IMG\left_2024_11_20_20_16_55_474.jpg, C:\Users\Owner\Downloads\simulator-windows-64\dataTrack1\IMG\right_2024_11_20_20_16_55_474.jpg, 0, 0.1015767, 0, 15.69207
C:\Users\Owner\Downloads\simulator-windows-64\dataTrack1\IMG\center_2024_11_20_20_16_55_578.jpg, C:\Users\Owner\Downloads\simulator-windows-64\dataTrack1\IMG\left_2024_11_20_20_16_55_578.jpg, C:\Users\Owner\Downloads\simulator-windows-64\dataTrack1\IMG\right_2024_11_20_20_16_55_578.jpg, 0, 0.1551648, 0, 16.11546
C:\Users\Owner\Downloads\simulator-windows-64\dataTrack1\IMG\center_2024_11_20_20_16_55_679.jpg, C:\Users\Owner\Downloads\simulator-windows-64\dataTrack1\IMG\left_2024_11_20_20_16_55_679.jpg, C:\Users\Owner\Downloads\simulator-windows-64\dataTrack1\IMG\right_2024_11_20_20_16_55_679.jpg, 0, 0.02180643, 0, 15.63179
C:\Users\Owner\Downloads\simulator-windows-64\dataTrack1\IMG\center_2024_11_20_20_16_55_786.jpg, C:\Users\Owner\Downloads\simulator-windows-64\dataTrack1\IMG\left_2024_11_20_20_16_55_786.jpg, C:\Users\Owner\Downloads\simulator-windows-64\dataTrack1\IMG\right_2024_11_20_20_16_55_786.jpg, 0, 0.152238, 0, 16.0472
C:\Users\Owner\Downloads\simulator-windows-64\dataTrack1\IMG\center_2024_11_20_20_16_55_896.jpg, C:\Users\Owner\Downloads\simulator-windows-64\dataTrack1\IMG\left_2024_11_20_20_16_55_896.jpg, C:\Users\Owner\Downloads\simulator-windows-64\dataTrack1\IMG\right_2024_11_20_20_16_55_896.jpg, 0, 0.05332617, 0, 16.15937
C:\Users\Owner\Downloads\simulator-windows-64\dataTrack1\IMG\center_2024_11_20_20_16_55_994.jpg, C:\Users\Owner\Downloads\simulator-windows-64\dataTrack1\IMG\left_2024_11_20_20_16_55_994.jpg, C:\Users\Owner\Downloads\simulator-windows-64\dataTrack1\IMG\right_2024_11_20_20_16_55_994.jpg, 0, 0.3551534, 0, 15.74883
C:\Users\Owner\Downloads\simulator-windows-64\dataTrack1\IMG\center_2024_11_20_20_16_56_096.jpg, C:\Users\Owner\Downloads\simulator-windows-64\dataTrack1\IMG\left_2024_11_20_20_16_56_096.jpg, C:\Users\Owner\Downloads\simulator-windows-64\dataTrack1\IMG\right_2024_11_20_20_16_56_096.jpg, 0, 0.265721, 0, 16.51723
C:\Users\Owner\Downloads\simulator-windows-64\dataTrack1\IMG\center_2024_11_20_20_16_56_201.jpg, C:\Users\Owner\Downloads\simulator-windows-64\dataTrack1\IMG\left_2024_11_20_20_16_56_201.jpg, C:\Users\Owner\Downloads\simulator-windows-64\dataTrack1\IMG\right_2024_11_20_20_16_56_201.jpg, 0, 0, 0, 15.99993
C:\Users\Owner\Downloads\simulator-windows-64\dataTrack1\IMG\center_2024_11_20_20_16_56_306.jpg, C:\Users\Owner\Downloads\simulator-windows-64\dataTrack1\IMG\left_2024_11_20_20_16_56_306.jpg, C:\Users\Owner\Downloads\simulator-windows-64\dataTrack1\IMG\right_2024_11_20_20_16_56_306.jpg, 0, 0, 0, 16.39385
C:\Users\Owner\Downloads\simulator-windows-64\dataTrack1\IMG\center_2024_11_20_20_16_56_410.jpg, C:\Users\Owner\Downloads\simulator-windows-64\dataTrack1\IMG\left_2024_11_20_20_16_56_410.jpg, C:\Users\Owner\Downloads\simulator-windows-64\dataTrack1\IMG\right_2024_11_20_20_16_56_410.jpg, 0, 0, 0, 16.20659
C:\Users\Owner\Downloads\simulator-windows-64\dataTrack1\IMG\center_2024_11_20_20_16_56_512.jpg, C:\Users\Owner\Downloads\simulator-windows-64\dataTrack1\IMG\left_2024_11_20_20_16_56_512.jpg, C:\Users\Owner\Downloads\simulator-windows-64\dataTrack1\IMG\right_2024_11_20_20_16_56_512.jpg, 0, 0, 0, 15.51011
C:\Users\Owner\Downloads\simulator-windows-64\dataTrack1\IMG\center_2024_11_20_20_16_56_618.jpg, C:\Users\Owner\Downloads\simulator-windows-64\dataTrack1\IMG\left_2024_11_20_20_16_56_618.jpg, C:\Users\Owner\Downloads\simulator-windows-64\dataTrack1\IMG\right_2024_11_20_20_16_56_618.jpg, 0, 0.205026, 0, 15.93645
C:\Users\Owner\Downloads\simulator-windows-64\dataTrack1\IMG\center_2024_11_20_20_16_56_723.jpg, C:\Users\Owner\Downloads\simulator-windows-64\dataTrack1\IMG\left_2024_11_20_20_16_56_723.jpg, C:\Users\Owner\Downloads\simulator-windows-64\dataTrack1\IMG\right_2024_11_20_20_16_56_723.jpg, 0, 0.1065729, 0, 15.55192
C:\Users\Owner\Downloads\simulator-windows-64\dataTrack1\IMG\center_2024_11_20_20_16_56_827.jpg, C:\Users\Owner\Downloads\simulator-windows-64\dataTrack1\IMG\left_2024_11_20_20_16_56_827.jpg, C:\Users\Owner\Downloads\simulator-windows-64\dataTrack1\IMG\right_2024_11_20_20_16_56_827.jpg, 0, 0.1042233, 0, 15.38539
C:\Users\Owner\Downloads\simulator-windows-64\dataTrack1\IMG\center_2024_11_20_20_16_56_931.jpg, C:\Users\Owner\Downloads\simulator-windows-64\dataTrack1\IMG\left_2024_11_20_20_16_56_931.jpg, C:\Users\Owner\Downloads\simulator-windows-64\dataTrack1\IMG\right_2024_11_20_20_16_56_931.jpg, 0, 0.3125892, 0, 16.08354
C:\Users\Owner\Downloads\simulator-windows-64\dataTrack1\IMG\center_2024_11_20_20_16_57_036.jpg, C:\Users\Owner\Downloads\simulator-windows-64\dataTrack1\IMG\left_2024_11_20_20_16_57_036.jpg, C:\Users\Owner\Downloads\simulator-windows-64\dataTrack1\IMG\right_2024_11_20_20_16_57_036.jpg, 0, 0.3241101, 0, 15.73419
C:\Users\Owner\Downloads\simulator-windows-64\dataTrack1\IMG\center_2024_11_20_20_16_57_140.jpg, C:\Users\Owner\Downloads\simulator-windows-64\dataTrack1\IMG\left_2024_11_20_20_16_57_140.jpg, C:\Users\Owner\Downloads\simulator-windows-64\dataTrack1\IMG\right_2024_11_20_20_16_57_140.jpg, 0, 0.5340957, 0, 16.59259
C:\Users\Owner\Downloads\simulator-windows-64\dataTrack1\IMG\center_2024_11_20_20_16_57_242.jpg, C:\Users\Owner\Downloads\simulator-windows-64\dataTrack1\IMG\left_2024_11_20_20_16_57_242.jpg, C:\Users\Owner\Downloads\simulator-windows-64\dataTrack1\IMG\right_2024_11_20_20_16_57_242.jpg, 0, 0.5356872, 0, 16.55817
C:\Users\Owner\Downloads\simulator-windows-64\dataTrack1\IMG\center_2024_11_20_20_16_57_348.jpg, C:\Users\Owner\Downloads\simulator-windows-64\dataTrack1\IMG\left_2024_11_20_20_16_57_348.jpg, C:\Users\Owner\Downloads\simulator-windows-64\dataTrack1\IMG\right_2024_11_20_20_16_57_348.jpg, 0, 0.6457299, 0, 17.43011
C:\Users\Owner\Downloads\simulator-windows-64\dataTrack1\IMG\center_2024_11_20_20_16_57_452.jpg, C:\Users\Owner\Downloads\simulator-windows-64\dataTrack1\IMG\left_2024_11_20_20_16_57_452.jpg, C:\Users\Owner\Downloads\simulator-windows-64\dataTrack1\IMG\right_2024_11_20_20_16_57_452.jpg, 0, 0.5507127, 0, 18.16243
C:\Users\Owner\Downloads\simulator-windows-64\dataTrack1\IMG\center_2024_11_20_20_16_57_556.jpg, C:\Users\Owner\Downloads\simulator-windows-64\dataTrack1\IMG\left_2024_11_20_20_16_57_556.jpg, C:\Users\Owner\Downloads\simulator-windows-64\dataTrack1\IMG\right_2024_11_20_20_16_57_556.jpg, 0, 0.7560523, 0, 18.58809
C:\Users\Owner\Downloads\simulator-windows-64\dataTrack1\IMG\center_2024_11_20_20_16_57_660.jpg, C:\Users\Owner\Downloads\simulator-windows-64\dataTrack1\IMG\left_2024_11_20_20_16_57_660.jpg, C:\Users\Owner\Downloads\simulator-windows-64\dataTrack1\IMG\right_2024_11_20_20_16_57_660.jpg, 0, 0.5476578, 0, 19.3661
C:\Users\Owner\Downloads\simulator-windows-64\dataTrack1\IMG\center_2024_11_20_20_16_57_766.jpg, C:\Users\Owner\Downloads\simulator-windows-64\dataTrack1\IMG\left_2024_11_20_20_16_57_766.jpg, C:\Users\Owner\Downloads\simulator-windows-64\dataTrack1\IMG\right_2024_11_20_20_16_57_766.jpg, 0, 0.810459, 0, 19.78053
C:\Users\Owner\Downloads\simulator-windows-64\dataTrack1\IMG\center_2024_11_20_20_16_57_869.jpg, C:\Users\Owner\Downloads\simulator-windows-64\dataTrack1\IMG\left_2024_11_20_20_16_57_869.jpg, C:\Users\Owner\Downloads\simulator-windows-64\dataTrack1\IMG\right_2024_11_20_20_16_57_869.jpg, 0, 0.5596368, 0, 20.42222
C:\Users\Owner\Downloads\simulator-windows-64\dataTrack1\IMG\center_2024_11_20_20_16_57_975.jpg, C:\Users\Owner\Downloads\simulator-windows-64\dataTrack1\IMG\left_2024_11_20_20_16_57_975.jpg, C:\Users\Owner\Downloads\simulator-windows-64\dataTrack1\IMG\right_2024_11_20_20_16_57_975.jpg, 0, 0.8760977, 0, 21.27502
C:\Users\Owner\Downloads\simulator-windows-64\dataTrack1\IMG\center_2024_11_20_20_16_58_078.jpg, C:\Users\Owner\Downloads\simulator-windows-64\dataTrack1\IMG\left_2024_11_20_20_16_58_078.jpg, C:\Users\Owner\Downloads\simulator-windows-64\dataTrack1\IMG\right_2024_11_20_20_16_58_078.jpg, 0, 0.6697862, 0, 21.84183
C:\Users\Owner\Downloads\simulator-windows-64\dataTrack1\IMG\center_2024_11_20_20_16_58_181.jpg, C:\Users\Owner\Downloads\simulator-windows-64\dataTrack1\IMG\left_2024_11_20_20_16_58_181.jpg, C:\Users\Owner\Downloads\simulator-windows-64\dataTrack1\IMG\right_2024_11_20_20_16_58_181.jpg, 0, 0.9804968, 0, 22.65712
C:\Users\Owner\Downloads\simulator-windows-64\dataTrack1\IMG\center_2024_11_20_20_16_58_285.jpg, C:\Users\Owner\Downloads\simulator-windows-64\dataTrack1\IMG\left_2024_11_20_20_16_58_285.jpg, C:\Users\Owner\Downloads\simulator-windows-64\dataTrack1\IMG\right_2024_11_20_20_16_58_285.jpg, 0, 0.6696797, 0, 23.4513
C:\Users\Owner\Downloads\simulator-windows-64\dataTrack1\IMG\center_2024_11_20_20_16_58_388.jpg, C:\Users\Owner\Downloads\simulator-windows-64\dataTrack1\IMG\left_2024_11_20_20_16_58_388.jpg, C:\Users\Owner\Downloads\simulator-windows-64\dataTrack1\IMG\right_2024_11_20_20_16_58_388.jpg, 0, 0.9789371, 0, 24.35445
C:\Users\Owner\Downloads\simulator-windows-64\dataTrack1\IMG\center_2024_11_20_20_16_58_493.jpg, C:\Users\Owner\Downloads\simulator-windows-64\dataTrack1\IMG\left_2024_11_20_20_16_58_493.jpg, C:\Users\Owner\Downloads\simulator-windows-64\dataTrack1\IMG\right_2024_11_20_20_16_58_493.jpg, 0, 0.7978942, 0, 25.2245
C:\Users\Owner\Downloads\simulator-windows-64\dataTrack1\IMG\center_2024_11_20_20_16_58_598.jpg, C:\Users\Owner\Downloads\simulator-windows-64\dataTrack1\IMG\left_2024_11_20_20_16_58_598.jpg, C:\Users\Owner\Downloads\simulator-windows-64\dataTrack1\IMG\right_2024_11_20_20_16_58_598.jpg, 0, 0.7946611, 0, 25.84793
C:\Users\Owner\Downloads\simulator-windows-64\dataTrack1\IMG\center_2024_11_20_20_16_58_702.jpg, C:\Users\Owner\Downloads\simulator-windows-64\dataTrack1\IMG\left_2024_11_20_20_16_58_702.jpg, C:\Users\Owner\Downloads\simulator-windows-64\dataTrack1\IMG\right_2024_11_20_20_16_58_702.jpg, 0, 0.7871848, 0, 26.65569
C:\Users\Owner\Downloads\simulator-windows-64\dataTrack1\IMG\center_2024_11_20_20_16_58_807.jpg, C:\Users\Owner\Downloads\simulator-windows-64\dataTrack1\IMG\left_2024_11_20_20_16_58_807.jpg, C:\Users\Owner\Downloads\simulator-windows-64\dataTrack1\IMG\right_2024_11_20_20_16_58_807.jpg, 0, 0.4714521, 0, 27.2525
C:\Users\Owner\Downloads\simulator-windows-64\dataTrack1\IMG\center_2024_11_20_20_16_58_911.jpg, C:\Users\Owner\Downloads\simulator-windows-64\dataTrack1\IMG\left_2024_11_20_20_16_58_911.jpg, C:\Users\Owner\Downloads\simulator-windows-64\dataTrack1\IMG\right_2024_11_20_20_16_58_911.jpg, 0, 0.6153793, 0, 27.56732
C:\Users\Owner\Downloads\simulator-windows-64\dataTrack1\IMG\center_2024_11_20_20_16_59_015.jpg, C:\Users\Owner\Downloads\simulator-windows-64\dataTrack1\IMG\left_2024_11_20_20_16_59_015.jpg, C:\Users\Owner\Downloads\simulator-windows-64\dataTrack1\IMG\right_2024_11_20_20_16_59_015.jpg, 0, 0.3009685, 0, 27.85149
C:\Users\Owner\Downloads\simulator-windows-64\dataTrack1\IMG\center_2024_11_20_20_16_59_123.jpg, C:\Users\Owner\Downloads\simulator-windows-64\dataTrack1\IMG\left_2024_11_20_20_16_59_123.jpg, C:\Users\Owner\Downloads\simulator-windows-64\dataTrack1\IMG\right_2024_11_20_20_16_59_123.jpg, 0, 0.1839313, 0, 27.76829
C:\Users\Owner\Downloads\simulator-windows-64\dataTrack1\IMG\center_2024_11_20_20_16_59_227.jpg, C:\Users\Owner\Downloads\simulator-windows-64\dataTrack1\IMG\left_2024_11_20_20_16_59_227.jpg, C:\Users\Owner\Downloads\simulator-windows-64\dataTrack1\IMG\right_2024_11_20_20_16_59_227.jpg, 0, 0.156346, 0, 27.78449
C:\Users\Owner\Downloads\simulator-windows-64\dataTrack1\IMG\center_2024_11_20_20_16_59_330.jpg, C:\Users\Owner\Downloads\simulator-windows-64\dataTrack1\IMG\left_2024_11_20_20_16_59_330.jpg, C:\Users\Owner\Downloads\simulator-windows-64\dataTrack1\IMG\right_2024_11_20_20_16_59_330.jpg, 0, 0.0527481, 0, 27.4798
C:\Users\Owner\Downloads\simulator-windows-64\dataTrack1\IMG\center_2024_11_20_20_16_59_437.jpg, C:\Users\Owner\Downloads\simulator-windows-64\dataTrack1\IMG\left_2024_11_20_20_16_59_437.jpg, C:\Users\Owner\Downloads\simulator-windows-64\dataTrack1\IMG\right_2024_11_20_20_16_59_437.jpg, 0, 0.1620462, 0, 27.41946
C:\Users\Owner\Downloads\simulator-windows-64\dataTrack1\IMG\center_2024_11_20_20_16_59_540.jpg, C:\Users\Owner\Downloads\simulator-windows-64\dataTrack1\IMG\left_2024_11_20_20_16_59_540.jpg, C:\Users\Owner\Downloads\simulator-windows-64\dataTrack1\IMG\right_2024_11_20_20_16_59_540.jpg, 0, 0, 0, 27.20553
C:\Users\Owner\Downloads\simulator-windows-64\dataTrack1\IMG\center_2024_11_20_20_16_59_644.jpg, C:\Users\Owner\Downloads\simulator-windows-64\dataTrack1\IMG\left_2024_11_20_20_16_59_644.jpg, C:\Users\Owner\Downloads\simulator-windows-64\dataTrack1\IMG\right_2024_11_20_20_16_59_644.jpg, 0, 0.1539102, 0, 27.0763
C:\Users\Owner\Downloads\simulator-windows-64\dataTrack1\IMG\center_2024_11_20_20_16_59_747.jpg, C:\Users\Owner\Downloads\simulator-windows-64\dataTrack1\IMG\left_2024_11_20_20_16_59_747.jpg, C:\Users\Owner\Downloads\simulator-windows-64\dataTrack1\IMG\right_2024_11_20_20_16_59_747.jpg, 0, 0, 0, 26.78083
C:\Users\Owner\Downloads\simulator-windows-64\dataTrack1\IMG\center_2024_11_20_20_16_59_850.jpg, C:\Users\Owner\Downloads\simulator-windows-64\dataTrack1\IMG\left_2024_11_20_20_16_59_850.jpg, C:\Users\Owner\Downloads\simulator-windows-64\dataTrack1\IMG\right_2024_11_20_20_16_59_850.jpg, 0, 0.3073725, 0, 26.7044
C:\Users\Owner\Downloads\simulator-windows-64\dataTrack1\IMG\center_2024_11_20_20_16_59_955.jpg, C:\Users\Owner\Downloads\simulator-windows-64\dataTrack1\IMG\left_2024_11_20_20_16_59_955.jpg, C:\Users\Owner\Downloads\simulator-windows-64\dataTrack1\IMG\right_2024_11_20_20_16_59_955.jpg, 0, 0, 0, 26.61159
C:\Users\Owner\Downloads\simulator-windows-64\dataTrack1\IMG\center_2024_11_20_20_17_00_059.jpg, C:\Users\Owner\Downloads\simulator-windows-64\dataTrack1\IMG\left_2024_11_20_20_17_00_059.jpg, C:\Users\Owner\Downloads\simulator-windows-64\dataTrack1\IMG\right_2024_11_20_20_17_00_059.jpg, 0, 0.2071758, 0, 26.40997
C:\Users\Owner\Downloads\simulator-windows-64\dataTrack1\IMG\center_2024_11_20_20_17_00_162.jpg, C:\Users\Owner\Downloads\simulator-windows-64\dataTrack1\IMG\left_2024_11_20_20_17_00_162.jpg, C:\Users\Owner\Downloads\simulator-windows-64\dataTrack1\IMG\right_2024_11_20_20_17_00_162.jpg, 0, 0.06905313, 0, 26.42879
C:\Users\Owner\Downloads\simulator-windows-64\dataTrack1\IMG\center_2024_11_20_20_17_00_265.jpg, C:\Users\Owner\Downloads\simulator-windows-64\dataTrack1\IMG\left_2024_11_20_20_17_00_265.jpg, C:\Users\Owner\Downloads\simulator-windows-64\dataTrack1\IMG\right_2024_11_20_20_17_00_265.jpg, 0, 0, 0, 26.16821
C:\Users\Owner\Downloads\simulator-windows-64\dataTrack1\IMG\center_2024_11_20_20_17_00_370.jpg, C:\Users\Owner\Downloads\simulator-windows-64\dataTrack1\IMG\left_2024_11_20_20_17_00_370.jpg, C:\Users\Owner\Downloads\simulator-windows-64\dataTrack1\IMG\right_2024_11_20_20_17_00_370.jpg, 0, 0, 0, 25.8531
C:\Users\Owner\Downloads\simulator-windows-64\dataTrack1\IMG\center_2024_11_20_20_17_00_474.jpg, C:\Users\Owner\Downloads\simulator-windows-64\dataTrack1\IMG\left_2024_11_20_20_17_00_474.jpg, C:\Users\Owner\Downloads\simulator-windows-64\dataTrack1\IMG\right_2024_11_20_20_17_00_474.jpg, 0, 0, 0, 25.59351
C:\Users\Owner\Downloads\simulator-windows-64\dataTrack1\IMG\center_2024_11_20_20_17_00_579.jpg, C:\Users\Owner\Downloads\simulator-windows-64\dataTrack1\IMG\left_2024_11_20_20_17_00_579.jpg, C:\Users\Owner\Downloads\simulator-windows-64\dataTrack1\IMG\right_2024_11_20_20_17_00_579.jpg, -0.3119871, 0, 0, 25.28341
C:\Users\Owner\Downloads\simulator-windows-64\dataTrack1\IMG\center_2024_11_20_20_17_00_682.jpg, C:\Users\Owner\Downloads\simulator-windows-64\dataTrack1\IMG\left_2024_11_20_20_17_00_682.jpg, C:\Users\Owner\Downloads\simulator-windows-64\dataTrack1\IMG\right_2024_11_20_20_17_00_682.jpg, -0.002106603, 0, 0, 25.01486
C:\Users\Owner\Downloads\simulator-windows-64\dataTrack1\IMG\center_2024_11_20_20_17_00_783.jpg, C:\Users\Owner\Downloads\simulator-windows-64\dataTrack1\IMG\left_2024_11_20_20_17_00_783.jpg, C:\Users\Owner\Downloads\simulator-windows-64\dataTrack1\IMG\right_2024_11_20_20_17_00_783.jpg, 0, 0, 0, 24.75919
C:\Users\Owner\Downloads\simulator-windows-64\dataTrack1\IMG\center_2024_11_20_20_17_00_889.jpg, C:\Users\Owner\Downloads\simulator-windows-64\dataTrack1\IMG\left_2024_11_20_20_17_00_889.jpg, C:\Users\Owner\Downloads\simulator-windows-64\dataTrack1\IMG\right_2024_11_20_20_17_00_889.jpg, 0, 0.2097789, 0, 24.55565
C:\Users\Owner\Downloads\simulator-windows-64\dataTrack1\IMG\center_2024_11_20_20_17_00_991.jpg, C:\Users\Owner\Downloads\simulator-windows-64\dataTrack1\IMG\left_2024_11_20_20_17_00_991.jpg, C:\Users\Owner\Downloads\simulator-windows-64\dataTrack1\IMG\right_2024_11_20_20_17_00_991.jpg, 0, 0.2127579, 0, 24.66586
C:\Users\Owner\Downloads\simulator-windows-64\dataTrack1\IMG\center_2024_11_20_20_17_01_095.jpg, C:\Users\Owner\Downloads\simulator-windows-64\dataTrack1\IMG\left_2024_11_20_20_17_01_095.jpg, C:\Users\Owner\Downloads\simulator-windows-64\dataTrack1\IMG\right_2024_11_20_20_17_01_095.jpg, 0, 0.1062975, 0, 24.51199
C:\Users\Owner\Downloads\simulator-windows-64\dataTrack1\IMG\center_2024_11_20_20_17_01_197.jpg, C:\Users\Owner\Downloads\simulator-windows-64\dataTrack1\IMG\left_2024_11_20_20_17_01_197.jpg, C:\Users\Owner\Downloads\simulator-windows-64\dataTrack1\IMG\right_2024_11_20_20_17_01_197.jpg, 0, 0.008714661, 0, 24.43122
C:\Users\Owner\Downloads\simulator-windows-64\dataTrack1\IMG\center_2024_11_20_20_17_01_300.jpg, C:\Users\Owner\Downloads\simulator-windows-64\dataTrack1\IMG\left_2024_11_20_20_17_01_300.jpg, C:\Users\Owner\Downloads\simulator-windows-64\dataTrack1\IMG\right_2024_11_20_20_17_01_300.jpg, 0, 0.1026498, 0, 24.20882
C:\Users\Owner\Downloads\simulator-windows-64\dataTrack1\IMG\center_2024_11_20_20_17_01_405.jpg, C:\Users\Owner\Downloads\simulator-windows-64\dataTrack1\IMG\left_2024_11_20_20_17_01_405.jpg, C:\Users\Owner\Downloads\simulator-windows-64\dataTrack1\IMG\right_2024_11_20_20_17_01_405.jpg, 0, 0.1599282, 0, 24.20007
C:\Users\Owner\Downloads\simulator-windows-64\dataTrack1\IMG\center_2024_11_20_20_17_01_511.jpg, C:\Users\Owner\Downloads\simulator-windows-64\dataTrack1\IMG\left_2024_11_20_20_17_01_511.jpg, C:\Users\Owner\Downloads\simulator-windows-64\dataTrack1\IMG\right_2024_11_20_20_17_01_511.jpg, 0, 0.1602864, 0, 23.99327
C:\Users\Owner\Downloads\simulator-windows-64\dataTrack1\IMG\center_2024_11_20_20_17_01_614.jpg, C:\Users\Owner\Downloads\simulator-windows-64\dataTrack1\IMG\left_2024_11_20_20_17_01_614.jpg, C:\Users\Owner\Downloads\simulator-windows-64\dataTrack1\IMG\right_2024_11_20_20_17_01_614.jpg, 0, 0.05451301, 0, 23.96933
C:\Users\Owner\Downloads\simulator-windows-64\dataTrack1\IMG\center_2024_11_20_20_17_01_715.jpg, C:\Users\Owner\Downloads\simulator-windows-64\dataTrack1\IMG\left_2024_11_20_20_17_01_715.jpg, C:\Users\Owner\Downloads\simulator-windows-64\dataTrack1\IMG\right_2024_11_20_20_17_01_715.jpg, 0, 0.2043351, 0, 23.8083
C:\Users\Owner\Downloads\simulator-windows-64\dataTrack1\IMG\center_2024_11_20_20_17_01_820.jpg, C:\Users\Owner\Downloads\simulator-windows-64\dataTrack1\IMG\left_2024_11_20_20_17_01_820.jpg, C:\Users\Owner\Downloads\simulator-windows-64\dataTrack1\IMG\right_2024_11_20_20_17_01_820.jpg, 0, 0.1975083, 0, 23.90472
C:\Users\Owner\Downloads\simulator-windows-64\dataTrack1\IMG\center_2024_11_20_20_17_01_923.jpg, C:\Users\Owner\Downloads\simulator-windows-64\dataTrack1\IMG\left_2024_11_20_20_17_01_923.jpg, C:\Users\Owner\Downloads\simulator-windows-64\dataTrack1\IMG\right_2024_11_20_20_17_01_923.jpg, 0, 0.1475409, 0, 23.79922
C:\Users\Owner\Downloads\simulator-windows-64\dataTrack1\IMG\center_2024_11_20_20_17_02_027.jpg, C:\Users\Owner\Downloads\simulator-windows-64\dataTrack1\IMG\left_2024_11_20_20_17_02_027.jpg, C:\Users\Owner\Downloads\simulator-windows-64\dataTrack1\IMG\right_2024_11_20_20_17_02_027.jpg, 0, 0.198078, 0, 23.92136
C:\Users\Owner\Downloads\simulator-windows-64\dataTrack1\IMG\center_2024_11_20_20_17_02_132.jpg, C:\Users\Owner\Downloads\simulator-windows-64\dataTrack1\IMG\left_2024_11_20_20_17_02_132.jpg, C:\Users\Owner\Downloads\simulator-windows-64\dataTrack1\IMG\right_2024_11_20_20_17_02_132.jpg, 0, 0, 0, 23.73151
C:\Users\Owner\Downloads\simulator-windows-64\dataTrack1\IMG\center_2024_11_20_20_17_02_233.jpg, C:\Users\Owner\Downloads\simulator-windows-64\dataTrack1\IMG\left_2024_11_20_20_17_02_233.jpg, C:\Users\Owner\Downloads\simulator-windows-64\dataTrack1\IMG\right_2024_11_20_20_17_02_233.jpg, 0, 0.1977318, 0, 23.68744
C:\Users\Owner\Downloads\simulator-windows-64\dataTrack1\IMG\center_2024_11_20_20_17_02_337.jpg, C:\Users\Owner\Downloads\simulator-windows-64\dataTrack1\IMG\left_2024_11_20_20_17_02_337.jpg, C:\Users\Owner\Downloads\simulator-windows-64\dataTrack1\IMG\right_2024_11_20_20_17_02_337.jpg, 0, 0, 0, 23.52562
C:\Users\Owner\Downloads\simulator-windows-64\dataTrack1\IMG\center_2024_11_20_20_17_02_439.jpg, C:\Users\Owner\Downloads\simulator-windows-64\dataTrack1\IMG\left_2024_11_20_20_17_02_439.jpg, C:\Users\Owner\Downloads\simulator-windows-64\dataTrack1\IMG\right_2024_11_20_20_17_02_439.jpg, 0, 0, 0, 23.28299
C:\Users\Owner\Downloads\simulator-windows-64\dataTrack1\IMG\center_2024_11_20_20_17_02_544.jpg, C:\Users\Owner\Downloads\simulator-windows-64\dataTrack1\IMG\left_2024_11_20_20_17_02_544.jpg, C:\Users\Owner\Downloads\simulator-windows-64\dataTrack1\IMG\right_2024_11_20_20_17_02_544.jpg, 0, 0, 0, 23.0512
C:\Users\Owner\Downloads\simulator-windows-64\dataTrack1\IMG\center_2024_11_20_20_17_02_648.jpg, C:\Users\Owner\Downloads\simulator-windows-64\dataTrack1\IMG\left_2024_11_20_20_17_02_648.jpg, C:\Users\Owner\Downloads\simulator-windows-64\dataTrack1\IMG\right_2024_11_20_20_17_02_648.jpg, 0, 0, 0, 22.77347
C:\Users\Owner\Downloads\simulator-windows-64\dataTrack1\IMG\center_2024_11_20_20_17_02_750.jpg, C:\Users\Owner\Downloads\simulator-windows-64\dataTrack1\IMG\left_2024_11_20_20_17_02_750.jpg, C:\Users\Owner\Downloads\simulator-windows-64\dataTrack1\IMG\right_2024_11_20_20_17_02_750.jpg, -0.1037568, 0, 0, 22.54132
C:\Users\Owner\Downloads\simulator-windows-64\dataTrack1\IMG\center_2024_11_20_20_17_02_856.jpg, C:\Users\Owner\Downloads\simulator-windows-64\dataTrack1\IMG\left_2024_11_20_20_17_02_856.jpg, C:\Users\Owner\Downloads\simulator-windows-64\dataTrack1\IMG\right_2024_11_20_20_17_02_856.jpg, -0.3145107, 0, 0, 22.2276
C:\Users\Owner\Downloads\simulator-windows-64\dataTrack1\IMG\center_2024_11_20_20_17_02_959.jpg, C:\Users\Owner\Downloads\simulator-windows-64\dataTrack1\IMG\left_2024_11_20_20_17_02_959.jpg, C:\Users\Owner\Downloads\simulator-windows-64\dataTrack1\IMG\right_2024_11_20_20_17_02_959.jpg, -0.006350413, 0, 0, 22.00022
C:\Users\Owner\Downloads\simulator-windows-64\dataTrack1\IMG\center_2024_11_20_20_17_03_060.jpg, C:\Users\Owner\Downloads\simulator-windows-64\dataTrack1\IMG\left_2024_11_20_20_17_03_060.jpg, C:\Users\Owner\Downloads\simulator-windows-64\dataTrack1\IMG\right_2024_11_20_20_17_03_060.jpg, -0.3128949, 0, 0, 21.75512
C:\Users\Owner\Downloads\simulator-windows-64\dataTrack1\IMG\center_2024_11_20_20_17_03_164.jpg, C:\Users\Owner\Downloads\simulator-windows-64\dataTrack1\IMG\left_2024_11_20_20_17_03_164.jpg, C:\Users\Owner\Downloads\simulator-windows-64\dataTrack1\IMG\right_2024_11_20_20_17_03_164.jpg, -0.4632147, 0, 0, 21.41813
C:\Users\Owner\Downloads\simulator-windows-64\dataTrack1\IMG\center_2024_11_20_20_17_03_267.jpg, C:\Users\Owner\Downloads\simulator-windows-64\dataTrack1\IMG\left_2024_11_20_20_17_03_267.jpg, C:\Users\Owner\Downloads\simulator-windows-64\dataTrack1\IMG\right_2024_11_20_20_17_03_267.jpg, -0.1048278, 0, 0, 21.16886
C:\Users\Owner\Downloads\simulator-windows-64\dataTrack1\IMG\center_2024_11_20_20_17_03_371.jpg, C:\Users\Owner\Downloads\simulator-windows-64\dataTrack1\IMG\left_2024_11_20_20_17_03_371.jpg, C:\Users\Owner\Downloads\simulator-windows-64\dataTrack1\IMG\right_2024_11_20_20_17_03_371.jpg, 0, 0, 0, 20.93636
C:\Users\Owner\Downloads\simulator-windows-64\dataTrack1\IMG\center_2024_11_20_20_17_03_474.jpg, C:\Users\Owner\Downloads\simulator-windows-64\dataTrack1\IMG\left_2024_11_20_20_17_03_474.jpg, C:\Users\Owner\Downloads\simulator-windows-64\dataTrack1\IMG\right_2024_11_20_20_17_03_474.jpg, 0, 0, 0, 20.72595
C:\Users\Owner\Downloads\simulator-windows-64\dataTrack1\IMG\center_2024_11_20_20_17_03_578.jpg, C:\Users\Owner\Downloads\simulator-windows-64\dataTrack1\IMG\left_2024_11_20_20_17_03_578.jpg, C:\Users\Owner\Downloads\simulator-windows-64\dataTrack1\IMG\right_2024_11_20_20_17_03_578.jpg, 0, 0, 0, 20.51501
C:\Users\Owner\Downloads\simulator-windows-64\dataTrack1\IMG\center_2024_11_20_20_17_03_682.jpg, C:\Users\Owner\Downloads\simulator-windows-64\dataTrack1\IMG\left_2024_11_20_20_17_03_682.jpg, C:\Users\Owner\Downloads\simulator-windows-64\dataTrack1\IMG\right_2024_11_20_20_17_03_682.jpg, -0.1547682, 0, 0, 20.30634
C:\Users\Owner\Downloads\simulator-windows-64\dataTrack1\IMG\center_2024_11_20_20_17_03_786.jpg, C:\Users\Owner\Downloads\simulator-windows-64\dataTrack1\IMG\left_2024_11_20_20_17_03_786.jpg, C:\Users\Owner\Downloads\simulator-windows-64\dataTrack1\IMG\right_2024_11_20_20_17_03_786.jpg, -0.3071127, 0, 0, 20.0225
C:\Users\Owner\Downloads\simulator-windows-64\dataTrack1\IMG\center_2024_11_20_20_17_03_890.jpg, C:\Users\Owner\Downloads\simulator-windows-64\dataTrack1\IMG\left_2024_11_20_20_17_03_890.jpg, C:\Users\Owner\Downloads\simulator-windows-64\dataTrack1\IMG\right_2024_11_20_20_17_03_890.jpg, 0, 0, 0, 19.77457
C:\Users\Owner\Downloads\simulator-windows-64\dataTrack1\IMG\center_2024_11_20_20_17_03_994.jpg, C:\Users\Owner\Downloads\simulator-windows-64\dataTrack1\IMG\left_2024_11_20_20_17_03_994.jpg, C:\Users\Owner\Downloads\simulator-windows-64\dataTrack1\IMG\right_2024_11_20_20_17_03_994.jpg, 0, 0, 0, 19.59718
C:\Users\Owner\Downloads\simulator-windows-64\dataTrack1\IMG\center_2024_11_20_20_17_04_097.jpg, C:\Users\Owner\Downloads\simulator-windows-64\dataTrack1\IMG\left_2024_11_20_20_17_04_097.jpg, C:\Users\Owner\Downloads\simulator-windows-64\dataTrack1\IMG\right_2024_11_20_20_17_04_097.jpg, 0, 0, 0, 19.28876
C:\Users\Owner\Downloads\simulator-windows-64\dataTrack1\IMG\center_2024_11_20_20_17_04_199.jpg, C:\Users\Owner\Downloads\simulator-windows-64\dataTrack1\IMG\left_2024_11_20_20_17_04_199.jpg, C:\Users\Owner\Downloads\simulator-windows-64\dataTrack1\IMG\right_2024_11_20_20_17_04_199.jpg, 0, 0, 0, 19.27414
C:\Users\Owner\Downloads\simulator-windows-64\dataTrack1\IMG\center_2024_11_20_20_17_04_304.jpg, C:\Users\Owner\Downloads\simulator-windows-64\dataTrack1\IMG\left_2024_11_20_20_17_04_304.jpg, C:\Users\Owner\Downloads\simulator-windows-64\dataTrack1\IMG\right_2024_11_20_20_17_04_304.jpg, 0, 0, 0, 18.79325
C:\Users\Owner\Downloads\simulator-windows-64\dataTrack1\IMG\center_2024_11_20_20_17_04_408.jpg, C:\Users\Owner\Downloads\simulator-windows-64\dataTrack1\IMG\left_2024_11_20_20_17_04_408.jpg, C:\Users\Owner\Downloads\simulator-windows-64\dataTrack1\IMG\right_2024_11_20_20_17_04_408.jpg, -0.2226885, 0, 0, 18.51701
C:\Users\Owner\Downloads\simulator-windows-64\dataTrack1\IMG\center_2024_11_20_20_17_04_512.jpg, C:\Users\Owner\Downloads\simulator-windows-64\dataTrack1\IMG\left_2024_11_20_20_17_04_512.jpg, C:\Users\Owner\Downloads\simulator-windows-64\dataTrack1\IMG\right_2024_11_20_20_17_04_512.jpg, -0.1181178, 0, 0, 18.72325
C:\Users\Owner\Downloads\simulator-windows-64\dataTrack1\IMG\center_2024_11_20_20_17_04_615.jpg, C:\Users\Owner\Downloads\simulator-windows-64\dataTrack1\IMG\left_2024_11_20_20_17_04_615.jpg, C:\Users\Owner\Downloads\simulator-windows-64\dataTrack1\IMG\right_2024_11_20_20_17_04_615.jpg, -0.0564189, 0, 0, 18.04365
C:\Users\Owner\Downloads\simulator-windows-64\dataTrack1\IMG\center_2024_11_20_20_17_04_717.jpg, C:\Users\Owner\Downloads\simulator-windows-64\dataTrack1\IMG\left_2024_11_20_20_17_04_717.jpg, C:\Users\Owner\Downloads\simulator-windows-64\dataTrack1\IMG\right_2024_11_20_20_17_04_717.jpg, -0.3621627, 0, 0, 18.29325
C:\Users\Owner\Downloads\simulator-windows-64\dataTrack1\IMG\center_2024_11_20_20_17_04_823.jpg, C:\Users\Owner\Downloads\simulator-windows-64\dataTrack1\IMG\left_2024_11_20_20_17_04_823.jpg, C:\Users\Owner\Downloads\simulator-windows-64\dataTrack1\IMG\right_2024_11_20_20_17_04_823.jpg, -0.04764332, 0, 0, 17.62005
C:\Users\Owner\Downloads\simulator-windows-64\dataTrack1\IMG\center_2024_11_20_20_17_04_926.jpg, C:\Users\Owner\Downloads\simulator-windows-64\dataTrack1\IMG\left_2024_11_20_20_17_04_926.jpg, C:\Users\Owner\Downloads\simulator-windows-64\dataTrack1\IMG\right_2024_11_20_20_17_04_926.jpg, -0.106893, 0, 0, 17.93892
C:\Users\Owner\Downloads\simulator-windows-64\dataTrack1\IMG\center_2024_11_20_20_17_05_031.jpg, C:\Users\Owner\Downloads\simulator-windows-64\dataTrack1\IMG\left_2024_11_20_20_17_05_031.jpg, C:\Users\Owner\Downloads\simulator-windows-64\dataTrack1\IMG\right_2024_11_20_20_17_05_031.jpg, -0.1648077, 0, 0, 17.69733
C:\Users\Owner\Downloads\simulator-windows-64\dataTrack1\IMG\center_2024_11_20_20_17_05_133.jpg, C:\Users\Owner\Downloads\simulator-windows-64\dataTrack1\IMG\left_2024_11_20_20_17_05_133.jpg, C:\Users\Owner\Downloads\simulator-windows-64\dataTrack1\IMG\right_2024_11_20_20_17_05_133.jpg, 0, 0, 0, 16.98567
C:\Users\Owner\Downloads\simulator-windows-64\dataTrack1\IMG\center_2024_11_20_20_17_05_238.jpg, C:\Users\Owner\Downloads\simulator-windows-64\dataTrack1\IMG\left_2024_11_20_20_17_05_238.jpg, C:\Users\Owner\Downloads\simulator-windows-64\dataTrack1\IMG\right_2024_11_20_20_17_05_238.jpg, -0.2233698, 0, 0, 17.32004
C:\Users\Owner\Downloads\simulator-windows-64\dataTrack1\IMG\center_2024_11_20_20_17_05_340.jpg, C:\Users\Owner\Downloads\simulator-windows-64\dataTrack1\IMG\left_2024_11_20_20_17_05_340.jpg, C:\Users\Owner\Downloads\simulator-windows-64\dataTrack1\IMG\right_2024_11_20_20_17_05_340.jpg, -0.1187559, 0, 0, 16.5872
C:\Users\Owner\Downloads\simulator-windows-64\dataTrack1\IMG\center_2024_11_20_20_17_05_444.jpg, C:\Users\Owner\Downloads\simulator-windows-64\dataTrack1\IMG\left_2024_11_20_20_17_05_444.jpg, C:\Users\Owner\Downloads\simulator-windows-64\dataTrack1\IMG\right_2024_11_20_20_17_05_444.jpg, -0.1714722, 0.052524, 0, 16.9474
C:\Users\Owner\Downloads\simulator-windows-64\dataTrack1\IMG\center_2024_11_20_20_17_05_549.jpg, C:\Users\Owner\Downloads\simulator-windows-64\dataTrack1\IMG\left_2024_11_20_20_17_05_549.jpg, C:\Users\Owner\Downloads\simulator-windows-64\dataTrack1\IMG\right_2024_11_20_20_17_05_549.jpg, 0, 0.30381, 0, 17.05999
C:\Users\Owner\Downloads\simulator-windows-64\dataTrack1\IMG\center_2024_11_20_20_17_05_654.jpg, C:\Users\Owner\Downloads\simulator-windows-64\dataTrack1\IMG\left_2024_11_20_20_17_05_654.jpg, C:\Users\Owner\Downloads\simulator-windows-64\dataTrack1\IMG\right_2024_11_20_20_17_05_654.jpg, -0.1546329, 0, 0, 16.54771
C:\Users\Owner\Downloads\simulator-windows-64\dataTrack1\IMG\center_2024_11_20_20_17_05_758.jpg, C:\Users\Owner\Downloads\simulator-windows-64\dataTrack1\IMG\left_2024_11_20_20_17_05_758.jpg, C:\Users\Owner\Downloads\simulator-windows-64\dataTrack1\IMG\right_2024_11_20_20_17_05_758.jpg, -0.4699089, 0, 0, 16.79872
C:\Users\Owner\Downloads\simulator-windows-64\dataTrack1\IMG\center_2024_11_20_20_17_05_861.jpg, C:\Users\Owner\Downloads\simulator-windows-64\dataTrack1\IMG\left_2024_11_20_20_17_05_861.jpg, C:\Users\Owner\Downloads\simulator-windows-64\dataTrack1\IMG\right_2024_11_20_20_17_05_861.jpg, -0.1624341, 0.3074748, 0, 16.31535
C:\Users\Owner\Downloads\simulator-windows-64\dataTrack1\IMG\center_2024_11_20_20_17_05_964.jpg, C:\Users\Owner\Downloads\simulator-windows-64\dataTrack1\IMG\left_2024_11_20_20_17_05_964.jpg, C:\Users\Owner\Downloads\simulator-windows-64\dataTrack1\IMG\right_2024_11_20_20_17_05_964.jpg, -0.1158409, 0.0466281, 0, 16.85282
C:\Users\Owner\Downloads\simulator-windows-64\dataTrack1\IMG\center_2024_11_20_20_17_06_070.jpg, C:\Users\Owner\Downloads\simulator-windows-64\dataTrack1\IMG\left_2024_11_20_20_17_06_070.jpg, C:\Users\Owner\Downloads\simulator-windows-64\dataTrack1\IMG\right_2024_11_20_20_17_06_070.jpg, -0.4820863, 0, 0, 16.57747
C:\Users\Owner\Downloads\simulator-windows-64\dataTrack1\IMG\center_2024_11_20_20_17_06_175.jpg, C:\Users\Owner\Downloads\simulator-windows-64\dataTrack1\IMG\left_2024_11_20_20_17_06_175.jpg, C:\Users\Owner\Downloads\simulator-windows-64\dataTrack1\IMG\right_2024_11_20_20_17_06_175.jpg, -0.167871, 0.2036421, 0, 15.97664
C:\Users\Owner\Downloads\simulator-windows-64\dataTrack1\IMG\center_2024_11_20_20_17_06_276.jpg, C:\Users\Owner\Downloads\simulator-windows-64\dataTrack1\IMG\left_2024_11_20_20_17_06_276.jpg, C:\Users\Owner\Downloads\simulator-windows-64\dataTrack1\IMG\right_2024_11_20_20_17_06_276.jpg, -0.4743777, 0.101805, 0, 16.54936
C:\Users\Owner\Downloads\simulator-windows-64\dataTrack1\IMG\center_2024_11_20_20_17_06_380.jpg, C:\Users\Owner\Downloads\simulator-windows-64\dataTrack1\IMG\left_2024_11_20_20_17_06_380.jpg, C:\Users\Owner\Downloads\simulator-windows-64\dataTrack1\IMG\right_2024_11_20_20_17_06_380.jpg, -0.7843122, 0, 0, 15.77808
C:\Users\Owner\Downloads\simulator-windows-64\dataTrack1\IMG\center_2024_11_20_20_17_06_483.jpg, C:\Users\Owner\Downloads\simulator-windows-64\dataTrack1\IMG\left_2024_11_20_20_17_06_483.jpg, C:\Users\Owner\Downloads\simulator-windows-64\dataTrack1\IMG\right_2024_11_20_20_17_06_483.jpg, -0.7838985, 0, 0, 15.93598
C:\Users\Owner\Downloads\simulator-windows-64\dataTrack1\IMG\center_2024_11_20_20_17_06_588.jpg, C:\Users\Owner\Downloads\simulator-windows-64\dataTrack1\IMG\left_2024_11_20_20_17_06_588.jpg, C:\Users\Owner\Downloads\simulator-windows-64\dataTrack1\IMG\right_2024_11_20_20_17_06_588.jpg, -0.5797493, 0, 0, 15.78731
C:\Users\Owner\Downloads\simulator-windows-64\dataTrack1\IMG\center_2024_11_20_20_17_06_692.jpg, C:\Users\Owner\Downloads\simulator-windows-64\dataTrack1\IMG\left_2024_11_20_20_17_06_692.jpg, C:\Users\Owner\Downloads\simulator-windows-64\dataTrack1\IMG\right_2024_11_20_20_17_06_692.jpg, -0.6815478, 0.1548087, 0, 15.08293
C:\Users\Owner\Downloads\simulator-windows-64\dataTrack1\IMG\center_2024_11_20_20_17_06_795.jpg, C:\Users\Owner\Downloads\simulator-windows-64\dataTrack1\IMG\left_2024_11_20_20_17_06_795.jpg, C:\Users\Owner\Downloads\simulator-windows-64\dataTrack1\IMG\right_2024_11_20_20_17_06_795.jpg, -0.3706955, 0.1570287, 0, 15.78183
C:\Users\Owner\Downloads\simulator-windows-64\dataTrack1\IMG\center_2024_11_20_20_17_06_900.jpg, C:\Users\Owner\Downloads\simulator-windows-64\dataTrack1\IMG\left_2024_11_20_20_17_06_900.jpg, C:\Users\Owner\Downloads\simulator-windows-64\dataTrack1\IMG\right_2024_11_20_20_17_06_900.jpg, -0.05803011, 0, 0, 15.16104
C:\Users\Owner\Downloads\simulator-windows-64\dataTrack1\IMG\center_2024_11_20_20_17_07_002.jpg, C:\Users\Owner\Downloads\simulator-windows-64\dataTrack1\IMG\left_2024_11_20_20_17_07_002.jpg, C:\Users\Owner\Downloads\simulator-windows-64\dataTrack1\IMG\right_2024_11_20_20_17_07_002.jpg, 0, 0.3060813, 0, 15.61275
C:\Users\Owner\Downloads\simulator-windows-64\dataTrack1\IMG\center_2024_11_20_20_17_07_106.jpg, C:\Users\Owner\Downloads\simulator-windows-64\dataTrack1\IMG\left_2024_11_20_20_17_07_106.jpg, C:\Users\Owner\Downloads\simulator-windows-64\dataTrack1\IMG\right_2024_11_20_20_17_07_106.jpg, 0, 0.0427149, 0, 15.18743
C:\Users\Owner\Downloads\simulator-windows-64\dataTrack1\IMG\center_2024_11_20_20_17_07_208.jpg, C:\Users\Owner\Downloads\simulator-windows-64\dataTrack1\IMG\left_2024_11_20_20_17_07_208.jpg, C:\Users\Owner\Downloads\simulator-windows-64\dataTrack1\IMG\right_2024_11_20_20_17_07_208.jpg, 0, 0.1163793, 0, 15.20524
C:\Users\Owner\Downloads\simulator-windows-64\dataTrack1\IMG\center_2024_11_20_20_17_07_311.jpg, C:\Users\Owner\Downloads\simulator-windows-64\dataTrack1\IMG\left_2024_11_20_20_17_07_311.jpg, C:\Users\Owner\Downloads\simulator-windows-64\dataTrack1\IMG\right_2024_11_20_20_17_07_311.jpg, 0, 0, 0, 15.61366
C:\Users\Owner\Downloads\simulator-windows-64\dataTrack1\IMG\center_2024_11_20_20_17_07_415.jpg, C:\Users\Owner\Downloads\simulator-windows-64\dataTrack1\IMG\left_2024_11_20_20_17_07_415.jpg, C:\Users\Owner\Downloads\simulator-windows-64\dataTrack1\IMG\right_2024_11_20_20_17_07_415.jpg, 0, 0.2036583, 0, 14.96645
C:\Users\Owner\Downloads\simulator-windows-64\dataTrack1\IMG\center_2024_11_20_20_17_07_519.jpg, C:\Users\Owner\Downloads\simulator-windows-64\dataTrack1\IMG\left_2024_11_20_20_17_07_519.jpg, C:\Users\Owner\Downloads\simulator-windows-64\dataTrack1\IMG\right_2024_11_20_20_17_07_519.jpg, 0, 0.1051425, 0, 15.63371
C:\Users\Owner\Downloads\simulator-windows-64\dataTrack1\IMG\center_2024_11_20_20_17_07_624.jpg, C:\Users\Owner\Downloads\simulator-windows-64\dataTrack1\IMG\left_2024_11_20_20_17_07_624.jpg, C:\Users\Owner\Downloads\simulator-windows-64\dataTrack1\IMG\right_2024_11_20_20_17_07_624.jpg, 0, 0.1565004, 0, 15.00342
C:\Users\Owner\Downloads\simulator-windows-64\dataTrack1\IMG\center_2024_11_20_20_17_07_726.jpg, C:\Users\Owner\Downloads\simulator-windows-64\dataTrack1\IMG\left_2024_11_20_20_17_07_726.jpg, C:\Users\Owner\Downloads\simulator-windows-64\dataTrack1\IMG\right_2024_11_20_20_17_07_726.jpg, 0, 0.3064659, 0, 15.71061
C:\Users\Owner\Downloads\simulator-windows-64\dataTrack1\IMG\center_2024_11_20_20_17_07_829.jpg, C:\Users\Owner\Downloads\simulator-windows-64\dataTrack1\IMG\left_2024_11_20_20_17_07_829.jpg, C:\Users\Owner\Downloads\simulator-windows-64\dataTrack1\IMG\right_2024_11_20_20_17_07_829.jpg, 0, 0.1468689, 0, 15.72317
C:\Users\Owner\Downloads\simulator-windows-64\dataTrack1\IMG\center_2024_11_20_20_17_07_933.jpg, C:\Users\Owner\Downloads\simulator-windows-64\dataTrack1\IMG\left_2024_11_20_20_17_07_933.jpg, C:\Users\Owner\Downloads\simulator-windows-64\dataTrack1\IMG\right_2024_11_20_20_17_07_933.jpg, 0, 0.4582836, 0, 15.45474
C:\Users\Owner\Downloads\simulator-windows-64\dataTrack1\IMG\center_2024_11_20_20_17_08_036.jpg, C:\Users\Owner\Downloads\simulator-windows-64\dataTrack1\IMG\left_2024_11_20_20_17_08_036.jpg, C:\Users\Owner\Downloads\simulator-windows-64\dataTrack1\IMG\right_2024_11_20_20_17_08_036.jpg, 0, 0.1485438, 0, 16.1462
C:\Users\Owner\Downloads\simulator-windows-64\dataTrack1\IMG\center_2024_11_20_20_17_08_140.jpg, C:\Users\Owner\Downloads\simulator-windows-64\dataTrack1\IMG\left_2024_11_20_20_17_08_140.jpg, C:\Users\Owner\Downloads\simulator-windows-64\dataTrack1\IMG\right_2024_11_20_20_17_08_140.jpg, -0.154842, 0, 0, 15.52816
C:\Users\Owner\Downloads\simulator-windows-64\dataTrack1\IMG\center_2024_11_20_20_17_08_243.jpg, C:\Users\Owner\Downloads\simulator-windows-64\dataTrack1\IMG\left_2024_11_20_20_17_08_243.jpg, C:\Users\Owner\Downloads\simulator-windows-64\dataTrack1\IMG\right_2024_11_20_20_17_08_243.jpg, 0, 0.2008251, 0, 15.94905
C:\Users\Owner\Downloads\simulator-windows-64\dataTrack1\IMG\center_2024_11_20_20_17_08_345.jpg, C:\Users\Owner\Downloads\simulator-windows-64\dataTrack1\IMG\left_2024_11_20_20_17_08_345.jpg, C:\Users\Owner\Downloads\simulator-windows-64\dataTrack1\IMG\right_2024_11_20_20_17_08_345.jpg, 0, 0.2524428, 0, 15.61344
C:\Users\Owner\Downloads\simulator-windows-64\dataTrack1\IMG\center_2024_11_20_20_17_08_449.jpg, C:\Users\Owner\Downloads\simulator-windows-64\dataTrack1\IMG\left_2024_11_20_20_17_08_449.jpg, C:\Users\Owner\Downloads\simulator-windows-64\dataTrack1\IMG\right_2024_11_20_20_17_08_449.jpg, -0.2055399, 0, 0, 15.51844
C:\Users\Owner\Downloads\simulator-windows-64\dataTrack1\IMG\center_2024_11_20_20_17_08_553.jpg, C:\Users\Owner\Downloads\simulator-windows-64\dataTrack1\IMG\left_2024_11_20_20_17_08_553.jpg, C:\Users\Owner\Downloads\simulator-windows-64\dataTrack1\IMG\right_2024_11_20_20_17_08_553.jpg, -0.4143103, 0.3095967, 0, 15.97566
C:\Users\Owner\Downloads\simulator-windows-64\dataTrack1\IMG\center_2024_11_20_20_17_08_658.jpg, C:\Users\Owner\Downloads\simulator-windows-64\dataTrack1\IMG\left_2024_11_20_20_17_08_658.jpg, C:\Users\Owner\Downloads\simulator-windows-64\dataTrack1\IMG\right_2024_11_20_20_17_08_658.jpg, -0.2087649, 0.1797798, 0, 15.68545
C:\Users\Owner\Downloads\simulator-windows-64\dataTrack1\IMG\center_2024_11_20_20_17_08_762.jpg, C:\Users\Owner\Downloads\simulator-windows-64\dataTrack1\IMG\left_2024_11_20_20_17_08_762.jpg, C:\Users\Owner\Downloads\simulator-windows-64\dataTrack1\IMG\right_2024_11_20_20_17_08_762.jpg, -0.5195767, 0, 0, 16.05967
C:\Users\Owner\Downloads\simulator-windows-64\dataTrack1\IMG\center_2024_11_20_20_17_08_864.jpg, C:\Users\Owner\Downloads\simulator-windows-64\dataTrack1\IMG\left_2024_11_20_20_17_08_864.jpg, C:\Users\Owner\Downloads\simulator-windows-64\dataTrack1\IMG\right_2024_11_20_20_17_08_864.jpg, -0.2577544, 0.1026411, 0, 15.37758
C:\Users\Owner\Downloads\simulator-windows-64\dataTrack1\IMG\center_2024_11_20_20_17_08_968.jpg, C:\Users\Owner\Downloads\simulator-windows-64\dataTrack1\IMG\left_2024_11_20_20_17_08_968.jpg, C:\Users\Owner\Downloads\simulator-windows-64\dataTrack1\IMG\right_2024_11_20_20_17_08_968.jpg, 0, 0.2575341, 0, 15.72151
C:\Users\Owner\Downloads\simulator-windows-64\dataTrack1\IMG\center_2024_11_20_20_17_09_072.jpg, C:\Users\Owner\Downloads\simulator-windows-64\dataTrack1\IMG\left_2024_11_20_20_17_09_072.jpg, C:\Users\Owner\Downloads\simulator-windows-64\dataTrack1\IMG\right_2024_11_20_20_17_09_072.jpg, 0, 0, 0, 16.08243
C:\Users\Owner\Downloads\simulator-windows-64\dataTrack1\IMG\center_2024_11_20_20_17_09_176.jpg, C:\Users\Owner\Downloads\simulator-windows-64\dataTrack1\IMG\left_2024_11_20_20_17_09_176.jpg, C:\Users\Owner\Downloads\simulator-windows-64\dataTrack1\IMG\right_2024_11_20_20_17_09_176.jpg, -0.3138489, 0, 0, 15.34735
C:\Users\Owner\Downloads\simulator-windows-64\dataTrack1\IMG\center_2024_11_20_20_17_09_277.jpg, C:\Users\Owner\Downloads\simulator-windows-64\dataTrack1\IMG\left_2024_11_20_20_17_09_277.jpg, C:\Users\Owner\Downloads\simulator-windows-64\dataTrack1\IMG\right_2024_11_20_20_17_09_277.jpg, -0.2153082, 0.3047421, 0, 15.80322
C:\Users\Owner\Downloads\simulator-windows-64\dataTrack1\IMG\center_2024_11_20_20_17_09_382.jpg, C:\Users\Owner\Downloads\simulator-windows-64\dataTrack1\IMG\left_2024_11_20_20_17_09_382.jpg, C:\Users\Owner\Downloads\simulator-windows-64\dataTrack1\IMG\right_2024_11_20_20_17_09_382.jpg, 0, 0.3092082, 0, 15.85048
C:\Users\Owner\Downloads\simulator-windows-64\dataTrack1\IMG\center_2024_11_20_20_17_09_485.jpg, C:\Users\Owner\Downloads\simulator-windows-64\dataTrack1\IMG\left_2024_11_20_20_17_09_485.jpg, C:\Users\Owner\Downloads\simulator-windows-64\dataTrack1\IMG\right_2024_11_20_20_17_09_485.jpg, -0.2585601, 0.05064812, 0, 16.21122
C:\Users\Owner\Downloads\simulator-windows-64\dataTrack1\IMG\center_2024_11_20_20_17_09_590.jpg, C:\Users\Owner\Downloads\simulator-windows-64\dataTrack1\IMG\left_2024_11_20_20_17_09_590.jpg, C:\Users\Owner\Downloads\simulator-windows-64\dataTrack1\IMG\right_2024_11_20_20_17_09_590.jpg, -0.1687865, 0.1560144, 0, 16.02365
C:\Users\Owner\Downloads\simulator-windows-64\dataTrack1\IMG\center_2024_11_20_20_17_09_695.jpg, C:\Users\Owner\Downloads\simulator-windows-64\dataTrack1\IMG\left_2024_11_20_20_17_09_695.jpg, C:\Users\Owner\Downloads\simulator-windows-64\dataTrack1\IMG\right_2024_11_20_20_17_09_695.jpg, 0, 0.2606115, 0, 15.69672
C:\Users\Owner\Downloads\simulator-windows-64\dataTrack1\IMG\center_2024_11_20_20_17_09_798.jpg, C:\Users\Owner\Downloads\simulator-windows-64\dataTrack1\IMG\left_2024_11_20_20_17_09_798.jpg, C:\Users\Owner\Downloads\simulator-windows-64\dataTrack1\IMG\right_2024_11_20_20_17_09_798.jpg, -0.3115095, 0, 0, 16.17051
C:\Users\Owner\Downloads\simulator-windows-64\dataTrack1\IMG\center_2024_11_20_20_17_09_902.jpg, C:\Users\Owner\Downloads\simulator-windows-64\dataTrack1\IMG\left_2024_11_20_20_17_09_902.jpg, C:\Users\Owner\Downloads\simulator-windows-64\dataTrack1\IMG\right_2024_11_20_20_17_09_902.jpg, -0.2164698, 0.3102657, 0, 15.59685
C:\Users\Owner\Downloads\simulator-windows-64\dataTrack1\IMG\center_2024_11_20_20_17_10_004.jpg, C:\Users\Owner\Downloads\simulator-windows-64\dataTrack1\IMG\left_2024_11_20_20_17_10_004.jpg, C:\Users\Owner\Downloads\simulator-windows-64\dataTrack1\IMG\right_2024_11_20_20_17_10_004.jpg, 0, 0.2070534, 0, 16.32279
C:\Users\Owner\Downloads\simulator-windows-64\dataTrack1\IMG\center_2024_11_20_20_17_10_115.jpg, C:\Users\Owner\Downloads\simulator-windows-64\dataTrack1\IMG\left_2024_11_20_20_17_10_115.jpg, C:\Users\Owner\Downloads\simulator-windows-64\dataTrack1\IMG\right_2024_11_20_20_17_10_115.jpg, -0.154851, 0.1033311, 0, 16.28282
C:\Users\Owner\Downloads\simulator-windows-64\dataTrack1\IMG\center_2024_11_20_20_17_10_218.jpg, C:\Users\Owner\Downloads\simulator-windows-64\dataTrack1\IMG\left_2024_11_20_20_17_10_218.jpg, C:\Users\Owner\Downloads\simulator-windows-64\dataTrack1\IMG\right_2024_11_20_20_17_10_218.jpg, -0.2621526, 0.1053687, 0, 15.74213
C:\Users\Owner\Downloads\simulator-windows-64\dataTrack1\IMG\center_2024_11_20_20_17_10_323.jpg, C:\Users\Owner\Downloads\simulator-windows-64\dataTrack1\IMG\left_2024_11_20_20_17_10_323.jpg, C:\Users\Owner\Downloads\simulator-windows-64\dataTrack1\IMG\right_2024_11_20_20_17_10_323.jpg, 0, 0.0539217, 0, 16.14775
C:\Users\Owner\Downloads\simulator-windows-64\dataTrack1\IMG\center_2024_11_20_20_17_10_426.jpg, C:\Users\Owner\Downloads\simulator-windows-64\dataTrack1\IMG\left_2024_11_20_20_17_10_426.jpg, C:\Users\Owner\Downloads\simulator-windows-64\dataTrack1\IMG\right_2024_11_20_20_17_10_426.jpg, -0.1593147, 0.315543, 0, 15.69339
C:\Users\Owner\Downloads\simulator-windows-64\dataTrack1\IMG\center_2024_11_20_20_17_10_530.jpg, C:\Users\Owner\Downloads\simulator-windows-64\dataTrack1\IMG\left_2024_11_20_20_17_10_530.jpg, C:\Users\Owner\Downloads\simulator-windows-64\dataTrack1\IMG\right_2024_11_20_20_17_10_530.jpg, -0.4185726, 0.05168733, 0, 15.707
C:\Users\Owner\Downloads\simulator-windows-64\dataTrack1\IMG\center_2024_11_20_20_17_10_634.jpg, C:\Users\Owner\Downloads\simulator-windows-64\dataTrack1\IMG\left_2024_11_20_20_17_10_634.jpg, C:\Users\Owner\Downloads\simulator-windows-64\dataTrack1\IMG\right_2024_11_20_20_17_10_634.jpg, -0.1098171, 0.2055276, 0, 16.12579
C:\Users\Owner\Downloads\simulator-windows-64\dataTrack1\IMG\center_2024_11_20_20_17_10_736.jpg, C:\Users\Owner\Downloads\simulator-windows-64\dataTrack1\IMG\left_2024_11_20_20_17_10_736.jpg, C:\Users\Owner\Downloads\simulator-windows-64\dataTrack1\IMG\right_2024_11_20_20_17_10_736.jpg, 0, 0.3019215, 0, 15.88992
C:\Users\Owner\Downloads\simulator-windows-64\dataTrack1\IMG\center_2024_11_20_20_17_10_842.jpg, C:\Users\Owner\Downloads\simulator-windows-64\dataTrack1\IMG\left_2024_11_20_20_17_10_842.jpg, C:\Users\Owner\Downloads\simulator-windows-64\dataTrack1\IMG\right_2024_11_20_20_17_10_842.jpg, -0.0526239, 0.1955841, 0, 16.42846
C:\Users\Owner\Downloads\simulator-windows-64\dataTrack1\IMG\center_2024_11_20_20_17_10_945.jpg, C:\Users\Owner\Downloads\simulator-windows-64\dataTrack1\IMG\left_2024_11_20_20_17_10_945.jpg, C:\Users\Owner\Downloads\simulator-windows-64\dataTrack1\IMG\right_2024_11_20_20_17_10_945.jpg, -0.3126621, 0.3481503, 0, 16.12394
C:\Users\Owner\Downloads\simulator-windows-64\dataTrack1\IMG\center_2024_11_20_20_17_11_049.jpg, C:\Users\Owner\Downloads\simulator-windows-64\dataTrack1\IMG\left_2024_11_20_20_17_11_049.jpg, C:\Users\Owner\Downloads\simulator-windows-64\dataTrack1\IMG\right_2024_11_20_20_17_11_049.jpg, -0.0491361, 0.08831668, 0, 16.09273
C:\Users\Owner\Downloads\simulator-windows-64\dataTrack1\IMG\center_2024_11_20_20_17_11_153.jpg, C:\Users\Owner\Downloads\simulator-windows-64\dataTrack1\IMG\left_2024_11_20_20_17_11_153.jpg, C:\Users\Owner\Downloads\simulator-windows-64\dataTrack1\IMG\right_2024_11_20_20_17_11_153.jpg, 0, 0.3988923, 0, 16.7222
C:\Users\Owner\Downloads\simulator-windows-64\dataTrack1\IMG\center_2024_11_20_20_17_11_254.jpg, C:\Users\Owner\Downloads\simulator-windows-64\dataTrack1\IMG\left_2024_11_20_20_17_11_254.jpg, C:\Users\Owner\Downloads\simulator-windows-64\dataTrack1\IMG\right_2024_11_20_20_17_11_254.jpg, 0, 0.09579087, 0, 16.39213
C:\Users\Owner\Downloads\simulator-windows-64\dataTrack1\IMG\center_2024_11_20_20_17_11_359.jpg, C:\Users\Owner\Downloads\simulator-windows-64\dataTrack1\IMG\left_2024_11_20_20_17_11_359.jpg, C:\Users\Owner\Downloads\simulator-windows-64\dataTrack1\IMG\right_2024_11_20_20_17_11_359.jpg, 0, 0.4106247, 0, 16.99376
C:\Users\Owner\Downloads\simulator-windows-64\dataTrack1\IMG\center_2024_11_20_20_17_11_462.jpg, C:\Users\Owner\Downloads\simulator-windows-64\dataTrack1\IMG\left_2024_11_20_20_17_11_462.jpg, C:\Users\Owner\Downloads\simulator-windows-64\dataTrack1\IMG\right_2024_11_20_20_17_11_462.jpg, 0, 0.09874706, 0, 16.69335
C:\Users\Owner\Downloads\simulator-windows-64\dataTrack1\IMG\center_2024_11_20_20_17_11_567.jpg, C:\Users\Owner\Downloads\simulator-windows-64\dataTrack1\IMG\left_2024_11_20_20_17_11_567.jpg, C:\Users\Owner\Downloads\simulator-windows-64\dataTrack1\IMG\right_2024_11_20_20_17_11_567.jpg, 0, 0.2458512, 0, 16.62791
C:\Users\Owner\Downloads\simulator-windows-64\dataTrack1\IMG\center_2024_11_20_20_17_11_668.jpg, C:\Users\Owner\Downloads\simulator-windows-64\dataTrack1\IMG\left_2024_11_20_20_17_11_668.jpg, C:\Users\Owner\Downloads\simulator-windows-64\dataTrack1\IMG\right_2024_11_20_20_17_11_668.jpg, 0, 0, 0, 17.08192
C:\Users\Owner\Downloads\simulator-windows-64\dataTrack1\IMG\center_2024_11_20_20_17_11_774.jpg, C:\Users\Owner\Downloads\simulator-windows-64\dataTrack1\IMG\left_2024_11_20_20_17_11_774.jpg, C:\Users\Owner\Downloads\simulator-windows-64\dataTrack1\IMG\right_2024_11_20_20_17_11_774.jpg, 0, 0.3188169, 0, 16.62529
C:\Users\Owner\Downloads\simulator-windows-64\dataTrack1\IMG\center_2024_11_20_20_17_11_878.jpg, C:\Users\Owner\Downloads\simulator-windows-64\dataTrack1\IMG\left_2024_11_20_20_17_11_878.jpg, C:\Users\Owner\Downloads\simulator-windows-64\dataTrack1\IMG\right_2024_11_20_20_17_11_878.jpg, -0.227544, 0.1740189, 0, 17.26606
C:\Users\Owner\Downloads\simulator-windows-64\dataTrack1\IMG\center_2024_11_20_20_17_11_981.jpg, C:\Users\Owner\Downloads\simulator-windows-64\dataTrack1\IMG\left_2024_11_20_20_17_11_981.jpg, C:\Users\Owner\Downloads\simulator-windows-64\dataTrack1\IMG\right_2024_11_20_20_17_11_981.jpg, -0.2283288, 0.1732341, 0, 16.64846
C:\Users\Owner\Downloads\simulator-windows-64\dataTrack1\IMG\center_2024_11_20_20_17_12_083.jpg, C:\Users\Owner\Downloads\simulator-windows-64\dataTrack1\IMG\left_2024_11_20_20_17_12_083.jpg, C:\Users\Owner\Downloads\simulator-windows-64\dataTrack1\IMG\right_2024_11_20_20_17_12_083.jpg, 0, 0.2263296, 0, 17.28458
C:\Users\Owner\Downloads\simulator-windows-64\dataTrack1\IMG\center_2024_11_20_20_17_12_186.jpg, C:\Users\Owner\Downloads\simulator-windows-64\dataTrack1\IMG\left_2024_11_20_20_17_12_186.jpg, C:\Users\Owner\Downloads\simulator-windows-64\dataTrack1\IMG\right_2024_11_20_20_17_12_186.jpg, 0, 0, 0, 16.70615
C:\Users\Owner\Downloads\simulator-windows-64\dataTrack1\IMG\center_2024_11_20_20_17_12_290.jpg, C:\Users\Owner\Downloads\simulator-windows-64\dataTrack1\IMG\left_2024_11_20_20_17_12_290.jpg, C:\Users\Owner\Downloads\simulator-windows-64\dataTrack1\IMG\right_2024_11_20_20_17_12_290.jpg, 0, 0.3640896, 0, 16.83935
C:\Users\Owner\Downloads\simulator-windows-64\dataTrack1\IMG\center_2024_11_20_20_17_12_395.jpg, C:\Users\Owner\Downloads\simulator-windows-64\dataTrack1\IMG\left_2024_11_20_20_17_12_395.jpg, C:\Users\Owner\Downloads\simulator-windows-64\dataTrack1\IMG\right_2024_11_20_20_17_12_395.jpg, 0, 0.04982072, 0, 17.37869
C:\Users\Owner\Downloads\simulator-windows-64\dataTrack1\IMG\center_2024_11_20_20_17_12_498.jpg, C:\Users\Owner\Downloads\simulator-windows-64\dataTrack1\IMG\left_2024_11_20_20_17_12_498.jpg, C:\Users\Owner\Downloads\simulator-windows-64\dataTrack1\IMG\right_2024_11_20_20_17_12_498.jpg, 0, 0.3600336, 0, 16.99464
C:\Users\Owner\Downloads\simulator-windows-64\dataTrack1\IMG\center_2024_11_20_20_17_12_601.jpg, C:\Users\Owner\Downloads\simulator-windows-64\dataTrack1\IMG\left_2024_11_20_20_17_12_601.jpg, C:\Users\Owner\Downloads\simulator-windows-64\dataTrack1\IMG\right_2024_11_20_20_17_12_601.jpg, 0, 0.2604411, 0, 17.57588
C:\Users\Owner\Downloads\simulator-windows-64\dataTrack1\IMG\center_2024_11_20_20_17_12_705.jpg, C:\Users\Owner\Downloads\simulator-windows-64\dataTrack1\IMG\left_2024_11_20_20_17_12_705.jpg, C:\Users\Owner\Downloads\simulator-windows-64\dataTrack1\IMG\right_2024_11_20_20_17_12_705.jpg, 0, 0.4131876, 0, 17.45301
C:\Users\Owner\Downloads\simulator-windows-64\dataTrack1\IMG\center_2024_11_20_20_17_12_810.jpg, C:\Users\Owner\Downloads\simulator-windows-64\dataTrack1\IMG\left_2024_11_20_20_17_12_810.jpg, C:\Users\Owner\Downloads\simulator-windows-64\dataTrack1\IMG\right_2024_11_20_20_17_12_810.jpg, 0, 0.04625522, 0, 17.4804
C:\Users\Owner\Downloads\simulator-windows-64\dataTrack1\IMG\center_2024_11_20_20_17_12_913.jpg, C:\Users\Owner\Downloads\simulator-windows-64\dataTrack1\IMG\left_2024_11_20_20_17_12_913.jpg, C:\Users\Owner\Downloads\simulator-windows-64\dataTrack1\IMG\right_2024_11_20_20_17_12_913.jpg, 0, 0.3543183, 0, 18.02305
C:\Users\Owner\Downloads\simulator-windows-64\dataTrack1\IMG\center_2024_11_20_20_17_13_019.jpg, C:\Users\Owner\Downloads\simulator-windows-64\dataTrack1\IMG\left_2024_11_20_20_17_13_019.jpg, C:\Users\Owner\Downloads\simulator-windows-64\dataTrack1\IMG\right_2024_11_20_20_17_13_019.jpg, 0, 0.03285394, 0, 17.62799
C:\Users\Owner\Downloads\simulator-windows-64\dataTrack1\IMG\center_2024_11_20_20_17_13_121.jpg, C:\Users\Owner\Downloads\simulator-windows-64\dataTrack1\IMG\left_2024_11_20_20_17_13_121.jpg, C:\Users\Owner\Downloads\simulator-windows-64\dataTrack1\IMG\right_2024_11_20_20_17_13_121.jpg, -0.3053523, 0.1048872, 0, 17.90114
C:\Users\Owner\Downloads\simulator-windows-64\dataTrack1\IMG\center_2024_11_20_20_17_13_227.jpg, C:\Users\Owner\Downloads\simulator-windows-64\dataTrack1\IMG\left_2024_11_20_20_17_13_227.jpg, C:\Users\Owner\Downloads\simulator-windows-64\dataTrack1\IMG\right_2024_11_20_20_17_13_227.jpg, -0.518647, 0.4220544, 0, 17.89965
C:\Users\Owner\Downloads\simulator-windows-64\dataTrack1\IMG\center_2024_11_20_20_17_13_328.jpg, C:\Users\Owner\Downloads\simulator-windows-64\dataTrack1\IMG\left_2024_11_20_20_17_13_328.jpg, C:\Users\Owner\Downloads\simulator-windows-64\dataTrack1\IMG\right_2024_11_20_20_17_13_328.jpg, -0.215166, 0.1185735, 0, 17.59431
C:\Users\Owner\Downloads\simulator-windows-64\dataTrack1\IMG\center_2024_11_20_20_17_13_432.jpg, C:\Users\Owner\Downloads\simulator-windows-64\dataTrack1\IMG\left_2024_11_20_20_17_13_432.jpg, C:\Users\Owner\Downloads\simulator-windows-64\dataTrack1\IMG\right_2024_11_20_20_17_13_432.jpg, 0, 0.1026984, 0, 17.90362
C:\Users\Owner\Downloads\simulator-windows-64\dataTrack1\IMG\center_2024_11_20_20_17_13_536.jpg, C:\Users\Owner\Downloads\simulator-windows-64\dataTrack1\IMG\left_2024_11_20_20_17_13_536.jpg, C:\Users\Owner\Downloads\simulator-windows-64\dataTrack1\IMG\right_2024_11_20_20_17_13_536.jpg, 0, 0.4151805, 0, 17.59985
C:\Users\Owner\Downloads\simulator-windows-64\dataTrack1\IMG\center_2024_11_20_20_17_13_641.jpg, C:\Users\Owner\Downloads\simulator-windows-64\dataTrack1\IMG\left_2024_11_20_20_17_13_641.jpg, C:\Users\Owner\Downloads\simulator-windows-64\dataTrack1\IMG\right_2024_11_20_20_17_13_641.jpg, 0, 0.100059, 0, 18.18028
C:\Users\Owner\Downloads\simulator-windows-64\dataTrack1\IMG\center_2024_11_20_20_17_13_745.jpg, C:\Users\Owner\Downloads\simulator-windows-64\dataTrack1\IMG\left_2024_11_20_20_17_13_745.jpg, C:\Users\Owner\Downloads\simulator-windows-64\dataTrack1\IMG\right_2024_11_20_20_17_13_745.jpg, 0, 0.1866108, 0, 17.6091
C:\Users\Owner\Downloads\simulator-windows-64\dataTrack1\IMG\center_2024_11_20_20_17_13_849.jpg, C:\Users\Owner\Downloads\simulator-windows-64\dataTrack1\IMG\left_2024_11_20_20_17_13_849.jpg, C:\Users\Owner\Downloads\simulator-windows-64\dataTrack1\IMG\right_2024_11_20_20_17_13_849.jpg, -0.2085045, 0.1321806, 0, 17.77983
C:\Users\Owner\Downloads\simulator-windows-64\dataTrack1\IMG\center_2024_11_20_20_17_13_952.jpg, C:\Users\Owner\Downloads\simulator-windows-64\dataTrack1\IMG\left_2024_11_20_20_17_13_952.jpg, C:\Users\Owner\Downloads\simulator-windows-64\dataTrack1\IMG\right_2024_11_20_20_17_13_952.jpg, -0.2089002, 0.0500715, 0, 18.04383
C:\Users\Owner\Downloads\simulator-windows-64\dataTrack1\IMG\center_2024_11_20_20_17_14_055.jpg, C:\Users\Owner\Downloads\simulator-windows-64\dataTrack1\IMG\left_2024_11_20_20_17_14_055.jpg, C:\Users\Owner\Downloads\simulator-windows-64\dataTrack1\IMG\right_2024_11_20_20_17_14_055.jpg, 0, 0.3577716, 0, 17.64673
C:\Users\Owner\Downloads\simulator-windows-64\dataTrack1\IMG\center_2024_11_20_20_17_14_159.jpg, C:\Users\Owner\Downloads\simulator-windows-64\dataTrack1\IMG\left_2024_11_20_20_17_14_159.jpg, C:\Users\Owner\Downloads\simulator-windows-64\dataTrack1\IMG\right_2024_11_20_20_17_14_159.jpg, 0, 0.3614973, 0, 18.41673
C:\Users\Owner\Downloads\simulator-windows-64\dataTrack1\IMG\center_2024_11_20_20_17_14_260.jpg, C:\Users\Owner\Downloads\simulator-windows-64\dataTrack1\IMG\left_2024_11_20_20_17_14_260.jpg, C:\Users\Owner\Downloads\simulator-windows-64\dataTrack1\IMG\right_2024_11_20_20_17_14_260.jpg, 0, 0.05325833, 0, 18.11749
C:\Users\Owner\Downloads\simulator-windows-64\dataTrack1\IMG\center_2024_11_20_20_17_14_365.jpg, C:\Users\Owner\Downloads\simulator-windows-64\dataTrack1\IMG\left_2024_11_20_20_17_14_365.jpg, C:\Users\Owner\Downloads\simulator-windows-64\dataTrack1\IMG\right_2024_11_20_20_17_14_365.jpg, 0, 0.3120776, 0, 18.54542
C:\Users\Owner\Downloads\simulator-windows-64\dataTrack1\IMG\center_2024_11_20_20_17_14_468.jpg, C:\Users\Owner\Downloads\simulator-windows-64\dataTrack1\IMG\left_2024_11_20_20_17_14_468.jpg, C:\Users\Owner\Downloads\simulator-windows-64\dataTrack1\IMG\right_2024_11_20_20_17_14_468.jpg, -0.1552959, 0.2362932, 0, 18.84967
C:\Users\Owner\Downloads\simulator-windows-64\dataTrack1\IMG\center_2024_11_20_20_17_14_573.jpg, C:\Users\Owner\Downloads\simulator-windows-64\dataTrack1\IMG\left_2024_11_20_20_17_14_573.jpg, C:\Users\Owner\Downloads\simulator-windows-64\dataTrack1\IMG\right_2024_11_20_20_17_14_573.jpg, -0.4666461, 0, 0, 18.26904
C:\Users\Owner\Downloads\simulator-windows-64\dataTrack1\IMG\center_2024_11_20_20_17_14_678.jpg, C:\Users\Owner\Downloads\simulator-windows-64\dataTrack1\IMG\left_2024_11_20_20_17_14_678.jpg, C:\Users\Owner\Downloads\simulator-windows-64\dataTrack1\IMG\right_2024_11_20_20_17_14_678.jpg, -0.151641, 0, 0, 18.50168
C:\Users\Owner\Downloads\simulator-windows-64\dataTrack1\IMG\center_2024_11_20_20_17_14_781.jpg, C:\Users\Owner\Downloads\simulator-windows-64\dataTrack1\IMG\left_2024_11_20_20_17_14_781.jpg, C:\Users\Owner\Downloads\simulator-windows-64\dataTrack1\IMG\right_2024_11_20_20_17_14_781.jpg, 0, 0.1563204, 0, 17.85522
C:\Users\Owner\Downloads\simulator-windows-64\dataTrack1\IMG\center_2024_11_20_20_17_14_885.jpg, C:\Users\Owner\Downloads\simulator-windows-64\dataTrack1\IMG\left_2024_11_20_20_17_14_885.jpg, C:\Users\Owner\Downloads\simulator-windows-64\dataTrack1\IMG\right_2024_11_20_20_17_14_885.jpg, 0, 0.3075618, 0, 18.45128
C:\Users\Owner\Downloads\simulator-windows-64\dataTrack1\IMG\center_2024_11_20_20_17_14_986.jpg, C:\Users\Owner\Downloads\simulator-windows-64\dataTrack1\IMG\left_2024_11_20_20_17_14_986.jpg, C:\Users\Owner\Downloads\simulator-windows-64\dataTrack1\IMG\right_2024_11_20_20_17_14_986.jpg, 0, 0.00379739, 0, 18.00309
C:\Users\Owner\Downloads\simulator-windows-64\dataTrack1\IMG\center_2024_11_20_20_17_15_092.jpg, C:\Users\Owner\Downloads\simulator-windows-64\dataTrack1\IMG\left_2024_11_20_20_17_15_092.jpg, C:\Users\Owner\Downloads\simulator-windows-64\dataTrack1\IMG\right_2024_11_20_20_17_15_092.jpg, -0.1596093, 0, 0, 17.74703
C:\Users\Owner\Downloads\simulator-windows-64\dataTrack1\IMG\center_2024_11_20_20_17_15_196.jpg, C:\Users\Owner\Downloads\simulator-windows-64\dataTrack1\IMG\left_2024_11_20_20_17_15_196.jpg, C:\Users\Owner\Downloads\simulator-windows-64\dataTrack1\IMG\right_2024_11_20_20_17_15_196.jpg, -0.4720986, 0, 0, 17.94222
C:\Users\Owner\Downloads\simulator-windows-64\dataTrack1\IMG\center_2024_11_20_20_17_15_298.jpg, C:\Users\Owner\Downloads\simulator-windows-64\dataTrack1\IMG\left_2024_11_20_20_17_15_298.jpg, C:\Users\Owner\Downloads\simulator-windows-64\dataTrack1\IMG\right_2024_11_20_20_17_15_298.jpg, -0.1658401, 0, 0, 17.25766
C:\Users\Owner\Downloads\simulator-windows-64\dataTrack1\IMG\center_2024_11_20_20_17_15_404.jpg, C:\Users\Owner\Downloads\simulator-windows-64\dataTrack1\IMG\left_2024_11_20_20_17_15_404.jpg, C:\Users\Owner\Downloads\simulator-windows-64\dataTrack1\IMG\right_2024_11_20_20_17_15_404.jpg, 0, 0.3168024, 0, 17.72142
C:\Users\Owner\Downloads\simulator-windows-64\dataTrack1\IMG\center_2024_11_20_20_17_15_508.jpg, C:\Users\Owner\Downloads\simulator-windows-64\dataTrack1\IMG\left_2024_11_20_20_17_15_508.jpg, C:\Users\Owner\Downloads\simulator-windows-64\dataTrack1\IMG\right_2024_11_20_20_17_15_508.jpg, -0.3105612, 0.006241199, 0, 17.72958
C:\Users\Owner\Downloads\simulator-windows-64\dataTrack1\IMG\center_2024_11_20_20_17_15_610.jpg, C:\Users\Owner\Downloads\simulator-windows-64\dataTrack1\IMG\left_2024_11_20_20_17_15_610.jpg, C:\Users\Owner\Downloads\simulator-windows-64\dataTrack1\IMG\right_2024_11_20_20_17_15_610.jpg, -0.001068905, 0, 0, 17.05721
C:\Users\Owner\Downloads\simulator-windows-64\dataTrack1\IMG\center_2024_11_20_20_17_15_715.jpg, C:\Users\Owner\Downloads\simulator-windows-64\dataTrack1\IMG\left_2024_11_20_20_17_15_715.jpg, C:\Users\Owner\Downloads\simulator-windows-64\dataTrack1\IMG\right_2024_11_20_20_17_15_715.jpg, 0, 0, 0, 17.40412
C:\Users\Owner\Downloads\simulator-windows-64\dataTrack1\IMG\center_2024_11_20_20_17_15_818.jpg, C:\Users\Owner\Downloads\simulator-windows-64\dataTrack1\IMG\left_2024_11_20_20_17_15_818.jpg, C:\Users\Owner\Downloads\simulator-windows-64\dataTrack1\IMG\right_2024_11_20_20_17_15_818.jpg, -0.3112176, 0, 0, 16.67708
C:\Users\Owner\Downloads\simulator-windows-64\dataTrack1\IMG\center_2024_11_20_20_17_15_920.jpg, C:\Users\Owner\Downloads\simulator-windows-64\dataTrack1\IMG\left_2024_11_20_20_17_15_920.jpg, C:\Users\Owner\Downloads\simulator-windows-64\dataTrack1\IMG\right_2024_11_20_20_17_15_920.jpg, -0.004604101, 0.0474432, 0, 17.01451
C:\Users\Owner\Downloads\simulator-windows-64\dataTrack1\IMG\center_2024_11_20_20_17_16_026.jpg, C:\Users\Owner\Downloads\simulator-windows-64\dataTrack1\IMG\left_2024_11_20_20_17_16_026.jpg, C:\Users\Owner\Downloads\simulator-windows-64\dataTrack1\IMG\right_2024_11_20_20_17_16_026.jpg, 0, 0.3116958, 0, 16.5564
C:\Users\Owner\Downloads\simulator-windows-64\dataTrack1\IMG\center_2024_11_20_20_17_16_129.jpg, C:\Users\Owner\Downloads\simulator-windows-64\dataTrack1\IMG\left_2024_11_20_20_17_16_129.jpg, C:\Users\Owner\Downloads\simulator-windows-64\dataTrack1\IMG\right_2024_11_20_20_17_16_129.jpg, 0, 0, 0, 16.48689
C:\Users\Owner\Downloads\simulator-windows-64\dataTrack1\IMG\center_2024_11_20_20_17_16_233.jpg, C:\Users\Owner\Downloads\simulator-windows-64\dataTrack1\IMG\left_2024_11_20_20_17_16_233.jpg, C:\Users\Owner\Downloads\simulator-windows-64\dataTrack1\IMG\right_2024_11_20_20_17_16_233.jpg, 0, 0.3113205, 0, 17.02843
C:\Users\Owner\Downloads\simulator-windows-64\dataTrack1\IMG\center_2024_11_20_20_17_16_334.jpg, C:\Users\Owner\Downloads\simulator-windows-64\dataTrack1\IMG\left_2024_11_20_20_17_16_334.jpg, C:\Users\Owner\Downloads\simulator-windows-64\dataTrack1\IMG\right_2024_11_20_20_17_16_334.jpg, 0, 0.6163455, 0, 17.02221
C:\Users\Owner\Downloads\simulator-windows-64\dataTrack1\IMG\center_2024_11_20_20_17_16_438.jpg, C:\Users\Owner\Downloads\simulator-windows-64\dataTrack1\IMG\left_2024_11_20_20_17_16_438.jpg, C:\Users\Owner\Downloads\simulator-windows-64\dataTrack1\IMG\right_2024_11_20_20_17_16_438.jpg, 0, 0.9270594, 0, 18.13498
C:\Users\Owner\Downloads\simulator-windows-64\dataTrack1\IMG\center_2024_11_20_20_17_16_545.jpg, C:\Users\Owner\Downloads\simulator-windows-64\dataTrack1\IMG\left_2024_11_20_20_17_16_545.jpg, C:\Users\Owner\Downloads\simulator-windows-64\dataTrack1\IMG\right_2024_11_20_20_17_16_545.jpg, 0, 1, 0, 18.97756
C:\Users\Owner\Downloads\simulator-windows-64\dataTrack1\IMG\center_2024_11_20_20_17_16_648.jpg, C:\Users\Owner\Downloads\simulator-windows-64\dataTrack1\IMG\left_2024_11_20_20_17_16_648.jpg, C:\Users\Owner\Downloads\simulator-windows-64\dataTrack1\IMG\right_2024_11_20_20_17_16_648.jpg, -0.103344, 0.7724719, 0, 20.09719
C:\Users\Owner\Downloads\simulator-windows-64\dataTrack1\IMG\center_2024_11_20_20_17_16_753.jpg, C:\Users\Owner\Downloads\simulator-windows-64\dataTrack1\IMG\left_2024_11_20_20_17_16_753.jpg, C:\Users\Owner\Downloads\simulator-windows-64\dataTrack1\IMG\right_2024_11_20_20_17_16_753.jpg, -0.414864, 0.4609519, 0, 20.67342
C:\Users\Owner\Downloads\simulator-windows-64\dataTrack1\IMG\center_2024_11_20_20_17_16_854.jpg, C:\Users\Owner\Downloads\simulator-windows-64\dataTrack1\IMG\left_2024_11_20_20_17_16_854.jpg, C:\Users\Owner\Downloads\simulator-windows-64\dataTrack1\IMG\right_2024_11_20_20_17_16_854.jpg, -0.1105053, 0.1565932, 0, 20.60185
C:\Users\Owner\Downloads\simulator-windows-64\dataTrack1\IMG\center_2024_11_20_20_17_16_960.jpg, C:\Users\Owner\Downloads\simulator-windows-64\dataTrack1\IMG\left_2024_11_20_20_17_16_960.jpg, C:\Users\Owner\Downloads\simulator-windows-64\dataTrack1\IMG\right_2024_11_20_20_17_16_960.jpg, 0, 0, 0, 20.69856
C:\Users\Owner\Downloads\simulator-windows-64\dataTrack1\IMG\center_2024_11_20_20_17_17_064.jpg, C:\Users\Owner\Downloads\simulator-windows-64\dataTrack1\IMG\left_2024_11_20_20_17_17_064.jpg, C:\Users\Owner\Downloads\simulator-windows-64\dataTrack1\IMG\right_2024_11_20_20_17_17_064.jpg, 0, 0.3098205, 0, 20.34134
C:\Users\Owner\Downloads\simulator-windows-64\dataTrack1\IMG\center_2024_11_20_20_17_17_168.jpg, C:\Users\Owner\Downloads\simulator-windows-64\dataTrack1\IMG\left_2024_11_20_20_17_17_168.jpg, C:\Users\Owner\Downloads\simulator-windows-64\dataTrack1\IMG\right_2024_11_20_20_17_17_168.jpg, 0, 0, 0, 20.30964
C:\Users\Owner\Downloads\simulator-windows-64\dataTrack1\IMG\center_2024_11_20_20_17_17_270.jpg, C:\Users\Owner\Downloads\simulator-windows-64\dataTrack1\IMG\left_2024_11_20_20_17_17_270.jpg, C:\Users\Owner\Downloads\simulator-windows-64\dataTrack1\IMG\right_2024_11_20_20_17_17_270.jpg, 0, 0.1553601, 0, 20.46193
C:\Users\Owner\Downloads\simulator-windows-64\dataTrack1\IMG\center_2024_11_20_20_17_17_377.jpg, C:\Users\Owner\Downloads\simulator-windows-64\dataTrack1\IMG\left_2024_11_20_20_17_17_377.jpg, C:\Users\Owner\Downloads\simulator-windows-64\dataTrack1\IMG\right_2024_11_20_20_17_17_377.jpg, 0, 0.1536873, 0, 20.26181
C:\Users\Owner\Downloads\simulator-windows-64\dataTrack1\IMG\center_2024_11_20_20_17_17_481.jpg, C:\Users\Owner\Downloads\simulator-windows-64\dataTrack1\IMG\left_2024_11_20_20_17_17_481.jpg, C:\Users\Owner\Downloads\simulator-windows-64\dataTrack1\IMG\right_2024_11_20_20_17_17_481.jpg, -0.0545517, 0, 0, 20.40359
C:\Users\Owner\Downloads\simulator-windows-64\dataTrack1\IMG\center_2024_11_20_20_17_17_583.jpg, C:\Users\Owner\Downloads\simulator-windows-64\dataTrack1\IMG\left_2024_11_20_20_17_17_583.jpg, C:\Users\Owner\Downloads\simulator-windows-64\dataTrack1\IMG\right_2024_11_20_20_17_17_583.jpg, -0.3592428, 0, 0, 19.83989
C:\Users\Owner\Downloads\simulator-windows-64\dataTrack1\IMG\center_2024_11_20_20_17_17_687.jpg, C:\Users\Owner\Downloads\simulator-windows-64\dataTrack1\IMG\left_2024_11_20_20_17_17_687.jpg, C:\Users\Owner\Downloads\simulator-windows-64\dataTrack1\IMG\right_2024_11_20_20_17_17_687.jpg, -0.4099233, 0, 0, 19.82789
C:\Users\Owner\Downloads\simulator-windows-64\dataTrack1\IMG\center_2024_11_20_20_17_17_788.jpg, C:\Users\Owner\Downloads\simulator-windows-64\dataTrack1\IMG\left_2024_11_20_20_17_17_788.jpg, C:\Users\Owner\Downloads\simulator-windows-64\dataTrack1\IMG\right_2024_11_20_20_17_17_788.jpg, -0.05112089, 0.2014122, 0, 19.79271
C:\Users\Owner\Downloads\simulator-windows-64\dataTrack1\IMG\center_2024_11_20_20_17_17_894.jpg, C:\Users\Owner\Downloads\simulator-windows-64\dataTrack1\IMG\left_2024_11_20_20_17_17_894.jpg, C:\Users\Owner\Downloads\simulator-windows-64\dataTrack1\IMG\right_2024_11_20_20_17_17_894.jpg, 0, 0, 0, 19.28714
C:\Users\Owner\Downloads\simulator-windows-64\dataTrack1\IMG\center_2024_11_20_20_17_17_998.jpg, C:\Users\Owner\Downloads\simulator-windows-64\dataTrack1\IMG\left_2024_11_20_20_17_17_998.jpg, C:\Users\Owner\Downloads\simulator-windows-64\dataTrack1\IMG\right_2024_11_20_20_17_17_998.jpg, 0, 0.3103872, 0, 19.63636
C:\Users\Owner\Downloads\simulator-windows-64\dataTrack1\IMG\center_2024_11_20_20_17_18_102.jpg, C:\Users\Owner\Downloads\simulator-windows-64\dataTrack1\IMG\left_2024_11_20_20_17_18_102.jpg, C:\Users\Owner\Downloads\simulator-windows-64\dataTrack1\IMG\right_2024_11_20_20_17_18_102.jpg, 0, 0, 0, 19.32473
C:\Users\Owner\Downloads\simulator-windows-64\dataTrack1\IMG\center_2024_11_20_20_17_18_205.jpg, C:\Users\Owner\Downloads\simulator-windows-64\dataTrack1\IMG\left_2024_11_20_20_17_18_205.jpg, C:\Users\Owner\Downloads\simulator-windows-64\dataTrack1\IMG\right_2024_11_20_20_17_18_205.jpg, 0, 0.1691664, 0, 19.52229
C:\Users\Owner\Downloads\simulator-windows-64\dataTrack1\IMG\center_2024_11_20_20_17_18_310.jpg, C:\Users\Owner\Downloads\simulator-windows-64\dataTrack1\IMG\left_2024_11_20_20_17_18_310.jpg, C:\Users\Owner\Downloads\simulator-windows-64\dataTrack1\IMG\right_2024_11_20_20_17_18_310.jpg, 0, 0, 0, 19.33724
C:\Users\Owner\Downloads\simulator-windows-64\dataTrack1\IMG\center_2024_11_20_20_17_18_413.jpg, C:\Users\Owner\Downloads\simulator-windows-64\dataTrack1\IMG\left_2024_11_20_20_17_18_413.jpg, C:\Users\Owner\Downloads\simulator-windows-64\dataTrack1\IMG\right_2024_11_20_20_17_18_413.jpg, 0, 0.3095712, 0, 18.99444
C:\Users\Owner\Downloads\simulator-windows-64\dataTrack1\IMG\center_2024_11_20_20_17_18_518.jpg, C:\Users\Owner\Downloads\simulator-windows-64\dataTrack1\IMG\left_2024_11_20_20_17_18_518.jpg, C:\Users\Owner\Downloads\simulator-windows-64\dataTrack1\IMG\right_2024_11_20_20_17_18_518.jpg, 0, 0, 0, 19.36353
C:\Users\Owner\Downloads\simulator-windows-64\dataTrack1\IMG\center_2024_11_20_20_17_18_622.jpg, C:\Users\Owner\Downloads\simulator-windows-64\dataTrack1\IMG\left_2024_11_20_20_17_18_622.jpg, C:\Users\Owner\Downloads\simulator-windows-64\dataTrack1\IMG\right_2024_11_20_20_17_18_622.jpg, 0, 0.2070543, 0, 18.80972
C:\Users\Owner\Downloads\simulator-windows-64\dataTrack1\IMG\center_2024_11_20_20_17_18_724.jpg, C:\Users\Owner\Downloads\simulator-windows-64\dataTrack1\IMG\left_2024_11_20_20_17_18_724.jpg, C:\Users\Owner\Downloads\simulator-windows-64\dataTrack1\IMG\right_2024_11_20_20_17_18_724.jpg, 0, 0.3027906, 0, 19.40423
C:\Users\Owner\Downloads\simulator-windows-64\dataTrack1\IMG\center_2024_11_20_20_17_18_828.jpg, C:\Users\Owner\Downloads\simulator-windows-64\dataTrack1\IMG\left_2024_11_20_20_17_18_828.jpg, C:\Users\Owner\Downloads\simulator-windows-64\dataTrack1\IMG\right_2024_11_20_20_17_18_828.jpg, 0, 0, 0, 19.39651
C:\Users\Owner\Downloads\simulator-windows-64\dataTrack1\IMG\center_2024_11_20_20_17_18_933.jpg, C:\Users\Owner\Downloads\simulator-windows-64\dataTrack1\IMG\left_2024_11_20_20_17_18_933.jpg, C:\Users\Owner\Downloads\simulator-windows-64\dataTrack1\IMG\right_2024_11_20_20_17_18_933.jpg, 0, 0.210324, 0, 18.91693
C:\Users\Owner\Downloads\simulator-windows-64\dataTrack1\IMG\center_2024_11_20_20_17_19_037.jpg, C:\Users\Owner\Downloads\simulator-windows-64\dataTrack1\IMG\left_2024_11_20_20_17_19_037.jpg, C:\Users\Owner\Downloads\simulator-windows-64\dataTrack1\IMG\right_2024_11_20_20_17_19_037.jpg, 0, 0.1005291, 0, 19.36503
C:\Users\Owner\Downloads\simulator-windows-64\dataTrack1\IMG\center_2024_11_20_20_17_19_138.jpg, C:\Users\Owner\Downloads\simulator-windows-64\dataTrack1\IMG\left_2024_11_20_20_17_19_138.jpg, C:\Users\Owner\Downloads\simulator-windows-64\dataTrack1\IMG\right_2024_11_20_20_17_19_138.jpg, 0, 0.1502232, 0, 18.82137
C:\Users\Owner\Downloads\simulator-windows-64\dataTrack1\IMG\center_2024_11_20_20_17_19_243.jpg, C:\Users\Owner\Downloads\simulator-windows-64\dataTrack1\IMG\left_2024_11_20_20_17_19_243.jpg, C:\Users\Owner\Downloads\simulator-windows-64\dataTrack1\IMG\right_2024_11_20_20_17_19_243.jpg, 0, 0.04660981, 0, 19.26953
C:\Users\Owner\Downloads\simulator-windows-64\dataTrack1\IMG\center_2024_11_20_20_17_19_346.jpg, C:\Users\Owner\Downloads\simulator-windows-64\dataTrack1\IMG\left_2024_11_20_20_17_19_346.jpg, C:\Users\Owner\Downloads\simulator-windows-64\dataTrack1\IMG\right_2024_11_20_20_17_19_346.jpg, 0, 0.0542691, 0, 18.65556
C:\Users\Owner\Downloads\simulator-windows-64\dataTrack1\IMG\center_2024_11_20_20_17_19_452.jpg, C:\Users\Owner\Downloads\simulator-windows-64\dataTrack1\IMG\left_2024_11_20_20_17_19_452.jpg, C:\Users\Owner\Downloads\simulator-windows-64\dataTrack1\IMG\right_2024_11_20_20_17_19_452.jpg, -0.2554734, 0.2074293, 0, 18.77939
C:\Users\Owner\Downloads\simulator-windows-64\dataTrack1\IMG\center_2024_11_20_20_17_19_555.jpg, C:\Users\Owner\Downloads\simulator-windows-64\dataTrack1\IMG\left_2024_11_20_20_17_19_555.jpg, C:\Users\Owner\Downloads\simulator-windows-64\dataTrack1\IMG\right_2024_11_20_20_17_19_555.jpg, 0, 0, 0, 19.04266
C:\Users\Owner\Downloads\simulator-windows-64\dataTrack1\IMG\center_2024_11_20_20_17_19_661.jpg, C:\Users\Owner\Downloads\simulator-windows-64\dataTrack1\IMG\left_2024_11_20_20_17_19_661.jpg, C:\Users\Owner\Downloads\simulator-windows-64\dataTrack1\IMG\right_2024_11_20_20_17_19_661.jpg, 0, 0, 0, 18.3756
C:\Users\Owner\Downloads\simulator-windows-64\dataTrack1\IMG\center_2024_11_20_20_17_19_764.jpg, C:\Users\Owner\Downloads\simulator-windows-64\dataTrack1\IMG\left_2024_11_20_20_17_19_764.jpg, C:\Users\Owner\Downloads\simulator-windows-64\dataTrack1\IMG\right_2024_11_20_20_17_19_764.jpg, -0.1040478, 0, 0, 18.67191
C:\Users\Owner\Downloads\simulator-windows-64\dataTrack1\IMG\center_2024_11_20_20_17_19_869.jpg, C:\Users\Owner\Downloads\simulator-windows-64\dataTrack1\IMG\left_2024_11_20_20_17_19_869.jpg, C:\Users\Owner\Downloads\simulator-windows-64\dataTrack1\IMG\right_2024_11_20_20_17_19_869.jpg, -0.04199852, 0.1554354, 0, 18.45463
C:\Users\Owner\Downloads\simulator-windows-64\dataTrack1\IMG\center_2024_11_20_20_17_19_971.jpg, C:\Users\Owner\Downloads\simulator-windows-64\dataTrack1\IMG\left_2024_11_20_20_17_19_971.jpg, C:\Users\Owner\Downloads\simulator-windows-64\dataTrack1\IMG\right_2024_11_20_20_17_19_971.jpg, -0.0512364, 0.257805, 0, 18.19454
C:\Users\Owner\Downloads\simulator-windows-64\dataTrack1\IMG\center_2024_11_20_20_17_20_077.jpg, C:\Users\Owner\Downloads\simulator-windows-64\dataTrack1\IMG\left_2024_11_20_20_17_20_077.jpg, C:\Users\Owner\Downloads\simulator-windows-64\dataTrack1\IMG\right_2024_11_20_20_17_20_077.jpg, -0.366687, 0, 0, 18.47914
C:\Users\Owner\Downloads\simulator-windows-64\dataTrack1\IMG\center_2024_11_20_20_17_20_180.jpg, C:\Users\Owner\Downloads\simulator-windows-64\dataTrack1\IMG\left_2024_11_20_20_17_20_180.jpg, C:\Users\Owner\Downloads\simulator-windows-64\dataTrack1\IMG\right_2024_11_20_20_17_20_180.jpg, -0.2619219, 0.0502887, 0, 17.75494
C:\Users\Owner\Downloads\simulator-windows-64\dataTrack1\IMG\center_2024_11_20_20_17_20_280.jpg, C:\Users\Owner\Downloads\simulator-windows-64\dataTrack1\IMG\left_2024_11_20_20_17_20_280.jpg, C:\Users\Owner\Downloads\simulator-windows-64\dataTrack1\IMG\right_2024_11_20_20_17_20_280.jpg, 0, 0.3539325, 0, 18.24208
C:\Users\Owner\Downloads\simulator-windows-64\dataTrack1\IMG\center_2024_11_20_20_17_20_384.jpg, C:\Users\Owner\Downloads\simulator-windows-64\dataTrack1\IMG\left_2024_11_20_20_17_20_384.jpg, C:\Users\Owner\Downloads\simulator-windows-64\dataTrack1\IMG\right_2024_11_20_20_17_20_384.jpg, 0, 0.0944517, 0, 17.9272
C:\Users\Owner\Downloads\simulator-windows-64\dataTrack1\IMG\center_2024_11_20_20_17_20_489.jpg, C:\Users\Owner\Downloads\simulator-windows-64\dataTrack1\IMG\left_2024_11_20_20_17_20_489.jpg, C:\Users\Owner\Downloads\simulator-windows-64\dataTrack1\IMG\right_2024_11_20_20_17_20_489.jpg, 0, 0.1050201, 0, 17.6947
C:\Users\Owner\Downloads\simulator-windows-64\dataTrack1\IMG\center_2024_11_20_20_17_20_594.jpg, C:\Users\Owner\Downloads\simulator-windows-64\dataTrack1\IMG\left_2024_11_20_20_17_20_594.jpg, C:\Users\Owner\Downloads\simulator-windows-64\dataTrack1\IMG\right_2024_11_20_20_17_20_594.jpg, 0, 0.310212, 0, 18.30693
C:\Users\Owner\Downloads\simulator-windows-64\dataTrack1\IMG\center_2024_11_20_20_17_20_700.jpg, C:\Users\Owner\Downloads\simulator-windows-64\dataTrack1\IMG\left_2024_11_20_20_17_20_700.jpg, C:\Users\Owner\Downloads\simulator-windows-64\dataTrack1\IMG\right_2024_11_20_20_17_20_700.jpg, 0, 0, 0, 17.86313
C:\Users\Owner\Downloads\simulator-windows-64\dataTrack1\IMG\center_2024_11_20_20_17_20_804.jpg, C:\Users\Owner\Downloads\simulator-windows-64\dataTrack1\IMG\left_2024_11_20_20_17_20_804.jpg, C:\Users\Owner\Downloads\simulator-windows-64\dataTrack1\IMG\right_2024_11_20_20_17_20_804.jpg, 0, 0.2043738, 0, 18.29032
C:\Users\Owner\Downloads\simulator-windows-64\dataTrack1\IMG\center_2024_11_20_20_17_20_906.jpg, C:\Users\Owner\Downloads\simulator-windows-64\dataTrack1\IMG\left_2024_11_20_20_17_20_906.jpg, C:\Users\Owner\Downloads\simulator-windows-64\dataTrack1\IMG\right_2024_11_20_20_17_20_906.jpg, 0, 0, 0, 17.7332
C:\Users\Owner\Downloads\simulator-windows-64\dataTrack1\IMG\center_2024_11_20_20_17_21_009.jpg, C:\Users\Owner\Downloads\simulator-windows-64\dataTrack1\IMG\left_2024_11_20_20_17_21_009.jpg, C:\Users\Owner\Downloads\simulator-windows-64\dataTrack1\IMG\right_2024_11_20_20_17_21_009.jpg, 0, 0.2519394, 0, 17.85274
C:\Users\Owner\Downloads\simulator-windows-64\dataTrack1\IMG\center_2024_11_20_20_17_21_113.jpg, C:\Users\Owner\Downloads\simulator-windows-64\dataTrack1\IMG\left_2024_11_20_20_17_21_113.jpg, C:\Users\Owner\Downloads\simulator-windows-64\dataTrack1\IMG\right_2024_11_20_20_17_21_113.jpg, 0, 0.1464486, 0, 18.24049
C:\Users\Owner\Downloads\simulator-windows-64\dataTrack1\IMG\center_2024_11_20_20_17_21_217.jpg, C:\Users\Owner\Downloads\simulator-windows-64\dataTrack1\IMG\left_2024_11_20_20_17_21_217.jpg, C:\Users\Owner\Downloads\simulator-windows-64\dataTrack1\IMG\right_2024_11_20_20_17_21_217.jpg, 0, 0.3519312, 0, 18.02194
C:\Users\Owner\Downloads\simulator-windows-64\dataTrack1\IMG\center_2024_11_20_20_17_21_319.jpg, C:\Users\Owner\Downloads\simulator-windows-64\dataTrack1\IMG\left_2024_11_20_20_17_21_319.jpg, C:\Users\Owner\Downloads\simulator-windows-64\dataTrack1\IMG\right_2024_11_20_20_17_21_319.jpg, 0, 0.1514718, 0, 18.49251
C:\Users\Owner\Downloads\simulator-windows-64\dataTrack1\IMG\center_2024_11_20_20_17_21_422.jpg, C:\Users\Owner\Downloads\simulator-windows-64\dataTrack1\IMG\left_2024_11_20_20_17_21_422.jpg, C:\Users\Owner\Downloads\simulator-windows-64\dataTrack1\IMG\right_2024_11_20_20_17_21_422.jpg, 0, 0.3562731, 0, 18.23315
C:\Users\Owner\Downloads\simulator-windows-64\dataTrack1\IMG\center_2024_11_20_20_17_21_527.jpg, C:\Users\Owner\Downloads\simulator-windows-64\dataTrack1\IMG\left_2024_11_20_20_17_21_527.jpg, C:\Users\Owner\Downloads\simulator-windows-64\dataTrack1\IMG\right_2024_11_20_20_17_21_527.jpg, 0, 0.0924843, 0, 18.73242
C:\Users\Owner\Downloads\simulator-windows-64\dataTrack1\IMG\center_2024_11_20_20_17_21_630.jpg, C:\Users\Owner\Downloads\simulator-windows-64\dataTrack1\IMG\left_2024_11_20_20_17_21_630.jpg, C:\Users\Owner\Downloads\simulator-windows-64\dataTrack1\IMG\right_2024_11_20_20_17_21_630.jpg, 0, 0.4525494, 0, 18.89496
C:\Users\Owner\Downloads\simulator-windows-64\dataTrack1\IMG\center_2024_11_20_20_17_21_734.jpg, C:\Users\Owner\Downloads\simulator-windows-64\dataTrack1\IMG\left_2024_11_20_20_17_21_734.jpg, C:\Users\Owner\Downloads\simulator-windows-64\dataTrack1\IMG\right_2024_11_20_20_17_21_734.jpg, 0, 0.7625784, 0, 19.18735
C:\Users\Owner\Downloads\simulator-windows-64\dataTrack1\IMG\center_2024_11_20_20_17_21_837.jpg, C:\Users\Owner\Downloads\simulator-windows-64\dataTrack1\IMG\left_2024_11_20_20_17_21_837.jpg, C:\Users\Owner\Downloads\simulator-windows-64\dataTrack1\IMG\right_2024_11_20_20_17_21_837.jpg, 0, 1, 0, 20.28717
C:\Users\Owner\Downloads\simulator-windows-64\dataTrack1\IMG\center_2024_11_20_20_17_21_939.jpg, C:\Users\Owner\Downloads\simulator-windows-64\dataTrack1\IMG\left_2024_11_20_20_17_21_939.jpg, C:\Users\Owner\Downloads\simulator-windows-64\dataTrack1\IMG\right_2024_11_20_20_17_21_939.jpg, -0.1512207, 0.6930799, 0, 21.02727
C:\Users\Owner\Downloads\simulator-windows-64\dataTrack1\IMG\center_2024_11_20_20_17_22_044.jpg, C:\Users\Owner\Downloads\simulator-windows-64\dataTrack1\IMG\left_2024_11_20_20_17_22_044.jpg, C:\Users\Owner\Downloads\simulator-windows-64\dataTrack1\IMG\right_2024_11_20_20_17_22_044.jpg, 0, 0.4307794, 0, 21.58128
C:\Users\Owner\Downloads\simulator-windows-64\dataTrack1\IMG\center_2024_11_20_20_17_22_149.jpg, C:\Users\Owner\Downloads\simulator-windows-64\dataTrack1\IMG\left_2024_11_20_20_17_22_149.jpg, C:\Users\Owner\Downloads\simulator-windows-64\dataTrack1\IMG\right_2024_11_20_20_17_22_149.jpg, 0, 0.6937708, 0, 22.10282
C:\Users\Owner\Downloads\simulator-windows-64\dataTrack1\IMG\center_2024_11_20_20_17_22_254.jpg, C:\Users\Owner\Downloads\simulator-windows-64\dataTrack1\IMG\left_2024_11_20_20_17_22_254.jpg, C:\Users\Owner\Downloads\simulator-windows-64\dataTrack1\IMG\right_2024_11_20_20_17_22_254.jpg, -0.1566627, 0.592261, 0, 22.64881
C:\Users\Owner\Downloads\simulator-windows-64\dataTrack1\IMG\center_2024_11_20_20_17_22_355.jpg, C:\Users\Owner\Downloads\simulator-windows-64\dataTrack1\IMG\left_2024_11_20_20_17_22_355.jpg, C:\Users\Owner\Downloads\simulator-windows-64\dataTrack1\IMG\right_2024_11_20_20_17_22_355.jpg, -0.153582, 0.2873455, 0, 22.97085
C:\Users\Owner\Downloads\simulator-windows-64\dataTrack1\IMG\center_2024_11_20_20_17_22_459.jpg, C:\Users\Owner\Downloads\simulator-windows-64\dataTrack1\IMG\left_2024_11_20_20_17_22_459.jpg, C:\Users\Owner\Downloads\simulator-windows-64\dataTrack1\IMG\right_2024_11_20_20_17_22_459.jpg, -0.155889, 0, 0, 22.85641
C:\Users\Owner\Downloads\simulator-windows-64\dataTrack1\IMG\center_2024_11_20_20_17_22_563.jpg, C:\Users\Owner\Downloads\simulator-windows-64\dataTrack1\IMG\left_2024_11_20_20_17_22_563.jpg, C:\Users\Owner\Downloads\simulator-windows-64\dataTrack1\IMG\right_2024_11_20_20_17_22_563.jpg, -0.4701357, 0, 0, 22.56282
C:\Users\Owner\Downloads\simulator-windows-64\dataTrack1\IMG\center_2024_11_20_20_17_22_666.jpg, C:\Users\Owner\Downloads\simulator-windows-64\dataTrack1\IMG\left_2024_11_20_20_17_22_666.jpg, C:\Users\Owner\Downloads\simulator-windows-64\dataTrack1\IMG\right_2024_11_20_20_17_22_666.jpg, -0.2118492, 0.1059342, 0, 22.31896
C:\Users\Owner\Downloads\simulator-windows-64\dataTrack1\IMG\center_2024_11_20_20_17_22_771.jpg, C:\Users\Owner\Downloads\simulator-windows-64\dataTrack1\IMG\left_2024_11_20_20_17_22_771.jpg, C:\Users\Owner\Downloads\simulator-windows-64\dataTrack1\IMG\right_2024_11_20_20_17_22_771.jpg, 0, 0.3679455, 0, 22.49743
C:\Users\Owner\Downloads\simulator-windows-64\dataTrack1\IMG\center_2024_11_20_20_17_22_874.jpg, C:\Users\Owner\Downloads\simulator-windows-64\dataTrack1\IMG\left_2024_11_20_20_17_22_874.jpg, C:\Users\Owner\Downloads\simulator-windows-64\dataTrack1\IMG\right_2024_11_20_20_17_22_874.jpg, 0, 0.05916121, 0, 22.49886
C:\Users\Owner\Downloads\simulator-windows-64\dataTrack1\IMG\center_2024_11_20_20_17_22_978.jpg, C:\Users\Owner\Downloads\simulator-windows-64\dataTrack1\IMG\left_2024_11_20_20_17_22_978.jpg, C:\Users\Owner\Downloads\simulator-windows-64\dataTrack1\IMG\right_2024_11_20_20_17_22_978.jpg, 0, 0.3682416, 0, 22.52501
C:\Users\Owner\Downloads\simulator-windows-64\dataTrack1\IMG\center_2024_11_20_20_17_23_082.jpg, C:\Users\Owner\Downloads\simulator-windows-64\dataTrack1\IMG\left_2024_11_20_20_17_23_082.jpg, C:\Users\Owner\Downloads\simulator-windows-64\dataTrack1\IMG\right_2024_11_20_20_17_23_082.jpg, 0, 0.05593023, 0, 22.60756
C:\Users\Owner\Downloads\simulator-windows-64\dataTrack1\IMG\center_2024_11_20_20_17_23_185.jpg, C:\Users\Owner\Downloads\simulator-windows-64\dataTrack1\IMG\left_2024_11_20_20_17_23_185.jpg, C:\Users\Owner\Downloads\simulator-windows-64\dataTrack1\IMG\right_2024_11_20_20_17_23_185.jpg, 0, 0.3151857, 0, 22.56335
C:\Users\Owner\Downloads\simulator-windows-64\dataTrack1\IMG\center_2024_11_20_20_17_23_289.jpg, C:\Users\Owner\Downloads\simulator-windows-64\dataTrack1\IMG\left_2024_11_20_20_17_23_289.jpg, C:\Users\Owner\Downloads\simulator-windows-64\dataTrack1\IMG\right_2024_11_20_20_17_23_289.jpg, 0, 0.05656347, 0, 22.4542
C:\Users\Owner\Downloads\simulator-windows-64\dataTrack1\IMG\center_2024_11_20_20_17_23_392.jpg, C:\Users\Owner\Downloads\simulator-windows-64\dataTrack1\IMG\left_2024_11_20_20_17_23_392.jpg, C:\Users\Owner\Downloads\simulator-windows-64\dataTrack1\IMG\right_2024_11_20_20_17_23_392.jpg, 0, 0.1496613, 0, 22.51064
C:\Users\Owner\Downloads\simulator-windows-64\dataTrack1\IMG\center_2024_11_20_20_17_23_496.jpg, C:\Users\Owner\Downloads\simulator-windows-64\dataTrack1\IMG\left_2024_11_20_20_17_23_496.jpg, C:\Users\Owner\Downloads\simulator-windows-64\dataTrack1\IMG\right_2024_11_20_20_17_23_496.jpg, 0, 0, 0, 22.29526
C:\Users\Owner\Downloads\simulator-windows-64\dataTrack1\IMG\center_2024_11_20_20_17_23_600.jpg, C:\Users\Owner\Downloads\simulator-windows-64\dataTrack1\IMG\left_2024_11_20_20_17_23_600.jpg, C:\Users\Owner\Downloads\simulator-windows-64\dataTrack1\IMG\right_2024_11_20_20_17_23_600.jpg, 0, 0.2076258, 0, 22.16188
C:\Users\Owner\Downloads\simulator-windows-64\dataTrack1\IMG\center_2024_11_20_20_17_23_703.jpg, C:\Users\Owner\Downloads\simulator-windows-64\dataTrack1\IMG\left_2024_11_20_20_17_23_703.jpg, C:\Users\Owner\Downloads\simulator-windows-64\dataTrack1\IMG\right_2024_11_20_20_17_23_703.jpg, 0, 0, 0, 22.03075
C:\Users\Owner\Downloads\simulator-windows-64\dataTrack1\IMG\center_2024_11_20_20_17_23_807.jpg, C:\Users\Owner\Downloads\simulator-windows-64\dataTrack1\IMG\left_2024_11_20_20_17_23_807.jpg, C:\Users\Owner\Downloads\simulator-windows-64\dataTrack1\IMG\right_2024_11_20_20_17_23_807.jpg, 0, 0.2073777, 0, 21.8618
C:\Users\Owner\Downloads\simulator-windows-64\dataTrack1\IMG\center_2024_11_20_20_17_23_909.jpg, C:\Users\Owner\Downloads\simulator-windows-64\dataTrack1\IMG\left_2024_11_20_20_17_23_909.jpg, C:\Users\Owner\Downloads\simulator-windows-64\dataTrack1\IMG\right_2024_11_20_20_17_23_909.jpg, 0, 0, 0, 21.72066
C:\Users\Owner\Downloads\simulator-windows-64\dataTrack1\IMG\center_2024_11_20_20_17_24_014.jpg, C:\Users\Owner\Downloads\simulator-windows-64\dataTrack1\IMG\left_2024_11_20_20_17_24_014.jpg, C:\Users\Owner\Downloads\simulator-windows-64\dataTrack1\IMG\right_2024_11_20_20_17_24_014.jpg, 0, 0, 0, 21.49652
C:\Users\Owner\Downloads\simulator-windows-64\dataTrack1\IMG\center_2024_11_20_20_17_24_117.jpg, C:\Users\Owner\Downloads\simulator-windows-64\dataTrack1\IMG\left_2024_11_20_20_17_24_117.jpg, C:\Users\Owner\Downloads\simulator-windows-64\dataTrack1\IMG\right_2024_11_20_20_17_24_117.jpg, -0.1538199, 0, 0, 21.27649
C:\Users\Owner\Downloads\simulator-windows-64\dataTrack1\IMG\center_2024_11_20_20_17_24_222.jpg, C:\Users\Owner\Downloads\simulator-windows-64\dataTrack1\IMG\left_2024_11_20_20_17_24_222.jpg, C:\Users\Owner\Downloads\simulator-windows-64\dataTrack1\IMG\right_2024_11_20_20_17_24_222.jpg, -0.4664847, 0, 0, 20.96088
C:\Users\Owner\Downloads\simulator-windows-64\dataTrack1\IMG\center_2024_11_20_20_17_24_324.jpg, C:\Users\Owner\Downloads\simulator-windows-64\dataTrack1\IMG\left_2024_11_20_20_17_24_324.jpg, C:\Users\Owner\Downloads\simulator-windows-64\dataTrack1\IMG\right_2024_11_20_20_17_24_324.jpg, -0.2070669, 0, 0, 20.71497
C:\Users\Owner\Downloads\simulator-windows-64\dataTrack1\IMG\center_2024_11_20_20_17_24_428.jpg, C:\Users\Owner\Downloads\simulator-windows-64\dataTrack1\IMG\left_2024_11_20_20_17_24_428.jpg, C:\Users\Owner\Downloads\simulator-windows-64\dataTrack1\IMG\right_2024_11_20_20_17_24_428.jpg, 0, 0, 0, 20.44718
C:\Users\Owner\Downloads\simulator-windows-64\dataTrack1\IMG\center_2024_11_20_20_17_24_532.jpg, C:\Users\Owner\Downloads\simulator-windows-64\dataTrack1\IMG\left_2024_11_20_20_17_24_532.jpg, C:\Users\Owner\Downloads\simulator-windows-64\dataTrack1\IMG\right_2024_11_20_20_17_24_532.jpg, 0, 0, 0, 20.26842
C:\Users\Owner\Downloads\simulator-windows-64\dataTrack1\IMG\center_2024_11_20_20_17_24_635.jpg, C:\Users\Owner\Downloads\simulator-windows-64\dataTrack1\IMG\left_2024_11_20_20_17_24_635.jpg, C:\Users\Owner\Downloads\simulator-windows-64\dataTrack1\IMG\right_2024_11_20_20_17_24_635.jpg, 0, 0.3089832, 0, 20.18048
C:\Users\Owner\Downloads\simulator-windows-64\dataTrack1\IMG\center_2024_11_20_20_17_24_739.jpg, C:\Users\Owner\Downloads\simulator-windows-64\dataTrack1\IMG\left_2024_11_20_20_17_24_739.jpg, C:\Users\Owner\Downloads\simulator-windows-64\dataTrack1\IMG\right_2024_11_20_20_17_24_739.jpg, 0, 0.1635393, 0, 20.49092
C:\Users\Owner\Downloads\simulator-windows-64\dataTrack1\IMG\center_2024_11_20_20_17_24_840.jpg, C:\Users\Owner\Downloads\simulator-windows-64\dataTrack1\IMG\left_2024_11_20_20_17_24_840.jpg, C:\Users\Owner\Downloads\simulator-windows-64\dataTrack1\IMG\right_2024_11_20_20_17_24_840.jpg, 0, 0.098703, 0, 20.14619
C:\Users\Owner\Downloads\simulator-windows-64\dataTrack1\IMG\center_2024_11_20_20_17_24_945.jpg, C:\Users\Owner\Downloads\simulator-windows-64\dataTrack1\IMG\left_2024_11_20_20_17_24_945.jpg, C:\Users\Owner\Downloads\simulator-windows-64\dataTrack1\IMG\right_2024_11_20_20_17_24_945.jpg, 0, 0.1463589, 0, 20.42975
C:\Users\Owner\Downloads\simulator-windows-64\dataTrack1\IMG\center_2024_11_20_20_17_25_049.jpg, C:\Users\Owner\Downloads\simulator-windows-64\dataTrack1\IMG\left_2024_11_20_20_17_25_049.jpg, C:\Users\Owner\Downloads\simulator-windows-64\dataTrack1\IMG\right_2024_11_20_20_17_25_049.jpg, 0, 0.1026531, 0, 20.24067
C:\Users\Owner\Downloads\simulator-windows-64\dataTrack1\IMG\center_2024_11_20_20_17_25_154.jpg, C:\Users\Owner\Downloads\simulator-windows-64\dataTrack1\IMG\left_2024_11_20_20_17_25_154.jpg, C:\Users\Owner\Downloads\simulator-windows-64\dataTrack1\IMG\right_2024_11_20_20_17_25_154.jpg, 0, 0.3104601, 0, 20.09178
C:\Users\Owner\Downloads\simulator-windows-64\dataTrack1\IMG\center_2024_11_20_20_17_25_258.jpg, C:\Users\Owner\Downloads\simulator-windows-64\dataTrack1\IMG\left_2024_11_20_20_17_25_258.jpg, C:\Users\Owner\Downloads\simulator-windows-64\dataTrack1\IMG\right_2024_11_20_20_17_25_258.jpg, 0, 0.1050993, 0, 20.35295
C:\Users\Owner\Downloads\simulator-windows-64\dataTrack1\IMG\center_2024_11_20_20_17_25_363.jpg, C:\Users\Owner\Downloads\simulator-windows-64\dataTrack1\IMG\left_2024_11_20_20_17_25_363.jpg, C:\Users\Owner\Downloads\simulator-windows-64\dataTrack1\IMG\right_2024_11_20_20_17_25_363.jpg, 0, 0.3118257, 0, 20.14993
C:\Users\Owner\Downloads\simulator-windows-64\dataTrack1\IMG\center_2024_11_20_20_17_25_466.jpg, C:\Users\Owner\Downloads\simulator-windows-64\dataTrack1\IMG\left_2024_11_20_20_17_25_466.jpg, C:\Users\Owner\Downloads\simulator-windows-64\dataTrack1\IMG\right_2024_11_20_20_17_25_466.jpg, 0, 0.05307779, 0, 20.45503
C:\Users\Owner\Downloads\simulator-windows-64\dataTrack1\IMG\center_2024_11_20_20_17_25_569.jpg, C:\Users\Owner\Downloads\simulator-windows-64\dataTrack1\IMG\left_2024_11_20_20_17_25_569.jpg, C:\Users\Owner\Downloads\simulator-windows-64\dataTrack1\IMG\right_2024_11_20_20_17_25_569.jpg, -0.05033581, 0.1557201, 0, 20.24088
C:\Users\Owner\Downloads\simulator-windows-64\dataTrack1\IMG\center_2024_11_20_20_17_25_674.jpg, C:\Users\Owner\Downloads\simulator-windows-64\dataTrack1\IMG\left_2024_11_20_20_17_25_674.jpg, C:\Users\Owner\Downloads\simulator-windows-64\dataTrack1\IMG\right_2024_11_20_20_17_25_674.jpg, 0, 0.05739449, 0, 19.93616
C:\Users\Owner\Downloads\simulator-windows-64\dataTrack1\IMG\center_2024_11_20_20_17_25_775.jpg, C:\Users\Owner\Downloads\simulator-windows-64\dataTrack1\IMG\left_2024_11_20_20_17_25_775.jpg, C:\Users\Owner\Downloads\simulator-windows-64\dataTrack1\IMG\right_2024_11_20_20_17_25_775.jpg, -0.2223819, 0, 0, 20.04751
C:\Users\Owner\Downloads\simulator-windows-64\dataTrack1\IMG\center_2024_11_20_20_17_25_880.jpg, C:\Users\Owner\Downloads\simulator-windows-64\dataTrack1\IMG\left_2024_11_20_20_17_25_880.jpg, C:\Users\Owner\Downloads\simulator-windows-64\dataTrack1\IMG\right_2024_11_20_20_17_25_880.jpg, -0.1152279, 0.0501822, 0, 19.45695
C:\Users\Owner\Downloads\simulator-windows-64\dataTrack1\IMG\center_2024_11_20_20_17_25_983.jpg, C:\Users\Owner\Downloads\simulator-windows-64\dataTrack1\IMG\left_2024_11_20_20_17_25_983.jpg, C:\Users\Owner\Downloads\simulator-windows-64\dataTrack1\IMG\right_2024_11_20_20_17_25_983.jpg, 0, 0.1530315, 0, 19.81011
C:\Users\Owner\Downloads\simulator-windows-64\dataTrack1\IMG\center_2024_11_20_20_17_26_087.jpg, C:\Users\Owner\Downloads\simulator-windows-64\dataTrack1\IMG\left_2024_11_20_20_17_26_087.jpg, C:\Users\Owner\Downloads\simulator-windows-64\dataTrack1\IMG\right_2024_11_20_20_17_26_087.jpg, -0.102858, 0, 0, 19.30824
C:\Users\Owner\Downloads\simulator-windows-64\dataTrack1\IMG\center_2024_11_20_20_17_26_189.jpg, C:\Users\Owner\Downloads\simulator-windows-64\dataTrack1\IMG\left_2024_11_20_20_17_26_189.jpg, C:\Users\Owner\Downloads\simulator-windows-64\dataTrack1\IMG\right_2024_11_20_20_17_26_189.jpg, -0.05428801, 0, 0, 19.02443
C:\Users\Owner\Downloads\simulator-windows-64\dataTrack1\IMG\center_2024_11_20_20_17_26_294.jpg, C:\Users\Owner\Downloads\simulator-windows-64\dataTrack1\IMG\left_2024_11_20_20_17_26_294.jpg, C:\Users\Owner\Downloads\simulator-windows-64\dataTrack1\IMG\right_2024_11_20_20_17_26_294.jpg, 0, 0.0546582, 0, 19.24207
C:\Users\Owner\Downloads\simulator-windows-64\dataTrack1\IMG\center_2024_11_20_20_17_26_398.jpg, C:\Users\Owner\Downloads\simulator-windows-64\dataTrack1\IMG\left_2024_11_20_20_17_26_398.jpg, C:\Users\Owner\Downloads\simulator-windows-64\dataTrack1\IMG\right_2024_11_20_20_17_26_398.jpg, 0, 0.3670113, 0, 18.92299
C:\Users\Owner\Downloads\simulator-windows-64\dataTrack1\IMG\center_2024_11_20_20_17_26_501.jpg, C:\Users\Owner\Downloads\simulator-windows-64\dataTrack1\IMG\left_2024_11_20_20_17_26_501.jpg, C:\Users\Owner\Downloads\simulator-windows-64\dataTrack1\IMG\right_2024_11_20_20_17_26_501.jpg, 0, 0.05725682, 0, 19.37444
C:\Users\Owner\Downloads\simulator-windows-64\dataTrack1\IMG\center_2024_11_20_20_17_26_605.jpg, C:\Users\Owner\Downloads\simulator-windows-64\dataTrack1\IMG\left_2024_11_20_20_17_26_605.jpg, C:\Users\Owner\Downloads\simulator-windows-64\dataTrack1\IMG\right_2024_11_20_20_17_26_605.jpg, 0, 0.3170796, 0, 19.0286
C:\Users\Owner\Downloads\simulator-windows-64\dataTrack1\IMG\center_2024_11_20_20_17_26_709.jpg, C:\Users\Owner\Downloads\simulator-windows-64\dataTrack1\IMG\left_2024_11_20_20_17_26_709.jpg, C:\Users\Owner\Downloads\simulator-windows-64\dataTrack1\IMG\right_2024_11_20_20_17_26_709.jpg, 0, 0.05954614, 0, 19.09922
C:\Users\Owner\Downloads\simulator-windows-64\dataTrack1\IMG\center_2024_11_20_20_17_26_810.jpg, C:\Users\Owner\Downloads\simulator-windows-64\dataTrack1\IMG\left_2024_11_20_20_17_26_810.jpg, C:\Users\Owner\Downloads\simulator-windows-64\dataTrack1\IMG\right_2024_11_20_20_17_26_810.jpg, 0, 0.3655227, 0, 19.5325
C:\Users\Owner\Downloads\simulator-windows-64\dataTrack1\IMG\center_2024_11_20_20_17_26_917.jpg, C:\Users\Owner\Downloads\simulator-windows-64\dataTrack1\IMG\left_2024_11_20_20_17_26_917.jpg, C:\Users\Owner\Downloads\simulator-windows-64\dataTrack1\IMG\right_2024_11_20_20_17_26_917.jpg, 0, 0.04385493, 0, 19.24657
C:\Users\Owner\Downloads\simulator-windows-64\dataTrack1\IMG\center_2024_11_20_20_17_27_020.jpg, C:\Users\Owner\Downloads\simulator-windows-64\dataTrack1\IMG\left_2024_11_20_20_17_27_020.jpg, C:\Users\Owner\Downloads\simulator-windows-64\dataTrack1\IMG\right_2024_11_20_20_17_27_020.jpg, 0, 0.3525264, 0, 19.59988
C:\Users\Owner\Downloads\simulator-windows-64\dataTrack1\IMG\center_2024_11_20_20_17_27_123.jpg, C:\Users\Owner\Downloads\simulator-windows-64\dataTrack1\IMG\left_2024_11_20_20_17_27_123.jpg, C:\Users\Owner\Downloads\simulator-windows-64\dataTrack1\IMG\right_2024_11_20_20_17_27_123.jpg, -0.1508385, 0.04739819, 0, 19.36058
C:\Users\Owner\Downloads\simulator-windows-64\dataTrack1\IMG\center_2024_11_20_20_17_27_226.jpg, C:\Users\Owner\Downloads\simulator-windows-64\dataTrack1\IMG\left_2024_11_20_20_17_27_226.jpg, C:\Users\Owner\Downloads\simulator-windows-64\dataTrack1\IMG\right_2024_11_20_20_17_27_226.jpg, -0.2050626, 0, 0, 19.45134
C:\Users\Owner\Downloads\simulator-windows-64\dataTrack1\IMG\center_2024_11_20_20_17_27_330.jpg, C:\Users\Owner\Downloads\simulator-windows-64\dataTrack1\IMG\left_2024_11_20_20_17_27_330.jpg, C:\Users\Owner\Downloads\simulator-windows-64\dataTrack1\IMG\right_2024_11_20_20_17_27_330.jpg, 0, 0.2691549, 0, 19.49271
C:\Users\Owner\Downloads\simulator-windows-64\dataTrack1\IMG\center_2024_11_20_20_17_27_432.jpg, C:\Users\Owner\Downloads\simulator-windows-64\dataTrack1\IMG\left_2024_11_20_20_17_27_432.jpg, C:\Users\Owner\Downloads\simulator-windows-64\dataTrack1\IMG\right_2024_11_20_20_17_27_432.jpg, 0, 0, 0, 19.05052
C:\Users\Owner\Downloads\simulator-windows-64\dataTrack1\IMG\center_2024_11_20_20_17_27_535.jpg, C:\Users\Owner\Downloads\simulator-windows-64\dataTrack1\IMG\left_2024_11_20_20_17_27_535.jpg, C:\Users\Owner\Downloads\simulator-windows-64\dataTrack1\IMG\right_2024_11_20_20_17_27_535.jpg, 0, 0, 0, 19.2674
C:\Users\Owner\Downloads\simulator-windows-64\dataTrack1\IMG\center_2024_11_20_20_17_27_639.jpg, C:\Users\Owner\Downloads\simulator-windows-64\dataTrack1\IMG\left_2024_11_20_20_17_27_639.jpg, C:\Users\Owner\Downloads\simulator-windows-64\dataTrack1\IMG\right_2024_11_20_20_17_27_639.jpg, 0, 0.2030706, 0, 18.71132
C:\Users\Owner\Downloads\simulator-windows-64\dataTrack1\IMG\center_2024_11_20_20_17_27_743.jpg, C:\Users\Owner\Downloads\simulator-windows-64\dataTrack1\IMG\left_2024_11_20_20_17_27_743.jpg, C:\Users\Owner\Downloads\simulator-windows-64\dataTrack1\IMG\right_2024_11_20_20_17_27_743.jpg, -0.0500592, 0.3058644, 0, 19.31148
C:\Users\Owner\Downloads\simulator-windows-64\dataTrack1\IMG\center_2024_11_20_20_17_27_849.jpg, C:\Users\Owner\Downloads\simulator-windows-64\dataTrack1\IMG\left_2024_11_20_20_17_27_849.jpg, C:\Users\Owner\Downloads\simulator-windows-64\dataTrack1\IMG\right_2024_11_20_20_17_27_849.jpg, -0.3672693, 0, 0, 19.22933
C:\Users\Owner\Downloads\simulator-windows-64\dataTrack1\IMG\center_2024_11_20_20_17_27_951.jpg, C:\Users\Owner\Downloads\simulator-windows-64\dataTrack1\IMG\left_2024_11_20_20_17_27_951.jpg, C:\Users\Owner\Downloads\simulator-windows-64\dataTrack1\IMG\right_2024_11_20_20_17_27_951.jpg, -0.05993913, 0, 0, 18.6269
C:\Users\Owner\Downloads\simulator-windows-64\dataTrack1\IMG\center_2024_11_20_20_17_28_055.jpg, C:\Users\Owner\Downloads\simulator-windows-64\dataTrack1\IMG\left_2024_11_20_20_17_28_055.jpg, C:\Users\Owner\Downloads\simulator-windows-64\dataTrack1\IMG\right_2024_11_20_20_17_28_055.jpg, 0, 0.3116241, 0, 19.04924
C:\Users\Owner\Downloads\simulator-windows-64\dataTrack1\IMG\center_2024_11_20_20_17_28_158.jpg, C:\Users\Owner\Downloads\simulator-windows-64\dataTrack1\IMG\left_2024_11_20_20_17_28_158.jpg, C:\Users\Owner\Downloads\simulator-windows-64\dataTrack1\IMG\right_2024_11_20_20_17_28_158.jpg, 0, 0.002267111, 0, 18.65341
C:\Users\Owner\Downloads\simulator-windows-64\dataTrack1\IMG\center_2024_11_20_20_17_28_260.jpg, C:\Users\Owner\Downloads\simulator-windows-64\dataTrack1\IMG\left_2024_11_20_20_17_28_260.jpg, C:\Users\Owner\Downloads\simulator-windows-64\dataTrack1\IMG\right_2024_11_20_20_17_28_260.jpg, 0, 0, 0, 18.89285
C:\Users\Owner\Downloads\simulator-windows-64\dataTrack1\IMG\center_2024_11_20_20_17_28_364.jpg, C:\Users\Owner\Downloads\simulator-windows-64\dataTrack1\IMG\left_2024_11_20_20_17_28_364.jpg, C:\Users\Owner\Downloads\simulator-windows-64\dataTrack1\IMG\right_2024_11_20_20_17_28_364.jpg, 0, 0.1040727, 0, 18.24906
C:\Users\Owner\Downloads\simulator-windows-64\dataTrack1\IMG\center_2024_11_20_20_17_28_467.jpg, C:\Users\Owner\Downloads\simulator-windows-64\dataTrack1\IMG\left_2024_11_20_20_17_28_467.jpg, C:\Users\Owner\Downloads\simulator-windows-64\dataTrack1\IMG\right_2024_11_20_20_17_28_467.jpg, 0, 0.1564365, 0, 18.40481
C:\Users\Owner\Downloads\simulator-windows-64\dataTrack1\IMG\center_2024_11_20_20_17_28_570.jpg, C:\Users\Owner\Downloads\simulator-windows-64\dataTrack1\IMG\left_2024_11_20_20_17_28_570.jpg, C:\Users\Owner\Downloads\simulator-windows-64\dataTrack1\IMG\right_2024_11_20_20_17_28_570.jpg, 0, 0.1028496, 0, 18.70341
C:\Users\Owner\Downloads\simulator-windows-64\dataTrack1\IMG\center_2024_11_20_20_17_28_675.jpg, C:\Users\Owner\Downloads\simulator-windows-64\dataTrack1\IMG\left_2024_11_20_20_17_28_675.jpg, C:\Users\Owner\Downloads\simulator-windows-64\dataTrack1\IMG\right_2024_11_20_20_17_28_675.jpg, 0, 0.2085579, 0, 18.37833
C:\Users\Owner\Downloads\simulator-windows-64\dataTrack1\IMG\center_2024_11_20_20_17_28_778.jpg, C:\Users\Owner\Downloads\simulator-windows-64\dataTrack1\IMG\left_2024_11_20_20_17_28_778.jpg, C:\Users\Owner\Downloads\simulator-windows-64\dataTrack1\IMG\right_2024_11_20_20_17_28_778.jpg, 0, 0.1107477, 0, 18.72708
C:\Users\Owner\Downloads\simulator-windows-64\dataTrack1\IMG\center_2024_11_20_20_17_28_883.jpg, C:\Users\Owner\Downloads\simulator-windows-64\dataTrack1\IMG\left_2024_11_20_20_17_28_883.jpg, C:\Users\Owner\Downloads\simulator-windows-64\dataTrack1\IMG\right_2024_11_20_20_17_28_883.jpg, 0, 0.3184599, 0, 18.41773
C:\Users\Owner\Downloads\simulator-windows-64\dataTrack1\IMG\center_2024_11_20_20_17_28_986.jpg, C:\Users\Owner\Downloads\simulator-windows-64\dataTrack1\IMG\left_2024_11_20_20_17_28_986.jpg, C:\Users\Owner\Downloads\simulator-windows-64\dataTrack1\IMG\right_2024_11_20_20_17_28_986.jpg, 0, 0.06221669, 0, 18.87204
C:\Users\Owner\Downloads\simulator-windows-64\dataTrack1\IMG\center_2024_11_20_20_17_29_093.jpg, C:\Users\Owner\Downloads\simulator-windows-64\dataTrack1\IMG\left_2024_11_20_20_17_29_093.jpg, C:\Users\Owner\Downloads\simulator-windows-64\dataTrack1\IMG\right_2024_11_20_20_17_29_093.jpg, 0, 0.3314676, 0, 19.02216
C:\Users\Owner\Downloads\simulator-windows-64\dataTrack1\IMG\center_2024_11_20_20_17_29_197.jpg, C:\Users\Owner\Downloads\simulator-windows-64\dataTrack1\IMG\left_2024_11_20_20_17_29_197.jpg, C:\Users\Owner\Downloads\simulator-windows-64\dataTrack1\IMG\right_2024_11_20_20_17_29_197.jpg, 0, 0.1203378, 0, 18.65685
C:\Users\Owner\Downloads\simulator-windows-64\dataTrack1\IMG\center_2024_11_20_20_17_29_302.jpg, C:\Users\Owner\Downloads\simulator-windows-64\dataTrack1\IMG\left_2024_11_20_20_17_29_302.jpg, C:\Users\Owner\Downloads\simulator-windows-64\dataTrack1\IMG\right_2024_11_20_20_17_29_302.jpg, 0, 0.2243562, 0, 19.16071
C:\Users\Owner\Downloads\simulator-windows-64\dataTrack1\IMG\center_2024_11_20_20_17_29_403.jpg, C:\Users\Owner\Downloads\simulator-windows-64\dataTrack1\IMG\left_2024_11_20_20_17_29_403.jpg, C:\Users\Owner\Downloads\simulator-windows-64\dataTrack1\IMG\right_2024_11_20_20_17_29_403.jpg, 0, 0.0517182, 0, 18.69328
C:\Users\Owner\Downloads\simulator-windows-64\dataTrack1\IMG\center_2024_11_20_20_17_29_506.jpg, C:\Users\Owner\Downloads\simulator-windows-64\dataTrack1\IMG\left_2024_11_20_20_17_29_506.jpg, C:\Users\Owner\Downloads\simulator-windows-64\dataTrack1\IMG\right_2024_11_20_20_17_29_506.jpg, 0, 0.3101319, 0, 19.11808
C:\Users\Owner\Downloads\simulator-windows-64\dataTrack1\IMG\center_2024_11_20_20_17_29_610.jpg, C:\Users\Owner\Downloads\simulator-windows-64\dataTrack1\IMG\left_2024_11_20_20_17_29_610.jpg, C:\Users\Owner\Downloads\simulator-windows-64\dataTrack1\IMG\right_2024_11_20_20_17_29_610.jpg, 0, 0, 0, 19.07324
C:\Users\Owner\Downloads\simulator-windows-64\dataTrack1\IMG\center_2024_11_20_20_17_29_715.jpg, C:\Users\Owner\Downloads\simulator-windows-64\dataTrack1\IMG\left_2024_11_20_20_17_29_715.jpg, C:\Users\Owner\Downloads\simulator-windows-64\dataTrack1\IMG\right_2024_11_20_20_17_29_715.jpg, 0, 0.3162321, 0, 18.69535
C:\Users\Owner\Downloads\simulator-windows-64\dataTrack1\IMG\center_2024_11_20_20_17_29_818.jpg, C:\Users\Owner\Downloads\simulator-windows-64\dataTrack1\IMG\left_2024_11_20_20_17_29_818.jpg, C:\Users\Owner\Downloads\simulator-windows-64\dataTrack1\IMG\right_2024_11_20_20_17_29_818.jpg, 0, 0.01202069, 0, 19.11452
C:\Users\Owner\Downloads\simulator-windows-64\dataTrack1\IMG\center_2024_11_20_20_17_29_923.jpg, C:\Users\Owner\Downloads\simulator-windows-64\dataTrack1\IMG\left_2024_11_20_20_17_29_923.jpg, C:\Users\Owner\Downloads\simulator-windows-64\dataTrack1\IMG\right_2024_11_20_20_17_29_923.jpg, 0, 0.3303831, 0, 18.68628
C:\Users\Owner\Downloads\simulator-windows-64\dataTrack1\IMG\center_2024_11_20_20_17_30_026.jpg, C:\Users\Owner\Downloads\simulator-windows-64\dataTrack1\IMG\left_2024_11_20_20_17_30_026.jpg, C:\Users\Owner\Downloads\simulator-windows-64\dataTrack1\IMG\right_2024_11_20_20_17_30_026.jpg, 0, 0.07290873, 0, 19.16468
C:\Users\Owner\Downloads\simulator-windows-64\dataTrack1\IMG\center_2024_11_20_20_17_30_128.jpg, C:\Users\Owner\Downloads\simulator-windows-64\dataTrack1\IMG\left_2024_11_20_20_17_30_128.jpg, C:\Users\Owner\Downloads\simulator-windows-64\dataTrack1\IMG\right_2024_11_20_20_17_30_128.jpg, 0, 0.2051244, 0, 19.03313
C:\Users\Owner\Downloads\simulator-windows-64\dataTrack1\IMG\center_2024_11_20_20_17_30_233.jpg, C:\Users\Owner\Downloads\simulator-windows-64\dataTrack1\IMG\left_2024_11_20_20_17_30_233.jpg, C:\Users\Owner\Downloads\simulator-windows-64\dataTrack1\IMG\right_2024_11_20_20_17_30_233.jpg, 0, 0.06221971, 0, 18.65351
C:\Users\Owner\Downloads\simulator-windows-64\dataTrack1\IMG\center_2024_11_20_20_17_30_336.jpg, C:\Users\Owner\Downloads\simulator-windows-64\dataTrack1\IMG\left_2024_11_20_20_17_30_336.jpg, C:\Users\Owner\Downloads\simulator-windows-64\dataTrack1\IMG\right_2024_11_20_20_17_30_336.jpg, 0, 0.1243371, 0, 19.00108
C:\Users\Owner\Downloads\simulator-windows-64\dataTrack1\IMG\center_2024_11_20_20_17_30_440.jpg, C:\Users\Owner\Downloads\simulator-windows-64\dataTrack1\IMG\left_2024_11_20_20_17_30_440.jpg, C:\Users\Owner\Downloads\simulator-windows-64\dataTrack1\IMG\right_2024_11_20_20_17_30_440.jpg, -0.3117438, 0, 0, 18.34908
C:\Users\Owner\Downloads\simulator-windows-64\dataTrack1\IMG\center_2024_11_20_20_17_30_543.jpg, C:\Users\Owner\Downloads\simulator-windows-64\dataTrack1\IMG\left_2024_11_20_20_17_30_543.jpg, C:\Users\Owner\Downloads\simulator-windows-64\dataTrack1\IMG\right_2024_11_20_20_17_30_543.jpg, -0.005999088, 0, 0, 18.60652
C:\Users\Owner\Downloads\simulator-windows-64\dataTrack1\IMG\center_2024_11_20_20_17_30_646.jpg, C:\Users\Owner\Downloads\simulator-windows-64\dataTrack1\IMG\left_2024_11_20_20_17_30_646.jpg, C:\Users\Owner\Downloads\simulator-windows-64\dataTrack1\IMG\right_2024_11_20_20_17_30_646.jpg, 0, 0, 0, 17.91938
C:\Users\Owner\Downloads\simulator-windows-64\dataTrack1\IMG\center_2024_11_20_20_17_30_750.jpg, C:\Users\Owner\Downloads\simulator-windows-64\dataTrack1\IMG\left_2024_11_20_20_17_30_750.jpg, C:\Users\Owner\Downloads\simulator-windows-64\dataTrack1\IMG\right_2024_11_20_20_17_30_750.jpg, 0, 0, 0, 17.69272
C:\Users\Owner\Downloads\simulator-windows-64\dataTrack1\IMG\center_2024_11_20_20_17_30_854.jpg, C:\Users\Owner\Downloads\simulator-windows-64\dataTrack1\IMG\left_2024_11_20_20_17_30_854.jpg, C:\Users\Owner\Downloads\simulator-windows-64\dataTrack1\IMG\right_2024_11_20_20_17_30_854.jpg, 0, 0.3126867, 0, 18.19105
C:\Users\Owner\Downloads\simulator-windows-64\dataTrack1\IMG\center_2024_11_20_20_17_30_958.jpg, C:\Users\Owner\Downloads\simulator-windows-64\dataTrack1\IMG\left_2024_11_20_20_17_30_958.jpg, C:\Users\Owner\Downloads\simulator-windows-64\dataTrack1\IMG\right_2024_11_20_20_17_30_958.jpg, 0, 0.001916975, 0, 17.74867
C:\Users\Owner\Downloads\simulator-windows-64\dataTrack1\IMG\center_2024_11_20_20_17_31_059.jpg, C:\Users\Owner\Downloads\simulator-windows-64\dataTrack1\IMG\left_2024_11_20_20_17_31_059.jpg, C:\Users\Owner\Downloads\simulator-windows-64\dataTrack1\IMG\right_2024_11_20_20_17_31_059.jpg, 0, 0, 0, 18.05842
C:\Users\Owner\Downloads\simulator-windows-64\dataTrack1\IMG\center_2024_11_20_20_17_31_164.jpg, C:\Users\Owner\Downloads\simulator-windows-64\dataTrack1\IMG\left_2024_11_20_20_17_31_164.jpg, C:\Users\Owner\Downloads\simulator-windows-64\dataTrack1\IMG\right_2024_11_20_20_17_31_164.jpg, 0, 0, 0, 17.41613
C:\Users\Owner\Downloads\simulator-windows-64\dataTrack1\IMG\center_2024_11_20_20_17_31_268.jpg, C:\Users\Owner\Downloads\simulator-windows-64\dataTrack1\IMG\left_2024_11_20_20_17_31_268.jpg, C:\Users\Owner\Downloads\simulator-windows-64\dataTrack1\IMG\right_2024_11_20_20_17_31_268.jpg, 0, 0, 0, 17.19626
C:\Users\Owner\Downloads\simulator-windows-64\dataTrack1\IMG\center_2024_11_20_20_17_31_370.jpg, C:\Users\Owner\Downloads\simulator-windows-64\dataTrack1\IMG\left_2024_11_20_20_17_31_370.jpg, C:\Users\Owner\Downloads\simulator-windows-64\dataTrack1\IMG\right_2024_11_20_20_17_31_370.jpg, 0, 0.2088048, 0, 17.71309
C:\Users\Owner\Downloads\simulator-windows-64\dataTrack1\IMG\center_2024_11_20_20_17_31_473.jpg, C:\Users\Owner\Downloads\simulator-windows-64\dataTrack1\IMG\left_2024_11_20_20_17_31_473.jpg, C:\Users\Owner\Downloads\simulator-windows-64\dataTrack1\IMG\right_2024_11_20_20_17_31_473.jpg, 0, 0, 0, 17.1068
C:\Users\Owner\Downloads\simulator-windows-64\dataTrack1\IMG\center_2024_11_20_20_17_31_577.jpg, C:\Users\Owner\Downloads\simulator-windows-64\dataTrack1\IMG\left_2024_11_20_20_17_31_577.jpg, C:\Users\Owner\Downloads\simulator-windows-64\dataTrack1\IMG\right_2024_11_20_20_17_31_577.jpg, 0, 0.2062302, 0, 17.61011
C:\Users\Owner\Downloads\simulator-windows-64\dataTrack1\IMG\center_2024_11_20_20_17_31_682.jpg, C:\Users\Owner\Downloads\simulator-windows-64\dataTrack1\IMG\left_2024_11_20_20_17_31_682.jpg, C:\Users\Owner\Downloads\simulator-windows-64\dataTrack1\IMG\right_2024_11_20_20_17_31_682.jpg, 0, 0, 0, 17.03058
C:\Users\Owner\Downloads\simulator-windows-64\dataTrack1\IMG\center_2024_11_20_20_17_31_792.jpg, C:\Users\Owner\Downloads\simulator-windows-64\dataTrack1\IMG\left_2024_11_20_20_17_31_792.jpg, C:\Users\Owner\Downloads\simulator-windows-64\dataTrack1\IMG\right_2024_11_20_20_17_31_792.jpg, 0, 0.2050248, 0, 16.92902
C:\Users\Owner\Downloads\simulator-windows-64\dataTrack1\IMG\center_2024_11_20_20_17_31_893.jpg, C:\Users\Owner\Downloads\simulator-windows-64\dataTrack1\IMG\left_2024_11_20_20_17_31_893.jpg, C:\Users\Owner\Downloads\simulator-windows-64\dataTrack1\IMG\right_2024_11_20_20_17_31_893.jpg, 0, 0.2007045, 0, 17.59223
C:\Users\Owner\Downloads\simulator-windows-64\dataTrack1\IMG\center_2024_11_20_20_17_31_998.jpg, C:\Users\Owner\Downloads\simulator-windows-64\dataTrack1\IMG\left_2024_11_20_20_17_31_998.jpg, C:\Users\Owner\Downloads\simulator-windows-64\dataTrack1\IMG\right_2024_11_20_20_17_31_998.jpg, 0, 0.0523866, 0, 16.98947
C:\Users\Owner\Downloads\simulator-windows-64\dataTrack1\IMG\center_2024_11_20_20_17_32_102.jpg, C:\Users\Owner\Downloads\simulator-windows-64\dataTrack1\IMG\left_2024_11_20_20_17_32_102.jpg, C:\Users\Owner\Downloads\simulator-windows-64\dataTrack1\IMG\right_2024_11_20_20_17_32_102.jpg, 0, 0.3621531, 0, 17.53226
C:\Users\Owner\Downloads\simulator-windows-64\dataTrack1\IMG\center_2024_11_20_20_17_32_213.jpg, C:\Users\Owner\Downloads\simulator-windows-64\dataTrack1\IMG\left_2024_11_20_20_17_32_213.jpg, C:\Users\Owner\Downloads\simulator-windows-64\dataTrack1\IMG\right_2024_11_20_20_17_32_213.jpg, 0, 0.0310125, 0, 17.65503
C:\Users\Owner\Downloads\simulator-windows-64\dataTrack1\IMG\center_2024_11_20_20_17_32_327.jpg, C:\Users\Owner\Downloads\simulator-windows-64\dataTrack1\IMG\left_2024_11_20_20_17_32_327.jpg, C:\Users\Owner\Downloads\simulator-windows-64\dataTrack1\IMG\right_2024_11_20_20_17_32_327.jpg, 0, 0.2718084, 0, 17.71191
C:\Users\Owner\Downloads\simulator-windows-64\dataTrack1\IMG\center_2024_11_20_20_17_32_435.jpg, C:\Users\Owner\Downloads\simulator-windows-64\dataTrack1\IMG\left_2024_11_20_20_17_32_435.jpg, C:\Users\Owner\Downloads\simulator-windows-64\dataTrack1\IMG\right_2024_11_20_20_17_32_435.jpg, 0, 0.0498219, 0, 17.16372
C:\Users\Owner\Downloads\simulator-windows-64\dataTrack1\IMG\center_2024_11_20_20_17_32_550.jpg, C:\Users\Owner\Downloads\simulator-windows-64\dataTrack1\IMG\left_2024_11_20_20_17_32_550.jpg, C:\Users\Owner\Downloads\simulator-windows-64\dataTrack1\IMG\right_2024_11_20_20_17_32_550.jpg, 0, 0.08735158, 0, 17.20934
C:\Users\Owner\Downloads\simulator-windows-64\dataTrack1\IMG\center_2024_11_20_20_17_32_654.jpg, C:\Users\Owner\Downloads\simulator-windows-64\dataTrack1\IMG\left_2024_11_20_20_17_32_654.jpg, C:\Users\Owner\Downloads\simulator-windows-64\dataTrack1\IMG\right_2024_11_20_20_17_32_654.jpg, 0, 0, 0, 17.55784
C:\Users\Owner\Downloads\simulator-windows-64\dataTrack1\IMG\center_2024_11_20_20_17_32_758.jpg, C:\Users\Owner\Downloads\simulator-windows-64\dataTrack1\IMG\left_2024_11_20_20_17_32_758.jpg, C:\Users\Owner\Downloads\simulator-windows-64\dataTrack1\IMG\right_2024_11_20_20_17_32_758.jpg, 0, 0, 0, 16.84911
C:\Users\Owner\Downloads\simulator-windows-64\dataTrack1\IMG\center_2024_11_20_20_17_32_859.jpg, C:\Users\Owner\Downloads\simulator-windows-64\dataTrack1\IMG\left_2024_11_20_20_17_32_859.jpg, C:\Users\Owner\Downloads\simulator-windows-64\dataTrack1\IMG\right_2024_11_20_20_17_32_859.jpg, -0.3039204, 0, 0, 17.16357
C:\Users\Owner\Downloads\simulator-windows-64\dataTrack1\IMG\center_2024_11_20_20_17_32_965.jpg, C:\Users\Owner\Downloads\simulator-windows-64\dataTrack1\IMG\left_2024_11_20_20_17_32_965.jpg, C:\Users\Owner\Downloads\simulator-windows-64\dataTrack1\IMG\right_2024_11_20_20_17_32_965.jpg, -0.03816358, 0, 0, 16.4614
C:\Users\Owner\Downloads\simulator-windows-64\dataTrack1\IMG\center_2024_11_20_20_17_33_075.jpg, C:\Users\Owner\Downloads\simulator-windows-64\dataTrack1\IMG\left_2024_11_20_20_17_33_075.jpg, C:\Users\Owner\Downloads\simulator-windows-64\dataTrack1\IMG\right_2024_11_20_20_17_33_075.jpg, 0, 0, 0, 16.25323
C:\Users\Owner\Downloads\simulator-windows-64\dataTrack1\IMG\center_2024_11_20_20_17_33_177.jpg, C:\Users\Owner\Downloads\simulator-windows-64\dataTrack1\IMG\left_2024_11_20_20_17_33_177.jpg, C:\Users\Owner\Downloads\simulator-windows-64\dataTrack1\IMG\right_2024_11_20_20_17_33_177.jpg, 0, 0, 0, 16.63309
C:\Users\Owner\Downloads\simulator-windows-64\dataTrack1\IMG\center_2024_11_20_20_17_33_279.jpg, C:\Users\Owner\Downloads\simulator-windows-64\dataTrack1\IMG\left_2024_11_20_20_17_33_279.jpg, C:\Users\Owner\Downloads\simulator-windows-64\dataTrack1\IMG\right_2024_11_20_20_17_33_279.jpg, 0, 0.1479543, 0, 15.93349
C:\Users\Owner\Downloads\simulator-windows-64\dataTrack1\IMG\center_2024_11_20_20_17_33_382.jpg, C:\Users\Owner\Downloads\simulator-windows-64\dataTrack1\IMG\left_2024_11_20_20_17_33_382.jpg, C:\Users\Owner\Downloads\simulator-windows-64\dataTrack1\IMG\right_2024_11_20_20_17_33_382.jpg, 0, 0.2635878, 0, 16.62617
C:\Users\Owner\Downloads\simulator-windows-64\dataTrack1\IMG\center_2024_11_20_20_17_33_485.jpg, C:\Users\Owner\Downloads\simulator-windows-64\dataTrack1\IMG\left_2024_11_20_20_17_33_485.jpg, C:\Users\Owner\Downloads\simulator-windows-64\dataTrack1\IMG\right_2024_11_20_20_17_33_485.jpg, 0, 0.1128468, 0, 16.13011
C:\Users\Owner\Downloads\simulator-windows-64\dataTrack1\IMG\center_2024_11_20_20_17_33_589.jpg, C:\Users\Owner\Downloads\simulator-windows-64\dataTrack1\IMG\left_2024_11_20_20_17_33_589.jpg, C:\Users\Owner\Downloads\simulator-windows-64\dataTrack1\IMG\right_2024_11_20_20_17_33_589.jpg, 0, 0.4737322, 0, 16.48654
C:\Users\Owner\Downloads\simulator-windows-64\dataTrack1\IMG\center_2024_11_20_20_17_33_690.jpg, C:\Users\Owner\Downloads\simulator-windows-64\dataTrack1\IMG\left_2024_11_20_20_17_33_690.jpg, C:\Users\Owner\Downloads\simulator-windows-64\dataTrack1\IMG\right_2024_11_20_20_17_33_690.jpg, 0, 0.7799485, 0, 17.47593
C:\Users\Owner\Downloads\simulator-windows-64\dataTrack1\IMG\center_2024_11_20_20_17_33_793.jpg, C:\Users\Owner\Downloads\simulator-windows-64\dataTrack1\IMG\left_2024_11_20_20_17_33_793.jpg, C:\Users\Owner\Downloads\simulator-windows-64\dataTrack1\IMG\right_2024_11_20_20_17_33_793.jpg, 0, 1, 0, 18.21945
C:\Users\Owner\Downloads\simulator-windows-64\dataTrack1\IMG\center_2024_11_20_20_17_33_900.jpg, C:\Users\Owner\Downloads\simulator-windows-64\dataTrack1\IMG\left_2024_11_20_20_17_33_900.jpg, C:\Users\Owner\Downloads\simulator-windows-64\dataTrack1\IMG\right_2024_11_20_20_17_33_900.jpg, 0, 0.6816094, 0, 19.22535
C:\Users\Owner\Downloads\simulator-windows-64\dataTrack1\IMG\center_2024_11_20_20_17_34_003.jpg, C:\Users\Owner\Downloads\simulator-windows-64\dataTrack1\IMG\left_2024_11_20_20_17_34_003.jpg, C:\Users\Owner\Downloads\simulator-windows-64\dataTrack1\IMG\right_2024_11_20_20_17_34_003.jpg, -0.2613411, 0.4202683, 0, 19.43165
C:\Users\Owner\Downloads\simulator-windows-64\dataTrack1\IMG\center_2024_11_20_20_17_34_118.jpg, C:\Users\Owner\Downloads\simulator-windows-64\dataTrack1\IMG\left_2024_11_20_20_17_34_118.jpg, C:\Users\Owner\Downloads\simulator-windows-64\dataTrack1\IMG\right_2024_11_20_20_17_34_118.jpg, 0, 0.02909142, 0, 19.41433
C:\Users\Owner\Downloads\simulator-windows-64\dataTrack1\IMG\center_2024_11_20_20_17_34_227.jpg, C:\Users\Owner\Downloads\simulator-windows-64\dataTrack1\IMG\left_2024_11_20_20_17_34_227.jpg, C:\Users\Owner\Downloads\simulator-windows-64\dataTrack1\IMG\right_2024_11_20_20_17_34_227.jpg, 0, 0, 0, 19.15156
C:\Users\Owner\Downloads\simulator-windows-64\dataTrack1\IMG\center_2024_11_20_20_17_34_336.jpg, C:\Users\Owner\Downloads\simulator-windows-64\dataTrack1\IMG\left_2024_11_20_20_17_34_336.jpg, C:\Users\Owner\Downloads\simulator-windows-64\dataTrack1\IMG\right_2024_11_20_20_17_34_336.jpg, 0, 0, 0, 19.35087
C:\Users\Owner\Downloads\simulator-windows-64\dataTrack1\IMG\center_2024_11_20_20_17_34_438.jpg, C:\Users\Owner\Downloads\simulator-windows-64\dataTrack1\IMG\left_2024_11_20_20_17_34_438.jpg, C:\Users\Owner\Downloads\simulator-windows-64\dataTrack1\IMG\right_2024_11_20_20_17_34_438.jpg, 0, 0, 0, 18.72127
C:\Users\Owner\Downloads\simulator-windows-64\dataTrack1\IMG\center_2024_11_20_20_17_34_549.jpg, C:\Users\Owner\Downloads\simulator-windows-64\dataTrack1\IMG\left_2024_11_20_20_17_34_549.jpg, C:\Users\Owner\Downloads\simulator-windows-64\dataTrack1\IMG\right_2024_11_20_20_17_34_549.jpg, 0, 0, 0, 18.4751
C:\Users\Owner\Downloads\simulator-windows-64\dataTrack1\IMG\center_2024_11_20_20_17_34_649.jpg, C:\Users\Owner\Downloads\simulator-windows-64\dataTrack1\IMG\left_2024_11_20_20_17_34_649.jpg, C:\Users\Owner\Downloads\simulator-windows-64\dataTrack1\IMG\right_2024_11_20_20_17_34_649.jpg, -0.30327, 0, 0, 18.71091
C:\Users\Owner\Downloads\simulator-windows-64\dataTrack1\IMG\center_2024_11_20_20_17_34_754.jpg, C:\Users\Owner\Downloads\simulator-windows-64\dataTrack1\IMG\left_2024_11_20_20_17_34_754.jpg, C:\Users\Owner\Downloads\simulator-windows-64\dataTrack1\IMG\right_2024_11_20_20_17_34_754.jpg, -0.2029839, 0.2085936, 0, 18.11525
C:\Users\Owner\Downloads\simulator-windows-64\dataTrack1\IMG\center_2024_11_20_20_17_34_857.jpg, C:\Users\Owner\Downloads\simulator-windows-64\dataTrack1\IMG\left_2024_11_20_20_17_34_857.jpg, C:\Users\Owner\Downloads\simulator-windows-64\dataTrack1\IMG\right_2024_11_20_20_17_34_857.jpg, 0, 0.09711299, 0, 18.65402
C:\Users\Owner\Downloads\simulator-windows-64\dataTrack1\IMG\center_2024_11_20_20_17_34_967.jpg, C:\Users\Owner\Downloads\simulator-windows-64\dataTrack1\IMG\left_2024_11_20_20_17_34_967.jpg, C:\Users\Owner\Downloads\simulator-windows-64\dataTrack1\IMG\right_2024_11_20_20_17_34_967.jpg, 0, 0.0537651, 0, 18.45556
C:\Users\Owner\Downloads\simulator-windows-64\dataTrack1\IMG\center_2024_11_20_20_17_35_072.jpg, C:\Users\Owner\Downloads\simulator-windows-64\dataTrack1\IMG\left_2024_11_20_20_17_35_072.jpg, C:\Users\Owner\Downloads\simulator-windows-64\dataTrack1\IMG\right_2024_11_20_20_17_35_072.jpg, 0, 0.2555814, 0, 18.10002
C:\Users\Owner\Downloads\simulator-windows-64\dataTrack1\IMG\center_2024_11_20_20_17_35_185.jpg, C:\Users\Owner\Downloads\simulator-windows-64\dataTrack1\IMG\left_2024_11_20_20_17_35_185.jpg, C:\Users\Owner\Downloads\simulator-windows-64\dataTrack1\IMG\right_2024_11_20_20_17_35_185.jpg, 0, 0, 0, 18.45829
C:\Users\Owner\Downloads\simulator-windows-64\dataTrack1\IMG\center_2024_11_20_20_17_35_290.jpg, C:\Users\Owner\Downloads\simulator-windows-64\dataTrack1\IMG\left_2024_11_20_20_17_35_290.jpg, C:\Users\Owner\Downloads\simulator-windows-64\dataTrack1\IMG\right_2024_11_20_20_17_35_290.jpg, 0, 0.1069755, 0, 18.40784
C:\Users\Owner\Downloads\simulator-windows-64\dataTrack1\IMG\center_2024_11_20_20_17_35_396.jpg, C:\Users\Owner\Downloads\simulator-windows-64\dataTrack1\IMG\left_2024_11_20_20_17_35_396.jpg, C:\Users\Owner\Downloads\simulator-windows-64\dataTrack1\IMG\right_2024_11_20_20_17_35_396.jpg, 0, 0.1038744, 0, 17.77345
C:\Users\Owner\Downloads\simulator-windows-64\dataTrack1\IMG\center_2024_11_20_20_17_35_502.jpg, C:\Users\Owner\Downloads\simulator-windows-64\dataTrack1\IMG\left_2024_11_20_20_17_35_502.jpg, C:\Users\Owner\Downloads\simulator-windows-64\dataTrack1\IMG\right_2024_11_20_20_17_35_502.jpg, 0, 0.4200342, 0, 18.35119
C:\Users\Owner\Downloads\simulator-windows-64\dataTrack1\IMG\center_2024_11_20_20_17_35_610.jpg, C:\Users\Owner\Downloads\simulator-windows-64\dataTrack1\IMG\left_2024_11_20_20_17_35_610.jpg, C:\Users\Owner\Downloads\simulator-windows-64\dataTrack1\IMG\right_2024_11_20_20_17_35_610.jpg, 0, 0.1976691, 0, 18.52824
C:\Users\Owner\Downloads\simulator-windows-64\dataTrack1\IMG\center_2024_11_20_20_17_35_726.jpg, C:\Users\Owner\Downloads\simulator-windows-64\dataTrack1\IMG\left_2024_11_20_20_17_35_726.jpg, C:\Users\Owner\Downloads\simulator-windows-64\dataTrack1\IMG\right_2024_11_20_20_17_35_726.jpg, 0, 0.4940826, 0, 18.39909
C:\Users\Owner\Downloads\simulator-windows-64\dataTrack1\IMG\center_2024_11_20_20_17_35_829.jpg, C:\Users\Owner\Downloads\simulator-windows-64\dataTrack1\IMG\left_2024_11_20_20_17_35_829.jpg, C:\Users\Owner\Downloads\simulator-windows-64\dataTrack1\IMG\right_2024_11_20_20_17_35_829.jpg, 0, 0.2358636, 0, 18.58271
C:\Users\Owner\Downloads\simulator-windows-64\dataTrack1\IMG\center_2024_11_20_20_17_35_936.jpg, C:\Users\Owner\Downloads\simulator-windows-64\dataTrack1\IMG\left_2024_11_20_20_17_35_936.jpg, C:\Users\Owner\Downloads\simulator-windows-64\dataTrack1\IMG\right_2024_11_20_20_17_35_936.jpg, 0, 0.3514191, 0, 19.22015
C:\Users\Owner\Downloads\simulator-windows-64\dataTrack1\IMG\center_2024_11_20_20_17_36_040.jpg, C:\Users\Owner\Downloads\simulator-windows-64\dataTrack1\IMG\left_2024_11_20_20_17_36_040.jpg, C:\Users\Owner\Downloads\simulator-windows-64\dataTrack1\IMG\right_2024_11_20_20_17_36_040.jpg, 0, 0.247335, 0, 18.97254
C:\Users\Owner\Downloads\simulator-windows-64\dataTrack1\IMG\center_2024_11_20_20_17_36_144.jpg, C:\Users\Owner\Downloads\simulator-windows-64\dataTrack1\IMG\left_2024_11_20_20_17_36_144.jpg, C:\Users\Owner\Downloads\simulator-windows-64\dataTrack1\IMG\right_2024_11_20_20_17_36_144.jpg, 0, 0.2487333, 0, 19.52588
C:\Users\Owner\Downloads\simulator-windows-64\dataTrack1\IMG\center_2024_11_20_20_17_36_245.jpg, C:\Users\Owner\Downloads\simulator-windows-64\dataTrack1\IMG\left_2024_11_20_20_17_36_245.jpg, C:\Users\Owner\Downloads\simulator-windows-64\dataTrack1\IMG\right_2024_11_20_20_17_36_245.jpg, 0, 0, 0, 19.14271
C:\Users\Owner\Downloads\simulator-windows-64\dataTrack1\IMG\center_2024_11_20_20_17_36_355.jpg, C:\Users\Owner\Downloads\simulator-windows-64\dataTrack1\IMG\left_2024_11_20_20_17_36_355.jpg, C:\Users\Owner\Downloads\simulator-windows-64\dataTrack1\IMG\right_2024_11_20_20_17_36_355.jpg, 0, 0.1210407, 0, 19.12407
C:\Users\Owner\Downloads\simulator-windows-64\dataTrack1\IMG\center_2024_11_20_20_17_36_456.jpg, C:\Users\Owner\Downloads\simulator-windows-64\dataTrack1\IMG\left_2024_11_20_20_17_36_456.jpg, C:\Users\Owner\Downloads\simulator-windows-64\dataTrack1\IMG\right_2024_11_20_20_17_36_456.jpg, 0, 0, 0, 19.31331
C:\Users\Owner\Downloads\simulator-windows-64\dataTrack1\IMG\center_2024_11_20_20_17_36_560.jpg, C:\Users\Owner\Downloads\simulator-windows-64\dataTrack1\IMG\left_2024_11_20_20_17_36_560.jpg, C:\Users\Owner\Downloads\simulator-windows-64\dataTrack1\IMG\right_2024_11_20_20_17_36_560.jpg, 0, 0.3118053, 0, 18.92106
C:\Users\Owner\Downloads\simulator-windows-64\dataTrack1\IMG\center_2024_11_20_20_17_36_665.jpg, C:\Users\Owner\Downloads\simulator-windows-64\dataTrack1\IMG\left_2024_11_20_20_17_36_665.jpg, C:\Users\Owner\Downloads\simulator-windows-64\dataTrack1\IMG\right_2024_11_20_20_17_36_665.jpg, 0, 0.4135932, 0, 19.59772
C:\Users\Owner\Downloads\simulator-windows-64\dataTrack1\IMG\center_2024_11_20_20_17_36_769.jpg, C:\Users\Owner\Downloads\simulator-windows-64\dataTrack1\IMG\left_2024_11_20_20_17_36_769.jpg, C:\Users\Owner\Downloads\simulator-windows-64\dataTrack1\IMG\right_2024_11_20_20_17_36_769.jpg, 0, 0.2027091, 0, 19.74208
C:\Users\Owner\Downloads\simulator-windows-64\dataTrack1\IMG\center_2024_11_20_20_17_36_872.jpg, C:\Users\Owner\Downloads\simulator-windows-64\dataTrack1\IMG\left_2024_11_20_20_17_36_872.jpg, C:\Users\Owner\Downloads\simulator-windows-64\dataTrack1\IMG\right_2024_11_20_20_17_36_872.jpg, 0, 0.5104066, 0, 19.71636
C:\Users\Owner\Downloads\simulator-windows-64\dataTrack1\IMG\center_2024_11_20_20_17_36_977.jpg, C:\Users\Owner\Downloads\simulator-windows-64\dataTrack1\IMG\left_2024_11_20_20_17_36_977.jpg, C:\Users\Owner\Downloads\simulator-windows-64\dataTrack1\IMG\right_2024_11_20_20_17_36_977.jpg, 0, 0.1964889, 0, 20.2199
C:\Users\Owner\Downloads\simulator-windows-64\dataTrack1\IMG\center_2024_11_20_20_17_37_077.jpg, C:\Users\Owner\Downloads\simulator-windows-64\dataTrack1\IMG\left_2024_11_20_20_17_37_077.jpg, C:\Users\Owner\Downloads\simulator-windows-64\dataTrack1\IMG\right_2024_11_20_20_17_37_077.jpg, 0, 0.5006619, 0, 20.16675
C:\Users\Owner\Downloads\simulator-windows-64\dataTrack1\IMG\center_2024_11_20_20_17_37_183.jpg, C:\Users\Owner\Downloads\simulator-windows-64\dataTrack1\IMG\left_2024_11_20_20_17_37_183.jpg, C:\Users\Owner\Downloads\simulator-windows-64\dataTrack1\IMG\right_2024_11_20_20_17_37_183.jpg, 0, 0.37101, 0, 20.82763
C:\Users\Owner\Downloads\simulator-windows-64\dataTrack1\IMG\center_2024_11_20_20_17_37_287.jpg, C:\Users\Owner\Downloads\simulator-windows-64\dataTrack1\IMG\left_2024_11_20_20_17_37_287.jpg, C:\Users\Owner\Downloads\simulator-windows-64\dataTrack1\IMG\right_2024_11_20_20_17_37_287.jpg, 0, 0.1713177, 0, 20.91797
C:\Users\Owner\Downloads\simulator-windows-64\dataTrack1\IMG\center_2024_11_20_20_17_37_390.jpg, C:\Users\Owner\Downloads\simulator-windows-64\dataTrack1\IMG\left_2024_11_20_20_17_37_390.jpg, C:\Users\Owner\Downloads\simulator-windows-64\dataTrack1\IMG\right_2024_11_20_20_17_37_390.jpg, 0, 0.4784685, 0, 20.88161
C:\Users\Owner\Downloads\simulator-windows-64\dataTrack1\IMG\center_2024_11_20_20_17_37_492.jpg, C:\Users\Owner\Downloads\simulator-windows-64\dataTrack1\IMG\left_2024_11_20_20_17_37_492.jpg, C:\Users\Owner\Downloads\simulator-windows-64\dataTrack1\IMG\right_2024_11_20_20_17_37_492.jpg, 0, 0.3396375, 0, 21.44651
C:\Users\Owner\Downloads\simulator-windows-64\dataTrack1\IMG\center_2024_11_20_20_17_37_596.jpg, C:\Users\Owner\Downloads\simulator-windows-64\dataTrack1\IMG\left_2024_11_20_20_17_37_596.jpg, C:\Users\Owner\Downloads\simulator-windows-64\dataTrack1\IMG\right_2024_11_20_20_17_37_596.jpg, 0, 0.4386114, 0, 21.40759
C:\Users\Owner\Downloads\simulator-windows-64\dataTrack1\IMG\center_2024_11_20_20_17_37_701.jpg, C:\Users\Owner\Downloads\simulator-windows-64\dataTrack1\IMG\left_2024_11_20_20_17_37_701.jpg, C:\Users\Owner\Downloads\simulator-windows-64\dataTrack1\IMG\right_2024_11_20_20_17_37_701.jpg, 0, 0.3349894, 0, 21.95379
C:\Users\Owner\Downloads\simulator-windows-64\dataTrack1\IMG\center_2024_11_20_20_17_37_805.jpg, C:\Users\Owner\Downloads\simulator-windows-64\dataTrack1\IMG\left_2024_11_20_20_17_37_805.jpg, C:\Users\Owner\Downloads\simulator-windows-64\dataTrack1\IMG\right_2024_11_20_20_17_37_805.jpg, 0, 0.3893749, 0, 21.92755
C:\Users\Owner\Downloads\simulator-windows-64\dataTrack1\IMG\center_2024_11_20_20_17_37_908.jpg, C:\Users\Owner\Downloads\simulator-windows-64\dataTrack1\IMG\left_2024_11_20_20_17_37_908.jpg, C:\Users\Owner\Downloads\simulator-windows-64\dataTrack1\IMG\right_2024_11_20_20_17_37_908.jpg, 0, 0.5461105, 0, 22.52238
C:\Users\Owner\Downloads\simulator-windows-64\dataTrack1\IMG\center_2024_11_20_20_17_38_010.jpg, C:\Users\Owner\Downloads\simulator-windows-64\dataTrack1\IMG\left_2024_11_20_20_17_38_010.jpg, C:\Users\Owner\Downloads\simulator-windows-64\dataTrack1\IMG\right_2024_11_20_20_17_38_010.jpg, 0, 0.4425178, 0, 22.87306
C:\Users\Owner\Downloads\simulator-windows-64\dataTrack1\IMG\center_2024_11_20_20_17_38_117.jpg, C:\Users\Owner\Downloads\simulator-windows-64\dataTrack1\IMG\left_2024_11_20_20_17_38_117.jpg, C:\Users\Owner\Downloads\simulator-windows-64\dataTrack1\IMG\right_2024_11_20_20_17_38_117.jpg, 0, 0.539947, 0, 23.28237
C:\Users\Owner\Downloads\simulator-windows-64\dataTrack1\IMG\center_2024_11_20_20_17_38_220.jpg, C:\Users\Owner\Downloads\simulator-windows-64\dataTrack1\IMG\left_2024_11_20_20_17_38_220.jpg, C:\Users\Owner\Downloads\simulator-windows-64\dataTrack1\IMG\right_2024_11_20_20_17_38_220.jpg, 0, 0.230374, 0, 23.56021
C:\Users\Owner\Downloads\simulator-windows-64\dataTrack1\IMG\center_2024_11_20_20_17_38_323.jpg, C:\Users\Owner\Downloads\simulator-windows-64\dataTrack1\IMG\left_2024_11_20_20_17_38_323.jpg, C:\Users\Owner\Downloads\simulator-windows-64\dataTrack1\IMG\right_2024_11_20_20_17_38_323.jpg, 0, 0, 0, 23.43226
C:\Users\Owner\Downloads\simulator-windows-64\dataTrack1\IMG\center_2024_11_20_20_17_38_426.jpg, C:\Users\Owner\Downloads\simulator-windows-64\dataTrack1\IMG\left_2024_11_20_20_17_38_426.jpg, C:\Users\Owner\Downloads\simulator-windows-64\dataTrack1\IMG\right_2024_11_20_20_17_38_426.jpg, 0, 0.2641437, 0, 23.35025
C:\Users\Owner\Downloads\simulator-windows-64\dataTrack1\IMG\center_2024_11_20_20_17_38_529.jpg, C:\Users\Owner\Downloads\simulator-windows-64\dataTrack1\IMG\left_2024_11_20_20_17_38_529.jpg, C:\Users\Owner\Downloads\simulator-windows-64\dataTrack1\IMG\right_2024_11_20_20_17_38_529.jpg, 0, 0.1770075, 0, 23.53238
C:\Users\Owner\Downloads\simulator-windows-64\dataTrack1\IMG\center_2024_11_20_20_17_38_635.jpg, C:\Users\Owner\Downloads\simulator-windows-64\dataTrack1\IMG\left_2024_11_20_20_17_38_635.jpg, C:\Users\Owner\Downloads\simulator-windows-64\dataTrack1\IMG\right_2024_11_20_20_17_38_635.jpg, -0.2098899, 0, 0, 23.32514
C:\Users\Owner\Downloads\simulator-windows-64\dataTrack1\IMG\center_2024_11_20_20_17_38_739.jpg, C:\Users\Owner\Downloads\simulator-windows-64\dataTrack1\IMG\left_2024_11_20_20_17_38_739.jpg, C:\Users\Owner\Downloads\simulator-windows-64\dataTrack1\IMG\right_2024_11_20_20_17_38_739.jpg, 0, 0, 0, 23.08639
C:\Users\Owner\Downloads\simulator-windows-64\dataTrack1\IMG\center_2024_11_20_20_17_38_841.jpg, C:\Users\Owner\Downloads\simulator-windows-64\dataTrack1\IMG\left_2024_11_20_20_17_38_841.jpg, C:\Users\Owner\Downloads\simulator-windows-64\dataTrack1\IMG\right_2024_11_20_20_17_38_841.jpg, 0, 0.1011327, 0, 22.85434
C:\Users\Owner\Downloads\simulator-windows-64\dataTrack1\IMG\center_2024_11_20_20_17_38_945.jpg, C:\Users\Owner\Downloads\simulator-windows-64\dataTrack1\IMG\left_2024_11_20_20_17_38_945.jpg, C:\Users\Owner\Downloads\simulator-windows-64\dataTrack1\IMG\right_2024_11_20_20_17_38_945.jpg, 0, 0.2510238, 0, 22.90867
C:\Users\Owner\Downloads\simulator-windows-64\dataTrack1\IMG\center_2024_11_20_20_17_39_047.jpg, C:\Users\Owner\Downloads\simulator-windows-64\dataTrack1\IMG\left_2024_11_20_20_17_39_047.jpg, C:\Users\Owner\Downloads\simulator-windows-64\dataTrack1\IMG\right_2024_11_20_20_17_39_047.jpg, 0, 0, 0, 22.72725
C:\Users\Owner\Downloads\simulator-windows-64\dataTrack1\IMG\center_2024_11_20_20_17_39_153.jpg, C:\Users\Owner\Downloads\simulator-windows-64\dataTrack1\IMG\left_2024_11_20_20_17_39_153.jpg, C:\Users\Owner\Downloads\simulator-windows-64\dataTrack1\IMG\right_2024_11_20_20_17_39_153.jpg, 0, 0.3150933, 0, 22.70591
C:\Users\Owner\Downloads\simulator-windows-64\dataTrack1\IMG\center_2024_11_20_20_17_39_257.jpg, C:\Users\Owner\Downloads\simulator-windows-64\dataTrack1\IMG\left_2024_11_20_20_17_39_257.jpg, C:\Users\Owner\Downloads\simulator-windows-64\dataTrack1\IMG\right_2024_11_20_20_17_39_257.jpg, 0, 0.002502311, 0, 22.6827
C:\Users\Owner\Downloads\simulator-windows-64\dataTrack1\IMG\center_2024_11_20_20_17_39_360.jpg, C:\Users\Owner\Downloads\simulator-windows-64\dataTrack1\IMG\left_2024_11_20_20_17_39_360.jpg, C:\Users\Owner\Downloads\simulator-windows-64\dataTrack1\IMG\right_2024_11_20_20_17_39_360.jpg, 0, 0, 0, 22.4374
C:\Users\Owner\Downloads\simulator-windows-64\dataTrack1\IMG\center_2024_11_20_20_17_39_461.jpg, C:\Users\Owner\Downloads\simulator-windows-64\dataTrack1\IMG\left_2024_11_20_20_17_39_461.jpg, C:\Users\Owner\Downloads\simulator-windows-64\dataTrack1\IMG\right_2024_11_20_20_17_39_461.jpg, 0, 0.149643, 0, 22.24151
C:\Users\Owner\Downloads\simulator-windows-64\dataTrack1\IMG\center_2024_11_20_20_17_39_565.jpg, C:\Users\Owner\Downloads\simulator-windows-64\dataTrack1\IMG\left_2024_11_20_20_17_39_565.jpg, C:\Users\Owner\Downloads\simulator-windows-64\dataTrack1\IMG\right_2024_11_20_20_17_39_565.jpg, 0, 0.3062985, 0, 22.35125
C:\Users\Owner\Downloads\simulator-windows-64\dataTrack1\IMG\center_2024_11_20_20_17_39_669.jpg, C:\Users\Owner\Downloads\simulator-windows-64\dataTrack1\IMG\left_2024_11_20_20_17_39_669.jpg, C:\Users\Owner\Downloads\simulator-windows-64\dataTrack1\IMG\right_2024_11_20_20_17_39_669.jpg, 0, 0, 0, 22.22473
C:\Users\Owner\Downloads\simulator-windows-64\dataTrack1\IMG\center_2024_11_20_20_17_39_772.jpg, C:\Users\Owner\Downloads\simulator-windows-64\dataTrack1\IMG\left_2024_11_20_20_17_39_772.jpg, C:\Users\Owner\Downloads\simulator-windows-64\dataTrack1\IMG\right_2024_11_20_20_17_39_772.jpg, -0.206922, 0, 0, 22.00646
C:\Users\Owner\Downloads\simulator-windows-64\dataTrack1\IMG\center_2024_11_20_20_17_39_877.jpg, C:\Users\Owner\Downloads\simulator-windows-64\dataTrack1\IMG\left_2024_11_20_20_17_39_877.jpg, C:\Users\Owner\Downloads\simulator-windows-64\dataTrack1\IMG\right_2024_11_20_20_17_39_877.jpg, -0.2076321, 0, 0, 21.70832
C:\Users\Owner\Downloads\simulator-windows-64\dataTrack1\IMG\center_2024_11_20_20_17_39_978.jpg, C:\Users\Owner\Downloads\simulator-windows-64\dataTrack1\IMG\left_2024_11_20_20_17_39_978.jpg, C:\Users\Owner\Downloads\simulator-windows-64\dataTrack1\IMG\right_2024_11_20_20_17_39_978.jpg, 0, 0, 0, 21.50233
C:\Users\Owner\Downloads\simulator-windows-64\dataTrack1\IMG\center_2024_11_20_20_17_40_083.jpg, C:\Users\Owner\Downloads\simulator-windows-64\dataTrack1\IMG\left_2024_11_20_20_17_40_083.jpg, C:\Users\Owner\Downloads\simulator-windows-64\dataTrack1\IMG\right_2024_11_20_20_17_40_083.jpg, 0, 0, 0, 21.2647
C:\Users\Owner\Downloads\simulator-windows-64\dataTrack1\IMG\center_2024_11_20_20_17_40_187.jpg, C:\Users\Owner\Downloads\simulator-windows-64\dataTrack1\IMG\left_2024_11_20_20_17_40_187.jpg, C:\Users\Owner\Downloads\simulator-windows-64\dataTrack1\IMG\right_2024_11_20_20_17_40_187.jpg, 0, 0.1561764, 0, 21.12739
C:\Users\Owner\Downloads\simulator-windows-64\dataTrack1\IMG\center_2024_11_20_20_17_40_291.jpg, C:\Users\Owner\Downloads\simulator-windows-64\dataTrack1\IMG\left_2024_11_20_20_17_40_291.jpg, C:\Users\Owner\Downloads\simulator-windows-64\dataTrack1\IMG\right_2024_11_20_20_17_40_291.jpg, 0, 0.1058595, 0, 21.22404
C:\Users\Owner\Downloads\simulator-windows-64\dataTrack1\IMG\center_2024_11_20_20_17_40_396.jpg, C:\Users\Owner\Downloads\simulator-windows-64\dataTrack1\IMG\left_2024_11_20_20_17_40_396.jpg, C:\Users\Owner\Downloads\simulator-windows-64\dataTrack1\IMG\right_2024_11_20_20_17_40_396.jpg, 0, 0.1541427, 0, 20.97706
C:\Users\Owner\Downloads\simulator-windows-64\dataTrack1\IMG\center_2024_11_20_20_17_40_501.jpg, C:\Users\Owner\Downloads\simulator-windows-64\dataTrack1\IMG\left_2024_11_20_20_17_40_501.jpg, C:\Users\Owner\Downloads\simulator-windows-64\dataTrack1\IMG\right_2024_11_20_20_17_40_501.jpg, 0, 0.1505766, 0, 21.1763
C:\Users\Owner\Downloads\simulator-windows-64\dataTrack1\IMG\center_2024_11_20_20_17_40_605.jpg, C:\Users\Owner\Downloads\simulator-windows-64\dataTrack1\IMG\left_2024_11_20_20_17_40_605.jpg, C:\Users\Owner\Downloads\simulator-windows-64\dataTrack1\IMG\right_2024_11_20_20_17_40_605.jpg, 0, 0.1059867, 0, 20.89653
C:\Users\Owner\Downloads\simulator-windows-64\dataTrack1\IMG\center_2024_11_20_20_17_40_709.jpg, C:\Users\Owner\Downloads\simulator-windows-64\dataTrack1\IMG\left_2024_11_20_20_17_40_709.jpg, C:\Users\Owner\Downloads\simulator-windows-64\dataTrack1\IMG\right_2024_11_20_20_17_40_709.jpg, 0, 0.1625364, 0, 21.00806
C:\Users\Owner\Downloads\simulator-windows-64\dataTrack1\IMG\center_2024_11_20_20_17_40_813.jpg, C:\Users\Owner\Downloads\simulator-windows-64\dataTrack1\IMG\left_2024_11_20_20_17_40_813.jpg, C:\Users\Owner\Downloads\simulator-windows-64\dataTrack1\IMG\right_2024_11_20_20_17_40_813.jpg, 0, 0.1597671, 0, 21.01439
C:\Users\Owner\Downloads\simulator-windows-64\dataTrack1\IMG\center_2024_11_20_20_17_40_915.jpg, C:\Users\Owner\Downloads\simulator-windows-64\dataTrack1\IMG\left_2024_11_20_20_17_40_915.jpg, C:\Users\Owner\Downloads\simulator-windows-64\dataTrack1\IMG\right_2024_11_20_20_17_40_915.jpg, 0, 0.1552284, 0, 20.96581
C:\Users\Owner\Downloads\simulator-windows-64\dataTrack1\IMG\center_2024_11_20_20_17_41_020.jpg, C:\Users\Owner\Downloads\simulator-windows-64\dataTrack1\IMG\left_2024_11_20_20_17_41_020.jpg, C:\Users\Owner\Downloads\simulator-windows-64\dataTrack1\IMG\right_2024_11_20_20_17_41_020.jpg, 0, 0.2555916, 0, 21.0403
C:\Users\Owner\Downloads\simulator-windows-64\dataTrack1\IMG\center_2024_11_20_20_17_41_124.jpg, C:\Users\Owner\Downloads\simulator-windows-64\dataTrack1\IMG\left_2024_11_20_20_17_41_124.jpg, C:\Users\Owner\Downloads\simulator-windows-64\dataTrack1\IMG\right_2024_11_20_20_17_41_124.jpg, 0, 0.2542748, 0, 21.09453
C:\Users\Owner\Downloads\simulator-windows-64\dataTrack1\IMG\center_2024_11_20_20_17_41_227.jpg, C:\Users\Owner\Downloads\simulator-windows-64\dataTrack1\IMG\left_2024_11_20_20_17_41_227.jpg, C:\Users\Owner\Downloads\simulator-windows-64\dataTrack1\IMG\right_2024_11_20_20_17_41_227.jpg, 0, 0.2543849, 0, 21.03277
C:\Users\Owner\Downloads\simulator-windows-64\dataTrack1\IMG\center_2024_11_20_20_17_41_330.jpg, C:\Users\Owner\Downloads\simulator-windows-64\dataTrack1\IMG\left_2024_11_20_20_17_41_330.jpg, C:\Users\Owner\Downloads\simulator-windows-64\dataTrack1\IMG\right_2024_11_20_20_17_41_330.jpg, 0, 0.2539656, 0, 21.47508
C:\Users\Owner\Downloads\simulator-windows-64\dataTrack1\IMG\center_2024_11_20_20_17_41_435.jpg, C:\Users\Owner\Downloads\simulator-windows-64\dataTrack1\IMG\left_2024_11_20_20_17_41_435.jpg, C:\Users\Owner\Downloads\simulator-windows-64\dataTrack1\IMG\right_2024_11_20_20_17_41_435.jpg, 0, 0.2595645, 0, 21.22335
C:\Users\Owner\Downloads\simulator-windows-64\dataTrack1\IMG\center_2024_11_20_20_17_41_538.jpg, C:\Users\Owner\Downloads\simulator-windows-64\dataTrack1\IMG\left_2024_11_20_20_17_41_538.jpg, C:\Users\Owner\Downloads\simulator-windows-64\dataTrack1\IMG\right_2024_11_20_20_17_41_538.jpg, 0, 0.1544234, 0, 21.60213
C:\Users\Owner\Downloads\simulator-windows-64\dataTrack1\IMG\center_2024_11_20_20_17_41_643.jpg, C:\Users\Owner\Downloads\simulator-windows-64\dataTrack1\IMG\left_2024_11_20_20_17_41_643.jpg, C:\Users\Owner\Downloads\simulator-windows-64\dataTrack1\IMG\right_2024_11_20_20_17_41_643.jpg, 0, 0.1585665, 0, 21.20011
C:\Users\Owner\Downloads\simulator-windows-64\dataTrack1\IMG\center_2024_11_20_20_17_41_745.jpg, C:\Users\Owner\Downloads\simulator-windows-64\dataTrack1\IMG\left_2024_11_20_20_17_41_745.jpg, C:\Users\Owner\Downloads\simulator-windows-64\dataTrack1\IMG\right_2024_11_20_20_17_41_745.jpg, 0, 0.1025646, 0, 21.49778
C:\Users\Owner\Downloads\simulator-windows-64\dataTrack1\IMG\center_2024_11_20_20_17_41_847.jpg, C:\Users\Owner\Downloads\simulator-windows-64\dataTrack1\IMG\left_2024_11_20_20_17_41_847.jpg, C:\Users\Owner\Downloads\simulator-windows-64\dataTrack1\IMG\right_2024_11_20_20_17_41_847.jpg, 0, 0.2015733, 0, 21.34311
C:\Users\Owner\Downloads\simulator-windows-64\dataTrack1\IMG\center_2024_11_20_20_17_41_953.jpg, C:\Users\Owner\Downloads\simulator-windows-64\dataTrack1\IMG\left_2024_11_20_20_17_41_953.jpg, C:\Users\Owner\Downloads\simulator-windows-64\dataTrack1\IMG\right_2024_11_20_20_17_41_953.jpg, 0, 0.09396482, 0, 21.13149
C:\Users\Owner\Downloads\simulator-windows-64\dataTrack1\IMG\center_2024_11_20_20_17_42_056.jpg, C:\Users\Owner\Downloads\simulator-windows-64\dataTrack1\IMG\left_2024_11_20_20_17_42_056.jpg, C:\Users\Owner\Downloads\simulator-windows-64\dataTrack1\IMG\right_2024_11_20_20_17_42_056.jpg, 0, 0.2002683, 0, 21.26739
C:\Users\Owner\Downloads\simulator-windows-64\dataTrack1\IMG\center_2024_11_20_20_17_42_158.jpg, C:\Users\Owner\Downloads\simulator-windows-64\dataTrack1\IMG\left_2024_11_20_20_17_42_158.jpg, C:\Users\Owner\Downloads\simulator-windows-64\dataTrack1\IMG\right_2024_11_20_20_17_42_158.jpg, 0, 0.06620911, 0, 21.0431
C:\Users\Owner\Downloads\simulator-windows-64\dataTrack1\IMG\center_2024_11_20_20_17_42_262.jpg, C:\Users\Owner\Downloads\simulator-windows-64\dataTrack1\IMG\left_2024_11_20_20_17_42_262.jpg, C:\Users\Owner\Downloads\simulator-windows-64\dataTrack1\IMG\right_2024_11_20_20_17_42_262.jpg, 0, 0.2073573, 0, 21.17465
C:\Users\Owner\Downloads\simulator-windows-64\dataTrack1\IMG\center_2024_11_20_20_17_42_364.jpg, C:\Users\Owner\Downloads\simulator-windows-64\dataTrack1\IMG\left_2024_11_20_20_17_42_364.jpg, C:\Users\Owner\Downloads\simulator-windows-64\dataTrack1\IMG\right_2024_11_20_20_17_42_364.jpg, -0.1549194, 0.2568396, 0, 21.06701
C:\Users\Owner\Downloads\simulator-windows-64\dataTrack1\IMG\center_2024_11_20_20_17_42_470.jpg, C:\Users\Owner\Downloads\simulator-windows-64\dataTrack1\IMG\left_2024_11_20_20_17_42_470.jpg, C:\Users\Owner\Downloads\simulator-windows-64\dataTrack1\IMG\right_2024_11_20_20_17_42_470.jpg, -0.4149258, 0, 0, 20.74791
C:\Users\Owner\Downloads\simulator-windows-64\dataTrack1\IMG\center_2024_11_20_20_17_42_573.jpg, C:\Users\Owner\Downloads\simulator-windows-64\dataTrack1\IMG\left_2024_11_20_20_17_42_573.jpg, C:\Users\Owner\Downloads\simulator-windows-64\dataTrack1\IMG\right_2024_11_20_20_17_42_573.jpg, -0.1050045, 0, 0, 20.82817
C:\Users\Owner\Downloads\simulator-windows-64\dataTrack1\IMG\center_2024_11_20_20_17_42_678.jpg, C:\Users\Owner\Downloads\simulator-windows-64\dataTrack1\IMG\left_2024_11_20_20_17_42_678.jpg, C:\Users\Owner\Downloads\simulator-windows-64\dataTrack1\IMG\right_2024_11_20_20_17_42_678.jpg, 0, 0, 0, 20.29081
C:\Users\Owner\Downloads\simulator-windows-64\dataTrack1\IMG\center_2024_11_20_20_17_42_780.jpg, C:\Users\Owner\Downloads\simulator-windows-64\dataTrack1\IMG\left_2024_11_20_20_17_42_780.jpg, C:\Users\Owner\Downloads\simulator-windows-64\dataTrack1\IMG\right_2024_11_20_20_17_42_780.jpg, 0, 0.0523113, 0, 20.40652
C:\Users\Owner\Downloads\simulator-windows-64\dataTrack1\IMG\center_2024_11_20_20_17_42_882.jpg, C:\Users\Owner\Downloads\simulator-windows-64\dataTrack1\IMG\left_2024_11_20_20_17_42_882.jpg, C:\Users\Owner\Downloads\simulator-windows-64\dataTrack1\IMG\right_2024_11_20_20_17_42_882.jpg, 0, 0.3582162, 0, 20.11743
C:\Users\Owner\Downloads\simulator-windows-64\dataTrack1\IMG\center_2024_11_20_20_17_42_987.jpg, C:\Users\Owner\Downloads\simulator-windows-64\dataTrack1\IMG\left_2024_11_20_20_17_42_987.jpg, C:\Users\Owner\Downloads\simulator-windows-64\dataTrack1\IMG\right_2024_11_20_20_17_42_987.jpg, 0, 0.04349789, 0, 20.16008
C:\Users\Owner\Downloads\simulator-windows-64\dataTrack1\IMG\center_2024_11_20_20_17_43_090.jpg, C:\Users\Owner\Downloads\simulator-windows-64\dataTrack1\IMG\left_2024_11_20_20_17_43_090.jpg, C:\Users\Owner\Downloads\simulator-windows-64\dataTrack1\IMG\right_2024_11_20_20_17_43_090.jpg, 0, 0.3539703, 0, 20.49875
C:\Users\Owner\Downloads\simulator-windows-64\dataTrack1\IMG\center_2024_11_20_20_17_43_194.jpg, C:\Users\Owner\Downloads\simulator-windows-64\dataTrack1\IMG\left_2024_11_20_20_17_43_194.jpg, C:\Users\Owner\Downloads\simulator-windows-64\dataTrack1\IMG\right_2024_11_20_20_17_43_194.jpg, 0, 0.04351651, 0, 20.24025
C:\Users\Owner\Downloads\simulator-windows-64\dataTrack1\IMG\center_2024_11_20_20_17_43_297.jpg, C:\Users\Owner\Downloads\simulator-windows-64\dataTrack1\IMG\left_2024_11_20_20_17_43_297.jpg, C:\Users\Owner\Downloads\simulator-windows-64\dataTrack1\IMG\right_2024_11_20_20_17_43_297.jpg, 0, 0.203535, 0, 20.41137
C:\Users\Owner\Downloads\simulator-windows-64\dataTrack1\IMG\center_2024_11_20_20_17_43_403.jpg, C:\Users\Owner\Downloads\simulator-windows-64\dataTrack1\IMG\left_2024_11_20_20_17_43_403.jpg, C:\Users\Owner\Downloads\simulator-windows-64\dataTrack1\IMG\right_2024_11_20_20_17_43_403.jpg, 0, 0.1053141, 0, 20.20636
C:\Users\Owner\Downloads\simulator-windows-64\dataTrack1\IMG\center_2024_11_20_20_17_43_504.jpg, C:\Users\Owner\Downloads\simulator-windows-64\dataTrack1\IMG\left_2024_11_20_20_17_43_504.jpg, C:\Users\Owner\Downloads\simulator-windows-64\dataTrack1\IMG\right_2024_11_20_20_17_43_504.jpg, 0, 0.1041282, 0, 20.35107
C:\Users\Owner\Downloads\simulator-windows-64\dataTrack1\IMG\center_2024_11_20_20_17_43_608.jpg, C:\Users\Owner\Downloads\simulator-windows-64\dataTrack1\IMG\left_2024_11_20_20_17_43_608.jpg, C:\Users\Owner\Downloads\simulator-windows-64\dataTrack1\IMG\right_2024_11_20_20_17_43_608.jpg, 0, 0.05699727, 0, 20.36216
C:\Users\Owner\Downloads\simulator-windows-64\dataTrack1\IMG\center_2024_11_20_20_17_43_711.jpg, C:\Users\Owner\Downloads\simulator-windows-64\dataTrack1\IMG\left_2024_11_20_20_17_43_711.jpg, C:\Users\Owner\Downloads\simulator-windows-64\dataTrack1\IMG\right_2024_11_20_20_17_43_711.jpg, 0, 0.103593, 0, 19.86402
C:\Users\Owner\Downloads\simulator-windows-64\dataTrack1\IMG\center_2024_11_20_20_17_43_815.jpg, C:\Users\Owner\Downloads\simulator-windows-64\dataTrack1\IMG\left_2024_11_20_20_17_43_815.jpg, C:\Users\Owner\Downloads\simulator-windows-64\dataTrack1\IMG\right_2024_11_20_20_17_43_815.jpg, 0, 0.010167, 0, 20.14972
C:\Users\Owner\Downloads\simulator-windows-64\dataTrack1\IMG\center_2024_11_20_20_17_43_921.jpg, C:\Users\Owner\Downloads\simulator-windows-64\dataTrack1\IMG\left_2024_11_20_20_17_43_921.jpg, C:\Users\Owner\Downloads\simulator-windows-64\dataTrack1\IMG\right_2024_11_20_20_17_43_921.jpg, 0, 0.0514572, 0, 19.60798
C:\Users\Owner\Downloads\simulator-windows-64\dataTrack1\IMG\center_2024_11_20_20_17_44_024.jpg, C:\Users\Owner\Downloads\simulator-windows-64\dataTrack1\IMG\left_2024_11_20_20_17_44_024.jpg, C:\Users\Owner\Downloads\simulator-windows-64\dataTrack1\IMG\right_2024_11_20_20_17_44_024.jpg, 0, 0.05246311, 0, 19.92281
C:\Users\Owner\Downloads\simulator-windows-64\dataTrack1\IMG\center_2024_11_20_20_17_44_129.jpg, C:\Users\Owner\Downloads\simulator-windows-64\dataTrack1\IMG\left_2024_11_20_20_17_44_129.jpg, C:\Users\Owner\Downloads\simulator-windows-64\dataTrack1\IMG\right_2024_11_20_20_17_44_129.jpg, 0, 0, 0, 19.70308
C:\Users\Owner\Downloads\simulator-windows-64\dataTrack1\IMG\center_2024_11_20_20_17_44_232.jpg, C:\Users\Owner\Downloads\simulator-windows-64\dataTrack1\IMG\left_2024_11_20_20_17_44_232.jpg, C:\Users\Owner\Downloads\simulator-windows-64\dataTrack1\IMG\right_2024_11_20_20_17_44_232.jpg, 0, 0.308862, 0, 19.36604
C:\Users\Owner\Downloads\simulator-windows-64\dataTrack1\IMG\center_2024_11_20_20_17_44_337.jpg, C:\Users\Owner\Downloads\simulator-windows-64\dataTrack1\IMG\left_2024_11_20_20_17_44_337.jpg, C:\Users\Owner\Downloads\simulator-windows-64\dataTrack1\IMG\right_2024_11_20_20_17_44_337.jpg, 0, 0.2045157, 0, 19.89617
C:\Users\Owner\Downloads\simulator-windows-64\dataTrack1\IMG\center_2024_11_20_20_17_44_441.jpg, C:\Users\Owner\Downloads\simulator-windows-64\dataTrack1\IMG\left_2024_11_20_20_17_44_441.jpg, C:\Users\Owner\Downloads\simulator-windows-64\dataTrack1\IMG\right_2024_11_20_20_17_44_441.jpg, 0, 0.2890179, 0, 19.56591
C:\Users\Owner\Downloads\simulator-windows-64\dataTrack1\IMG\center_2024_11_20_20_17_44_546.jpg, C:\Users\Owner\Downloads\simulator-windows-64\dataTrack1\IMG\left_2024_11_20_20_17_44_546.jpg, C:\Users\Owner\Downloads\simulator-windows-64\dataTrack1\IMG\right_2024_11_20_20_17_44_546.jpg, 0, 0.4487076, 0, 20.17484
C:\Users\Owner\Downloads\simulator-windows-64\dataTrack1\IMG\center_2024_11_20_20_17_44_652.jpg, C:\Users\Owner\Downloads\simulator-windows-64\dataTrack1\IMG\left_2024_11_20_20_17_44_652.jpg, C:\Users\Owner\Downloads\simulator-windows-64\dataTrack1\IMG\right_2024_11_20_20_17_44_652.jpg, 0, 0.3982969, 0, 20.38914
C:\Users\Owner\Downloads\simulator-windows-64\dataTrack1\IMG\center_2024_11_20_20_17_44_757.jpg, C:\Users\Owner\Downloads\simulator-windows-64\dataTrack1\IMG\left_2024_11_20_20_17_44_757.jpg, C:\Users\Owner\Downloads\simulator-windows-64\dataTrack1\IMG\right_2024_11_20_20_17_44_757.jpg, 0, 0.5040934, 0, 20.60266
C:\Users\Owner\Downloads\simulator-windows-64\dataTrack1\IMG\center_2024_11_20_20_17_44_862.jpg, C:\Users\Owner\Downloads\simulator-windows-64\dataTrack1\IMG\left_2024_11_20_20_17_44_862.jpg, C:\Users\Owner\Downloads\simulator-windows-64\dataTrack1\IMG\right_2024_11_20_20_17_44_862.jpg, 0, 0.1888732, 0, 21.06056
C:\Users\Owner\Downloads\simulator-windows-64\dataTrack1\IMG\center_2024_11_20_20_17_44_966.jpg, C:\Users\Owner\Downloads\simulator-windows-64\dataTrack1\IMG\left_2024_11_20_20_17_44_966.jpg, C:\Users\Owner\Downloads\simulator-windows-64\dataTrack1\IMG\right_2024_11_20_20_17_44_966.jpg, 0, 0.4485283, 0, 20.98856
C:\Users\Owner\Downloads\simulator-windows-64\dataTrack1\IMG\center_2024_11_20_20_17_45_073.jpg, C:\Users\Owner\Downloads\simulator-windows-64\dataTrack1\IMG\left_2024_11_20_20_17_45_073.jpg, C:\Users\Owner\Downloads\simulator-windows-64\dataTrack1\IMG\right_2024_11_20_20_17_45_073.jpg, 0, 0.1812949, 0, 21.06568
C:\Users\Owner\Downloads\simulator-windows-64\dataTrack1\IMG\center_2024_11_20_20_17_45_176.jpg, C:\Users\Owner\Downloads\simulator-windows-64\dataTrack1\IMG\left_2024_11_20_20_17_45_176.jpg, C:\Users\Owner\Downloads\simulator-windows-64\dataTrack1\IMG\right_2024_11_20_20_17_45_176.jpg, 0, 0.491353, 0, 21.51281
C:\Users\Owner\Downloads\simulator-windows-64\dataTrack1\IMG\center_2024_11_20_20_17_45_280.jpg, C:\Users\Owner\Downloads\simulator-windows-64\dataTrack1\IMG\left_2024_11_20_20_17_45_280.jpg, C:\Users\Owner\Downloads\simulator-windows-64\dataTrack1\IMG\right_2024_11_20_20_17_45_280.jpg, 0, 0.1788334, 0, 21.53849
C:\Users\Owner\Downloads\simulator-windows-64\dataTrack1\IMG\center_2024_11_20_20_17_45_383.jpg, C:\Users\Owner\Downloads\simulator-windows-64\dataTrack1\IMG\left_2024_11_20_20_17_45_383.jpg, C:\Users\Owner\Downloads\simulator-windows-64\dataTrack1\IMG\right_2024_11_20_20_17_45_383.jpg, 0, 0.4871587, 0, 21.87058
C:\Users\Owner\Downloads\simulator-windows-64\dataTrack1\IMG\center_2024_11_20_20_17_45_489.jpg, C:\Users\Owner\Downloads\simulator-windows-64\dataTrack1\IMG\left_2024_11_20_20_17_45_489.jpg, C:\Users\Owner\Downloads\simulator-windows-64\dataTrack1\IMG\right_2024_11_20_20_17_45_489.jpg, 0, 0.1693882, 0, 22.08353
C:\Users\Owner\Downloads\simulator-windows-64\dataTrack1\IMG\center_2024_11_20_20_17_45_592.jpg, C:\Users\Owner\Downloads\simulator-windows-64\dataTrack1\IMG\left_2024_11_20_20_17_45_592.jpg, C:\Users\Owner\Downloads\simulator-windows-64\dataTrack1\IMG\right_2024_11_20_20_17_45_592.jpg, 0, 0.1014462, 0, 21.72724
C:\Users\Owner\Downloads\simulator-windows-64\dataTrack1\IMG\center_2024_11_20_20_17_45_696.jpg, C:\Users\Owner\Downloads\simulator-windows-64\dataTrack1\IMG\left_2024_11_20_20_17_45_696.jpg, C:\Users\Owner\Downloads\simulator-windows-64\dataTrack1\IMG\right_2024_11_20_20_17_45_696.jpg, 0, 0.2095635, 0, 22.00538
C:\Users\Owner\Downloads\simulator-windows-64\dataTrack1\IMG\center_2024_11_20_20_17_45_800.jpg, C:\Users\Owner\Downloads\simulator-windows-64\dataTrack1\IMG\left_2024_11_20_20_17_45_800.jpg, C:\Users\Owner\Downloads\simulator-windows-64\dataTrack1\IMG\right_2024_11_20_20_17_45_800.jpg, 0, 0, 0, 21.64276
C:\Users\Owner\Downloads\simulator-windows-64\dataTrack1\IMG\center_2024_11_20_20_17_45_906.jpg, C:\Users\Owner\Downloads\simulator-windows-64\dataTrack1\IMG\left_2024_11_20_20_17_45_906.jpg, C:\Users\Owner\Downloads\simulator-windows-64\dataTrack1\IMG\right_2024_11_20_20_17_45_906.jpg, 0, 0.1630329, 0, 21.83477
C:\Users\Owner\Downloads\simulator-windows-64\dataTrack1\IMG\center_2024_11_20_20_17_46_009.jpg, C:\Users\Owner\Downloads\simulator-windows-64\dataTrack1\IMG\left_2024_11_20_20_17_46_009.jpg, C:\Users\Owner\Downloads\simulator-windows-64\dataTrack1\IMG\right_2024_11_20_20_17_46_009.jpg, 0, 0, 0, 21.61946
C:\Users\Owner\Downloads\simulator-windows-64\dataTrack1\IMG\center_2024_11_20_20_17_46_113.jpg, C:\Users\Owner\Downloads\simulator-windows-64\dataTrack1\IMG\left_2024_11_20_20_17_46_113.jpg, C:\Users\Owner\Downloads\simulator-windows-64\dataTrack1\IMG\right_2024_11_20_20_17_46_113.jpg, 0, 0.3125277, 0, 21.34761
C:\Users\Owner\Downloads\simulator-windows-64\dataTrack1\IMG\center_2024_11_20_20_17_46_216.jpg, C:\Users\Owner\Downloads\simulator-windows-64\dataTrack1\IMG\left_2024_11_20_20_17_46_216.jpg, C:\Users\Owner\Downloads\simulator-windows-64\dataTrack1\IMG\right_2024_11_20_20_17_46_216.jpg, 0, 0.002959535, 0, 21.57591
C:\Users\Owner\Downloads\simulator-windows-64\dataTrack1\IMG\center_2024_11_20_20_17_46_323.jpg, C:\Users\Owner\Downloads\simulator-windows-64\dataTrack1\IMG\left_2024_11_20_20_17_46_323.jpg, C:\Users\Owner\Downloads\simulator-windows-64\dataTrack1\IMG\right_2024_11_20_20_17_46_323.jpg, 0, 0.3242133, 0, 21.26463
C:\Users\Owner\Downloads\simulator-windows-64\dataTrack1\IMG\center_2024_11_20_20_17_46_427.jpg, C:\Users\Owner\Downloads\simulator-windows-64\dataTrack1\IMG\left_2024_11_20_20_17_46_427.jpg, C:\Users\Owner\Downloads\simulator-windows-64\dataTrack1\IMG\right_2024_11_20_20_17_46_427.jpg, 0, 0.01208133, 0, 21.25313
C:\Users\Owner\Downloads\simulator-windows-64\dataTrack1\IMG\center_2024_11_20_20_17_46_530.jpg, C:\Users\Owner\Downloads\simulator-windows-64\dataTrack1\IMG\left_2024_11_20_20_17_46_530.jpg, C:\Users\Owner\Downloads\simulator-windows-64\dataTrack1\IMG\right_2024_11_20_20_17_46_530.jpg, 0, 0, 0, 21.31546
C:\Users\Owner\Downloads\simulator-windows-64\dataTrack1\IMG\center_2024_11_20_20_17_46_637.jpg, C:\Users\Owner\Downloads\simulator-windows-64\dataTrack1\IMG\left_2024_11_20_20_17_46_637.jpg, C:\Users\Owner\Downloads\simulator-windows-64\dataTrack1\IMG\right_2024_11_20_20_17_46_637.jpg, 0, 0, 0, 20.80273
C:\Users\Owner\Downloads\simulator-windows-64\dataTrack1\IMG\center_2024_11_20_20_17_46_741.jpg, C:\Users\Owner\Downloads\simulator-windows-64\dataTrack1\IMG\left_2024_11_20_20_17_46_741.jpg, C:\Users\Owner\Downloads\simulator-windows-64\dataTrack1\IMG\right_2024_11_20_20_17_46_741.jpg, 0, 0.2073312, 0, 20.93821
C:\Users\Owner\Downloads\simulator-windows-64\dataTrack1\IMG\center_2024_11_20_20_17_46_844.jpg, C:\Users\Owner\Downloads\simulator-windows-64\dataTrack1\IMG\left_2024_11_20_20_17_46_844.jpg, C:\Users\Owner\Downloads\simulator-windows-64\dataTrack1\IMG\right_2024_11_20_20_17_46_844.jpg, 0, 0.1613025, 0, 20.77363
C:\Users\Owner\Downloads\simulator-windows-64\dataTrack1\IMG\center_2024_11_20_20_17_46_949.jpg, C:\Users\Owner\Downloads\simulator-windows-64\dataTrack1\IMG\left_2024_11_20_20_17_46_949.jpg, C:\Users\Owner\Downloads\simulator-windows-64\dataTrack1\IMG\right_2024_11_20_20_17_46_949.jpg, 0, 0.1574652, 0, 20.58166
C:\Users\Owner\Downloads\simulator-windows-64\dataTrack1\IMG\center_2024_11_20_20_17_47_053.jpg, C:\Users\Owner\Downloads\simulator-windows-64\dataTrack1\IMG\left_2024_11_20_20_17_47_053.jpg, C:\Users\Owner\Downloads\simulator-windows-64\dataTrack1\IMG\right_2024_11_20_20_17_47_053.jpg, 0, 0.07009199, 0, 20.88872
C:\Users\Owner\Downloads\simulator-windows-64\dataTrack1\IMG\center_2024_11_20_20_17_47_157.jpg, C:\Users\Owner\Downloads\simulator-windows-64\dataTrack1\IMG\left_2024_11_20_20_17_47_157.jpg, C:\Users\Owner\Downloads\simulator-windows-64\dataTrack1\IMG\right_2024_11_20_20_17_47_157.jpg, 0, 0.1064016, 0, 20.41444
C:\Users\Owner\Downloads\simulator-windows-64\dataTrack1\IMG\center_2024_11_20_20_17_47_261.jpg, C:\Users\Owner\Downloads\simulator-windows-64\dataTrack1\IMG\left_2024_11_20_20_17_47_261.jpg, C:\Users\Owner\Downloads\simulator-windows-64\dataTrack1\IMG\right_2024_11_20_20_17_47_261.jpg, 0, 0.1097259, 0, 20.74908
C:\Users\Owner\Downloads\simulator-windows-64\dataTrack1\IMG\center_2024_11_20_20_17_47_364.jpg, C:\Users\Owner\Downloads\simulator-windows-64\dataTrack1\IMG\left_2024_11_20_20_17_47_364.jpg, C:\Users\Owner\Downloads\simulator-windows-64\dataTrack1\IMG\right_2024_11_20_20_17_47_364.jpg, 0, 0, 0, 20.26196
C:\Users\Owner\Downloads\simulator-windows-64\dataTrack1\IMG\center_2024_11_20_20_17_47_471.jpg, C:\Users\Owner\Downloads\simulator-windows-64\dataTrack1\IMG\left_2024_11_20_20_17_47_471.jpg, C:\Users\Owner\Downloads\simulator-windows-64\dataTrack1\IMG\right_2024_11_20_20_17_47_471.jpg, 0, 0.2174709, 0, 20.27653
C:\Users\Owner\Downloads\simulator-windows-64\dataTrack1\IMG\center_2024_11_20_20_17_47_575.jpg, C:\Users\Owner\Downloads\simulator-windows-64\dataTrack1\IMG\left_2024_11_20_20_17_47_575.jpg, C:\Users\Owner\Downloads\simulator-windows-64\dataTrack1\IMG\right_2024_11_20_20_17_47_575.jpg, 0, 0, 0, 20.4344
C:\Users\Owner\Downloads\simulator-windows-64\dataTrack1\IMG\center_2024_11_20_20_17_47_679.jpg, C:\Users\Owner\Downloads\simulator-windows-64\dataTrack1\IMG\left_2024_11_20_20_17_47_679.jpg, C:\Users\Owner\Downloads\simulator-windows-64\dataTrack1\IMG\right_2024_11_20_20_17_47_679.jpg, 0, 0.1556715, 0, 19.95305
C:\Users\Owner\Downloads\simulator-windows-64\dataTrack1\IMG\center_2024_11_20_20_17_47_783.jpg, C:\Users\Owner\Downloads\simulator-windows-64\dataTrack1\IMG\left_2024_11_20_20_17_47_783.jpg, C:\Users\Owner\Downloads\simulator-windows-64\dataTrack1\IMG\right_2024_11_20_20_17_47_783.jpg, 0, 0.05267577, 0, 20.30193
C:\Users\Owner\Downloads\simulator-windows-64\dataTrack1\IMG\center_2024_11_20_20_17_47_885.jpg, C:\Users\Owner\Downloads\simulator-windows-64\dataTrack1\IMG\left_2024_11_20_20_17_47_885.jpg, C:\Users\Owner\Downloads\simulator-windows-64\dataTrack1\IMG\right_2024_11_20_20_17_47_885.jpg, 0, 0, 0, 19.77608
C:\Users\Owner\Downloads\simulator-windows-64\dataTrack1\IMG\center_2024_11_20_20_17_47_990.jpg, C:\Users\Owner\Downloads\simulator-windows-64\dataTrack1\IMG\left_2024_11_20_20_17_47_990.jpg, C:\Users\Owner\Downloads\simulator-windows-64\dataTrack1\IMG\right_2024_11_20_20_17_47_990.jpg, 0, 0.3145977, 0, 19.7944
C:\Users\Owner\Downloads\simulator-windows-64\dataTrack1\IMG\center_2024_11_20_20_17_48_094.jpg, C:\Users\Owner\Downloads\simulator-windows-64\dataTrack1\IMG\left_2024_11_20_20_17_48_094.jpg, C:\Users\Owner\Downloads\simulator-windows-64\dataTrack1\IMG\right_2024_11_20_20_17_48_094.jpg, 0, 0.2115519, 0, 20.27739
C:\Users\Owner\Downloads\simulator-windows-64\dataTrack1\IMG\center_2024_11_20_20_17_48_199.jpg, C:\Users\Owner\Downloads\simulator-windows-64\dataTrack1\IMG\left_2024_11_20_20_17_48_199.jpg, C:\Users\Owner\Downloads\simulator-windows-64\dataTrack1\IMG\right_2024_11_20_20_17_48_199.jpg, 0, 0, 0, 19.85688
C:\Users\Owner\Downloads\simulator-windows-64\dataTrack1\IMG\center_2024_11_20_20_17_48_301.jpg, C:\Users\Owner\Downloads\simulator-windows-64\dataTrack1\IMG\left_2024_11_20_20_17_48_301.jpg, C:\Users\Owner\Downloads\simulator-windows-64\dataTrack1\IMG\right_2024_11_20_20_17_48_301.jpg, 0, 0.1037205, 0, 20.00549
C:\Users\Owner\Downloads\simulator-windows-64\dataTrack1\IMG\center_2024_11_20_20_17_48_408.jpg, C:\Users\Owner\Downloads\simulator-windows-64\dataTrack1\IMG\left_2024_11_20_20_17_48_408.jpg, C:\Users\Owner\Downloads\simulator-windows-64\dataTrack1\IMG\right_2024_11_20_20_17_48_408.jpg, 0, 0.3426894, 0, 20.14001
C:\Users\Owner\Downloads\simulator-windows-64\dataTrack1\IMG\center_2024_11_20_20_17_48_510.jpg, C:\Users\Owner\Downloads\simulator-windows-64\dataTrack1\IMG\left_2024_11_20_20_17_48_510.jpg, C:\Users\Owner\Downloads\simulator-windows-64\dataTrack1\IMG\right_2024_11_20_20_17_48_510.jpg, 0, 0.03556557, 0, 19.8468
C:\Users\Owner\Downloads\simulator-windows-64\dataTrack1\IMG\center_2024_11_20_20_17_48_614.jpg, C:\Users\Owner\Downloads\simulator-windows-64\dataTrack1\IMG\left_2024_11_20_20_17_48_614.jpg, C:\Users\Owner\Downloads\simulator-windows-64\dataTrack1\IMG\right_2024_11_20_20_17_48_614.jpg, 0, 0.1538277, 0, 20.01509
C:\Users\Owner\Downloads\simulator-windows-64\dataTrack1\IMG\center_2024_11_20_20_17_48_718.jpg, C:\Users\Owner\Downloads\simulator-windows-64\dataTrack1\IMG\left_2024_11_20_20_17_48_718.jpg, C:\Users\Owner\Downloads\simulator-windows-64\dataTrack1\IMG\right_2024_11_20_20_17_48_718.jpg, 0, 0.04906259, 0, 19.71394
C:\Users\Owner\Downloads\simulator-windows-64\dataTrack1\IMG\center_2024_11_20_20_17_48_824.jpg, C:\Users\Owner\Downloads\simulator-windows-64\dataTrack1\IMG\left_2024_11_20_20_17_48_824.jpg, C:\Users\Owner\Downloads\simulator-windows-64\dataTrack1\IMG\right_2024_11_20_20_17_48_824.jpg, 0, 0, 0, 19.85025
C:\Users\Owner\Downloads\simulator-windows-64\dataTrack1\IMG\center_2024_11_20_20_17_48_927.jpg, C:\Users\Owner\Downloads\simulator-windows-64\dataTrack1\IMG\left_2024_11_20_20_17_48_927.jpg, C:\Users\Owner\Downloads\simulator-windows-64\dataTrack1\IMG\right_2024_11_20_20_17_48_927.jpg, 0, 0.1550619, 0, 19.66106
C:\Users\Owner\Downloads\simulator-windows-64\dataTrack1\IMG\center_2024_11_20_20_17_49_031.jpg, C:\Users\Owner\Downloads\simulator-windows-64\dataTrack1\IMG\left_2024_11_20_20_17_49_031.jpg, C:\Users\Owner\Downloads\simulator-windows-64\dataTrack1\IMG\right_2024_11_20_20_17_49_031.jpg, 0, 0, 0, 19.13762
C:\Users\Owner\Downloads\simulator-windows-64\dataTrack1\IMG\center_2024_11_20_20_17_49_133.jpg, C:\Users\Owner\Downloads\simulator-windows-64\dataTrack1\IMG\left_2024_11_20_20_17_49_133.jpg, C:\Users\Owner\Downloads\simulator-windows-64\dataTrack1\IMG\right_2024_11_20_20_17_49_133.jpg, 0, 0.1550886, 0, 19.37696
C:\Users\Owner\Downloads\simulator-windows-64\dataTrack1\IMG\center_2024_11_20_20_17_49_239.jpg, C:\Users\Owner\Downloads\simulator-windows-64\dataTrack1\IMG\left_2024_11_20_20_17_49_239.jpg, C:\Users\Owner\Downloads\simulator-windows-64\dataTrack1\IMG\right_2024_11_20_20_17_49_239.jpg, 0, 0.1598244, 0, 19.09468
C:\Users\Owner\Downloads\simulator-windows-64\dataTrack1\IMG\center_2024_11_20_20_17_49_343.jpg, C:\Users\Owner\Downloads\simulator-windows-64\dataTrack1\IMG\left_2024_11_20_20_17_49_343.jpg, C:\Users\Owner\Downloads\simulator-windows-64\dataTrack1\IMG\right_2024_11_20_20_17_49_343.jpg, 0, 0, 0, 19.34841
C:\Users\Owner\Downloads\simulator-windows-64\dataTrack1\IMG\center_2024_11_20_20_17_49_448.jpg, C:\Users\Owner\Downloads\simulator-windows-64\dataTrack1\IMG\left_2024_11_20_20_17_49_448.jpg, C:\Users\Owner\Downloads\simulator-windows-64\dataTrack1\IMG\right_2024_11_20_20_17_49_448.jpg, 0, 0.0530634, 0, 19.12862
C:\Users\Owner\Downloads\simulator-windows-64\dataTrack1\IMG\center_2024_11_20_20_17_49_551.jpg, C:\Users\Owner\Downloads\simulator-windows-64\dataTrack1\IMG\left_2024_11_20_20_17_49_551.jpg, C:\Users\Owner\Downloads\simulator-windows-64\dataTrack1\IMG\right_2024_11_20_20_17_49_551.jpg, 0, 0.2564451, 0, 18.79864
C:\Users\Owner\Downloads\simulator-windows-64\dataTrack1\IMG\center_2024_11_20_20_17_49_656.jpg, C:\Users\Owner\Downloads\simulator-windows-64\dataTrack1\IMG\left_2024_11_20_20_17_49_656.jpg, C:\Users\Owner\Downloads\simulator-windows-64\dataTrack1\IMG\right_2024_11_20_20_17_49_656.jpg, 0, 0, 0, 19.12708
C:\Users\Owner\Downloads\simulator-windows-64\dataTrack1\IMG\center_2024_11_20_20_17_49_761.jpg, C:\Users\Owner\Downloads\simulator-windows-64\dataTrack1\IMG\left_2024_11_20_20_17_49_761.jpg, C:\Users\Owner\Downloads\simulator-windows-64\dataTrack1\IMG\right_2024_11_20_20_17_49_761.jpg, -0.1040886, 0, 0, 18.46773
C:\Users\Owner\Downloads\simulator-windows-64\dataTrack1\IMG\center_2024_11_20_20_17_49_864.jpg, C:\Users\Owner\Downloads\simulator-windows-64\dataTrack1\IMG\left_2024_11_20_20_17_49_864.jpg, C:\Users\Owner\Downloads\simulator-windows-64\dataTrack1\IMG\right_2024_11_20_20_17_49_864.jpg, -0.4126533, 0, 0, 18.65626
C:\Users\Owner\Downloads\simulator-windows-64\dataTrack1\IMG\center_2024_11_20_20_17_49_966.jpg, C:\Users\Owner\Downloads\simulator-windows-64\dataTrack1\IMG\left_2024_11_20_20_17_49_966.jpg, C:\Users\Owner\Downloads\simulator-windows-64\dataTrack1\IMG\right_2024_11_20_20_17_49_966.jpg, -0.159642, 0.1501728, 0, 18.04823
C:\Users\Owner\Downloads\simulator-windows-64\dataTrack1\IMG\center_2024_11_20_20_17_50_071.jpg, C:\Users\Owner\Downloads\simulator-windows-64\dataTrack1\IMG\left_2024_11_20_20_17_50_071.jpg, C:\Users\Owner\Downloads\simulator-windows-64\dataTrack1\IMG\right_2024_11_20_20_17_50_071.jpg, 0, 0.3042771, 0, 18.38515
C:\Users\Owner\Downloads\simulator-windows-64\dataTrack1\IMG\center_2024_11_20_20_17_50_175.jpg, C:\Users\Owner\Downloads\simulator-windows-64\dataTrack1\IMG\left_2024_11_20_20_17_50_175.jpg, C:\Users\Owner\Downloads\simulator-windows-64\dataTrack1\IMG\right_2024_11_20_20_17_50_175.jpg, 0, 0, 0, 18.73516
C:\Users\Owner\Downloads\simulator-windows-64\dataTrack1\IMG\center_2024_11_20_20_17_50_280.jpg, C:\Users\Owner\Downloads\simulator-windows-64\dataTrack1\IMG\left_2024_11_20_20_17_50_280.jpg, C:\Users\Owner\Downloads\simulator-windows-64\dataTrack1\IMG\right_2024_11_20_20_17_50_280.jpg, 0, 0, 0, 18.06904
C:\Users\Owner\Downloads\simulator-windows-64\dataTrack1\IMG\center_2024_11_20_20_17_50_383.jpg, C:\Users\Owner\Downloads\simulator-windows-64\dataTrack1\IMG\left_2024_11_20_20_17_50_383.jpg, C:\Users\Owner\Downloads\simulator-windows-64\dataTrack1\IMG\right_2024_11_20_20_17_50_383.jpg, 0, 0.2048763, 0, 18.41239
C:\Users\Owner\Downloads\simulator-windows-64\dataTrack1\IMG\center_2024_11_20_20_17_50_490.jpg, C:\Users\Owner\Downloads\simulator-windows-64\dataTrack1\IMG\left_2024_11_20_20_17_50_490.jpg, C:\Users\Owner\Downloads\simulator-windows-64\dataTrack1\IMG\right_2024_11_20_20_17_50_490.jpg, 0, 0.3286878, 0, 18.67032
C:\Users\Owner\Downloads\simulator-windows-64\dataTrack1\IMG\center_2024_11_20_20_17_50_594.jpg, C:\Users\Owner\Downloads\simulator-windows-64\dataTrack1\IMG\left_2024_11_20_20_17_50_594.jpg, C:\Users\Owner\Downloads\simulator-windows-64\dataTrack1\IMG\right_2024_11_20_20_17_50_594.jpg, 0, 0.2249306, 0, 18.32726
C:\Users\Owner\Downloads\simulator-windows-64\dataTrack1\IMG\center_2024_11_20_20_17_50_698.jpg, C:\Users\Owner\Downloads\simulator-windows-64\dataTrack1\IMG\left_2024_11_20_20_17_50_698.jpg, C:\Users\Owner\Downloads\simulator-windows-64\dataTrack1\IMG\right_2024_11_20_20_17_50_698.jpg, 0, 0.4315506, 0, 18.98042
C:\Users\Owner\Downloads\simulator-windows-64\dataTrack1\IMG\center_2024_11_20_20_17_50_803.jpg, C:\Users\Owner\Downloads\simulator-windows-64\dataTrack1\IMG\left_2024_11_20_20_17_50_803.jpg, C:\Users\Owner\Downloads\simulator-windows-64\dataTrack1\IMG\right_2024_11_20_20_17_50_803.jpg, -0.1028007, 0.1161513, 0, 18.79488
C:\Users\Owner\Downloads\simulator-windows-64\dataTrack1\IMG\center_2024_11_20_20_17_50_908.jpg, C:\Users\Owner\Downloads\simulator-windows-64\dataTrack1\IMG\left_2024_11_20_20_17_50_908.jpg, C:\Users\Owner\Downloads\simulator-windows-64\dataTrack1\IMG\right_2024_11_20_20_17_50_908.jpg, 0, 0.209769, 0, 18.65271
C:\Users\Owner\Downloads\simulator-windows-64\dataTrack1\IMG\center_2024_11_20_20_17_51_012.jpg, C:\Users\Owner\Downloads\simulator-windows-64\dataTrack1\IMG\left_2024_11_20_20_17_51_012.jpg, C:\Users\Owner\Downloads\simulator-windows-64\dataTrack1\IMG\right_2024_11_20_20_17_51_012.jpg, 0, 0.3137265, 0, 19.25117
C:\Users\Owner\Downloads\simulator-windows-64\dataTrack1\IMG\center_2024_11_20_20_17_51_116.jpg, C:\Users\Owner\Downloads\simulator-windows-64\dataTrack1\IMG\left_2024_11_20_20_17_51_116.jpg, C:\Users\Owner\Downloads\simulator-windows-64\dataTrack1\IMG\right_2024_11_20_20_17_51_116.jpg, 0, 0.001929272, 0, 18.86908
C:\Users\Owner\Downloads\simulator-windows-64\dataTrack1\IMG\center_2024_11_20_20_17_51_217.jpg, C:\Users\Owner\Downloads\simulator-windows-64\dataTrack1\IMG\left_2024_11_20_20_17_51_217.jpg, C:\Users\Owner\Downloads\simulator-windows-64\dataTrack1\IMG\right_2024_11_20_20_17_51_217.jpg, 0, 0.0517224, 0, 19.07656
C:\Users\Owner\Downloads\simulator-windows-64\dataTrack1\IMG\center_2024_11_20_20_17_51_322.jpg, C:\Users\Owner\Downloads\simulator-windows-64\dataTrack1\IMG\left_2024_11_20_20_17_51_322.jpg, C:\Users\Owner\Downloads\simulator-windows-64\dataTrack1\IMG\right_2024_11_20_20_17_51_322.jpg, 0, 0.3648423, 0, 18.70551
C:\Users\Owner\Downloads\simulator-windows-64\dataTrack1\IMG\center_2024_11_20_20_17_51_427.jpg, C:\Users\Owner\Downloads\simulator-windows-64\dataTrack1\IMG\left_2024_11_20_20_17_51_427.jpg, C:\Users\Owner\Downloads\simulator-windows-64\dataTrack1\IMG\right_2024_11_20_20_17_51_427.jpg, -0.1553136, 0.1030074, 0, 19.19637
C:\Users\Owner\Downloads\simulator-windows-64\dataTrack1\IMG\center_2024_11_20_20_17_51_528.jpg, C:\Users\Owner\Downloads\simulator-windows-64\dataTrack1\IMG\left_2024_11_20_20_17_51_528.jpg, C:\Users\Owner\Downloads\simulator-windows-64\dataTrack1\IMG\right_2024_11_20_20_17_51_528.jpg, -0.3007401, 0, 0, 18.90884
C:\Users\Owner\Downloads\simulator-windows-64\dataTrack1\IMG\center_2024_11_20_20_17_51_634.jpg, C:\Users\Owner\Downloads\simulator-windows-64\dataTrack1\IMG\left_2024_11_20_20_17_51_634.jpg, C:\Users\Owner\Downloads\simulator-windows-64\dataTrack1\IMG\right_2024_11_20_20_17_51_634.jpg, 0, 0.0512985, 0, 18.24562
C:\Users\Owner\Downloads\simulator-windows-64\dataTrack1\IMG\center_2024_11_20_20_17_51_738.jpg, C:\Users\Owner\Downloads\simulator-windows-64\dataTrack1\IMG\left_2024_11_20_20_17_51_738.jpg, C:\Users\Owner\Downloads\simulator-windows-64\dataTrack1\IMG\right_2024_11_20_20_17_51_738.jpg, 0, 0.2520249, 0, 18.74825
C:\Users\Owner\Downloads\simulator-windows-64\dataTrack1\IMG\center_2024_11_20_20_17_51_843.jpg, C:\Users\Owner\Downloads\simulator-windows-64\dataTrack1\IMG\left_2024_11_20_20_17_51_843.jpg, C:\Users\Owner\Downloads\simulator-windows-64\dataTrack1\IMG\right_2024_11_20_20_17_51_843.jpg, 0, 0, 0, 18.27621
C:\Users\Owner\Downloads\simulator-windows-64\dataTrack1\IMG\center_2024_11_20_20_17_51_947.jpg, C:\Users\Owner\Downloads\simulator-windows-64\dataTrack1\IMG\left_2024_11_20_20_17_51_947.jpg, C:\Users\Owner\Downloads\simulator-windows-64\dataTrack1\IMG\right_2024_11_20_20_17_51_947.jpg, 0, 0.103794, 0, 18.56707
C:\Users\Owner\Downloads\simulator-windows-64\dataTrack1\IMG\center_2024_11_20_20_17_52_050.jpg, C:\Users\Owner\Downloads\simulator-windows-64\dataTrack1\IMG\left_2024_11_20_20_17_52_050.jpg, C:\Users\Owner\Downloads\simulator-windows-64\dataTrack1\IMG\right_2024_11_20_20_17_52_050.jpg, 0, 0.05885791, 0, 18.59839
C:\Users\Owner\Downloads\simulator-windows-64\dataTrack1\IMG\center_2024_11_20_20_17_52_152.jpg, C:\Users\Owner\Downloads\simulator-windows-64\dataTrack1\IMG\left_2024_11_20_20_17_52_152.jpg, C:\Users\Owner\Downloads\simulator-windows-64\dataTrack1\IMG\right_2024_11_20_20_17_52_152.jpg, 0, 0.1052571, 0, 17.96336
C:\Users\Owner\Downloads\simulator-windows-64\dataTrack1\IMG\center_2024_11_20_20_17_52_258.jpg, C:\Users\Owner\Downloads\simulator-windows-64\dataTrack1\IMG\left_2024_11_20_20_17_52_258.jpg, C:\Users\Owner\Downloads\simulator-windows-64\dataTrack1\IMG\right_2024_11_20_20_17_52_258.jpg, 0, 0.2157204, 0, 18.5277
C:\Users\Owner\Downloads\simulator-windows-64\dataTrack1\IMG\center_2024_11_20_20_17_52_362.jpg, C:\Users\Owner\Downloads\simulator-windows-64\dataTrack1\IMG\left_2024_11_20_20_17_52_362.jpg, C:\Users\Owner\Downloads\simulator-windows-64\dataTrack1\IMG\right_2024_11_20_20_17_52_362.jpg, 0, 0.0507483, 0, 17.99086
C:\Users\Owner\Downloads\simulator-windows-64\dataTrack1\IMG\center_2024_11_20_20_17_52_465.jpg, C:\Users\Owner\Downloads\simulator-windows-64\dataTrack1\IMG\left_2024_11_20_20_17_52_465.jpg, C:\Users\Owner\Downloads\simulator-windows-64\dataTrack1\IMG\right_2024_11_20_20_17_52_465.jpg, 0, 0.2548398, 0, 18.48006
C:\Users\Owner\Downloads\simulator-windows-64\dataTrack1\IMG\center_2024_11_20_20_17_52_567.jpg, C:\Users\Owner\Downloads\simulator-windows-64\dataTrack1\IMG\left_2024_11_20_20_17_52_567.jpg, C:\Users\Owner\Downloads\simulator-windows-64\dataTrack1\IMG\right_2024_11_20_20_17_52_567.jpg, 0, 0, 0, 18.40188
C:\Users\Owner\Downloads\simulator-windows-64\dataTrack1\IMG\center_2024_11_20_20_17_52_672.jpg, C:\Users\Owner\Downloads\simulator-windows-64\dataTrack1\IMG\left_2024_11_20_20_17_52_672.jpg, C:\Users\Owner\Downloads\simulator-windows-64\dataTrack1\IMG\right_2024_11_20_20_17_52_672.jpg, 0, 0.0968097, 0, 17.90152
C:\Users\Owner\Downloads\simulator-windows-64\dataTrack1\IMG\center_2024_11_20_20_17_52_775.jpg, C:\Users\Owner\Downloads\simulator-windows-64\dataTrack1\IMG\left_2024_11_20_20_17_52_775.jpg, C:\Users\Owner\Downloads\simulator-windows-64\dataTrack1\IMG\right_2024_11_20_20_17_52_775.jpg, 0, 0.0521892, 0, 18.21123
C:\Users\Owner\Downloads\simulator-windows-64\dataTrack1\IMG\center_2024_11_20_20_17_52_880.jpg, C:\Users\Owner\Downloads\simulator-windows-64\dataTrack1\IMG\left_2024_11_20_20_17_52_880.jpg, C:\Users\Owner\Downloads\simulator-windows-64\dataTrack1\IMG\right_2024_11_20_20_17_52_880.jpg, 0, 0.1593504, 0, 17.75907
C:\Users\Owner\Downloads\simulator-windows-64\dataTrack1\IMG\center_2024_11_20_20_17_52_983.jpg, C:\Users\Owner\Downloads\simulator-windows-64\dataTrack1\IMG\left_2024_11_20_20_17_52_983.jpg, C:\Users\Owner\Downloads\simulator-windows-64\dataTrack1\IMG\right_2024_11_20_20_17_52_983.jpg, 0, 0.1035093, 0, 18.11035
C:\Users\Owner\Downloads\simulator-windows-64\dataTrack1\IMG\center_2024_11_20_20_17_53_085.jpg, C:\Users\Owner\Downloads\simulator-windows-64\dataTrack1\IMG\left_2024_11_20_20_17_53_085.jpg, C:\Users\Owner\Downloads\simulator-windows-64\dataTrack1\IMG\right_2024_11_20_20_17_53_085.jpg, 0, 0.2535801, 0, 17.75483
C:\Users\Owner\Downloads\simulator-windows-64\dataTrack1\IMG\center_2024_11_20_20_17_53_191.jpg, C:\Users\Owner\Downloads\simulator-windows-64\dataTrack1\IMG\left_2024_11_20_20_17_53_191.jpg, C:\Users\Owner\Downloads\simulator-windows-64\dataTrack1\IMG\right_2024_11_20_20_17_53_191.jpg, 0, 0, 0, 17.58108
C:\Users\Owner\Downloads\simulator-windows-64\dataTrack1\IMG\center_2024_11_20_20_17_53_294.jpg, C:\Users\Owner\Downloads\simulator-windows-64\dataTrack1\IMG\left_2024_11_20_20_17_53_294.jpg, C:\Users\Owner\Downloads\simulator-windows-64\dataTrack1\IMG\right_2024_11_20_20_17_53_294.jpg, 0, 0.1513596, 0, 17.94489
C:\Users\Owner\Downloads\simulator-windows-64\dataTrack1\IMG\center_2024_11_20_20_17_53_398.jpg, C:\Users\Owner\Downloads\simulator-windows-64\dataTrack1\IMG\left_2024_11_20_20_17_53_398.jpg, C:\Users\Owner\Downloads\simulator-windows-64\dataTrack1\IMG\right_2024_11_20_20_17_53_398.jpg, 0, 0.1548657, 0, 17.56991
C:\Users\Owner\Downloads\simulator-windows-64\dataTrack1\IMG\center_2024_11_20_20_17_53_502.jpg, C:\Users\Owner\Downloads\simulator-windows-64\dataTrack1\IMG\left_2024_11_20_20_17_53_502.jpg, C:\Users\Owner\Downloads\simulator-windows-64\dataTrack1\IMG\right_2024_11_20_20_17_53_502.jpg, 0, 0.1044609, 0, 17.92799
C:\Users\Owner\Downloads\simulator-windows-64\dataTrack1\IMG\center_2024_11_20_20_17_53_606.jpg, C:\Users\Owner\Downloads\simulator-windows-64\dataTrack1\IMG\left_2024_11_20_20_17_53_606.jpg, C:\Users\Owner\Downloads\simulator-windows-64\dataTrack1\IMG\right_2024_11_20_20_17_53_606.jpg, 0, 0.1434657, 0, 17.50798
C:\Users\Owner\Downloads\simulator-windows-64\dataTrack1\IMG\center_2024_11_20_20_17_53_711.jpg, C:\Users\Owner\Downloads\simulator-windows-64\dataTrack1\IMG\left_2024_11_20_20_17_53_711.jpg, C:\Users\Owner\Downloads\simulator-windows-64\dataTrack1\IMG\right_2024_11_20_20_17_53_711.jpg, 0, 0, 0, 17.28101
C:\Users\Owner\Downloads\simulator-windows-64\dataTrack1\IMG\center_2024_11_20_20_17_53_815.jpg, C:\Users\Owner\Downloads\simulator-windows-64\dataTrack1\IMG\left_2024_11_20_20_17_53_815.jpg, C:\Users\Owner\Downloads\simulator-windows-64\dataTrack1\IMG\right_2024_11_20_20_17_53_815.jpg, 0, 0, 0, 17.63099
C:\Users\Owner\Downloads\simulator-windows-64\dataTrack1\IMG\center_2024_11_20_20_17_53_917.jpg, C:\Users\Owner\Downloads\simulator-windows-64\dataTrack1\IMG\left_2024_11_20_20_17_53_917.jpg, C:\Users\Owner\Downloads\simulator-windows-64\dataTrack1\IMG\right_2024_11_20_20_17_53_917.jpg, 0, 0, 0, 16.92294
C:\Users\Owner\Downloads\simulator-windows-64\dataTrack1\IMG\center_2024_11_20_20_17_54_023.jpg, C:\Users\Owner\Downloads\simulator-windows-64\dataTrack1\IMG\left_2024_11_20_20_17_54_023.jpg, C:\Users\Owner\Downloads\simulator-windows-64\dataTrack1\IMG\right_2024_11_20_20_17_54_023.jpg, 0, 0, 0, 17.28493
C:\Users\Owner\Downloads\simulator-windows-64\dataTrack1\IMG\center_2024_11_20_20_17_54_127.jpg, C:\Users\Owner\Downloads\simulator-windows-64\dataTrack1\IMG\left_2024_11_20_20_17_54_127.jpg, C:\Users\Owner\Downloads\simulator-windows-64\dataTrack1\IMG\right_2024_11_20_20_17_54_127.jpg, 0, 0, 0, 17.08071
C:\Users\Owner\Downloads\simulator-windows-64\dataTrack1\IMG\center_2024_11_20_20_17_54_230.jpg, C:\Users\Owner\Downloads\simulator-windows-64\dataTrack1\IMG\left_2024_11_20_20_17_54_230.jpg, C:\Users\Owner\Downloads\simulator-windows-64\dataTrack1\IMG\right_2024_11_20_20_17_54_230.jpg, 0, 0, 0, 16.36771
C:\Users\Owner\Downloads\simulator-windows-64\dataTrack1\IMG\center_2024_11_20_20_17_54_334.jpg, C:\Users\Owner\Downloads\simulator-windows-64\dataTrack1\IMG\left_2024_11_20_20_17_54_334.jpg, C:\Users\Owner\Downloads\simulator-windows-64\dataTrack1\IMG\right_2024_11_20_20_17_54_334.jpg, 0, 0, 0, 16.74652
C:\Users\Owner\Downloads\simulator-windows-64\dataTrack1\IMG\center_2024_11_20_20_17_54_439.jpg, C:\Users\Owner\Downloads\simulator-windows-64\dataTrack1\IMG\left_2024_11_20_20_17_54_439.jpg, C:\Users\Owner\Downloads\simulator-windows-64\dataTrack1\IMG\right_2024_11_20_20_17_54_439.jpg, 0, 0.1543794, 0, 16.07418
C:\Users\Owner\Downloads\simulator-windows-64\dataTrack1\IMG\center_2024_11_20_20_17_54_543.jpg, C:\Users\Owner\Downloads\simulator-windows-64\dataTrack1\IMG\left_2024_11_20_20_17_54_543.jpg, C:\Users\Owner\Downloads\simulator-windows-64\dataTrack1\IMG\right_2024_11_20_20_17_54_543.jpg, 0, 0.06817201, 0, 16.68274
C:\Users\Owner\Downloads\simulator-windows-64\dataTrack1\IMG\center_2024_11_20_20_17_54_649.jpg, C:\Users\Owner\Downloads\simulator-windows-64\dataTrack1\IMG\left_2024_11_20_20_17_54_649.jpg, C:\Users\Owner\Downloads\simulator-windows-64\dataTrack1\IMG\right_2024_11_20_20_17_54_649.jpg, 0, 0, 0, 16.52252
C:\Users\Owner\Downloads\simulator-windows-64\dataTrack1\IMG\center_2024_11_20_20_17_54_753.jpg, C:\Users\Owner\Downloads\simulator-windows-64\dataTrack1\IMG\left_2024_11_20_20_17_54_753.jpg, C:\Users\Owner\Downloads\simulator-windows-64\dataTrack1\IMG\right_2024_11_20_20_17_54_753.jpg, -0.1039965, 0, 0, 15.81371
C:\Users\Owner\Downloads\simulator-windows-64\dataTrack1\IMG\center_2024_11_20_20_17_54_858.jpg, C:\Users\Owner\Downloads\simulator-windows-64\dataTrack1\IMG\left_2024_11_20_20_17_54_858.jpg, C:\Users\Owner\Downloads\simulator-windows-64\dataTrack1\IMG\right_2024_11_20_20_17_54_858.jpg, 0, 0, 0, 16.1846
C:\Users\Owner\Downloads\simulator-windows-64\dataTrack1\IMG\center_2024_11_20_20_17_54_965.jpg, C:\Users\Owner\Downloads\simulator-windows-64\dataTrack1\IMG\left_2024_11_20_20_17_54_965.jpg, C:\Users\Owner\Downloads\simulator-windows-64\dataTrack1\IMG\right_2024_11_20_20_17_54_965.jpg, 0, 0.2697153, 0, 15.65908
C:\Users\Owner\Downloads\simulator-windows-64\dataTrack1\IMG\center_2024_11_20_20_17_55_069.jpg, C:\Users\Owner\Downloads\simulator-windows-64\dataTrack1\IMG\left_2024_11_20_20_17_55_069.jpg, C:\Users\Owner\Downloads\simulator-windows-64\dataTrack1\IMG\right_2024_11_20_20_17_55_069.jpg, 0, 0.009983391, 0, 15.67443
C:\Users\Owner\Downloads\simulator-windows-64\dataTrack1\IMG\center_2024_11_20_20_17_55_173.jpg, C:\Users\Owner\Downloads\simulator-windows-64\dataTrack1\IMG\left_2024_11_20_20_17_55_173.jpg, C:\Users\Owner\Downloads\simulator-windows-64\dataTrack1\IMG\right_2024_11_20_20_17_55_173.jpg, 0, 0.1537545, 0, 16.08504
C:\Users\Owner\Downloads\simulator-windows-64\dataTrack1\IMG\center_2024_11_20_20_17_55_278.jpg, C:\Users\Owner\Downloads\simulator-windows-64\dataTrack1\IMG\left_2024_11_20_20_17_55_278.jpg, C:\Users\Owner\Downloads\simulator-windows-64\dataTrack1\IMG\right_2024_11_20_20_17_55_278.jpg, 0, 0.1574295, 0, 15.6762
C:\Users\Owner\Downloads\simulator-windows-64\dataTrack1\IMG\center_2024_11_20_20_17_55_382.jpg, C:\Users\Owner\Downloads\simulator-windows-64\dataTrack1\IMG\left_2024_11_20_20_17_55_382.jpg, C:\Users\Owner\Downloads\simulator-windows-64\dataTrack1\IMG\right_2024_11_20_20_17_55_382.jpg, 0, 0, 0, 16.1245
C:\Users\Owner\Downloads\simulator-windows-64\dataTrack1\IMG\center_2024_11_20_20_17_55_485.jpg, C:\Users\Owner\Downloads\simulator-windows-64\dataTrack1\IMG\left_2024_11_20_20_17_55_485.jpg, C:\Users\Owner\Downloads\simulator-windows-64\dataTrack1\IMG\right_2024_11_20_20_17_55_485.jpg, -0.153825, 0, 0, 15.39364
C:\Users\Owner\Downloads\simulator-windows-64\dataTrack1\IMG\center_2024_11_20_20_17_55_588.jpg, C:\Users\Owner\Downloads\simulator-windows-64\dataTrack1\IMG\left_2024_11_20_20_17_55_588.jpg, C:\Users\Owner\Downloads\simulator-windows-64\dataTrack1\IMG\right_2024_11_20_20_17_55_588.jpg, 0, 0.2044956, 0, 15.28486
C:\Users\Owner\Downloads\simulator-windows-64\dataTrack1\IMG\center_2024_11_20_20_17_55_693.jpg, C:\Users\Owner\Downloads\simulator-windows-64\dataTrack1\IMG\left_2024_11_20_20_17_55_693.jpg, C:\Users\Owner\Downloads\simulator-windows-64\dataTrack1\IMG\right_2024_11_20_20_17_55_693.jpg, -0.09974129, 0.2113839, 0, 15.98254
C:\Users\Owner\Downloads\simulator-windows-64\dataTrack1\IMG\center_2024_11_20_20_17_55_796.jpg, C:\Users\Owner\Downloads\simulator-windows-64\dataTrack1\IMG\left_2024_11_20_20_17_55_796.jpg, C:\Users\Owner\Downloads\simulator-windows-64\dataTrack1\IMG\right_2024_11_20_20_17_55_796.jpg, 0, 0, 0, 15.42841
C:\Users\Owner\Downloads\simulator-windows-64\dataTrack1\IMG\center_2024_11_20_20_17_55_899.jpg, C:\Users\Owner\Downloads\simulator-windows-64\dataTrack1\IMG\left_2024_11_20_20_17_55_899.jpg, C:\Users\Owner\Downloads\simulator-windows-64\dataTrack1\IMG\right_2024_11_20_20_17_55_899.jpg, 0, 0.1534293, 0, 15.84905
C:\Users\Owner\Downloads\simulator-windows-64\dataTrack1\IMG\center_2024_11_20_20_17_56_002.jpg, C:\Users\Owner\Downloads\simulator-windows-64\dataTrack1\IMG\left_2024_11_20_20_17_56_002.jpg, C:\Users\Owner\Downloads\simulator-windows-64\dataTrack1\IMG\right_2024_11_20_20_17_56_002.jpg, -0.2062632, 0.2503665, 0, 15.51345
C:\Users\Owner\Downloads\simulator-windows-64\dataTrack1\IMG\center_2024_11_20_20_17_56_107.jpg, C:\Users\Owner\Downloads\simulator-windows-64\dataTrack1\IMG\left_2024_11_20_20_17_56_107.jpg, C:\Users\Owner\Downloads\simulator-windows-64\dataTrack1\IMG\right_2024_11_20_20_17_56_107.jpg, 0, 0, 0, 15.36558
C:\Users\Owner\Downloads\simulator-windows-64\dataTrack1\IMG\center_2024_11_20_20_17_56_211.jpg, C:\Users\Owner\Downloads\simulator-windows-64\dataTrack1\IMG\left_2024_11_20_20_17_56_211.jpg, C:\Users\Owner\Downloads\simulator-windows-64\dataTrack1\IMG\right_2024_11_20_20_17_56_211.jpg, 0, 0.154065, 0, 15.78866
C:\Users\Owner\Downloads\simulator-windows-64\dataTrack1\IMG\center_2024_11_20_20_17_56_316.jpg, C:\Users\Owner\Downloads\simulator-windows-64\dataTrack1\IMG\left_2024_11_20_20_17_56_316.jpg, C:\Users\Owner\Downloads\simulator-windows-64\dataTrack1\IMG\right_2024_11_20_20_17_56_316.jpg, 0, 0.1554828, 0, 15.38241
C:\Users\Owner\Downloads\simulator-windows-64\dataTrack1\IMG\center_2024_11_20_20_17_56_419.jpg, C:\Users\Owner\Downloads\simulator-windows-64\dataTrack1\IMG\left_2024_11_20_20_17_56_419.jpg, C:\Users\Owner\Downloads\simulator-windows-64\dataTrack1\IMG\right_2024_11_20_20_17_56_419.jpg, 0, 0.1551195, 0, 15.84388
C:\Users\Owner\Downloads\simulator-windows-64\dataTrack1\IMG\center_2024_11_20_20_17_56_522.jpg, C:\Users\Owner\Downloads\simulator-windows-64\dataTrack1\IMG\left_2024_11_20_20_17_56_522.jpg, C:\Users\Owner\Downloads\simulator-windows-64\dataTrack1\IMG\right_2024_11_20_20_17_56_522.jpg, 0, 0.2525097, 0, 15.50518
C:\Users\Owner\Downloads\simulator-windows-64\dataTrack1\IMG\center_2024_11_20_20_17_56_629.jpg, C:\Users\Owner\Downloads\simulator-windows-64\dataTrack1\IMG\left_2024_11_20_20_17_56_629.jpg, C:\Users\Owner\Downloads\simulator-windows-64\dataTrack1\IMG\right_2024_11_20_20_17_56_629.jpg, 0, 0.2444109, 0, 15.55508
C:\Users\Owner\Downloads\simulator-windows-64\dataTrack1\IMG\center_2024_11_20_20_17_56_732.jpg, C:\Users\Owner\Downloads\simulator-windows-64\dataTrack1\IMG\left_2024_11_20_20_17_56_732.jpg, C:\Users\Owner\Downloads\simulator-windows-64\dataTrack1\IMG\right_2024_11_20_20_17_56_732.jpg, 0, 0.5570871, 0, 16.39076
C:\Users\Owner\Downloads\simulator-windows-64\dataTrack1\IMG\center_2024_11_20_20_17_56_836.jpg, C:\Users\Owner\Downloads\simulator-windows-64\dataTrack1\IMG\left_2024_11_20_20_17_56_836.jpg, C:\Users\Owner\Downloads\simulator-windows-64\dataTrack1\IMG\right_2024_11_20_20_17_56_836.jpg, 0, 0.8667384, 0, 16.76256
C:\Users\Owner\Downloads\simulator-windows-64\dataTrack1\IMG\center_2024_11_20_20_17_56_941.jpg, C:\Users\Owner\Downloads\simulator-windows-64\dataTrack1\IMG\left_2024_11_20_20_17_56_941.jpg, C:\Users\Owner\Downloads\simulator-windows-64\dataTrack1\IMG\right_2024_11_20_20_17_56_941.jpg, -0.3173889, 0.5493495, 0, 17.70857
C:\Users\Owner\Downloads\simulator-windows-64\dataTrack1\IMG\center_2024_11_20_20_17_57_046.jpg, C:\Users\Owner\Downloads\simulator-windows-64\dataTrack1\IMG\left_2024_11_20_20_17_57_046.jpg, C:\Users\Owner\Downloads\simulator-windows-64\dataTrack1\IMG\right_2024_11_20_20_17_57_046.jpg, -0.3659778, 0.2867371, 0, 17.62762
C:\Users\Owner\Downloads\simulator-windows-64\dataTrack1\IMG\center_2024_11_20_20_17_57_150.jpg, C:\Users\Owner\Downloads\simulator-windows-64\dataTrack1\IMG\left_2024_11_20_20_17_57_150.jpg, C:\Users\Owner\Downloads\simulator-windows-64\dataTrack1\IMG\right_2024_11_20_20_17_57_150.jpg, -0.002798405, 0, 0, 17.45752
C:\Users\Owner\Downloads\simulator-windows-64\dataTrack1\IMG\center_2024_11_20_20_17_57_252.jpg, C:\Users\Owner\Downloads\simulator-windows-64\dataTrack1\IMG\left_2024_11_20_20_17_57_252.jpg, C:\Users\Owner\Downloads\simulator-windows-64\dataTrack1\IMG\right_2024_11_20_20_17_57_252.jpg, 0, 0.2211924, 0, 17.83783
C:\Users\Owner\Downloads\simulator-windows-64\dataTrack1\IMG\center_2024_11_20_20_17_57_360.jpg, C:\Users\Owner\Downloads\simulator-windows-64\dataTrack1\IMG\left_2024_11_20_20_17_57_360.jpg, C:\Users\Owner\Downloads\simulator-windows-64\dataTrack1\IMG\right_2024_11_20_20_17_57_360.jpg, 0, 0.5429694, 0, 17.74308
C:\Users\Owner\Downloads\simulator-windows-64\dataTrack1\IMG\center_2024_11_20_20_17_57_465.jpg, C:\Users\Owner\Downloads\simulator-windows-64\dataTrack1\IMG\left_2024_11_20_20_17_57_465.jpg, C:\Users\Owner\Downloads\simulator-windows-64\dataTrack1\IMG\right_2024_11_20_20_17_57_465.jpg, 0, 0.8072875, 0, 18.7004
C:\Users\Owner\Downloads\simulator-windows-64\dataTrack1\IMG\center_2024_11_20_20_17_57_570.jpg, C:\Users\Owner\Downloads\simulator-windows-64\dataTrack1\IMG\left_2024_11_20_20_17_57_570.jpg, C:\Users\Owner\Downloads\simulator-windows-64\dataTrack1\IMG\right_2024_11_20_20_17_57_570.jpg, 0, 1, 0, 19.839
C:\Users\Owner\Downloads\simulator-windows-64\dataTrack1\IMG\center_2024_11_20_20_17_57_678.jpg, C:\Users\Owner\Downloads\simulator-windows-64\dataTrack1\IMG\left_2024_11_20_20_17_57_678.jpg, C:\Users\Owner\Downloads\simulator-windows-64\dataTrack1\IMG\right_2024_11_20_20_17_57_678.jpg, 0, 1, 0, 20.74306
C:\Users\Owner\Downloads\simulator-windows-64\dataTrack1\IMG\center_2024_11_20_20_17_57_783.jpg, C:\Users\Owner\Downloads\simulator-windows-64\dataTrack1\IMG\left_2024_11_20_20_17_57_783.jpg, C:\Users\Owner\Downloads\simulator-windows-64\dataTrack1\IMG\right_2024_11_20_20_17_57_783.jpg, 0, 1, 0, 21.81369
C:\Users\Owner\Downloads\simulator-windows-64\dataTrack1\IMG\center_2024_11_20_20_17_57_887.jpg, C:\Users\Owner\Downloads\simulator-windows-64\dataTrack1\IMG\left_2024_11_20_20_17_57_887.jpg, C:\Users\Owner\Downloads\simulator-windows-64\dataTrack1\IMG\right_2024_11_20_20_17_57_887.jpg, 0, 0.777925, 0, 22.88003
C:\Users\Owner\Downloads\simulator-windows-64\dataTrack1\IMG\center_2024_11_20_20_17_57_994.jpg, C:\Users\Owner\Downloads\simulator-windows-64\dataTrack1\IMG\left_2024_11_20_20_17_57_994.jpg, C:\Users\Owner\Downloads\simulator-windows-64\dataTrack1\IMG\right_2024_11_20_20_17_57_994.jpg, 0, 0.4555808, 0, 23.35839
C:\Users\Owner\Downloads\simulator-windows-64\dataTrack1\IMG\center_2024_11_20_20_17_58_097.jpg, C:\Users\Owner\Downloads\simulator-windows-64\dataTrack1\IMG\left_2024_11_20_20_17_58_097.jpg, C:\Users\Owner\Downloads\simulator-windows-64\dataTrack1\IMG\right_2024_11_20_20_17_58_097.jpg, 0, 0.1473047, 0, 23.50531
C:\Users\Owner\Downloads\simulator-windows-64\dataTrack1\IMG\center_2024_11_20_20_17_58_201.jpg, C:\Users\Owner\Downloads\simulator-windows-64\dataTrack1\IMG\left_2024_11_20_20_17_58_201.jpg, C:\Users\Owner\Downloads\simulator-windows-64\dataTrack1\IMG\right_2024_11_20_20_17_58_201.jpg, -0.049635, 0, 0, 23.2998
C:\Users\Owner\Downloads\simulator-windows-64\dataTrack1\IMG\center_2024_11_20_20_17_58_308.jpg, C:\Users\Owner\Downloads\simulator-windows-64\dataTrack1\IMG\left_2024_11_20_20_17_58_308.jpg, C:\Users\Owner\Downloads\simulator-windows-64\dataTrack1\IMG\right_2024_11_20_20_17_58_308.jpg, 0, 0, 0, 23.0197
C:\Users\Owner\Downloads\simulator-windows-64\dataTrack1\IMG\center_2024_11_20_20_17_58_411.jpg, C:\Users\Owner\Downloads\simulator-windows-64\dataTrack1\IMG\left_2024_11_20_20_17_58_411.jpg, C:\Users\Owner\Downloads\simulator-windows-64\dataTrack1\IMG\right_2024_11_20_20_17_58_411.jpg, 0, 0.3106194, 0, 22.98882
C:\Users\Owner\Downloads\simulator-windows-64\dataTrack1\IMG\center_2024_11_20_20_17_58_515.jpg, C:\Users\Owner\Downloads\simulator-windows-64\dataTrack1\IMG\left_2024_11_20_20_17_58_515.jpg, C:\Users\Owner\Downloads\simulator-windows-64\dataTrack1\IMG\right_2024_11_20_20_17_58_515.jpg, 0, 0.4137357, 0, 23.29257
C:\Users\Owner\Downloads\simulator-windows-64\dataTrack1\IMG\center_2024_11_20_20_17_58_617.jpg, C:\Users\Owner\Downloads\simulator-windows-64\dataTrack1\IMG\left_2024_11_20_20_17_58_617.jpg, C:\Users\Owner\Downloads\simulator-windows-64\dataTrack1\IMG\right_2024_11_20_20_17_58_617.jpg, 0, 0.3130966, 0, 23.42801
C:\Users\Owner\Downloads\simulator-windows-64\dataTrack1\IMG\center_2024_11_20_20_17_58_720.jpg, C:\Users\Owner\Downloads\simulator-windows-64\dataTrack1\IMG\left_2024_11_20_20_17_58_720.jpg, C:\Users\Owner\Downloads\simulator-windows-64\dataTrack1\IMG\right_2024_11_20_20_17_58_720.jpg, 0, 0.5176978, 0, 23.73307
C:\Users\Owner\Downloads\simulator-windows-64\dataTrack1\IMG\center_2024_11_20_20_17_58_825.jpg, C:\Users\Owner\Downloads\simulator-windows-64\dataTrack1\IMG\left_2024_11_20_20_17_58_825.jpg, C:\Users\Owner\Downloads\simulator-windows-64\dataTrack1\IMG\right_2024_11_20_20_17_58_825.jpg, 0, 0.2552184, 0, 23.9704
C:\Users\Owner\Downloads\simulator-windows-64\dataTrack1\IMG\center_2024_11_20_20_17_58_929.jpg, C:\Users\Owner\Downloads\simulator-windows-64\dataTrack1\IMG\left_2024_11_20_20_17_58_929.jpg, C:\Users\Owner\Downloads\simulator-windows-64\dataTrack1\IMG\right_2024_11_20_20_17_58_929.jpg, -0.31032, 0, 0, 23.72565
C:\Users\Owner\Downloads\simulator-windows-64\dataTrack1\IMG\center_2024_11_20_20_17_59_033.jpg, C:\Users\Owner\Downloads\simulator-windows-64\dataTrack1\IMG\left_2024_11_20_20_17_59_033.jpg, C:\Users\Owner\Downloads\simulator-windows-64\dataTrack1\IMG\right_2024_11_20_20_17_59_033.jpg, -0.3106515, 0, 0, 23.38052
C:\Users\Owner\Downloads\simulator-windows-64\dataTrack1\IMG\center_2024_11_20_20_17_59_136.jpg, C:\Users\Owner\Downloads\simulator-windows-64\dataTrack1\IMG\left_2024_11_20_20_17_59_136.jpg, C:\Users\Owner\Downloads\simulator-windows-64\dataTrack1\IMG\right_2024_11_20_20_17_59_136.jpg, -0.0009302832, 0, 0, 23.14416
C:\Users\Owner\Downloads\simulator-windows-64\dataTrack1\IMG\center_2024_11_20_20_17_59_241.jpg, C:\Users\Owner\Downloads\simulator-windows-64\dataTrack1\IMG\left_2024_11_20_20_17_59_241.jpg, C:\Users\Owner\Downloads\simulator-windows-64\dataTrack1\IMG\right_2024_11_20_20_17_59_241.jpg, 0, 0.1592982, 0, 22.94577
C:\Users\Owner\Downloads\simulator-windows-64\dataTrack1\IMG\center_2024_11_20_20_17_59_346.jpg, C:\Users\Owner\Downloads\simulator-windows-64\dataTrack1\IMG\left_2024_11_20_20_17_59_346.jpg, C:\Users\Owner\Downloads\simulator-windows-64\dataTrack1\IMG\right_2024_11_20_20_17_59_346.jpg, 0, 0.3169791, 0, 23.05361
C:\Users\Owner\Downloads\simulator-windows-64\dataTrack1\IMG\center_2024_11_20_20_17_59_449.jpg, C:\Users\Owner\Downloads\simulator-windows-64\dataTrack1\IMG\left_2024_11_20_20_17_59_449.jpg, C:\Users\Owner\Downloads\simulator-windows-64\dataTrack1\IMG\right_2024_11_20_20_17_59_449.jpg, 0, 0.05911889, 0, 22.94357
C:\Users\Owner\Downloads\simulator-windows-64\dataTrack1\IMG\center_2024_11_20_20_17_59_552.jpg, C:\Users\Owner\Downloads\simulator-windows-64\dataTrack1\IMG\left_2024_11_20_20_17_59_552.jpg, C:\Users\Owner\Downloads\simulator-windows-64\dataTrack1\IMG\right_2024_11_20_20_17_59_552.jpg, 0, 0.2753031, 0, 23.01166
C:\Users\Owner\Downloads\simulator-windows-64\dataTrack1\IMG\center_2024_11_20_20_17_59_658.jpg, C:\Users\Owner\Downloads\simulator-windows-64\dataTrack1\IMG\left_2024_11_20_20_17_59_658.jpg, C:\Users\Owner\Downloads\simulator-windows-64\dataTrack1\IMG\right_2024_11_20_20_17_59_658.jpg, 0, 0.07331426, 0, 22.91399
C:\Users\Owner\Downloads\simulator-windows-64\dataTrack1\IMG\center_2024_11_20_20_17_59_761.jpg, C:\Users\Owner\Downloads\simulator-windows-64\dataTrack1\IMG\left_2024_11_20_20_17_59_761.jpg, C:\Users\Owner\Downloads\simulator-windows-64\dataTrack1\IMG\right_2024_11_20_20_17_59_761.jpg, 0, 0.2829585, 0, 22.95891
C:\Users\Owner\Downloads\simulator-windows-64\dataTrack1\IMG\center_2024_11_20_20_17_59_864.jpg, C:\Users\Owner\Downloads\simulator-windows-64\dataTrack1\IMG\left_2024_11_20_20_17_59_864.jpg, C:\Users\Owner\Downloads\simulator-windows-64\dataTrack1\IMG\right_2024_11_20_20_17_59_864.jpg, 0, 0.1232955, 0, 22.90747
C:\Users\Owner\Downloads\simulator-windows-64\dataTrack1\IMG\center_2024_11_20_20_17_59_968.jpg, C:\Users\Owner\Downloads\simulator-windows-64\dataTrack1\IMG\left_2024_11_20_20_17_59_968.jpg, C:\Users\Owner\Downloads\simulator-windows-64\dataTrack1\IMG\right_2024_11_20_20_17_59_968.jpg, 0, 0.3783873, 0, 23.11124
C:\Users\Owner\Downloads\simulator-windows-64\dataTrack1\IMG\center_2024_11_20_20_18_00_070.jpg, C:\Users\Owner\Downloads\simulator-windows-64\dataTrack1\IMG\left_2024_11_20_20_18_00_070.jpg, C:\Users\Owner\Downloads\simulator-windows-64\dataTrack1\IMG\right_2024_11_20_20_18_00_070.jpg, 0, 0.1771425, 0, 23.11806
C:\Users\Owner\Downloads\simulator-windows-64\dataTrack1\IMG\center_2024_11_20_20_18_00_177.jpg, C:\Users\Owner\Downloads\simulator-windows-64\dataTrack1\IMG\left_2024_11_20_20_18_00_177.jpg, C:\Users\Owner\Downloads\simulator-windows-64\dataTrack1\IMG\right_2024_11_20_20_18_00_177.jpg, 0, 0.3919137, 0, 23.32465
C:\Users\Owner\Downloads\simulator-windows-64\dataTrack1\IMG\center_2024_11_20_20_18_00_280.jpg, C:\Users\Owner\Downloads\simulator-windows-64\dataTrack1\IMG\left_2024_11_20_20_18_00_280.jpg, C:\Users\Owner\Downloads\simulator-windows-64\dataTrack1\IMG\right_2024_11_20_20_18_00_280.jpg, 0, 0.2886891, 0, 23.42068
C:\Users\Owner\Downloads\simulator-windows-64\dataTrack1\IMG\center_2024_11_20_20_18_00_382.jpg, C:\Users\Owner\Downloads\simulator-windows-64\dataTrack1\IMG\left_2024_11_20_20_18_00_382.jpg, C:\Users\Owner\Downloads\simulator-windows-64\dataTrack1\IMG\right_2024_11_20_20_18_00_382.jpg, 0, 0.4948275, 0, 23.68836
C:\Users\Owner\Downloads\simulator-windows-64\dataTrack1\IMG\center_2024_11_20_20_18_00_486.jpg, C:\Users\Owner\Downloads\simulator-windows-64\dataTrack1\IMG\left_2024_11_20_20_18_00_486.jpg, C:\Users\Owner\Downloads\simulator-windows-64\dataTrack1\IMG\right_2024_11_20_20_18_00_486.jpg, 0, 0.2332077, 0, 23.90211
C:\Users\Owner\Downloads\simulator-windows-64\dataTrack1\IMG\center_2024_11_20_20_18_00_593.jpg, C:\Users\Owner\Downloads\simulator-windows-64\dataTrack1\IMG\left_2024_11_20_20_18_00_593.jpg, C:\Users\Owner\Downloads\simulator-windows-64\dataTrack1\IMG\right_2024_11_20_20_18_00_593.jpg, 0, 0.396905, 0, 24.21242
C:\Users\Owner\Downloads\simulator-windows-64\dataTrack1\IMG\center_2024_11_20_20_18_00_695.jpg, C:\Users\Owner\Downloads\simulator-windows-64\dataTrack1\IMG\left_2024_11_20_20_18_00_695.jpg, C:\Users\Owner\Downloads\simulator-windows-64\dataTrack1\IMG\right_2024_11_20_20_18_00_695.jpg, 0, 0.2906942, 0, 24.29655
C:\Users\Owner\Downloads\simulator-windows-64\dataTrack1\IMG\center_2024_11_20_20_18_00_798.jpg, C:\Users\Owner\Downloads\simulator-windows-64\dataTrack1\IMG\left_2024_11_20_20_18_00_798.jpg, C:\Users\Owner\Downloads\simulator-windows-64\dataTrack1\IMG\right_2024_11_20_20_18_00_798.jpg, 0, 0.3958235, 0, 24.54068
C:\Users\Owner\Downloads\simulator-windows-64\dataTrack1\IMG\center_2024_11_20_20_18_00_902.jpg, C:\Users\Owner\Downloads\simulator-windows-64\dataTrack1\IMG\left_2024_11_20_20_18_00_902.jpg, C:\Users\Owner\Downloads\simulator-windows-64\dataTrack1\IMG\right_2024_11_20_20_18_00_902.jpg, 0, 0.39137, 0, 24.67502
C:\Users\Owner\Downloads\simulator-windows-64\dataTrack1\IMG\center_2024_11_20_20_18_01_006.jpg, C:\Users\Owner\Downloads\simulator-windows-64\dataTrack1\IMG\left_2024_11_20_20_18_01_006.jpg, C:\Users\Owner\Downloads\simulator-windows-64\dataTrack1\IMG\right_2024_11_20_20_18_01_006.jpg, 0, 0.545855, 0, 25.04852
C:\Users\Owner\Downloads\simulator-windows-64\dataTrack1\IMG\center_2024_11_20_20_18_01_111.jpg, C:\Users\Owner\Downloads\simulator-windows-64\dataTrack1\IMG\left_2024_11_20_20_18_01_111.jpg, C:\Users\Owner\Downloads\simulator-windows-64\dataTrack1\IMG\right_2024_11_20_20_18_01_111.jpg, 0, 0.4884242, 0, 25.34052
C:\Users\Owner\Downloads\simulator-windows-64\dataTrack1\IMG\center_2024_11_20_20_18_01_215.jpg, C:\Users\Owner\Downloads\simulator-windows-64\dataTrack1\IMG\left_2024_11_20_20_18_01_215.jpg, C:\Users\Owner\Downloads\simulator-windows-64\dataTrack1\IMG\right_2024_11_20_20_18_01_215.jpg, 0, 0.6916652, 0, 25.88533
C:\Users\Owner\Downloads\simulator-windows-64\dataTrack1\IMG\center_2024_11_20_20_18_01_318.jpg, C:\Users\Owner\Downloads\simulator-windows-64\dataTrack1\IMG\left_2024_11_20_20_18_01_318.jpg, C:\Users\Owner\Downloads\simulator-windows-64\dataTrack1\IMG\right_2024_11_20_20_18_01_318.jpg, -0.1031229, 0.3824387, 0, 26.27184
C:\Users\Owner\Downloads\simulator-windows-64\dataTrack1\IMG\center_2024_11_20_20_18_01_420.jpg, C:\Users\Owner\Downloads\simulator-windows-64\dataTrack1\IMG\left_2024_11_20_20_18_01_420.jpg, C:\Users\Owner\Downloads\simulator-windows-64\dataTrack1\IMG\right_2024_11_20_20_18_01_420.jpg, 0, 0.07695439, 0, 26.27199
C:\Users\Owner\Downloads\simulator-windows-64\dataTrack1\IMG\center_2024_11_20_20_18_01_524.jpg, C:\Users\Owner\Downloads\simulator-windows-64\dataTrack1\IMG\left_2024_11_20_20_18_01_524.jpg, C:\Users\Owner\Downloads\simulator-windows-64\dataTrack1\IMG\right_2024_11_20_20_18_01_524.jpg, 0, 0.3398438, 0, 26.24978
C:\Users\Owner\Downloads\simulator-windows-64\dataTrack1\IMG\center_2024_11_20_20_18_01_628.jpg, C:\Users\Owner\Downloads\simulator-windows-64\dataTrack1\IMG\left_2024_11_20_20_18_01_628.jpg, C:\Users\Owner\Downloads\simulator-windows-64\dataTrack1\IMG\right_2024_11_20_20_18_01_628.jpg, 0, 0.2839037, 0, 26.53128
C:\Users\Owner\Downloads\simulator-windows-64\dataTrack1\IMG\center_2024_11_20_20_18_01_730.jpg, C:\Users\Owner\Downloads\simulator-windows-64\dataTrack1\IMG\left_2024_11_20_20_18_01_730.jpg, C:\Users\Owner\Downloads\simulator-windows-64\dataTrack1\IMG\right_2024_11_20_20_18_01_730.jpg, 0, 0, 0, 26.41436
C:\Users\Owner\Downloads\simulator-windows-64\dataTrack1\IMG\center_2024_11_20_20_18_01_834.jpg, C:\Users\Owner\Downloads\simulator-windows-64\dataTrack1\IMG\left_2024_11_20_20_18_01_834.jpg, C:\Users\Owner\Downloads\simulator-windows-64\dataTrack1\IMG\right_2024_11_20_20_18_01_834.jpg, 0, 0.2050932, 0, 26.23641
C:\Users\Owner\Downloads\simulator-windows-64\dataTrack1\IMG\center_2024_11_20_20_18_01_938.jpg, C:\Users\Owner\Downloads\simulator-windows-64\dataTrack1\IMG\left_2024_11_20_20_18_01_938.jpg, C:\Users\Owner\Downloads\simulator-windows-64\dataTrack1\IMG\right_2024_11_20_20_18_01_938.jpg, -0.1559748, 0.5175198, 0, 26.39897
C:\Users\Owner\Downloads\simulator-windows-64\dataTrack1\IMG\center_2024_11_20_20_18_02_043.jpg, C:\Users\Owner\Downloads\simulator-windows-64\dataTrack1\IMG\left_2024_11_20_20_18_02_043.jpg, C:\Users\Owner\Downloads\simulator-windows-64\dataTrack1\IMG\right_2024_11_20_20_18_02_043.jpg, -0.1508634, 0.200748, 0, 26.55714
C:\Users\Owner\Downloads\simulator-windows-64\dataTrack1\IMG\center_2024_11_20_20_18_02_146.jpg, C:\Users\Owner\Downloads\simulator-windows-64\dataTrack1\IMG\left_2024_11_20_20_18_02_146.jpg, C:\Users\Owner\Downloads\simulator-windows-64\dataTrack1\IMG\right_2024_11_20_20_18_02_146.jpg, 0, 0, 0, 26.37799
C:\Users\Owner\Downloads\simulator-windows-64\dataTrack1\IMG\center_2024_11_20_20_18_02_251.jpg, C:\Users\Owner\Downloads\simulator-windows-64\dataTrack1\IMG\left_2024_11_20_20_18_02_251.jpg, C:\Users\Owner\Downloads\simulator-windows-64\dataTrack1\IMG\right_2024_11_20_20_18_02_251.jpg, 0, 0, 0, 26.05885
C:\Users\Owner\Downloads\simulator-windows-64\dataTrack1\IMG\center_2024_11_20_20_18_02_355.jpg, C:\Users\Owner\Downloads\simulator-windows-64\dataTrack1\IMG\left_2024_11_20_20_18_02_355.jpg, C:\Users\Owner\Downloads\simulator-windows-64\dataTrack1\IMG\right_2024_11_20_20_18_02_355.jpg, 0, 0.2267784, 0, 25.9043
C:\Users\Owner\Downloads\simulator-windows-64\dataTrack1\IMG\center_2024_11_20_20_18_02_456.jpg, C:\Users\Owner\Downloads\simulator-windows-64\dataTrack1\IMG\left_2024_11_20_20_18_02_456.jpg, C:\Users\Owner\Downloads\simulator-windows-64\dataTrack1\IMG\right_2024_11_20_20_18_02_456.jpg, 0, 0.3259425, 0, 26.05621
C:\Users\Owner\Downloads\simulator-windows-64\dataTrack1\IMG\center_2024_11_20_20_18_02_561.jpg, C:\Users\Owner\Downloads\simulator-windows-64\dataTrack1\IMG\left_2024_11_20_20_18_02_561.jpg, C:\Users\Owner\Downloads\simulator-windows-64\dataTrack1\IMG\right_2024_11_20_20_18_02_561.jpg, -0.314562, 0.01138052, 0, 25.99913
C:\Users\Owner\Downloads\simulator-windows-64\dataTrack1\IMG\center_2024_11_20_20_18_02_664.jpg, C:\Users\Owner\Downloads\simulator-windows-64\dataTrack1\IMG\left_2024_11_20_20_18_02_664.jpg, C:\Users\Owner\Downloads\simulator-windows-64\dataTrack1\IMG\right_2024_11_20_20_18_02_664.jpg, -0.4162161, 0, 0, 25.56333
C:\Users\Owner\Downloads\simulator-windows-64\dataTrack1\IMG\center_2024_11_20_20_18_02_766.jpg, C:\Users\Owner\Downloads\simulator-windows-64\dataTrack1\IMG\left_2024_11_20_20_18_02_766.jpg, C:\Users\Owner\Downloads\simulator-windows-64\dataTrack1\IMG\right_2024_11_20_20_18_02_766.jpg, -0.1586148, 0, 0, 25.306
C:\Users\Owner\Downloads\simulator-windows-64\dataTrack1\IMG\center_2024_11_20_20_18_02_870.jpg, C:\Users\Owner\Downloads\simulator-windows-64\dataTrack1\IMG\left_2024_11_20_20_18_02_870.jpg, C:\Users\Owner\Downloads\simulator-windows-64\dataTrack1\IMG\right_2024_11_20_20_18_02_870.jpg, 0, 0.3617097, 0, 25.2719
C:\Users\Owner\Downloads\simulator-windows-64\dataTrack1\IMG\center_2024_11_20_20_18_02_974.jpg, C:\Users\Owner\Downloads\simulator-windows-64\dataTrack1\IMG\left_2024_11_20_20_18_02_974.jpg, C:\Users\Owner\Downloads\simulator-windows-64\dataTrack1\IMG\right_2024_11_20_20_18_02_974.jpg, 0, 0.0505017, 0, 25.2568
C:\Users\Owner\Downloads\simulator-windows-64\dataTrack1\IMG\center_2024_11_20_20_18_03_078.jpg, C:\Users\Owner\Downloads\simulator-windows-64\dataTrack1\IMG\left_2024_11_20_20_18_03_078.jpg, C:\Users\Owner\Downloads\simulator-windows-64\dataTrack1\IMG\right_2024_11_20_20_18_03_078.jpg, 0, 0, 0, 25.00767
C:\Users\Owner\Downloads\simulator-windows-64\dataTrack1\IMG\center_2024_11_20_20_18_03_183.jpg, C:\Users\Owner\Downloads\simulator-windows-64\dataTrack1\IMG\left_2024_11_20_20_18_03_183.jpg, C:\Users\Owner\Downloads\simulator-windows-64\dataTrack1\IMG\right_2024_11_20_20_18_03_183.jpg, 0, 0.3126864, 0, 24.90508
C:\Users\Owner\Downloads\simulator-windows-64\dataTrack1\IMG\center_2024_11_20_20_18_03_285.jpg, C:\Users\Owner\Downloads\simulator-windows-64\dataTrack1\IMG\left_2024_11_20_20_18_03_285.jpg, C:\Users\Owner\Downloads\simulator-windows-64\dataTrack1\IMG\right_2024_11_20_20_18_03_285.jpg, 0, 0.2499342, 0, 25.09185
C:\Users\Owner\Downloads\simulator-windows-64\dataTrack1\IMG\center_2024_11_20_20_18_03_387.jpg, C:\Users\Owner\Downloads\simulator-windows-64\dataTrack1\IMG\left_2024_11_20_20_18_03_387.jpg, C:\Users\Owner\Downloads\simulator-windows-64\dataTrack1\IMG\right_2024_11_20_20_18_03_387.jpg, 0, 0.3351972, 0, 25.0764
C:\Users\Owner\Downloads\simulator-windows-64\dataTrack1\IMG\center_2024_11_20_20_18_03_492.jpg, C:\Users\Owner\Downloads\simulator-windows-64\dataTrack1\IMG\left_2024_11_20_20_18_03_492.jpg, C:\Users\Owner\Downloads\simulator-windows-64\dataTrack1\IMG\right_2024_11_20_20_18_03_492.jpg, 0, 0.2310576, 0, 25.24804
C:\Users\Owner\Downloads\simulator-windows-64\dataTrack1\IMG\center_2024_11_20_20_18_03_596.jpg, C:\Users\Owner\Downloads\simulator-windows-64\dataTrack1\IMG\left_2024_11_20_20_18_03_596.jpg, C:\Users\Owner\Downloads\simulator-windows-64\dataTrack1\IMG\right_2024_11_20_20_18_03_596.jpg, 0, 0.3671826, 0, 25.29019
C:\Users\Owner\Downloads\simulator-windows-64\dataTrack1\IMG\center_2024_11_20_20_18_03_699.jpg, C:\Users\Owner\Downloads\simulator-windows-64\dataTrack1\IMG\left_2024_11_20_20_18_03_699.jpg, C:\Users\Owner\Downloads\simulator-windows-64\dataTrack1\IMG\right_2024_11_20_20_18_03_699.jpg, 0, 0.27204, 0, 25.52185
C:\Users\Owner\Downloads\simulator-windows-64\dataTrack1\IMG\center_2024_11_20_20_18_03_804.jpg, C:\Users\Owner\Downloads\simulator-windows-64\dataTrack1\IMG\left_2024_11_20_20_18_03_804.jpg, C:\Users\Owner\Downloads\simulator-windows-64\dataTrack1\IMG\right_2024_11_20_20_18_03_804.jpg, 0, 0.5872773, 0, 25.75139
C:\Users\Owner\Downloads\simulator-windows-64\dataTrack1\IMG\center_2024_11_20_20_18_03_908.jpg, C:\Users\Owner\Downloads\simulator-windows-64\dataTrack1\IMG\left_2024_11_20_20_18_03_908.jpg, C:\Users\Owner\Downloads\simulator-windows-64\dataTrack1\IMG\right_2024_11_20_20_18_03_908.jpg, 0, 0.2770146, 0, 26.08295
C:\Users\Owner\Downloads\simulator-windows-64\dataTrack1\IMG\center_2024_11_20_20_18_04_011.jpg, C:\Users\Owner\Downloads\simulator-windows-64\dataTrack1\IMG\left_2024_11_20_20_18_04_011.jpg, C:\Users\Owner\Downloads\simulator-windows-64\dataTrack1\IMG\right_2024_11_20_20_18_04_011.jpg, 0, 0.3724461, 0, 26.14196
C:\Users\Owner\Downloads\simulator-windows-64\dataTrack1\IMG\center_2024_11_20_20_18_04_116.jpg, C:\Users\Owner\Downloads\simulator-windows-64\dataTrack1\IMG\left_2024_11_20_20_18_04_116.jpg, C:\Users\Owner\Downloads\simulator-windows-64\dataTrack1\IMG\right_2024_11_20_20_18_04_116.jpg, 0, 0.2691218, 0, 26.3477
C:\Users\Owner\Downloads\simulator-windows-64\dataTrack1\IMG\center_2024_11_20_20_18_04_218.jpg, C:\Users\Owner\Downloads\simulator-windows-64\dataTrack1\IMG\left_2024_11_20_20_18_04_218.jpg, C:\Users\Owner\Downloads\simulator-windows-64\dataTrack1\IMG\right_2024_11_20_20_18_04_218.jpg, -0.09932069, 0, 0, 26.22991
C:\Users\Owner\Downloads\simulator-windows-64\dataTrack1\IMG\center_2024_11_20_20_18_04_321.jpg, C:\Users\Owner\Downloads\simulator-windows-64\dataTrack1\IMG\left_2024_11_20_20_18_04_321.jpg, C:\Users\Owner\Downloads\simulator-windows-64\dataTrack1\IMG\right_2024_11_20_20_18_04_321.jpg, 0, 0, 0, 25.9394
C:\Users\Owner\Downloads\simulator-windows-64\dataTrack1\IMG\center_2024_11_20_20_18_04_424.jpg, C:\Users\Owner\Downloads\simulator-windows-64\dataTrack1\IMG\left_2024_11_20_20_18_04_424.jpg, C:\Users\Owner\Downloads\simulator-windows-64\dataTrack1\IMG\right_2024_11_20_20_18_04_424.jpg, 0, 0.2573199, 0, 25.82434
C:\Users\Owner\Downloads\simulator-windows-64\dataTrack1\IMG\center_2024_11_20_20_18_04_530.jpg, C:\Users\Owner\Downloads\simulator-windows-64\dataTrack1\IMG\left_2024_11_20_20_18_04_530.jpg, C:\Users\Owner\Downloads\simulator-windows-64\dataTrack1\IMG\right_2024_11_20_20_18_04_530.jpg, -0.1062873, 0.5238017, 0, 26.183
C:\Users\Owner\Downloads\simulator-windows-64\dataTrack1\IMG\center_2024_11_20_20_18_04_637.jpg, C:\Users\Owner\Downloads\simulator-windows-64\dataTrack1\IMG\left_2024_11_20_20_18_04_637.jpg, C:\Users\Owner\Downloads\simulator-windows-64\dataTrack1\IMG\right_2024_11_20_20_18_04_637.jpg, -0.1254246, 0.2017587, 0, 26.31435
C:\Users\Owner\Downloads\simulator-windows-64\dataTrack1\IMG\center_2024_11_20_20_18_04_741.jpg, C:\Users\Owner\Downloads\simulator-windows-64\dataTrack1\IMG\left_2024_11_20_20_18_04_741.jpg, C:\Users\Owner\Downloads\simulator-windows-64\dataTrack1\IMG\right_2024_11_20_20_18_04_741.jpg, 0, 0, 0, 26.13792
C:\Users\Owner\Downloads\simulator-windows-64\dataTrack1\IMG\center_2024_11_20_20_18_04_846.jpg, C:\Users\Owner\Downloads\simulator-windows-64\dataTrack1\IMG\left_2024_11_20_20_18_04_846.jpg, C:\Users\Owner\Downloads\simulator-windows-64\dataTrack1\IMG\right_2024_11_20_20_18_04_846.jpg, -0.2588601, 0, 0, 25.85105
C:\Users\Owner\Downloads\simulator-windows-64\dataTrack1\IMG\center_2024_11_20_20_18_04_949.jpg, C:\Users\Owner\Downloads\simulator-windows-64\dataTrack1\IMG\left_2024_11_20_20_18_04_949.jpg, C:\Users\Owner\Downloads\simulator-windows-64\dataTrack1\IMG\right_2024_11_20_20_18_04_949.jpg, -0.2123112, 0, 0, 25.44935
C:\Users\Owner\Downloads\simulator-windows-64\dataTrack1\IMG\center_2024_11_20_20_18_05_053.jpg, C:\Users\Owner\Downloads\simulator-windows-64\dataTrack1\IMG\left_2024_11_20_20_18_05_053.jpg, C:\Users\Owner\Downloads\simulator-windows-64\dataTrack1\IMG\right_2024_11_20_20_18_05_053.jpg, 0, 0, 0, 25.18748
C:\Users\Owner\Downloads\simulator-windows-64\dataTrack1\IMG\center_2024_11_20_20_18_05_155.jpg, C:\Users\Owner\Downloads\simulator-windows-64\dataTrack1\IMG\left_2024_11_20_20_18_05_155.jpg, C:\Users\Owner\Downloads\simulator-windows-64\dataTrack1\IMG\right_2024_11_20_20_18_05_155.jpg, 0, 0, 0, 24.9309
C:\Users\Owner\Downloads\simulator-windows-64\dataTrack1\IMG\center_2024_11_20_20_18_05_260.jpg, C:\Users\Owner\Downloads\simulator-windows-64\dataTrack1\IMG\left_2024_11_20_20_18_05_260.jpg, C:\Users\Owner\Downloads\simulator-windows-64\dataTrack1\IMG\right_2024_11_20_20_18_05_260.jpg, 0, 0.3127167, 0, 24.85589
C:\Users\Owner\Downloads\simulator-windows-64\dataTrack1\IMG\center_2024_11_20_20_18_05_364.jpg, C:\Users\Owner\Downloads\simulator-windows-64\dataTrack1\IMG\left_2024_11_20_20_18_05_364.jpg, C:\Users\Owner\Downloads\simulator-windows-64\dataTrack1\IMG\right_2024_11_20_20_18_05_364.jpg, 0, 0.4206918, 0, 25.13634
C:\Users\Owner\Downloads\simulator-windows-64\dataTrack1\IMG\center_2024_11_20_20_18_05_467.jpg, C:\Users\Owner\Downloads\simulator-windows-64\dataTrack1\IMG\left_2024_11_20_20_18_05_467.jpg, C:\Users\Owner\Downloads\simulator-windows-64\dataTrack1\IMG\right_2024_11_20_20_18_05_467.jpg, -0.0541335, 0.108924, 0, 25.21739
C:\Users\Owner\Downloads\simulator-windows-64\dataTrack1\IMG\center_2024_11_20_20_18_05_571.jpg, C:\Users\Owner\Downloads\simulator-windows-64\dataTrack1\IMG\left_2024_11_20_20_18_05_571.jpg, C:\Users\Owner\Downloads\simulator-windows-64\dataTrack1\IMG\right_2024_11_20_20_18_05_571.jpg, -0.3653051, 0, 0, 24.90827
C:\Users\Owner\Downloads\simulator-windows-64\dataTrack1\IMG\center_2024_11_20_20_18_05_674.jpg, C:\Users\Owner\Downloads\simulator-windows-64\dataTrack1\IMG\left_2024_11_20_20_18_05_674.jpg, C:\Users\Owner\Downloads\simulator-windows-64\dataTrack1\IMG\right_2024_11_20_20_18_05_674.jpg, -0.4591899, 0, 0, 24.47427
C:\Users\Owner\Downloads\simulator-windows-64\dataTrack1\IMG\center_2024_11_20_20_18_05_778.jpg, C:\Users\Owner\Downloads\simulator-windows-64\dataTrack1\IMG\left_2024_11_20_20_18_05_778.jpg, C:\Users\Owner\Downloads\simulator-windows-64\dataTrack1\IMG\right_2024_11_20_20_18_05_778.jpg, -0.1478379, 0, 0, 24.23071
C:\Users\Owner\Downloads\simulator-windows-64\dataTrack1\IMG\center_2024_11_20_20_18_05_883.jpg, C:\Users\Owner\Downloads\simulator-windows-64\dataTrack1\IMG\left_2024_11_20_20_18_05_883.jpg, C:\Users\Owner\Downloads\simulator-windows-64\dataTrack1\IMG\right_2024_11_20_20_18_05_883.jpg, 0, 0.1083168, 0, 23.99548
C:\Users\Owner\Downloads\simulator-windows-64\dataTrack1\IMG\center_2024_11_20_20_18_05_987.jpg, C:\Users\Owner\Downloads\simulator-windows-64\dataTrack1\IMG\left_2024_11_20_20_18_05_987.jpg, C:\Users\Owner\Downloads\simulator-windows-64\dataTrack1\IMG\right_2024_11_20_20_18_05_987.jpg, 0, 0.3671004, 0, 24.15392
C:\Users\Owner\Downloads\simulator-windows-64\dataTrack1\IMG\center_2024_11_20_20_18_06_089.jpg, C:\Users\Owner\Downloads\simulator-windows-64\dataTrack1\IMG\left_2024_11_20_20_18_06_089.jpg, C:\Users\Owner\Downloads\simulator-windows-64\dataTrack1\IMG\right_2024_11_20_20_18_06_089.jpg, 0, 0.06178554, 0, 24.14259
C:\Users\Owner\Downloads\simulator-windows-64\dataTrack1\IMG\center_2024_11_20_20_18_06_194.jpg, C:\Users\Owner\Downloads\simulator-windows-64\dataTrack1\IMG\left_2024_11_20_20_18_06_194.jpg, C:\Users\Owner\Downloads\simulator-windows-64\dataTrack1\IMG\right_2024_11_20_20_18_06_194.jpg, 0, 0.1060527, 0, 23.93337
C:\Users\Owner\Downloads\simulator-windows-64\dataTrack1\IMG\center_2024_11_20_20_18_06_298.jpg, C:\Users\Owner\Downloads\simulator-windows-64\dataTrack1\IMG\left_2024_11_20_20_18_06_298.jpg, C:\Users\Owner\Downloads\simulator-windows-64\dataTrack1\IMG\right_2024_11_20_20_18_06_298.jpg, 0, 0.2118381, 0, 23.95988
C:\Users\Owner\Downloads\simulator-windows-64\dataTrack1\IMG\center_2024_11_20_20_18_06_402.jpg, C:\Users\Owner\Downloads\simulator-windows-64\dataTrack1\IMG\left_2024_11_20_20_18_06_402.jpg, C:\Users\Owner\Downloads\simulator-windows-64\dataTrack1\IMG\right_2024_11_20_20_18_06_402.jpg, 0, 0.0534363, 0, 23.83258
C:\Users\Owner\Downloads\simulator-windows-64\dataTrack1\IMG\center_2024_11_20_20_18_06_506.jpg, C:\Users\Owner\Downloads\simulator-windows-64\dataTrack1\IMG\left_2024_11_20_20_18_06_506.jpg, C:\Users\Owner\Downloads\simulator-windows-64\dataTrack1\IMG\right_2024_11_20_20_18_06_506.jpg, 0, 0.2481846, 0, 23.80503
C:\Users\Owner\Downloads\simulator-windows-64\dataTrack1\IMG\center_2024_11_20_20_18_06_606.jpg, C:\Users\Owner\Downloads\simulator-windows-64\dataTrack1\IMG\left_2024_11_20_20_18_06_606.jpg, C:\Users\Owner\Downloads\simulator-windows-64\dataTrack1\IMG\right_2024_11_20_20_18_06_606.jpg, 0, 0, 0, 23.72254
C:\Users\Owner\Downloads\simulator-windows-64\dataTrack1\IMG\center_2024_11_20_20_18_06_713.jpg, C:\Users\Owner\Downloads\simulator-windows-64\dataTrack1\IMG\left_2024_11_20_20_18_06_713.jpg, C:\Users\Owner\Downloads\simulator-windows-64\dataTrack1\IMG\right_2024_11_20_20_18_06_713.jpg, 0, 0.316674, 0, 23.66228
C:\Users\Owner\Downloads\simulator-windows-64\dataTrack1\IMG\center_2024_11_20_20_18_06_814.jpg, C:\Users\Owner\Downloads\simulator-windows-64\dataTrack1\IMG\left_2024_11_20_20_18_06_814.jpg, C:\Users\Owner\Downloads\simulator-windows-64\dataTrack1\IMG\right_2024_11_20_20_18_06_814.jpg, 0, 0.01258953, 0, 23.60896
C:\Users\Owner\Downloads\simulator-windows-64\dataTrack1\IMG\center_2024_11_20_20_18_06_918.jpg, C:\Users\Owner\Downloads\simulator-windows-64\dataTrack1\IMG\left_2024_11_20_20_18_06_918.jpg, C:\Users\Owner\Downloads\simulator-windows-64\dataTrack1\IMG\right_2024_11_20_20_18_06_918.jpg, 0, 0.2063718, 0, 23.44124
C:\Users\Owner\Downloads\simulator-windows-64\dataTrack1\IMG\center_2024_11_20_20_18_07_023.jpg, C:\Users\Owner\Downloads\simulator-windows-64\dataTrack1\IMG\left_2024_11_20_20_18_07_023.jpg, C:\Users\Owner\Downloads\simulator-windows-64\dataTrack1\IMG\right_2024_11_20_20_18_07_023.jpg, 0, 0.2063877, 0, 23.56058
C:\Users\Owner\Downloads\simulator-windows-64\dataTrack1\IMG\center_2024_11_20_20_18_07_124.jpg, C:\Users\Owner\Downloads\simulator-windows-64\dataTrack1\IMG\left_2024_11_20_20_18_07_124.jpg, C:\Users\Owner\Downloads\simulator-windows-64\dataTrack1\IMG\right_2024_11_20_20_18_07_124.jpg, -0.1040664, 0, 0, 23.43024
C:\Users\Owner\Downloads\simulator-windows-64\dataTrack1\IMG\center_2024_11_20_20_18_07_228.jpg, C:\Users\Owner\Downloads\simulator-windows-64\dataTrack1\IMG\left_2024_11_20_20_18_07_228.jpg, C:\Users\Owner\Downloads\simulator-windows-64\dataTrack1\IMG\right_2024_11_20_20_18_07_228.jpg, -0.4669245, 0, 0, 23.00571
C:\Users\Owner\Downloads\simulator-windows-64\dataTrack1\IMG\center_2024_11_20_20_18_07_333.jpg, C:\Users\Owner\Downloads\simulator-windows-64\dataTrack1\IMG\left_2024_11_20_20_18_07_333.jpg, C:\Users\Owner\Downloads\simulator-windows-64\dataTrack1\IMG\right_2024_11_20_20_18_07_333.jpg, -0.3641016, 0, 0, 22.66641
C:\Users\Owner\Downloads\simulator-windows-64\dataTrack1\IMG\center_2024_11_20_20_18_07_435.jpg, C:\Users\Owner\Downloads\simulator-windows-64\dataTrack1\IMG\left_2024_11_20_20_18_07_435.jpg, C:\Users\Owner\Downloads\simulator-windows-64\dataTrack1\IMG\right_2024_11_20_20_18_07_435.jpg, -0.05642493, 0.3076767, 0, 22.63916
C:\Users\Owner\Downloads\simulator-windows-64\dataTrack1\IMG\center_2024_11_20_20_18_07_540.jpg, C:\Users\Owner\Downloads\simulator-windows-64\dataTrack1\IMG\left_2024_11_20_20_18_07_540.jpg, C:\Users\Owner\Downloads\simulator-windows-64\dataTrack1\IMG\right_2024_11_20_20_18_07_540.jpg, 0, 0.2009499, 0, 22.81079
C:\Users\Owner\Downloads\simulator-windows-64\dataTrack1\IMG\center_2024_11_20_20_18_07_641.jpg, C:\Users\Owner\Downloads\simulator-windows-64\dataTrack1\IMG\left_2024_11_20_20_18_07_641.jpg, C:\Users\Owner\Downloads\simulator-windows-64\dataTrack1\IMG\right_2024_11_20_20_18_07_641.jpg, 0, 0, 0, 22.67902
C:\Users\Owner\Downloads\simulator-windows-64\dataTrack1\IMG\center_2024_11_20_20_18_07_747.jpg, C:\Users\Owner\Downloads\simulator-windows-64\dataTrack1\IMG\left_2024_11_20_20_18_07_747.jpg, C:\Users\Owner\Downloads\simulator-windows-64\dataTrack1\IMG\right_2024_11_20_20_18_07_747.jpg, 0, 0.3169626, 0, 22.63869
C:\Users\Owner\Downloads\simulator-windows-64\dataTrack1\IMG\center_2024_11_20_20_18_07_850.jpg, C:\Users\Owner\Downloads\simulator-windows-64\dataTrack1\IMG\left_2024_11_20_20_18_07_850.jpg, C:\Users\Owner\Downloads\simulator-windows-64\dataTrack1\IMG\right_2024_11_20_20_18_07_850.jpg, 0, 0.2126721, 0, 22.79255
C:\Users\Owner\Downloads\simulator-windows-64\dataTrack1\IMG\center_2024_11_20_20_18_07_954.jpg, C:\Users\Owner\Downloads\simulator-windows-64\dataTrack1\IMG\left_2024_11_20_20_18_07_954.jpg, C:\Users\Owner\Downloads\simulator-windows-64\dataTrack1\IMG\right_2024_11_20_20_18_07_954.jpg, -0.3111981, 0, 0, 22.60624
C:\Users\Owner\Downloads\simulator-windows-64\dataTrack1\IMG\center_2024_11_20_20_18_08_056.jpg, C:\Users\Owner\Downloads\simulator-windows-64\dataTrack1\IMG\left_2024_11_20_20_18_08_056.jpg, C:\Users\Owner\Downloads\simulator-windows-64\dataTrack1\IMG\right_2024_11_20_20_18_08_056.jpg, -0.309411, 0, 0, 22.2718
C:\Users\Owner\Downloads\simulator-windows-64\dataTrack1\IMG\center_2024_11_20_20_18_08_160.jpg, C:\Users\Owner\Downloads\simulator-windows-64\dataTrack1\IMG\left_2024_11_20_20_18_08_160.jpg, C:\Users\Owner\Downloads\simulator-windows-64\dataTrack1\IMG\right_2024_11_20_20_18_08_160.jpg, 0, 0.2053626, 0, 22.12363
C:\Users\Owner\Downloads\simulator-windows-64\dataTrack1\IMG\center_2024_11_20_20_18_08_264.jpg, C:\Users\Owner\Downloads\simulator-windows-64\dataTrack1\IMG\left_2024_11_20_20_18_08_264.jpg, C:\Users\Owner\Downloads\simulator-windows-64\dataTrack1\IMG\right_2024_11_20_20_18_08_264.jpg, 0, 0.2066532, 0, 22.23552
C:\Users\Owner\Downloads\simulator-windows-64\dataTrack1\IMG\center_2024_11_20_20_18_08_368.jpg, C:\Users\Owner\Downloads\simulator-windows-64\dataTrack1\IMG\left_2024_11_20_20_18_08_368.jpg, C:\Users\Owner\Downloads\simulator-windows-64\dataTrack1\IMG\right_2024_11_20_20_18_08_368.jpg, 0, 0.0554496, 0, 22.06003
C:\Users\Owner\Downloads\simulator-windows-64\dataTrack1\IMG\center_2024_11_20_20_18_08_472.jpg, C:\Users\Owner\Downloads\simulator-windows-64\dataTrack1\IMG\left_2024_11_20_20_18_08_472.jpg, C:\Users\Owner\Downloads\simulator-windows-64\dataTrack1\IMG\right_2024_11_20_20_18_08_472.jpg, 0, 0.2579721, 0, 22.144
C:\Users\Owner\Downloads\simulator-windows-64\dataTrack1\IMG\center_2024_11_20_20_18_08_573.jpg, C:\Users\Owner\Downloads\simulator-windows-64\dataTrack1\IMG\left_2024_11_20_20_18_08_573.jpg, C:\Users\Owner\Downloads\simulator-windows-64\dataTrack1\IMG\right_2024_11_20_20_18_08_573.jpg, 0, 0, 0, 21.99715
C:\Users\Owner\Downloads\simulator-windows-64\dataTrack1\IMG\center_2024_11_20_20_18_08_680.jpg, C:\Users\Owner\Downloads\simulator-windows-64\dataTrack1\IMG\left_2024_11_20_20_18_08_680.jpg, C:\Users\Owner\Downloads\simulator-windows-64\dataTrack1\IMG\right_2024_11_20_20_18_08_680.jpg, -0.3202281, 0, 0, 21.76425
C:\Users\Owner\Downloads\simulator-windows-64\dataTrack1\IMG\center_2024_11_20_20_18_08_786.jpg, C:\Users\Owner\Downloads\simulator-windows-64\dataTrack1\IMG\left_2024_11_20_20_18_08_786.jpg, C:\Users\Owner\Downloads\simulator-windows-64\dataTrack1\IMG\right_2024_11_20_20_18_08_786.jpg, -0.4784994, 0, 0, 21.33707
C:\Users\Owner\Downloads\simulator-windows-64\dataTrack1\IMG\center_2024_11_20_20_18_08_890.jpg, C:\Users\Owner\Downloads\simulator-windows-64\dataTrack1\IMG\left_2024_11_20_20_18_08_890.jpg, C:\Users\Owner\Downloads\simulator-windows-64\dataTrack1\IMG\right_2024_11_20_20_18_08_890.jpg, -0.1139655, 0.3645339, 0, 21.35641
C:\Users\Owner\Downloads\simulator-windows-64\dataTrack1\IMG\center_2024_11_20_20_18_08_994.jpg, C:\Users\Owner\Downloads\simulator-windows-64\dataTrack1\IMG\left_2024_11_20_20_18_08_994.jpg, C:\Users\Owner\Downloads\simulator-windows-64\dataTrack1\IMG\right_2024_11_20_20_18_08_994.jpg, 0, 0.05479259, 0, 21.49128
C:\Users\Owner\Downloads\simulator-windows-64\dataTrack1\IMG\center_2024_11_20_20_18_09_099.jpg, C:\Users\Owner\Downloads\simulator-windows-64\dataTrack1\IMG\left_2024_11_20_20_18_09_099.jpg, C:\Users\Owner\Downloads\simulator-windows-64\dataTrack1\IMG\right_2024_11_20_20_18_09_099.jpg, 0, 0, 0, 21.11957
C:\Users\Owner\Downloads\simulator-windows-64\dataTrack1\IMG\center_2024_11_20_20_18_09_202.jpg, C:\Users\Owner\Downloads\simulator-windows-64\dataTrack1\IMG\left_2024_11_20_20_18_09_202.jpg, C:\Users\Owner\Downloads\simulator-windows-64\dataTrack1\IMG\right_2024_11_20_20_18_09_202.jpg, 0, 0.3126993, 0, 21.23827
C:\Users\Owner\Downloads\simulator-windows-64\dataTrack1\IMG\center_2024_11_20_20_18_09_306.jpg, C:\Users\Owner\Downloads\simulator-windows-64\dataTrack1\IMG\left_2024_11_20_20_18_09_306.jpg, C:\Users\Owner\Downloads\simulator-windows-64\dataTrack1\IMG\right_2024_11_20_20_18_09_306.jpg, 0, 0.3608133, 0, 21.37724
C:\Users\Owner\Downloads\simulator-windows-64\dataTrack1\IMG\center_2024_11_20_20_18_09_407.jpg, C:\Users\Owner\Downloads\simulator-windows-64\dataTrack1\IMG\left_2024_11_20_20_18_09_407.jpg, C:\Users\Owner\Downloads\simulator-windows-64\dataTrack1\IMG\right_2024_11_20_20_18_09_407.jpg, 0, 0.2110347, 0, 21.35476
C:\Users\Owner\Downloads\simulator-windows-64\dataTrack1\IMG\center_2024_11_20_20_18_09_512.jpg, C:\Users\Owner\Downloads\simulator-windows-64\dataTrack1\IMG\left_2024_11_20_20_18_09_512.jpg, C:\Users\Owner\Downloads\simulator-windows-64\dataTrack1\IMG\right_2024_11_20_20_18_09_512.jpg, 0, 0.414704, 0, 21.80202
C:\Users\Owner\Downloads\simulator-windows-64\dataTrack1\IMG\center_2024_11_20_20_18_09_615.jpg, C:\Users\Owner\Downloads\simulator-windows-64\dataTrack1\IMG\left_2024_11_20_20_18_09_615.jpg, C:\Users\Owner\Downloads\simulator-windows-64\dataTrack1\IMG\right_2024_11_20_20_18_09_615.jpg, -0.2069355, 0.1058147, 0, 21.65214
C:\Users\Owner\Downloads\simulator-windows-64\dataTrack1\IMG\center_2024_11_20_20_18_09_718.jpg, C:\Users\Owner\Downloads\simulator-windows-64\dataTrack1\IMG\left_2024_11_20_20_18_09_718.jpg, C:\Users\Owner\Downloads\simulator-windows-64\dataTrack1\IMG\right_2024_11_20_20_18_09_718.jpg, -0.516768, 0, 0, 21.53549
C:\Users\Owner\Downloads\simulator-windows-64\dataTrack1\IMG\center_2024_11_20_20_18_09_821.jpg, C:\Users\Owner\Downloads\simulator-windows-64\dataTrack1\IMG\left_2024_11_20_20_18_09_821.jpg, C:\Users\Owner\Downloads\simulator-windows-64\dataTrack1\IMG\right_2024_11_20_20_18_09_821.jpg, -0.5182281, 0, 0, 20.87601
C:\Users\Owner\Downloads\simulator-windows-64\dataTrack1\IMG\center_2024_11_20_20_18_09_925.jpg, C:\Users\Owner\Downloads\simulator-windows-64\dataTrack1\IMG\left_2024_11_20_20_18_09_925.jpg, C:\Users\Owner\Downloads\simulator-windows-64\dataTrack1\IMG\right_2024_11_20_20_18_09_925.jpg, -0.2593529, 0.102504, 0, 20.97955
C:\Users\Owner\Downloads\simulator-windows-64\dataTrack1\IMG\center_2024_11_20_20_18_10_030.jpg, C:\Users\Owner\Downloads\simulator-windows-64\dataTrack1\IMG\left_2024_11_20_20_18_10_030.jpg, C:\Users\Owner\Downloads\simulator-windows-64\dataTrack1\IMG\right_2024_11_20_20_18_10_030.jpg, 0, 0.2616756, 0, 21.09534
C:\Users\Owner\Downloads\simulator-windows-64\dataTrack1\IMG\center_2024_11_20_20_18_10_133.jpg, C:\Users\Owner\Downloads\simulator-windows-64\dataTrack1\IMG\left_2024_11_20_20_18_10_133.jpg, C:\Users\Owner\Downloads\simulator-windows-64\dataTrack1\IMG\right_2024_11_20_20_18_10_133.jpg, 0, 0, 0, 20.7268
C:\Users\Owner\Downloads\simulator-windows-64\dataTrack1\IMG\center_2024_11_20_20_18_10_237.jpg, C:\Users\Owner\Downloads\simulator-windows-64\dataTrack1\IMG\left_2024_11_20_20_18_10_237.jpg, C:\Users\Owner\Downloads\simulator-windows-64\dataTrack1\IMG\right_2024_11_20_20_18_10_237.jpg, 0, 0.1576035, 0, 20.85519
C:\Users\Owner\Downloads\simulator-windows-64\dataTrack1\IMG\center_2024_11_20_20_18_10_340.jpg, C:\Users\Owner\Downloads\simulator-windows-64\dataTrack1\IMG\left_2024_11_20_20_18_10_340.jpg, C:\Users\Owner\Downloads\simulator-windows-64\dataTrack1\IMG\right_2024_11_20_20_18_10_340.jpg, 0, 0.1546731, 0, 20.66119
C:\Users\Owner\Downloads\simulator-windows-64\dataTrack1\IMG\center_2024_11_20_20_18_10_442.jpg, C:\Users\Owner\Downloads\simulator-windows-64\dataTrack1\IMG\left_2024_11_20_20_18_10_442.jpg, C:\Users\Owner\Downloads\simulator-windows-64\dataTrack1\IMG\right_2024_11_20_20_18_10_442.jpg, 0, 0.1038558, 0, 20.79591
C:\Users\Owner\Downloads\simulator-windows-64\dataTrack1\IMG\center_2024_11_20_20_18_10_547.jpg, C:\Users\Owner\Downloads\simulator-windows-64\dataTrack1\IMG\left_2024_11_20_20_18_10_547.jpg, C:\Users\Owner\Downloads\simulator-windows-64\dataTrack1\IMG\right_2024_11_20_20_18_10_547.jpg, 0, 0.1006068, 0, 20.81915
C:\Users\Owner\Downloads\simulator-windows-64\dataTrack1\IMG\center_2024_11_20_20_18_10_650.jpg, C:\Users\Owner\Downloads\simulator-windows-64\dataTrack1\IMG\left_2024_11_20_20_18_10_650.jpg, C:\Users\Owner\Downloads\simulator-windows-64\dataTrack1\IMG\right_2024_11_20_20_18_10_650.jpg, 0, 0, 0, 20.31813
C:\Users\Owner\Downloads\simulator-windows-64\dataTrack1\IMG\center_2024_11_20_20_18_10_752.jpg, C:\Users\Owner\Downloads\simulator-windows-64\dataTrack1\IMG\left_2024_11_20_20_18_10_752.jpg, C:\Users\Owner\Downloads\simulator-windows-64\dataTrack1\IMG\right_2024_11_20_20_18_10_752.jpg, 0, 0.3064401, 0, 20.6095
C:\Users\Owner\Downloads\simulator-windows-64\dataTrack1\IMG\center_2024_11_20_20_18_10_856.jpg, C:\Users\Owner\Downloads\simulator-windows-64\dataTrack1\IMG\left_2024_11_20_20_18_10_856.jpg, C:\Users\Owner\Downloads\simulator-windows-64\dataTrack1\IMG\right_2024_11_20_20_18_10_856.jpg, 0, 0.2073465, 0, 20.54773
C:\Users\Owner\Downloads\simulator-windows-64\dataTrack1\IMG\center_2024_11_20_20_18_10_960.jpg, C:\Users\Owner\Downloads\simulator-windows-64\dataTrack1\IMG\left_2024_11_20_20_18_10_960.jpg, C:\Users\Owner\Downloads\simulator-windows-64\dataTrack1\IMG\right_2024_11_20_20_18_10_960.jpg, -0.311604, 0, 0, 20.65333
C:\Users\Owner\Downloads\simulator-windows-64\dataTrack1\IMG\center_2024_11_20_20_18_11_065.jpg, C:\Users\Owner\Downloads\simulator-windows-64\dataTrack1\IMG\left_2024_11_20_20_18_11_065.jpg, C:\Users\Owner\Downloads\simulator-windows-64\dataTrack1\IMG\right_2024_11_20_20_18_11_065.jpg, -0.2624244, 0.0569634, 0, 20.06193
C:\Users\Owner\Downloads\simulator-windows-64\dataTrack1\IMG\center_2024_11_20_20_18_11_167.jpg, C:\Users\Owner\Downloads\simulator-windows-64\dataTrack1\IMG\left_2024_11_20_20_18_11_167.jpg, C:\Users\Owner\Downloads\simulator-windows-64\dataTrack1\IMG\right_2024_11_20_20_18_11_167.jpg, 0, 0.3690336, 0, 20.43372
C:\Users\Owner\Downloads\simulator-windows-64\dataTrack1\IMG\center_2024_11_20_20_18_11_272.jpg, C:\Users\Owner\Downloads\simulator-windows-64\dataTrack1\IMG\left_2024_11_20_20_18_11_272.jpg, C:\Users\Owner\Downloads\simulator-windows-64\dataTrack1\IMG\right_2024_11_20_20_18_11_272.jpg, 0, 0.2881335, 0, 20.79557
C:\Users\Owner\Downloads\simulator-windows-64\dataTrack1\IMG\center_2024_11_20_20_18_11_373.jpg, C:\Users\Owner\Downloads\simulator-windows-64\dataTrack1\IMG\left_2024_11_20_20_18_11_373.jpg, C:\Users\Owner\Downloads\simulator-windows-64\dataTrack1\IMG\right_2024_11_20_20_18_11_373.jpg, 0, 0, 0, 20.45138
C:\Users\Owner\Downloads\simulator-windows-64\dataTrack1\IMG\center_2024_11_20_20_18_11_479.jpg, C:\Users\Owner\Downloads\simulator-windows-64\dataTrack1\IMG\left_2024_11_20_20_18_11_479.jpg, C:\Users\Owner\Downloads\simulator-windows-64\dataTrack1\IMG\right_2024_11_20_20_18_11_479.jpg, 0, 0.2267748, 0, 20.63015
C:\Users\Owner\Downloads\simulator-windows-64\dataTrack1\IMG\center_2024_11_20_20_18_11_582.jpg, C:\Users\Owner\Downloads\simulator-windows-64\dataTrack1\IMG\left_2024_11_20_20_18_11_582.jpg, C:\Users\Owner\Downloads\simulator-windows-64\dataTrack1\IMG\right_2024_11_20_20_18_11_582.jpg, -0.2047041, 0.2198067, 0, 20.5342
C:\Users\Owner\Downloads\simulator-windows-64\dataTrack1\IMG\center_2024_11_20_20_18_11_685.jpg, C:\Users\Owner\Downloads\simulator-windows-64\dataTrack1\IMG\left_2024_11_20_20_18_11_685.jpg, C:\Users\Owner\Downloads\simulator-windows-64\dataTrack1\IMG\right_2024_11_20_20_18_11_685.jpg, -0.407436, 0, 0, 20.60181
C:\Users\Owner\Downloads\simulator-windows-64\dataTrack1\IMG\center_2024_11_20_20_18_11_789.jpg, C:\Users\Owner\Downloads\simulator-windows-64\dataTrack1\IMG\left_2024_11_20_20_18_11_789.jpg, C:\Users\Owner\Downloads\simulator-windows-64\dataTrack1\IMG\right_2024_11_20_20_18_11_789.jpg, -0.09555843, 0, 0, 20.35364
C:\Users\Owner\Downloads\simulator-windows-64\dataTrack1\IMG\center_2024_11_20_20_18_11_891.jpg, C:\Users\Owner\Downloads\simulator-windows-64\dataTrack1\IMG\left_2024_11_20_20_18_11_891.jpg, C:\Users\Owner\Downloads\simulator-windows-64\dataTrack1\IMG\right_2024_11_20_20_18_11_891.jpg, 0, 0.0502566, 0, 19.80057
C:\Users\Owner\Downloads\simulator-windows-64\dataTrack1\IMG\center_2024_11_20_20_18_11_997.jpg, C:\Users\Owner\Downloads\simulator-windows-64\dataTrack1\IMG\left_2024_11_20_20_18_11_997.jpg, C:\Users\Owner\Downloads\simulator-windows-64\dataTrack1\IMG\right_2024_11_20_20_18_11_997.jpg, 0, 0.3670506, 0, 20.19057
C:\Users\Owner\Downloads\simulator-windows-64\dataTrack1\IMG\center_2024_11_20_20_18_12_100.jpg, C:\Users\Owner\Downloads\simulator-windows-64\dataTrack1\IMG\left_2024_11_20_20_18_12_100.jpg, C:\Users\Owner\Downloads\simulator-windows-64\dataTrack1\IMG\right_2024_11_20_20_18_12_100.jpg, -0.1999569, 0.06134184, 0, 19.94473
C:\Users\Owner\Downloads\simulator-windows-64\dataTrack1\IMG\center_2024_11_20_20_18_12_202.jpg, C:\Users\Owner\Downloads\simulator-windows-64\dataTrack1\IMG\left_2024_11_20_20_18_12_202.jpg, C:\Users\Owner\Downloads\simulator-windows-64\dataTrack1\IMG\right_2024_11_20_20_18_12_202.jpg, -0.3450627, 0.0617412, 0, 19.9852
C:\Users\Owner\Downloads\simulator-windows-64\dataTrack1\IMG\center_2024_11_20_20_18_12_308.jpg, C:\Users\Owner\Downloads\simulator-windows-64\dataTrack1\IMG\left_2024_11_20_20_18_12_308.jpg, C:\Users\Owner\Downloads\simulator-windows-64\dataTrack1\IMG\right_2024_11_20_20_18_12_308.jpg, 0, 0.207051, 0, 20.06378
C:\Users\Owner\Downloads\simulator-windows-64\dataTrack1\IMG\center_2024_11_20_20_18_12_409.jpg, C:\Users\Owner\Downloads\simulator-windows-64\dataTrack1\IMG\left_2024_11_20_20_18_12_409.jpg, C:\Users\Owner\Downloads\simulator-windows-64\dataTrack1\IMG\right_2024_11_20_20_18_12_409.jpg, 0, 0, 0, 19.60001
C:\Users\Owner\Downloads\simulator-windows-64\dataTrack1\IMG\center_2024_11_20_20_18_12_514.jpg, C:\Users\Owner\Downloads\simulator-windows-64\dataTrack1\IMG\left_2024_11_20_20_18_12_514.jpg, C:\Users\Owner\Downloads\simulator-windows-64\dataTrack1\IMG\right_2024_11_20_20_18_12_514.jpg, 0, 0.311901, 0, 19.93251
C:\Users\Owner\Downloads\simulator-windows-64\dataTrack1\IMG\center_2024_11_20_20_18_12_619.jpg, C:\Users\Owner\Downloads\simulator-windows-64\dataTrack1\IMG\left_2024_11_20_20_18_12_619.jpg, C:\Users\Owner\Downloads\simulator-windows-64\dataTrack1\IMG\right_2024_11_20_20_18_12_619.jpg, 0, 0, 0, 19.60599
C:\Users\Owner\Downloads\simulator-windows-64\dataTrack1\IMG\center_2024_11_20_20_18_12_720.jpg, C:\Users\Owner\Downloads\simulator-windows-64\dataTrack1\IMG\left_2024_11_20_20_18_12_720.jpg, C:\Users\Owner\Downloads\simulator-windows-64\dataTrack1\IMG\right_2024_11_20_20_18_12_720.jpg, 0, 0.3027147, 0, 19.88074
C:\Users\Owner\Downloads\simulator-windows-64\dataTrack1\IMG\center_2024_11_20_20_18_12_825.jpg, C:\Users\Owner\Downloads\simulator-windows-64\dataTrack1\IMG\left_2024_11_20_20_18_12_825.jpg, C:\Users\Owner\Downloads\simulator-windows-64\dataTrack1\IMG\right_2024_11_20_20_18_12_825.jpg, 0, 0.258441, 0, 19.83012
C:\Users\Owner\Downloads\simulator-windows-64\dataTrack1\IMG\center_2024_11_20_20_18_12_929.jpg, C:\Users\Owner\Downloads\simulator-windows-64\dataTrack1\IMG\left_2024_11_20_20_18_12_929.jpg, C:\Users\Owner\Downloads\simulator-windows-64\dataTrack1\IMG\right_2024_11_20_20_18_12_929.jpg, 0, 0.5116587, 0, 20.13835
C:\Users\Owner\Downloads\simulator-windows-64\dataTrack1\IMG\center_2024_11_20_20_18_13_033.jpg, C:\Users\Owner\Downloads\simulator-windows-64\dataTrack1\IMG\left_2024_11_20_20_18_13_033.jpg, C:\Users\Owner\Downloads\simulator-windows-64\dataTrack1\IMG\right_2024_11_20_20_18_13_033.jpg, 0, 0.4127739, 0, 20.80457
C:\Users\Owner\Downloads\simulator-windows-64\dataTrack1\IMG\center_2024_11_20_20_18_13_136.jpg, C:\Users\Owner\Downloads\simulator-windows-64\dataTrack1\IMG\left_2024_11_20_20_18_13_136.jpg, C:\Users\Owner\Downloads\simulator-windows-64\dataTrack1\IMG\right_2024_11_20_20_18_13_136.jpg, 0, 0.7244791, 0, 21.11686
C:\Users\Owner\Downloads\simulator-windows-64\dataTrack1\IMG\center_2024_11_20_20_18_13_239.jpg, C:\Users\Owner\Downloads\simulator-windows-64\dataTrack1\IMG\left_2024_11_20_20_18_13_239.jpg, C:\Users\Owner\Downloads\simulator-windows-64\dataTrack1\IMG\right_2024_11_20_20_18_13_239.jpg, 0, 0.4148158, 0, 21.75339
C:\Users\Owner\Downloads\simulator-windows-64\dataTrack1\IMG\center_2024_11_20_20_18_13_342.jpg, C:\Users\Owner\Downloads\simulator-windows-64\dataTrack1\IMG\left_2024_11_20_20_18_13_342.jpg, C:\Users\Owner\Downloads\simulator-windows-64\dataTrack1\IMG\right_2024_11_20_20_18_13_342.jpg, 0, 0.7214689, 0, 22.066
C:\Users\Owner\Downloads\simulator-windows-64\dataTrack1\IMG\center_2024_11_20_20_18_13_447.jpg, C:\Users\Owner\Downloads\simulator-windows-64\dataTrack1\IMG\left_2024_11_20_20_18_13_447.jpg, C:\Users\Owner\Downloads\simulator-windows-64\dataTrack1\IMG\right_2024_11_20_20_18_13_447.jpg, 0, 0.4053079, 0, 22.64824
C:\Users\Owner\Downloads\simulator-windows-64\dataTrack1\IMG\center_2024_11_20_20_18_13_550.jpg, C:\Users\Owner\Downloads\simulator-windows-64\dataTrack1\IMG\left_2024_11_20_20_18_13_550.jpg, C:\Users\Owner\Downloads\simulator-windows-64\dataTrack1\IMG\right_2024_11_20_20_18_13_550.jpg, 0, 0.7155394, 0, 23.17153
C:\Users\Owner\Downloads\simulator-windows-64\dataTrack1\IMG\center_2024_11_20_20_18_13_654.jpg, C:\Users\Owner\Downloads\simulator-windows-64\dataTrack1\IMG\left_2024_11_20_20_18_13_654.jpg, C:\Users\Owner\Downloads\simulator-windows-64\dataTrack1\IMG\right_2024_11_20_20_18_13_654.jpg, 0, 0.4055371, 0, 23.57444
C:\Users\Owner\Downloads\simulator-windows-64\dataTrack1\IMG\center_2024_11_20_20_18_13_756.jpg, C:\Users\Owner\Downloads\simulator-windows-64\dataTrack1\IMG\left_2024_11_20_20_18_13_756.jpg, C:\Users\Owner\Downloads\simulator-windows-64\dataTrack1\IMG\right_2024_11_20_20_18_13_756.jpg, 0, 0.7141711, 0, 24.02197
C:\Users\Owner\Downloads\simulator-windows-64\dataTrack1\IMG\center_2024_11_20_20_18_13_860.jpg, C:\Users\Owner\Downloads\simulator-windows-64\dataTrack1\IMG\left_2024_11_20_20_18_13_860.jpg, C:\Users\Owner\Downloads\simulator-windows-64\dataTrack1\IMG\right_2024_11_20_20_18_13_860.jpg, -0.1560789, 0.7128119, 0, 24.73137
C:\Users\Owner\Downloads\simulator-windows-64\dataTrack1\IMG\center_2024_11_20_20_18_13_966.jpg, C:\Users\Owner\Downloads\simulator-windows-64\dataTrack1\IMG\left_2024_11_20_20_18_13_966.jpg, C:\Users\Owner\Downloads\simulator-windows-64\dataTrack1\IMG\right_2024_11_20_20_18_13_966.jpg, -0.4216449, 0.4472459, 0, 25.09445
C:\Users\Owner\Downloads\simulator-windows-64\dataTrack1\IMG\center_2024_11_20_20_18_14_071.jpg, C:\Users\Owner\Downloads\simulator-windows-64\dataTrack1\IMG\left_2024_11_20_20_18_14_071.jpg, C:\Users\Owner\Downloads\simulator-windows-64\dataTrack1\IMG\right_2024_11_20_20_18_14_071.jpg, -0.1577835, 0.08366454, 0, 25.10119
C:\Users\Owner\Downloads\simulator-windows-64\dataTrack1\IMG\center_2024_11_20_20_18_14_174.jpg, C:\Users\Owner\Downloads\simulator-windows-64\dataTrack1\IMG\left_2024_11_20_20_18_14_174.jpg, C:\Users\Owner\Downloads\simulator-windows-64\dataTrack1\IMG\right_2024_11_20_20_18_14_174.jpg, 0, 0.1050738, 0, 24.8707
C:\Users\Owner\Downloads\simulator-windows-64\dataTrack1\IMG\center_2024_11_20_20_18_14_276.jpg, C:\Users\Owner\Downloads\simulator-windows-64\dataTrack1\IMG\left_2024_11_20_20_18_14_276.jpg, C:\Users\Owner\Downloads\simulator-windows-64\dataTrack1\IMG\right_2024_11_20_20_18_14_276.jpg, 0, 0.4109904, 0, 24.92401
C:\Users\Owner\Downloads\simulator-windows-64\dataTrack1\IMG\center_2024_11_20_20_18_14_381.jpg, C:\Users\Owner\Downloads\simulator-windows-64\dataTrack1\IMG\left_2024_11_20_20_18_14_381.jpg, C:\Users\Owner\Downloads\simulator-windows-64\dataTrack1\IMG\right_2024_11_20_20_18_14_381.jpg, 0, 0.09900147, 0, 25.00455
C:\Users\Owner\Downloads\simulator-windows-64\dataTrack1\IMG\center_2024_11_20_20_18_14_484.jpg, C:\Users\Owner\Downloads\simulator-windows-64\dataTrack1\IMG\left_2024_11_20_20_18_14_484.jpg, C:\Users\Owner\Downloads\simulator-windows-64\dataTrack1\IMG\right_2024_11_20_20_18_14_484.jpg, 0, 0.4126368, 0, 25.01804
C:\Users\Owner\Downloads\simulator-windows-64\dataTrack1\IMG\center_2024_11_20_20_18_14_588.jpg, C:\Users\Owner\Downloads\simulator-windows-64\dataTrack1\IMG\left_2024_11_20_20_18_14_588.jpg, C:\Users\Owner\Downloads\simulator-windows-64\dataTrack1\IMG\right_2024_11_20_20_18_14_588.jpg, -0.0542688, 0.4076103, 0, 25.447
C:\Users\Owner\Downloads\simulator-windows-64\dataTrack1\IMG\center_2024_11_20_20_18_14_690.jpg, C:\Users\Owner\Downloads\simulator-windows-64\dataTrack1\IMG\left_2024_11_20_20_18_14_690.jpg, C:\Users\Owner\Downloads\simulator-windows-64\dataTrack1\IMG\right_2024_11_20_20_18_14_690.jpg, -0.05888282, 0.1030059, 0, 25.46105
C:\Users\Owner\Downloads\simulator-windows-64\dataTrack1\IMG\center_2024_11_20_20_18_14_794.jpg, C:\Users\Owner\Downloads\simulator-windows-64\dataTrack1\IMG\left_2024_11_20_20_18_14_794.jpg, C:\Users\Owner\Downloads\simulator-windows-64\dataTrack1\IMG\right_2024_11_20_20_18_14_794.jpg, 0, 0.1055301, 0, 25.24076
C:\Users\Owner\Downloads\simulator-windows-64\dataTrack1\IMG\center_2024_11_20_20_18_14_899.jpg, C:\Users\Owner\Downloads\simulator-windows-64\dataTrack1\IMG\left_2024_11_20_20_18_14_899.jpg, C:\Users\Owner\Downloads\simulator-windows-64\dataTrack1\IMG\right_2024_11_20_20_18_14_899.jpg, 0, 0.41925, 0, 25.29266
C:\Users\Owner\Downloads\simulator-windows-64\dataTrack1\IMG\center_2024_11_20_20_18_15_004.jpg, C:\Users\Owner\Downloads\simulator-windows-64\dataTrack1\IMG\left_2024_11_20_20_18_15_004.jpg, C:\Users\Owner\Downloads\simulator-windows-64\dataTrack1\IMG\right_2024_11_20_20_18_15_004.jpg, 0, 0.1049232, 0, 25.39767
C:\Users\Owner\Downloads\simulator-windows-64\dataTrack1\IMG\center_2024_11_20_20_18_15_106.jpg, C:\Users\Owner\Downloads\simulator-windows-64\dataTrack1\IMG\left_2024_11_20_20_18_15_106.jpg, C:\Users\Owner\Downloads\simulator-windows-64\dataTrack1\IMG\right_2024_11_20_20_18_15_106.jpg, 0, 0, 0, 25.15812
C:\Users\Owner\Downloads\simulator-windows-64\dataTrack1\IMG\center_2024_11_20_20_18_15_208.jpg, C:\Users\Owner\Downloads\simulator-windows-64\dataTrack1\IMG\left_2024_11_20_20_18_15_208.jpg, C:\Users\Owner\Downloads\simulator-windows-64\dataTrack1\IMG\right_2024_11_20_20_18_15_208.jpg, 0, 0.1544139, 0, 24.90395
C:\Users\Owner\Downloads\simulator-windows-64\dataTrack1\IMG\center_2024_11_20_20_18_15_313.jpg, C:\Users\Owner\Downloads\simulator-windows-64\dataTrack1\IMG\left_2024_11_20_20_18_15_313.jpg, C:\Users\Owner\Downloads\simulator-windows-64\dataTrack1\IMG\right_2024_11_20_20_18_15_313.jpg, 0, 0.4661553, 0, 25.0432
C:\Users\Owner\Downloads\simulator-windows-64\dataTrack1\IMG\center_2024_11_20_20_18_15_417.jpg, C:\Users\Owner\Downloads\simulator-windows-64\dataTrack1\IMG\left_2024_11_20_20_18_15_417.jpg, C:\Users\Owner\Downloads\simulator-windows-64\dataTrack1\IMG\right_2024_11_20_20_18_15_417.jpg, -0.3147441, 0.1514112, 0, 25.12194
C:\Users\Owner\Downloads\simulator-windows-64\dataTrack1\IMG\center_2024_11_20_20_18_15_521.jpg, C:\Users\Owner\Downloads\simulator-windows-64\dataTrack1\IMG\left_2024_11_20_20_18_15_521.jpg, C:\Users\Owner\Downloads\simulator-windows-64\dataTrack1\IMG\right_2024_11_20_20_18_15_521.jpg, -0.3068424, 0, 0, 24.79914
C:\Users\Owner\Downloads\simulator-windows-64\dataTrack1\IMG\center_2024_11_20_20_18_15_624.jpg, C:\Users\Owner\Downloads\simulator-windows-64\dataTrack1\IMG\left_2024_11_20_20_18_15_624.jpg, C:\Users\Owner\Downloads\simulator-windows-64\dataTrack1\IMG\right_2024_11_20_20_18_15_624.jpg, -0.04556877, 0, 0, 24.55038
C:\Users\Owner\Downloads\simulator-windows-64\dataTrack1\IMG\center_2024_11_20_20_18_15_727.jpg, C:\Users\Owner\Downloads\simulator-windows-64\dataTrack1\IMG\left_2024_11_20_20_18_15_727.jpg, C:\Users\Owner\Downloads\simulator-windows-64\dataTrack1\IMG\right_2024_11_20_20_18_15_727.jpg, 0, 0.0527697, 0, 24.24451
C:\Users\Owner\Downloads\simulator-windows-64\dataTrack1\IMG\center_2024_11_20_20_18_15_833.jpg, C:\Users\Owner\Downloads\simulator-windows-64\dataTrack1\IMG\left_2024_11_20_20_18_15_833.jpg, C:\Users\Owner\Downloads\simulator-windows-64\dataTrack1\IMG\right_2024_11_20_20_18_15_833.jpg, 0, 0.2587137, 0, 24.27299
C:\Users\Owner\Downloads\simulator-windows-64\dataTrack1\IMG\center_2024_11_20_20_18_15_936.jpg, C:\Users\Owner\Downloads\simulator-windows-64\dataTrack1\IMG\left_2024_11_20_20_18_15_936.jpg, C:\Users\Owner\Downloads\simulator-windows-64\dataTrack1\IMG\right_2024_11_20_20_18_15_936.jpg, 0, 0, 0, 24.13871
C:\Users\Owner\Downloads\simulator-windows-64\dataTrack1\IMG\center_2024_11_20_20_18_16_040.jpg, C:\Users\Owner\Downloads\simulator-windows-64\dataTrack1\IMG\left_2024_11_20_20_18_16_040.jpg, C:\Users\Owner\Downloads\simulator-windows-64\dataTrack1\IMG\right_2024_11_20_20_18_16_040.jpg, 0, 0.312072, 0, 24.08254
C:\Users\Owner\Downloads\simulator-windows-64\dataTrack1\IMG\center_2024_11_20_20_18_16_142.jpg, C:\Users\Owner\Downloads\simulator-windows-64\dataTrack1\IMG\left_2024_11_20_20_18_16_142.jpg, C:\Users\Owner\Downloads\simulator-windows-64\dataTrack1\IMG\right_2024_11_20_20_18_16_142.jpg, 0, 0.006696876, 0, 24.0823
C:\Users\Owner\Downloads\simulator-windows-64\dataTrack1\IMG\center_2024_11_20_20_18_16_247.jpg, C:\Users\Owner\Downloads\simulator-windows-64\dataTrack1\IMG\left_2024_11_20_20_18_16_247.jpg, C:\Users\Owner\Downloads\simulator-windows-64\dataTrack1\IMG\right_2024_11_20_20_18_16_247.jpg, -0.2104098, 0.2128704, 0, 24.00072
C:\Users\Owner\Downloads\simulator-windows-64\dataTrack1\IMG\center_2024_11_20_20_18_16_350.jpg, C:\Users\Owner\Downloads\simulator-windows-64\dataTrack1\IMG\left_2024_11_20_20_18_16_350.jpg, C:\Users\Owner\Downloads\simulator-windows-64\dataTrack1\IMG\right_2024_11_20_20_18_16_350.jpg, -0.3139071, 0, 0, 23.71351
C:\Users\Owner\Downloads\simulator-windows-64\dataTrack1\IMG\center_2024_11_20_20_18_16_453.jpg, C:\Users\Owner\Downloads\simulator-windows-64\dataTrack1\IMG\left_2024_11_20_20_18_16_453.jpg, C:\Users\Owner\Downloads\simulator-windows-64\dataTrack1\IMG\right_2024_11_20_20_18_16_453.jpg, -0.003950108, 0, 0, 23.4753
C:\Users\Owner\Downloads\simulator-windows-64\dataTrack1\IMG\center_2024_11_20_20_18_16_557.jpg, C:\Users\Owner\Downloads\simulator-windows-64\dataTrack1\IMG\left_2024_11_20_20_18_16_557.jpg, C:\Users\Owner\Downloads\simulator-windows-64\dataTrack1\IMG\right_2024_11_20_20_18_16_557.jpg, 0, 0, 0, 23.23186
C:\Users\Owner\Downloads\simulator-windows-64\dataTrack1\IMG\center_2024_11_20_20_18_16_662.jpg, C:\Users\Owner\Downloads\simulator-windows-64\dataTrack1\IMG\left_2024_11_20_20_18_16_662.jpg, C:\Users\Owner\Downloads\simulator-windows-64\dataTrack1\IMG\right_2024_11_20_20_18_16_662.jpg, 0, 0.2205852, 0, 23.07616
C:\Users\Owner\Downloads\simulator-windows-64\dataTrack1\IMG\center_2024_11_20_20_18_16_766.jpg, C:\Users\Owner\Downloads\simulator-windows-64\dataTrack1\IMG\left_2024_11_20_20_18_16_766.jpg, C:\Users\Owner\Downloads\simulator-windows-64\dataTrack1\IMG\right_2024_11_20_20_18_16_766.jpg, 0, 0.2701566, 0, 23.2119
C:\Users\Owner\Downloads\simulator-windows-64\dataTrack1\IMG\center_2024_11_20_20_18_16_869.jpg, C:\Users\Owner\Downloads\simulator-windows-64\dataTrack1\IMG\left_2024_11_20_20_18_16_869.jpg, C:\Users\Owner\Downloads\simulator-windows-64\dataTrack1\IMG\right_2024_11_20_20_18_16_869.jpg, 0, 0.2073891, 0, 23.12424
C:\Users\Owner\Downloads\simulator-windows-64\dataTrack1\IMG\center_2024_11_20_20_18_16_974.jpg, C:\Users\Owner\Downloads\simulator-windows-64\dataTrack1\IMG\left_2024_11_20_20_18_16_974.jpg, C:\Users\Owner\Downloads\simulator-windows-64\dataTrack1\IMG\right_2024_11_20_20_18_16_974.jpg, 0, 0.2066688, 0, 23.2716
C:\Users\Owner\Downloads\simulator-windows-64\dataTrack1\IMG\center_2024_11_20_20_18_17_076.jpg, C:\Users\Owner\Downloads\simulator-windows-64\dataTrack1\IMG\left_2024_11_20_20_18_17_076.jpg, C:\Users\Owner\Downloads\simulator-windows-64\dataTrack1\IMG\right_2024_11_20_20_18_17_076.jpg, 0, 0.1103064, 0, 23.13487
C:\Users\Owner\Downloads\simulator-windows-64\dataTrack1\IMG\center_2024_11_20_20_18_17_178.jpg, C:\Users\Owner\Downloads\simulator-windows-64\dataTrack1\IMG\left_2024_11_20_20_18_17_178.jpg, C:\Users\Owner\Downloads\simulator-windows-64\dataTrack1\IMG\right_2024_11_20_20_18_17_178.jpg, 0, 0.1089984, 0, 23.12175
C:\Users\Owner\Downloads\simulator-windows-64\dataTrack1\IMG\center_2024_11_20_20_18_17_284.jpg, C:\Users\Owner\Downloads\simulator-windows-64\dataTrack1\IMG\left_2024_11_20_20_18_17_284.jpg, C:\Users\Owner\Downloads\simulator-windows-64\dataTrack1\IMG\right_2024_11_20_20_18_17_284.jpg, 0, 0.1057245, 0, 22.92952
C:\Users\Owner\Downloads\simulator-windows-64\dataTrack1\IMG\center_2024_11_20_20_18_17_387.jpg, C:\Users\Owner\Downloads\simulator-windows-64\dataTrack1\IMG\left_2024_11_20_20_18_17_387.jpg, C:\Users\Owner\Downloads\simulator-windows-64\dataTrack1\IMG\right_2024_11_20_20_18_17_387.jpg, 0, 0.09437342, 0, 22.93068
C:\Users\Owner\Downloads\simulator-windows-64\dataTrack1\IMG\center_2024_11_20_20_18_17_491.jpg, C:\Users\Owner\Downloads\simulator-windows-64\dataTrack1\IMG\left_2024_11_20_20_18_17_491.jpg, C:\Users\Owner\Downloads\simulator-windows-64\dataTrack1\IMG\right_2024_11_20_20_18_17_491.jpg, 0, 0.156936, 0, 22.75369
C:\Users\Owner\Downloads\simulator-windows-64\dataTrack1\IMG\center_2024_11_20_20_18_17_592.jpg, C:\Users\Owner\Downloads\simulator-windows-64\dataTrack1\IMG\left_2024_11_20_20_18_17_592.jpg, C:\Users\Owner\Downloads\simulator-windows-64\dataTrack1\IMG\right_2024_11_20_20_18_17_592.jpg, 0, 0.1522944, 0, 22.82097
C:\Users\Owner\Downloads\simulator-windows-64\dataTrack1\IMG\center_2024_11_20_20_18_17_697.jpg, C:\Users\Owner\Downloads\simulator-windows-64\dataTrack1\IMG\left_2024_11_20_20_18_17_697.jpg, C:\Users\Owner\Downloads\simulator-windows-64\dataTrack1\IMG\right_2024_11_20_20_18_17_697.jpg, 0, 0.2544039, 0, 22.7358
C:\Users\Owner\Downloads\simulator-windows-64\dataTrack1\IMG\center_2024_11_20_20_18_17_802.jpg, C:\Users\Owner\Downloads\simulator-windows-64\dataTrack1\IMG\left_2024_11_20_20_18_17_802.jpg, C:\Users\Owner\Downloads\simulator-windows-64\dataTrack1\IMG\right_2024_11_20_20_18_17_802.jpg, 0, 0.2509488, 0, 22.93138
C:\Users\Owner\Downloads\simulator-windows-64\dataTrack1\IMG\center_2024_11_20_20_18_17_905.jpg, C:\Users\Owner\Downloads\simulator-windows-64\dataTrack1\IMG\left_2024_11_20_20_18_17_905.jpg, C:\Users\Owner\Downloads\simulator-windows-64\dataTrack1\IMG\right_2024_11_20_20_18_17_905.jpg, 0, 0.2037555, 0, 22.90448
C:\Users\Owner\Downloads\simulator-windows-64\dataTrack1\IMG\center_2024_11_20_20_18_18_008.jpg, C:\Users\Owner\Downloads\simulator-windows-64\dataTrack1\IMG\left_2024_11_20_20_18_18_008.jpg, C:\Users\Owner\Downloads\simulator-windows-64\dataTrack1\IMG\right_2024_11_20_20_18_18_008.jpg, 0, 0.2630286, 0, 23.12642
C:\Users\Owner\Downloads\simulator-windows-64\dataTrack1\IMG\center_2024_11_20_20_18_18_113.jpg, C:\Users\Owner\Downloads\simulator-windows-64\dataTrack1\IMG\left_2024_11_20_20_18_18_113.jpg, C:\Users\Owner\Downloads\simulator-windows-64\dataTrack1\IMG\right_2024_11_20_20_18_18_113.jpg, 0, 0.2552133, 0, 23.07647
C:\Users\Owner\Downloads\simulator-windows-64\dataTrack1\IMG\center_2024_11_20_20_18_18_218.jpg, C:\Users\Owner\Downloads\simulator-windows-64\dataTrack1\IMG\left_2024_11_20_20_18_18_218.jpg, C:\Users\Owner\Downloads\simulator-windows-64\dataTrack1\IMG\right_2024_11_20_20_18_18_218.jpg, 0, 0.2604531, 0, 23.25975
C:\Users\Owner\Downloads\simulator-windows-64\dataTrack1\IMG\center_2024_11_20_20_18_18_322.jpg, C:\Users\Owner\Downloads\simulator-windows-64\dataTrack1\IMG\left_2024_11_20_20_18_18_322.jpg, C:\Users\Owner\Downloads\simulator-windows-64\dataTrack1\IMG\right_2024_11_20_20_18_18_322.jpg, 0, 0.1563732, 0, 23.18149
C:\Users\Owner\Downloads\simulator-windows-64\dataTrack1\IMG\center_2024_11_20_20_18_18_425.jpg, C:\Users\Owner\Downloads\simulator-windows-64\dataTrack1\IMG\left_2024_11_20_20_18_18_425.jpg, C:\Users\Owner\Downloads\simulator-windows-64\dataTrack1\IMG\right_2024_11_20_20_18_18_425.jpg, 0, 0.3093939, 0, 23.29881
C:\Users\Owner\Downloads\simulator-windows-64\dataTrack1\IMG\center_2024_11_20_20_18_18_528.jpg, C:\Users\Owner\Downloads\simulator-windows-64\dataTrack1\IMG\left_2024_11_20_20_18_18_528.jpg, C:\Users\Owner\Downloads\simulator-windows-64\dataTrack1\IMG\right_2024_11_20_20_18_18_528.jpg, 0, 0.05538121, 0, 23.17277
C:\Users\Owner\Downloads\simulator-windows-64\dataTrack1\IMG\center_2024_11_20_20_18_18_633.jpg, C:\Users\Owner\Downloads\simulator-windows-64\dataTrack1\IMG\left_2024_11_20_20_18_18_633.jpg, C:\Users\Owner\Downloads\simulator-windows-64\dataTrack1\IMG\right_2024_11_20_20_18_18_633.jpg, 0, 0.2568012, 0, 23.22309
C:\Users\Owner\Downloads\simulator-windows-64\dataTrack1\IMG\center_2024_11_20_20_18_18_736.jpg, C:\Users\Owner\Downloads\simulator-windows-64\dataTrack1\IMG\left_2024_11_20_20_18_18_736.jpg, C:\Users\Owner\Downloads\simulator-windows-64\dataTrack1\IMG\right_2024_11_20_20_18_18_736.jpg, 0, 0.05492848, 0, 23.10931
C:\Users\Owner\Downloads\simulator-windows-64\dataTrack1\IMG\center_2024_11_20_20_18_18_838.jpg, C:\Users\Owner\Downloads\simulator-windows-64\dataTrack1\IMG\left_2024_11_20_20_18_18_838.jpg, C:\Users\Owner\Downloads\simulator-windows-64\dataTrack1\IMG\right_2024_11_20_20_18_18_838.jpg, 0, 0.3636501, 0, 23.12688
C:\Users\Owner\Downloads\simulator-windows-64\dataTrack1\IMG\center_2024_11_20_20_18_18_943.jpg, C:\Users\Owner\Downloads\simulator-windows-64\dataTrack1\IMG\left_2024_11_20_20_18_18_943.jpg, C:\Users\Owner\Downloads\simulator-windows-64\dataTrack1\IMG\right_2024_11_20_20_18_18_943.jpg, 0, 0.05116228, 0, 23.20027
C:\Users\Owner\Downloads\simulator-windows-64\dataTrack1\IMG\center_2024_11_20_20_18_19_046.jpg, C:\Users\Owner\Downloads\simulator-windows-64\dataTrack1\IMG\left_2024_11_20_20_18_19_046.jpg, C:\Users\Owner\Downloads\simulator-windows-64\dataTrack1\IMG\right_2024_11_20_20_18_19_046.jpg, 0, 0.3107754, 0, 23.15113
C:\Users\Owner\Downloads\simulator-windows-64\dataTrack1\IMG\center_2024_11_20_20_18_19_151.jpg, C:\Users\Owner\Downloads\simulator-windows-64\dataTrack1\IMG\left_2024_11_20_20_18_19_151.jpg, C:\Users\Owner\Downloads\simulator-windows-64\dataTrack1\IMG\right_2024_11_20_20_18_19_151.jpg, 0, 0.05011889, 0, 23.1768
C:\Users\Owner\Downloads\simulator-windows-64\dataTrack1\IMG\center_2024_11_20_20_18_19_254.jpg, C:\Users\Owner\Downloads\simulator-windows-64\dataTrack1\IMG\left_2024_11_20_20_18_19_254.jpg, C:\Users\Owner\Downloads\simulator-windows-64\dataTrack1\IMG\right_2024_11_20_20_18_19_254.jpg, 0, 0.2230587, 0, 23.07587
C:\Users\Owner\Downloads\simulator-windows-64\dataTrack1\IMG\center_2024_11_20_20_18_19_357.jpg, C:\Users\Owner\Downloads\simulator-windows-64\dataTrack1\IMG\left_2024_11_20_20_18_19_357.jpg, C:\Users\Owner\Downloads\simulator-windows-64\dataTrack1\IMG\right_2024_11_20_20_18_19_357.jpg, 0, 0, 0, 22.93846
C:\Users\Owner\Downloads\simulator-windows-64\dataTrack1\IMG\center_2024_11_20_20_18_19_460.jpg, C:\Users\Owner\Downloads\simulator-windows-64\dataTrack1\IMG\left_2024_11_20_20_18_19_460.jpg, C:\Users\Owner\Downloads\simulator-windows-64\dataTrack1\IMG\right_2024_11_20_20_18_19_460.jpg, 0, 0.207336, 0, 22.75493
C:\Users\Owner\Downloads\simulator-windows-64\dataTrack1\IMG\center_2024_11_20_20_18_19_565.jpg, C:\Users\Owner\Downloads\simulator-windows-64\dataTrack1\IMG\left_2024_11_20_20_18_19_565.jpg, C:\Users\Owner\Downloads\simulator-windows-64\dataTrack1\IMG\right_2024_11_20_20_18_19_565.jpg, 0, 0.1093689, 0, 22.84682
C:\Users\Owner\Downloads\simulator-windows-64\dataTrack1\IMG\center_2024_11_20_20_18_19_671.jpg, C:\Users\Owner\Downloads\simulator-windows-64\dataTrack1\IMG\left_2024_11_20_20_18_19_671.jpg, C:\Users\Owner\Downloads\simulator-windows-64\dataTrack1\IMG\right_2024_11_20_20_18_19_671.jpg, 0, 0.2110215, 0, 22.68113
C:\Users\Owner\Downloads\simulator-windows-64\dataTrack1\IMG\center_2024_11_20_20_18_19_772.jpg, C:\Users\Owner\Downloads\simulator-windows-64\dataTrack1\IMG\left_2024_11_20_20_18_19_772.jpg, C:\Users\Owner\Downloads\simulator-windows-64\dataTrack1\IMG\right_2024_11_20_20_18_19_772.jpg, 0, 0.1034424, 0, 22.71714
C:\Users\Owner\Downloads\simulator-windows-64\dataTrack1\IMG\center_2024_11_20_20_18_19_877.jpg, C:\Users\Owner\Downloads\simulator-windows-64\dataTrack1\IMG\left_2024_11_20_20_18_19_877.jpg, C:\Users\Owner\Downloads\simulator-windows-64\dataTrack1\IMG\right_2024_11_20_20_18_19_877.jpg, 0, 0.2044251, 0, 22.5857
C:\Users\Owner\Downloads\simulator-windows-64\dataTrack1\IMG\center_2024_11_20_20_18_19_979.jpg, C:\Users\Owner\Downloads\simulator-windows-64\dataTrack1\IMG\left_2024_11_20_20_18_19_979.jpg, C:\Users\Owner\Downloads\simulator-windows-64\dataTrack1\IMG\right_2024_11_20_20_18_19_979.jpg, 0, 0.07256583, 0, 22.61737
C:\Users\Owner\Downloads\simulator-windows-64\dataTrack1\IMG\center_2024_11_20_20_18_20_083.jpg, C:\Users\Owner\Downloads\simulator-windows-64\dataTrack1\IMG\left_2024_11_20_20_18_20_083.jpg, C:\Users\Owner\Downloads\simulator-windows-64\dataTrack1\IMG\right_2024_11_20_20_18_20_083.jpg, 0, 0.1079064, 0, 22.43482
C:\Users\Owner\Downloads\simulator-windows-64\dataTrack1\IMG\center_2024_11_20_20_18_20_188.jpg, C:\Users\Owner\Downloads\simulator-windows-64\dataTrack1\IMG\left_2024_11_20_20_18_20_188.jpg, C:\Users\Owner\Downloads\simulator-windows-64\dataTrack1\IMG\right_2024_11_20_20_18_20_188.jpg, 0, 0.1604865, 0, 22.52211
C:\Users\Owner\Downloads\simulator-windows-64\dataTrack1\IMG\center_2024_11_20_20_18_20_291.jpg, C:\Users\Owner\Downloads\simulator-windows-64\dataTrack1\IMG\left_2024_11_20_20_18_20_291.jpg, C:\Users\Owner\Downloads\simulator-windows-64\dataTrack1\IMG\right_2024_11_20_20_18_20_291.jpg, 0, 0.2664255, 0, 22.45334
C:\Users\Owner\Downloads\simulator-windows-64\dataTrack1\IMG\center_2024_11_20_20_18_20_395.jpg, C:\Users\Owner\Downloads\simulator-windows-64\dataTrack1\IMG\left_2024_11_20_20_18_20_395.jpg, C:\Users\Owner\Downloads\simulator-windows-64\dataTrack1\IMG\right_2024_11_20_20_18_20_395.jpg, 0, 0.3761199, 0, 22.72557
C:\Users\Owner\Downloads\simulator-windows-64\dataTrack1\IMG\center_2024_11_20_20_18_20_496.jpg, C:\Users\Owner\Downloads\simulator-windows-64\dataTrack1\IMG\left_2024_11_20_20_18_20_496.jpg, C:\Users\Owner\Downloads\simulator-windows-64\dataTrack1\IMG\right_2024_11_20_20_18_20_496.jpg, 0, 0.4798716, 0, 22.91879
C:\Users\Owner\Downloads\simulator-windows-64\dataTrack1\IMG\center_2024_11_20_20_18_20_603.jpg, C:\Users\Owner\Downloads\simulator-windows-64\dataTrack1\IMG\left_2024_11_20_20_18_20_603.jpg, C:\Users\Owner\Downloads\simulator-windows-64\dataTrack1\IMG\right_2024_11_20_20_18_20_603.jpg, -0.1575657, 0.1630074, 0, 23.11727
C:\Users\Owner\Downloads\simulator-windows-64\dataTrack1\IMG\center_2024_11_20_20_18_20_716.jpg, C:\Users\Owner\Downloads\simulator-windows-64\dataTrack1\IMG\left_2024_11_20_20_18_20_716.jpg, C:\Users\Owner\Downloads\simulator-windows-64\dataTrack1\IMG\right_2024_11_20_20_18_20_716.jpg, -0.3349311, 0, 0, 22.76907
C:\Users\Owner\Downloads\simulator-windows-64\dataTrack1\IMG\center_2024_11_20_20_18_20_825.jpg, C:\Users\Owner\Downloads\simulator-windows-64\dataTrack1\IMG\left_2024_11_20_20_18_20_825.jpg, C:\Users\Owner\Downloads\simulator-windows-64\dataTrack1\IMG\right_2024_11_20_20_18_20_825.jpg, -0.06131068, 0, 0, 22.54074
C:\Users\Owner\Downloads\simulator-windows-64\dataTrack1\IMG\center_2024_11_20_20_18_20_927.jpg, C:\Users\Owner\Downloads\simulator-windows-64\dataTrack1\IMG\left_2024_11_20_20_18_20_927.jpg, C:\Users\Owner\Downloads\simulator-windows-64\dataTrack1\IMG\right_2024_11_20_20_18_20_927.jpg, 0, 0, 0, 22.25837
C:\Users\Owner\Downloads\simulator-windows-64\dataTrack1\IMG\center_2024_11_20_20_18_21_032.jpg, C:\Users\Owner\Downloads\simulator-windows-64\dataTrack1\IMG\left_2024_11_20_20_18_21_032.jpg, C:\Users\Owner\Downloads\simulator-windows-64\dataTrack1\IMG\right_2024_11_20_20_18_21_032.jpg, 0, 0.2077845, 0, 22.13057
C:\Users\Owner\Downloads\simulator-windows-64\dataTrack1\IMG\center_2024_11_20_20_18_21_137.jpg, C:\Users\Owner\Downloads\simulator-windows-64\dataTrack1\IMG\left_2024_11_20_20_18_21_137.jpg, C:\Users\Owner\Downloads\simulator-windows-64\dataTrack1\IMG\right_2024_11_20_20_18_21_137.jpg, -0.1035489, 0.3128379, 0, 22.29169
C:\Users\Owner\Downloads\simulator-windows-64\dataTrack1\IMG\center_2024_11_20_20_18_21_239.jpg, C:\Users\Owner\Downloads\simulator-windows-64\dataTrack1\IMG\left_2024_11_20_20_18_21_239.jpg, C:\Users\Owner\Downloads\simulator-windows-64\dataTrack1\IMG\right_2024_11_20_20_18_21_239.jpg, -0.2081955, 0.003864884, 0, 22.24915
C:\Users\Owner\Downloads\simulator-windows-64\dataTrack1\IMG\center_2024_11_20_20_18_21_344.jpg, C:\Users\Owner\Downloads\simulator-windows-64\dataTrack1\IMG\left_2024_11_20_20_18_21_344.jpg, C:\Users\Owner\Downloads\simulator-windows-64\dataTrack1\IMG\right_2024_11_20_20_18_21_344.jpg, 0, 0, 0, 21.99735
C:\Users\Owner\Downloads\simulator-windows-64\dataTrack1\IMG\center_2024_11_20_20_18_21_445.jpg, C:\Users\Owner\Downloads\simulator-windows-64\dataTrack1\IMG\left_2024_11_20_20_18_21_445.jpg, C:\Users\Owner\Downloads\simulator-windows-64\dataTrack1\IMG\right_2024_11_20_20_18_21_445.jpg, 0, 0.0522669, 0, 21.79885
C:\Users\Owner\Downloads\simulator-windows-64\dataTrack1\IMG\center_2024_11_20_20_18_21_551.jpg, C:\Users\Owner\Downloads\simulator-windows-64\dataTrack1\IMG\left_2024_11_20_20_18_21_551.jpg, C:\Users\Owner\Downloads\simulator-windows-64\dataTrack1\IMG\right_2024_11_20_20_18_21_551.jpg, 0, 0.3081633, 0, 21.92693
C:\Users\Owner\Downloads\simulator-windows-64\dataTrack1\IMG\center_2024_11_20_20_18_21_655.jpg, C:\Users\Owner\Downloads\simulator-windows-64\dataTrack1\IMG\left_2024_11_20_20_18_21_655.jpg, C:\Users\Owner\Downloads\simulator-windows-64\dataTrack1\IMG\right_2024_11_20_20_18_21_655.jpg, 0, 0, 0, 21.82065
C:\Users\Owner\Downloads\simulator-windows-64\dataTrack1\IMG\center_2024_11_20_20_18_21_756.jpg, C:\Users\Owner\Downloads\simulator-windows-64\dataTrack1\IMG\left_2024_11_20_20_18_21_756.jpg, C:\Users\Owner\Downloads\simulator-windows-64\dataTrack1\IMG\right_2024_11_20_20_18_21_756.jpg, 0, 0.3064686, 0, 21.83454
C:\Users\Owner\Downloads\simulator-windows-64\dataTrack1\IMG\center_2024_11_20_20_18_21_860.jpg, C:\Users\Owner\Downloads\simulator-windows-64\dataTrack1\IMG\left_2024_11_20_20_18_21_860.jpg, C:\Users\Owner\Downloads\simulator-windows-64\dataTrack1\IMG\right_2024_11_20_20_18_21_860.jpg, 0, 0.5111382, 0, 22.07565
C:\Users\Owner\Downloads\simulator-windows-64\dataTrack1\IMG\center_2024_11_20_20_18_21_964.jpg, C:\Users\Owner\Downloads\simulator-windows-64\dataTrack1\IMG\left_2024_11_20_20_18_21_964.jpg, C:\Users\Owner\Downloads\simulator-windows-64\dataTrack1\IMG\right_2024_11_20_20_18_21_964.jpg, 0, 0.8212872, 0, 22.68318
C:\Users\Owner\Downloads\simulator-windows-64\dataTrack1\IMG\center_2024_11_20_20_18_22_069.jpg, C:\Users\Owner\Downloads\simulator-windows-64\dataTrack1\IMG\left_2024_11_20_20_18_22_069.jpg, C:\Users\Owner\Downloads\simulator-windows-64\dataTrack1\IMG\right_2024_11_20_20_18_22_069.jpg, 0, 1, 0, 23.71256
C:\Users\Owner\Downloads\simulator-windows-64\dataTrack1\IMG\center_2024_11_20_20_18_22_172.jpg, C:\Users\Owner\Downloads\simulator-windows-64\dataTrack1\IMG\left_2024_11_20_20_18_22_172.jpg, C:\Users\Owner\Downloads\simulator-windows-64\dataTrack1\IMG\right_2024_11_20_20_18_22_172.jpg, 0, 1, 0, 24.7629
C:\Users\Owner\Downloads\simulator-windows-64\dataTrack1\IMG\center_2024_11_20_20_18_22_276.jpg, C:\Users\Owner\Downloads\simulator-windows-64\dataTrack1\IMG\left_2024_11_20_20_18_22_276.jpg, C:\Users\Owner\Downloads\simulator-windows-64\dataTrack1\IMG\right_2024_11_20_20_18_22_276.jpg, 0, 1, 0, 25.68934
C:\Users\Owner\Downloads\simulator-windows-64\dataTrack1\IMG\center_2024_11_20_20_18_22_378.jpg, C:\Users\Owner\Downloads\simulator-windows-64\dataTrack1\IMG\left_2024_11_20_20_18_22_378.jpg, C:\Users\Owner\Downloads\simulator-windows-64\dataTrack1\IMG\right_2024_11_20_20_18_22_378.jpg, 0, 1, 0, 26.64096
C:\Users\Owner\Downloads\simulator-windows-64\dataTrack1\IMG\center_2024_11_20_20_18_22_482.jpg, C:\Users\Owner\Downloads\simulator-windows-64\dataTrack1\IMG\left_2024_11_20_20_18_22_482.jpg, C:\Users\Owner\Downloads\simulator-windows-64\dataTrack1\IMG\right_2024_11_20_20_18_22_482.jpg, 0, 1, 0, 27.58178
C:\Users\Owner\Downloads\simulator-windows-64\dataTrack1\IMG\center_2024_11_20_20_18_22_586.jpg, C:\Users\Owner\Downloads\simulator-windows-64\dataTrack1\IMG\left_2024_11_20_20_18_22_586.jpg, C:\Users\Owner\Downloads\simulator-windows-64\dataTrack1\IMG\right_2024_11_20_20_18_22_586.jpg, 0, 1, 0, 28.50855
C:\Users\Owner\Downloads\simulator-windows-64\dataTrack1\IMG\center_2024_11_20_20_18_22_690.jpg, C:\Users\Owner\Downloads\simulator-windows-64\dataTrack1\IMG\left_2024_11_20_20_18_22_690.jpg, C:\Users\Owner\Downloads\simulator-windows-64\dataTrack1\IMG\right_2024_11_20_20_18_22_690.jpg, 0, 1, 0, 29.61098
C:\Users\Owner\Downloads\simulator-windows-64\dataTrack1\IMG\center_2024_11_20_20_18_22_792.jpg, C:\Users\Owner\Downloads\simulator-windows-64\dataTrack1\IMG\left_2024_11_20_20_18_22_792.jpg, C:\Users\Owner\Downloads\simulator-windows-64\dataTrack1\IMG\right_2024_11_20_20_18_22_792.jpg, 0, 1, 0, 30.18967
C:\Users\Owner\Downloads\simulator-windows-64\dataTrack1\IMG\center_2024_11_20_20_18_22_897.jpg, C:\Users\Owner\Downloads\simulator-windows-64\dataTrack1\IMG\left_2024_11_20_20_18_22_897.jpg, C:\Users\Owner\Downloads\simulator-windows-64\dataTrack1\IMG\right_2024_11_20_20_18_22_897.jpg, 0, 1, 0, 30.18989
C:\Users\Owner\Downloads\simulator-windows-64\dataTrack1\IMG\center_2024_11_20_20_18_23_000.jpg, C:\Users\Owner\Downloads\simulator-windows-64\dataTrack1\IMG\left_2024_11_20_20_18_23_000.jpg, C:\Users\Owner\Downloads\simulator-windows-64\dataTrack1\IMG\right_2024_11_20_20_18_23_000.jpg, 0, 1, 0, 30.18989
C:\Users\Owner\Downloads\simulator-windows-64\dataTrack1\IMG\center_2024_11_20_20_18_23_104.jpg, C:\Users\Owner\Downloads\simulator-windows-64\dataTrack1\IMG\left_2024_11_20_20_18_23_104.jpg, C:\Users\Owner\Downloads\simulator-windows-64\dataTrack1\IMG\right_2024_11_20_20_18_23_104.jpg, 0, 1, 0, 30.18987
C:\Users\Owner\Downloads\simulator-windows-64\dataTrack1\IMG\center_2024_11_20_20_18_23_209.jpg, C:\Users\Owner\Downloads\simulator-windows-64\dataTrack1\IMG\left_2024_11_20_20_18_23_209.jpg, C:\Users\Owner\Downloads\simulator-windows-64\dataTrack1\IMG\right_2024_11_20_20_18_23_209.jpg, 0, 1, 0, 30.18987
C:\Users\Owner\Downloads\simulator-windows-64\dataTrack1\IMG\center_2024_11_20_20_18_23_312.jpg, C:\Users\Owner\Downloads\simulator-windows-64\dataTrack1\IMG\left_2024_11_20_20_18_23_312.jpg, C:\Users\Owner\Downloads\simulator-windows-64\dataTrack1\IMG\right_2024_11_20_20_18_23_312.jpg, 0, 1, 0, 30.18989
C:\Users\Owner\Downloads\simulator-windows-64\dataTrack1\IMG\center_2024_11_20_20_18_23_414.jpg, C:\Users\Owner\Downloads\simulator-windows-64\dataTrack1\IMG\left_2024_11_20_20_18_23_414.jpg, C:\Users\Owner\Downloads\simulator-windows-64\dataTrack1\IMG\right_2024_11_20_20_18_23_414.jpg, 0, 1, 0, 30.18991
C:\Users\Owner\Downloads\simulator-windows-64\dataTrack1\IMG\center_2024_11_20_20_18_23_519.jpg, C:\Users\Owner\Downloads\simulator-windows-64\dataTrack1\IMG\left_2024_11_20_20_18_23_519.jpg, C:\Users\Owner\Downloads\simulator-windows-64\dataTrack1\IMG\right_2024_11_20_20_18_23_519.jpg, 0, 1, 0, 30.18991
C:\Users\Owner\Downloads\simulator-windows-64\dataTrack1\IMG\center_2024_11_20_20_18_23_623.jpg, C:\Users\Owner\Downloads\simulator-windows-64\dataTrack1\IMG\left_2024_11_20_20_18_23_623.jpg, C:\Users\Owner\Downloads\simulator-windows-64\dataTrack1\IMG\right_2024_11_20_20_18_23_623.jpg, 0, 1, 0, 30.18991
C:\Users\Owner\Downloads\simulator-windows-64\dataTrack1\IMG\center_2024_11_20_20_18_23_724.jpg, C:\Users\Owner\Downloads\simulator-windows-64\dataTrack1\IMG\left_2024_11_20_20_18_23_724.jpg, C:\Users\Owner\Downloads\simulator-windows-64\dataTrack1\IMG\right_2024_11_20_20_18_23_724.jpg, 0, 1, 0, 30.18989
C:\Users\Owner\Downloads\simulator-windows-64\dataTrack1\IMG\center_2024_11_20_20_18_23_829.jpg, C:\Users\Owner\Downloads\simulator-windows-64\dataTrack1\IMG\left_2024_11_20_20_18_23_829.jpg, C:\Users\Owner\Downloads\simulator-windows-64\dataTrack1\IMG\right_2024_11_20_20_18_23_829.jpg, 0, 1, 0, 30.18987
C:\Users\Owner\Downloads\simulator-windows-64\dataTrack1\IMG\center_2024_11_20_20_18_23_936.jpg, C:\Users\Owner\Downloads\simulator-windows-64\dataTrack1\IMG\left_2024_11_20_20_18_23_936.jpg, C:\Users\Owner\Downloads\simulator-windows-64\dataTrack1\IMG\right_2024_11_20_20_18_23_936.jpg, 0, 1, 0, 30.1899
C:\Users\Owner\Downloads\simulator-windows-64\dataTrack1\IMG\center_2024_11_20_20_18_24_039.jpg, C:\Users\Owner\Downloads\simulator-windows-64\dataTrack1\IMG\left_2024_11_20_20_18_24_039.jpg, C:\Users\Owner\Downloads\simulator-windows-64\dataTrack1\IMG\right_2024_11_20_20_18_24_039.jpg, 0, 1, 0, 30.18987
C:\Users\Owner\Downloads\simulator-windows-64\dataTrack1\IMG\center_2024_11_20_20_18_24_143.jpg, C:\Users\Owner\Downloads\simulator-windows-64\dataTrack1\IMG\left_2024_11_20_20_18_24_143.jpg, C:\Users\Owner\Downloads\simulator-windows-64\dataTrack1\IMG\right_2024_11_20_20_18_24_143.jpg, 0, 1, 0, 30.18989
C:\Users\Owner\Downloads\simulator-windows-64\dataTrack1\IMG\center_2024_11_20_20_18_24_247.jpg, C:\Users\Owner\Downloads\simulator-windows-64\dataTrack1\IMG\left_2024_11_20_20_18_24_247.jpg, C:\Users\Owner\Downloads\simulator-windows-64\dataTrack1\IMG\right_2024_11_20_20_18_24_247.jpg, 0, 1, 0, 30.18991
C:\Users\Owner\Downloads\simulator-windows-64\dataTrack1\IMG\center_2024_11_20_20_18_24_349.jpg, C:\Users\Owner\Downloads\simulator-windows-64\dataTrack1\IMG\left_2024_11_20_20_18_24_349.jpg, C:\Users\Owner\Downloads\simulator-windows-64\dataTrack1\IMG\right_2024_11_20_20_18_24_349.jpg, 0, 0.6445029, 0, 30.10931
C:\Users\Owner\Downloads\simulator-windows-64\dataTrack1\IMG\center_2024_11_20_20_18_24_452.jpg, C:\Users\Owner\Downloads\simulator-windows-64\dataTrack1\IMG\left_2024_11_20_20_18_24_452.jpg, C:\Users\Owner\Downloads\simulator-windows-64\dataTrack1\IMG\right_2024_11_20_20_18_24_452.jpg, 0, 0.3333198, 0, 30.03007
C:\Users\Owner\Downloads\simulator-windows-64\dataTrack1\IMG\center_2024_11_20_20_18_24_557.jpg, C:\Users\Owner\Downloads\simulator-windows-64\dataTrack1\IMG\left_2024_11_20_20_18_24_557.jpg, C:\Users\Owner\Downloads\simulator-windows-64\dataTrack1\IMG\right_2024_11_20_20_18_24_557.jpg, 0, 0.01988286, 0, 29.90387
C:\Users\Owner\Downloads\simulator-windows-64\dataTrack1\IMG\center_2024_11_20_20_18_24_662.jpg, C:\Users\Owner\Downloads\simulator-windows-64\dataTrack1\IMG\left_2024_11_20_20_18_24_662.jpg, C:\Users\Owner\Downloads\simulator-windows-64\dataTrack1\IMG\right_2024_11_20_20_18_24_662.jpg, 0, 0, 0, 29.60247
C:\Users\Owner\Downloads\simulator-windows-64\dataTrack1\IMG\center_2024_11_20_20_18_24_763.jpg, C:\Users\Owner\Downloads\simulator-windows-64\dataTrack1\IMG\left_2024_11_20_20_18_24_763.jpg, C:\Users\Owner\Downloads\simulator-windows-64\dataTrack1\IMG\right_2024_11_20_20_18_24_763.jpg, 0, 0.1644507, 0, 29.34632
C:\Users\Owner\Downloads\simulator-windows-64\dataTrack1\IMG\center_2024_11_20_20_18_24_870.jpg, C:\Users\Owner\Downloads\simulator-windows-64\dataTrack1\IMG\left_2024_11_20_20_18_24_870.jpg, C:\Users\Owner\Downloads\simulator-windows-64\dataTrack1\IMG\right_2024_11_20_20_18_24_870.jpg, 0, 0.2048001, 0, 29.40785
C:\Users\Owner\Downloads\simulator-windows-64\dataTrack1\IMG\center_2024_11_20_20_18_24_972.jpg, C:\Users\Owner\Downloads\simulator-windows-64\dataTrack1\IMG\left_2024_11_20_20_18_24_972.jpg, C:\Users\Owner\Downloads\simulator-windows-64\dataTrack1\IMG\right_2024_11_20_20_18_24_972.jpg, 0, 0.1016766, 0, 29.20362
C:\Users\Owner\Downloads\simulator-windows-64\dataTrack1\IMG\center_2024_11_20_20_18_25_076.jpg, C:\Users\Owner\Downloads\simulator-windows-64\dataTrack1\IMG\left_2024_11_20_20_18_25_076.jpg, C:\Users\Owner\Downloads\simulator-windows-64\dataTrack1\IMG\right_2024_11_20_20_18_25_076.jpg, 0, 0.1034949, 0, 29.13312
C:\Users\Owner\Downloads\simulator-windows-64\dataTrack1\IMG\center_2024_11_20_20_18_25_179.jpg, C:\Users\Owner\Downloads\simulator-windows-64\dataTrack1\IMG\left_2024_11_20_20_18_25_179.jpg, C:\Users\Owner\Downloads\simulator-windows-64\dataTrack1\IMG\right_2024_11_20_20_18_25_179.jpg, 0, 0, 0, 28.85963
C:\Users\Owner\Downloads\simulator-windows-64\dataTrack1\IMG\center_2024_11_20_20_18_25_281.jpg, C:\Users\Owner\Downloads\simulator-windows-64\dataTrack1\IMG\left_2024_11_20_20_18_25_281.jpg, C:\Users\Owner\Downloads\simulator-windows-64\dataTrack1\IMG\right_2024_11_20_20_18_25_281.jpg, 0, 0.2023128, 0, 28.72753
C:\Users\Owner\Downloads\simulator-windows-64\dataTrack1\IMG\center_2024_11_20_20_18_25_386.jpg, C:\Users\Owner\Downloads\simulator-windows-64\dataTrack1\IMG\left_2024_11_20_20_18_25_386.jpg, C:\Users\Owner\Downloads\simulator-windows-64\dataTrack1\IMG\right_2024_11_20_20_18_25_386.jpg, 0, 0, 0, 28.53189
C:\Users\Owner\Downloads\simulator-windows-64\dataTrack1\IMG\center_2024_11_20_20_18_25_489.jpg, C:\Users\Owner\Downloads\simulator-windows-64\dataTrack1\IMG\left_2024_11_20_20_18_25_489.jpg, C:\Users\Owner\Downloads\simulator-windows-64\dataTrack1\IMG\right_2024_11_20_20_18_25_489.jpg, 0, 0, 0, 28.18624
C:\Users\Owner\Downloads\simulator-windows-64\dataTrack1\IMG\center_2024_11_20_20_18_25_593.jpg, C:\Users\Owner\Downloads\simulator-windows-64\dataTrack1\IMG\left_2024_11_20_20_18_25_593.jpg, C:\Users\Owner\Downloads\simulator-windows-64\dataTrack1\IMG\right_2024_11_20_20_18_25_593.jpg, 0, 0, 0, 27.90129
C:\Users\Owner\Downloads\simulator-windows-64\dataTrack1\IMG\center_2024_11_20_20_18_25_697.jpg, C:\Users\Owner\Downloads\simulator-windows-64\dataTrack1\IMG\left_2024_11_20_20_18_25_697.jpg, C:\Users\Owner\Downloads\simulator-windows-64\dataTrack1\IMG\right_2024_11_20_20_18_25_697.jpg, 0, 0.2068899, 0, 27.69308
C:\Users\Owner\Downloads\simulator-windows-64\dataTrack1\IMG\center_2024_11_20_20_18_25_802.jpg, C:\Users\Owner\Downloads\simulator-windows-64\dataTrack1\IMG\left_2024_11_20_20_18_25_802.jpg, C:\Users\Owner\Downloads\simulator-windows-64\dataTrack1\IMG\right_2024_11_20_20_18_25_802.jpg, 0, 0.1044825, 0, 27.71007
C:\Users\Owner\Downloads\simulator-windows-64\dataTrack1\IMG\center_2024_11_20_20_18_25_906.jpg, C:\Users\Owner\Downloads\simulator-windows-64\dataTrack1\IMG\left_2024_11_20_20_18_25_906.jpg, C:\Users\Owner\Downloads\simulator-windows-64\dataTrack1\IMG\right_2024_11_20_20_18_25_906.jpg, 0, 0, 0, 27.45611
C:\Users\Owner\Downloads\simulator-windows-64\dataTrack1\IMG\center_2024_11_20_20_18_26_009.jpg, C:\Users\Owner\Downloads\simulator-windows-64\dataTrack1\IMG\left_2024_11_20_20_18_26_009.jpg, C:\Users\Owner\Downloads\simulator-windows-64\dataTrack1\IMG\right_2024_11_20_20_18_26_009.jpg, 0, 0, 0, 27.12267
C:\Users\Owner\Downloads\simulator-windows-64\dataTrack1\IMG\center_2024_11_20_20_18_26_114.jpg, C:\Users\Owner\Downloads\simulator-windows-64\dataTrack1\IMG\left_2024_11_20_20_18_26_114.jpg, C:\Users\Owner\Downloads\simulator-windows-64\dataTrack1\IMG\right_2024_11_20_20_18_26_114.jpg, -0.1051098, 0, 0, 26.84507
C:\Users\Owner\Downloads\simulator-windows-64\dataTrack1\IMG\center_2024_11_20_20_18_26_219.jpg, C:\Users\Owner\Downloads\simulator-windows-64\dataTrack1\IMG\left_2024_11_20_20_18_26_219.jpg, C:\Users\Owner\Downloads\simulator-windows-64\dataTrack1\IMG\right_2024_11_20_20_18_26_219.jpg, -0.01028699, 0, 0, 26.54745
C:\Users\Owner\Downloads\simulator-windows-64\dataTrack1\IMG\center_2024_11_20_20_18_26_325.jpg, C:\Users\Owner\Downloads\simulator-windows-64\dataTrack1\IMG\left_2024_11_20_20_18_26_325.jpg, C:\Users\Owner\Downloads\simulator-windows-64\dataTrack1\IMG\right_2024_11_20_20_18_26_325.jpg, 0, 0.1029828, 0, 26.29591
C:\Users\Owner\Downloads\simulator-windows-64\dataTrack1\IMG\center_2024_11_20_20_18_26_428.jpg, C:\Users\Owner\Downloads\simulator-windows-64\dataTrack1\IMG\left_2024_11_20_20_18_26_428.jpg, C:\Users\Owner\Downloads\simulator-windows-64\dataTrack1\IMG\right_2024_11_20_20_18_26_428.jpg, 0, 0.2583666, 0, 26.37447
C:\Users\Owner\Downloads\simulator-windows-64\dataTrack1\IMG\center_2024_11_20_20_18_26_530.jpg, C:\Users\Owner\Downloads\simulator-windows-64\dataTrack1\IMG\left_2024_11_20_20_18_26_530.jpg, C:\Users\Owner\Downloads\simulator-windows-64\dataTrack1\IMG\right_2024_11_20_20_18_26_530.jpg, 0, 0.05648792, 0, 26.22873
C:\Users\Owner\Downloads\simulator-windows-64\dataTrack1\IMG\center_2024_11_20_20_18_26_635.jpg, C:\Users\Owner\Downloads\simulator-windows-64\dataTrack1\IMG\left_2024_11_20_20_18_26_635.jpg, C:\Users\Owner\Downloads\simulator-windows-64\dataTrack1\IMG\right_2024_11_20_20_18_26_635.jpg, 0, 0.3731406, 0, 26.23359
C:\Users\Owner\Downloads\simulator-windows-64\dataTrack1\IMG\center_2024_11_20_20_18_26_739.jpg, C:\Users\Owner\Downloads\simulator-windows-64\dataTrack1\IMG\left_2024_11_20_20_18_26_739.jpg, C:\Users\Owner\Downloads\simulator-windows-64\dataTrack1\IMG\right_2024_11_20_20_18_26_739.jpg, 0, 0.1653459, 0, 26.25148
C:\Users\Owner\Downloads\simulator-windows-64\dataTrack1\IMG\center_2024_11_20_20_18_26_847.jpg, C:\Users\Owner\Downloads\simulator-windows-64\dataTrack1\IMG\left_2024_11_20_20_18_26_847.jpg, C:\Users\Owner\Downloads\simulator-windows-64\dataTrack1\IMG\right_2024_11_20_20_18_26_847.jpg, 0, 0.4352614, 0, 26.35431
C:\Users\Owner\Downloads\simulator-windows-64\dataTrack1\IMG\center_2024_11_20_20_18_26_952.jpg, C:\Users\Owner\Downloads\simulator-windows-64\dataTrack1\IMG\left_2024_11_20_20_18_26_952.jpg, C:\Users\Owner\Downloads\simulator-windows-64\dataTrack1\IMG\right_2024_11_20_20_18_26_952.jpg, 0, 0.8043855, 0, 26.9589
C:\Users\Owner\Downloads\simulator-windows-64\dataTrack1\IMG\center_2024_11_20_20_18_27_056.jpg, C:\Users\Owner\Downloads\simulator-windows-64\dataTrack1\IMG\left_2024_11_20_20_18_27_056.jpg, C:\Users\Owner\Downloads\simulator-windows-64\dataTrack1\IMG\right_2024_11_20_20_18_27_056.jpg, 0, 0.8947327, 0, 27.80786
C:\Users\Owner\Downloads\simulator-windows-64\dataTrack1\IMG\center_2024_11_20_20_18_27_159.jpg, C:\Users\Owner\Downloads\simulator-windows-64\dataTrack1\IMG\left_2024_11_20_20_18_27_159.jpg, C:\Users\Owner\Downloads\simulator-windows-64\dataTrack1\IMG\right_2024_11_20_20_18_27_159.jpg, 0, 0.7921447, 0, 28.47834
C:\Users\Owner\Downloads\simulator-windows-64\dataTrack1\IMG\center_2024_11_20_20_18_27_263.jpg, C:\Users\Owner\Downloads\simulator-windows-64\dataTrack1\IMG\left_2024_11_20_20_18_27_263.jpg, C:\Users\Owner\Downloads\simulator-windows-64\dataTrack1\IMG\right_2024_11_20_20_18_27_263.jpg, 0, 0.949282, 0, 29.29716
C:\Users\Owner\Downloads\simulator-windows-64\dataTrack1\IMG\center_2024_11_20_20_18_27_364.jpg, C:\Users\Owner\Downloads\simulator-windows-64\dataTrack1\IMG\left_2024_11_20_20_18_27_364.jpg, C:\Users\Owner\Downloads\simulator-windows-64\dataTrack1\IMG\right_2024_11_20_20_18_27_364.jpg, 0, 0.8013351, 0, 30.0058
C:\Users\Owner\Downloads\simulator-windows-64\dataTrack1\IMG\center_2024_11_20_20_18_27_473.jpg, C:\Users\Owner\Downloads\simulator-windows-64\dataTrack1\IMG\left_2024_11_20_20_18_27_473.jpg, C:\Users\Owner\Downloads\simulator-windows-64\dataTrack1\IMG\right_2024_11_20_20_18_27_473.jpg, 0, 1, 0, 30.19051
C:\Users\Owner\Downloads\simulator-windows-64\dataTrack1\IMG\center_2024_11_20_20_18_27_577.jpg, C:\Users\Owner\Downloads\simulator-windows-64\dataTrack1\IMG\left_2024_11_20_20_18_27_577.jpg, C:\Users\Owner\Downloads\simulator-windows-64\dataTrack1\IMG\right_2024_11_20_20_18_27_577.jpg, 0, 0.9974034, 0, 30.17993
C:\Users\Owner\Downloads\simulator-windows-64\dataTrack1\IMG\center_2024_11_20_20_18_27_683.jpg, C:\Users\Owner\Downloads\simulator-windows-64\dataTrack1\IMG\left_2024_11_20_20_18_27_683.jpg, C:\Users\Owner\Downloads\simulator-windows-64\dataTrack1\IMG\right_2024_11_20_20_18_27_683.jpg, 0, 0.94732, 0, 30.18996
C:\Users\Owner\Downloads\simulator-windows-64\dataTrack1\IMG\center_2024_11_20_20_18_27_788.jpg, C:\Users\Owner\Downloads\simulator-windows-64\dataTrack1\IMG\left_2024_11_20_20_18_27_788.jpg, C:\Users\Owner\Downloads\simulator-windows-64\dataTrack1\IMG\right_2024_11_20_20_18_27_788.jpg, 0, 0.9416263, 0, 30.16475
C:\Users\Owner\Downloads\simulator-windows-64\dataTrack1\IMG\center_2024_11_20_20_18_27_891.jpg, C:\Users\Owner\Downloads\simulator-windows-64\dataTrack1\IMG\left_2024_11_20_20_18_27_891.jpg, C:\Users\Owner\Downloads\simulator-windows-64\dataTrack1\IMG\right_2024_11_20_20_18_27_891.jpg, 0, 0.9471052, 0, 30.18983
C:\Users\Owner\Downloads\simulator-windows-64\dataTrack1\IMG\center_2024_11_20_20_18_27_994.jpg, C:\Users\Owner\Downloads\simulator-windows-64\dataTrack1\IMG\left_2024_11_20_20_18_27_994.jpg, C:\Users\Owner\Downloads\simulator-windows-64\dataTrack1\IMG\right_2024_11_20_20_18_27_994.jpg, 0, 0.6374038, 0, 30.10695
C:\Users\Owner\Downloads\simulator-windows-64\dataTrack1\IMG\center_2024_11_20_20_18_28_097.jpg, C:\Users\Owner\Downloads\simulator-windows-64\dataTrack1\IMG\left_2024_11_20_20_18_28_097.jpg, C:\Users\Owner\Downloads\simulator-windows-64\dataTrack1\IMG\right_2024_11_20_20_18_28_097.jpg, 0, 0.3285931, 0, 30.03258
C:\Users\Owner\Downloads\simulator-windows-64\dataTrack1\IMG\center_2024_11_20_20_18_28_204.jpg, C:\Users\Owner\Downloads\simulator-windows-64\dataTrack1\IMG\left_2024_11_20_20_18_28_204.jpg, C:\Users\Owner\Downloads\simulator-windows-64\dataTrack1\IMG\right_2024_11_20_20_18_28_204.jpg, 0, 0.4128718, 0, 30.01169
C:\Users\Owner\Downloads\simulator-windows-64\dataTrack1\IMG\center_2024_11_20_20_18_28_307.jpg, C:\Users\Owner\Downloads\simulator-windows-64\dataTrack1\IMG\left_2024_11_20_20_18_28_307.jpg, C:\Users\Owner\Downloads\simulator-windows-64\dataTrack1\IMG\right_2024_11_20_20_18_28_307.jpg, 0, 0.412745, 0, 30.05316
C:\Users\Owner\Downloads\simulator-windows-64\dataTrack1\IMG\center_2024_11_20_20_18_28_412.jpg, C:\Users\Owner\Downloads\simulator-windows-64\dataTrack1\IMG\left_2024_11_20_20_18_28_412.jpg, C:\Users\Owner\Downloads\simulator-windows-64\dataTrack1\IMG\right_2024_11_20_20_18_28_412.jpg, 0, 0.416978, 0, 30.03098
C:\Users\Owner\Downloads\simulator-windows-64\dataTrack1\IMG\center_2024_11_20_20_18_28_514.jpg, C:\Users\Owner\Downloads\simulator-windows-64\dataTrack1\IMG\left_2024_11_20_20_18_28_514.jpg, C:\Users\Owner\Downloads\simulator-windows-64\dataTrack1\IMG\right_2024_11_20_20_18_28_514.jpg, 0, 0.4149341, 0, 30.05012
C:\Users\Owner\Downloads\simulator-windows-64\dataTrack1\IMG\center_2024_11_20_20_18_28_619.jpg, C:\Users\Owner\Downloads\simulator-windows-64\dataTrack1\IMG\left_2024_11_20_20_18_28_619.jpg, C:\Users\Owner\Downloads\simulator-windows-64\dataTrack1\IMG\right_2024_11_20_20_18_28_619.jpg, 0, 0.4018, 0, 30.03187
C:\Users\Owner\Downloads\simulator-windows-64\dataTrack1\IMG\center_2024_11_20_20_18_28_724.jpg, C:\Users\Owner\Downloads\simulator-windows-64\dataTrack1\IMG\left_2024_11_20_20_18_28_724.jpg, C:\Users\Owner\Downloads\simulator-windows-64\dataTrack1\IMG\right_2024_11_20_20_18_28_724.jpg, 0, 0.4502803, 0, 30.05531
C:\Users\Owner\Downloads\simulator-windows-64\dataTrack1\IMG\center_2024_11_20_20_18_28_825.jpg, C:\Users\Owner\Downloads\simulator-windows-64\dataTrack1\IMG\left_2024_11_20_20_18_28_825.jpg, C:\Users\Owner\Downloads\simulator-windows-64\dataTrack1\IMG\right_2024_11_20_20_18_28_825.jpg, 0, 0.4485841, 0, 30.04413
C:\Users\Owner\Downloads\simulator-windows-64\dataTrack1\IMG\center_2024_11_20_20_18_28_929.jpg, C:\Users\Owner\Downloads\simulator-windows-64\dataTrack1\IMG\left_2024_11_20_20_18_28_929.jpg, C:\Users\Owner\Downloads\simulator-windows-64\dataTrack1\IMG\right_2024_11_20_20_18_28_929.jpg, 0, 0.5022307, 0, 30.07598
C:\Users\Owner\Downloads\simulator-windows-64\dataTrack1\IMG\center_2024_11_20_20_18_29_034.jpg, C:\Users\Owner\Downloads\simulator-windows-64\dataTrack1\IMG\left_2024_11_20_20_18_29_034.jpg, C:\Users\Owner\Downloads\simulator-windows-64\dataTrack1\IMG\right_2024_11_20_20_18_29_034.jpg, 0, 0.5031844, 0, 30.05326
C:\Users\Owner\Downloads\simulator-windows-64\dataTrack1\IMG\center_2024_11_20_20_18_29_138.jpg, C:\Users\Owner\Downloads\simulator-windows-64\dataTrack1\IMG\left_2024_11_20_20_18_29_138.jpg, C:\Users\Owner\Downloads\simulator-windows-64\dataTrack1\IMG\right_2024_11_20_20_18_29_138.jpg, 0, 0.509734, 0, 30.07387
C:\Users\Owner\Downloads\simulator-windows-64\dataTrack1\IMG\center_2024_11_20_20_18_29_243.jpg, C:\Users\Owner\Downloads\simulator-windows-64\dataTrack1\IMG\left_2024_11_20_20_18_29_243.jpg, C:\Users\Owner\Downloads\simulator-windows-64\dataTrack1\IMG\right_2024_11_20_20_18_29_243.jpg, 0, 0.5122741, 0, 30.04833
C:\Users\Owner\Downloads\simulator-windows-64\dataTrack1\IMG\center_2024_11_20_20_18_29_345.jpg, C:\Users\Owner\Downloads\simulator-windows-64\dataTrack1\IMG\left_2024_11_20_20_18_29_345.jpg, C:\Users\Owner\Downloads\simulator-windows-64\dataTrack1\IMG\right_2024_11_20_20_18_29_345.jpg, 0, 0.5678152, 0, 30.08528
C:\Users\Owner\Downloads\simulator-windows-64\dataTrack1\IMG\center_2024_11_20_20_18_29_448.jpg, C:\Users\Owner\Downloads\simulator-windows-64\dataTrack1\IMG\left_2024_11_20_20_18_29_448.jpg, C:\Users\Owner\Downloads\simulator-windows-64\dataTrack1\IMG\right_2024_11_20_20_18_29_448.jpg, 0, 0.2080792, 0, 29.9984
C:\Users\Owner\Downloads\simulator-windows-64\dataTrack1\IMG\center_2024_11_20_20_18_29_554.jpg, C:\Users\Owner\Downloads\simulator-windows-64\dataTrack1\IMG\left_2024_11_20_20_18_29_554.jpg, C:\Users\Owner\Downloads\simulator-windows-64\dataTrack1\IMG\right_2024_11_20_20_18_29_554.jpg, 0, 0, 0, 29.7726
C:\Users\Owner\Downloads\simulator-windows-64\dataTrack1\IMG\center_2024_11_20_20_18_29_658.jpg, C:\Users\Owner\Downloads\simulator-windows-64\dataTrack1\IMG\left_2024_11_20_20_18_29_658.jpg, C:\Users\Owner\Downloads\simulator-windows-64\dataTrack1\IMG\right_2024_11_20_20_18_29_658.jpg, -0.0518007, 0, 0, 29.47102
C:\Users\Owner\Downloads\simulator-windows-64\dataTrack1\IMG\center_2024_11_20_20_18_29_764.jpg, C:\Users\Owner\Downloads\simulator-windows-64\dataTrack1\IMG\left_2024_11_20_20_18_29_764.jpg, C:\Users\Owner\Downloads\simulator-windows-64\dataTrack1\IMG\right_2024_11_20_20_18_29_764.jpg, -0.2611008, 0, 0, 29.1221
C:\Users\Owner\Downloads\simulator-windows-64\dataTrack1\IMG\center_2024_11_20_20_18_29_865.jpg, C:\Users\Owner\Downloads\simulator-windows-64\dataTrack1\IMG\left_2024_11_20_20_18_29_865.jpg, C:\Users\Owner\Downloads\simulator-windows-64\dataTrack1\IMG\right_2024_11_20_20_18_29_865.jpg, -0.007039792, 0, 0, 28.8212
C:\Users\Owner\Downloads\simulator-windows-64\dataTrack1\IMG\center_2024_11_20_20_18_29_972.jpg, C:\Users\Owner\Downloads\simulator-windows-64\dataTrack1\IMG\left_2024_11_20_20_18_29_972.jpg, C:\Users\Owner\Downloads\simulator-windows-64\dataTrack1\IMG\right_2024_11_20_20_18_29_972.jpg, 0, 0, 0, 28.46937
C:\Users\Owner\Downloads\simulator-windows-64\dataTrack1\IMG\center_2024_11_20_20_18_30_079.jpg, C:\Users\Owner\Downloads\simulator-windows-64\dataTrack1\IMG\left_2024_11_20_20_18_30_079.jpg, C:\Users\Owner\Downloads\simulator-windows-64\dataTrack1\IMG\right_2024_11_20_20_18_30_079.jpg, 0, 0, 0, 28.18183
C:\Users\Owner\Downloads\simulator-windows-64\dataTrack1\IMG\center_2024_11_20_20_18_30_182.jpg, C:\Users\Owner\Downloads\simulator-windows-64\dataTrack1\IMG\left_2024_11_20_20_18_30_182.jpg, C:\Users\Owner\Downloads\simulator-windows-64\dataTrack1\IMG\right_2024_11_20_20_18_30_182.jpg, 0, 0.1545918, 0, 27.91544
C:\Users\Owner\Downloads\simulator-windows-64\dataTrack1\IMG\center_2024_11_20_20_18_30_289.jpg, C:\Users\Owner\Downloads\simulator-windows-64\dataTrack1\IMG\left_2024_11_20_20_18_30_289.jpg, C:\Users\Owner\Downloads\simulator-windows-64\dataTrack1\IMG\right_2024_11_20_20_18_30_289.jpg, 0, 0.169956, 0, 27.94375
C:\Users\Owner\Downloads\simulator-windows-64\dataTrack1\IMG\center_2024_11_20_20_18_30_393.jpg, C:\Users\Owner\Downloads\simulator-windows-64\dataTrack1\IMG\left_2024_11_20_20_18_30_393.jpg, C:\Users\Owner\Downloads\simulator-windows-64\dataTrack1\IMG\right_2024_11_20_20_18_30_393.jpg, 0, 0.1040388, 0, 27.72771
C:\Users\Owner\Downloads\simulator-windows-64\dataTrack1\IMG\center_2024_11_20_20_18_30_498.jpg, C:\Users\Owner\Downloads\simulator-windows-64\dataTrack1\IMG\left_2024_11_20_20_18_30_498.jpg, C:\Users\Owner\Downloads\simulator-windows-64\dataTrack1\IMG\right_2024_11_20_20_18_30_498.jpg, 0, 0.3134154, 0, 27.64501
C:\Users\Owner\Downloads\simulator-windows-64\dataTrack1\IMG\center_2024_11_20_20_18_30_599.jpg, C:\Users\Owner\Downloads\simulator-windows-64\dataTrack1\IMG\left_2024_11_20_20_18_30_599.jpg, C:\Users\Owner\Downloads\simulator-windows-64\dataTrack1\IMG\right_2024_11_20_20_18_30_599.jpg, 0, 0.007414185, 0, 27.64305
C:\Users\Owner\Downloads\simulator-windows-64\dataTrack1\IMG\center_2024_11_20_20_18_30_705.jpg, C:\Users\Owner\Downloads\simulator-windows-64\dataTrack1\IMG\left_2024_11_20_20_18_30_705.jpg, C:\Users\Owner\Downloads\simulator-windows-64\dataTrack1\IMG\right_2024_11_20_20_18_30_705.jpg, 0, 0, 0, 27.37169
C:\Users\Owner\Downloads\simulator-windows-64\dataTrack1\IMG\center_2024_11_20_20_18_30_812.jpg, C:\Users\Owner\Downloads\simulator-windows-64\dataTrack1\IMG\left_2024_11_20_20_18_30_812.jpg, C:\Users\Owner\Downloads\simulator-windows-64\dataTrack1\IMG\right_2024_11_20_20_18_30_812.jpg, 0, 0, 0, 27.05247
C:\Users\Owner\Downloads\simulator-windows-64\dataTrack1\IMG\center_2024_11_20_20_18_30_913.jpg, C:\Users\Owner\Downloads\simulator-windows-64\dataTrack1\IMG\left_2024_11_20_20_18_30_913.jpg, C:\Users\Owner\Downloads\simulator-windows-64\dataTrack1\IMG\right_2024_11_20_20_18_30_913.jpg, 0, 0, 0, 26.79123
C:\Users\Owner\Downloads\simulator-windows-64\dataTrack1\IMG\center_2024_11_20_20_18_31_017.jpg, C:\Users\Owner\Downloads\simulator-windows-64\dataTrack1\IMG\left_2024_11_20_20_18_31_017.jpg, C:\Users\Owner\Downloads\simulator-windows-64\dataTrack1\IMG\right_2024_11_20_20_18_31_017.jpg, -0.2020881, 0, 0, 26.50441
C:\Users\Owner\Downloads\simulator-windows-64\dataTrack1\IMG\center_2024_11_20_20_18_31_122.jpg, C:\Users\Owner\Downloads\simulator-windows-64\dataTrack1\IMG\left_2024_11_20_20_18_31_122.jpg, C:\Users\Owner\Downloads\simulator-windows-64\dataTrack1\IMG\right_2024_11_20_20_18_31_122.jpg, -0.5175075, 0, 0, 26.0982
C:\Users\Owner\Downloads\simulator-windows-64\dataTrack1\IMG\center_2024_11_20_20_18_31_226.jpg, C:\Users\Owner\Downloads\simulator-windows-64\dataTrack1\IMG\left_2024_11_20_20_18_31_226.jpg, C:\Users\Owner\Downloads\simulator-windows-64\dataTrack1\IMG\right_2024_11_20_20_18_31_226.jpg, -0.2560047, 0, 0, 25.78104
C:\Users\Owner\Downloads\simulator-windows-64\dataTrack1\IMG\center_2024_11_20_20_18_31_330.jpg, C:\Users\Owner\Downloads\simulator-windows-64\dataTrack1\IMG\left_2024_11_20_20_18_31_330.jpg, C:\Users\Owner\Downloads\simulator-windows-64\dataTrack1\IMG\right_2024_11_20_20_18_31_330.jpg, 0, 0.2069304, 0, 25.55283
C:\Users\Owner\Downloads\simulator-windows-64\dataTrack1\IMG\center_2024_11_20_20_18_31_434.jpg, C:\Users\Owner\Downloads\simulator-windows-64\dataTrack1\IMG\left_2024_11_20_20_18_31_434.jpg, C:\Users\Owner\Downloads\simulator-windows-64\dataTrack1\IMG\right_2024_11_20_20_18_31_434.jpg, 0, 0.2043474, 0, 25.64371
C:\Users\Owner\Downloads\simulator-windows-64\dataTrack1\IMG\center_2024_11_20_20_18_31_539.jpg, C:\Users\Owner\Downloads\simulator-windows-64\dataTrack1\IMG\left_2024_11_20_20_18_31_539.jpg, C:\Users\Owner\Downloads\simulator-windows-64\dataTrack1\IMG\right_2024_11_20_20_18_31_539.jpg, 0, 0.1959402, 0, 25.52831
C:\Users\Owner\Downloads\simulator-windows-64\dataTrack1\IMG\center_2024_11_20_20_18_31_643.jpg, C:\Users\Owner\Downloads\simulator-windows-64\dataTrack1\IMG\left_2024_11_20_20_18_31_643.jpg, C:\Users\Owner\Downloads\simulator-windows-64\dataTrack1\IMG\right_2024_11_20_20_18_31_643.jpg, 0, 0.3008079, 0, 25.65129
C:\Users\Owner\Downloads\simulator-windows-64\dataTrack1\IMG\center_2024_11_20_20_18_31_747.jpg, C:\Users\Owner\Downloads\simulator-windows-64\dataTrack1\IMG\left_2024_11_20_20_18_31_747.jpg, C:\Users\Owner\Downloads\simulator-windows-64\dataTrack1\IMG\right_2024_11_20_20_18_31_747.jpg, 0, 0.2924391, 0, 25.64564
C:\Users\Owner\Downloads\simulator-windows-64\dataTrack1\IMG\center_2024_11_20_20_18_31_849.jpg, C:\Users\Owner\Downloads\simulator-windows-64\dataTrack1\IMG\left_2024_11_20_20_18_31_849.jpg, C:\Users\Owner\Downloads\simulator-windows-64\dataTrack1\IMG\right_2024_11_20_20_18_31_849.jpg, 0, 0.2917602, 0, 25.8486
C:\Users\Owner\Downloads\simulator-windows-64\dataTrack1\IMG\center_2024_11_20_20_18_31_955.jpg, C:\Users\Owner\Downloads\simulator-windows-64\dataTrack1\IMG\left_2024_11_20_20_18_31_955.jpg, C:\Users\Owner\Downloads\simulator-windows-64\dataTrack1\IMG\right_2024_11_20_20_18_31_955.jpg, 0, 0.2863674, 0, 25.8317
C:\Users\Owner\Downloads\simulator-windows-64\dataTrack1\IMG\center_2024_11_20_20_18_32_059.jpg, C:\Users\Owner\Downloads\simulator-windows-64\dataTrack1\IMG\left_2024_11_20_20_18_32_059.jpg, C:\Users\Owner\Downloads\simulator-windows-64\dataTrack1\IMG\right_2024_11_20_20_18_32_059.jpg, 0, 0.1791613, 0, 25.95755
C:\Users\Owner\Downloads\simulator-windows-64\dataTrack1\IMG\center_2024_11_20_20_18_32_166.jpg, C:\Users\Owner\Downloads\simulator-windows-64\dataTrack1\IMG\left_2024_11_20_20_18_32_166.jpg, C:\Users\Owner\Downloads\simulator-windows-64\dataTrack1\IMG\right_2024_11_20_20_18_32_166.jpg, 0, 0, 0, 25.77421
C:\Users\Owner\Downloads\simulator-windows-64\dataTrack1\IMG\center_2024_11_20_20_18_32_267.jpg, C:\Users\Owner\Downloads\simulator-windows-64\dataTrack1\IMG\left_2024_11_20_20_18_32_267.jpg, C:\Users\Owner\Downloads\simulator-windows-64\dataTrack1\IMG\right_2024_11_20_20_18_32_267.jpg, 0, 0.1529373, 0, 25.70527
C:\Users\Owner\Downloads\simulator-windows-64\dataTrack1\IMG\center_2024_11_20_20_18_32_372.jpg, C:\Users\Owner\Downloads\simulator-windows-64\dataTrack1\IMG\left_2024_11_20_20_18_32_372.jpg, C:\Users\Owner\Downloads\simulator-windows-64\dataTrack1\IMG\right_2024_11_20_20_18_32_372.jpg, 0, 0, 0, 25.4828
C:\Users\Owner\Downloads\simulator-windows-64\dataTrack1\IMG\center_2024_11_20_20_18_32_477.jpg, C:\Users\Owner\Downloads\simulator-windows-64\dataTrack1\IMG\left_2024_11_20_20_18_32_477.jpg, C:\Users\Owner\Downloads\simulator-windows-64\dataTrack1\IMG\right_2024_11_20_20_18_32_477.jpg, 0, 0, 0, 25.22734
C:\Users\Owner\Downloads\simulator-windows-64\dataTrack1\IMG\center_2024_11_20_20_18_32_581.jpg, C:\Users\Owner\Downloads\simulator-windows-64\dataTrack1\IMG\left_2024_11_20_20_18_32_581.jpg, C:\Users\Owner\Downloads\simulator-windows-64\dataTrack1\IMG\right_2024_11_20_20_18_32_581.jpg, 0, 0, 0, 24.97327
C:\Users\Owner\Downloads\simulator-windows-64\dataTrack1\IMG\center_2024_11_20_20_18_32_683.jpg, C:\Users\Owner\Downloads\simulator-windows-64\dataTrack1\IMG\left_2024_11_20_20_18_32_683.jpg, C:\Users\Owner\Downloads\simulator-windows-64\dataTrack1\IMG\right_2024_11_20_20_18_32_683.jpg, 0, 0, 0, 24.72166
C:\Users\Owner\Downloads\simulator-windows-64\dataTrack1\IMG\center_2024_11_20_20_18_32_787.jpg, C:\Users\Owner\Downloads\simulator-windows-64\dataTrack1\IMG\left_2024_11_20_20_18_32_787.jpg, C:\Users\Owner\Downloads\simulator-windows-64\dataTrack1\IMG\right_2024_11_20_20_18_32_787.jpg, 0, 0, 0, 24.42331
C:\Users\Owner\Downloads\simulator-windows-64\dataTrack1\IMG\center_2024_11_20_20_18_32_891.jpg, C:\Users\Owner\Downloads\simulator-windows-64\dataTrack1\IMG\left_2024_11_20_20_18_32_891.jpg, C:\Users\Owner\Downloads\simulator-windows-64\dataTrack1\IMG\right_2024_11_20_20_18_32_891.jpg, 0, 0, 0, 24.17674
C:\Users\Owner\Downloads\simulator-windows-64\dataTrack1\IMG\center_2024_11_20_20_18_32_993.jpg, C:\Users\Owner\Downloads\simulator-windows-64\dataTrack1\IMG\left_2024_11_20_20_18_32_993.jpg, C:\Users\Owner\Downloads\simulator-windows-64\dataTrack1\IMG\right_2024_11_20_20_18_32_993.jpg, 0, 0, 0, 23.933
C:\Users\Owner\Downloads\simulator-windows-64\dataTrack1\IMG\center_2024_11_20_20_18_33_096.jpg, C:\Users\Owner\Downloads\simulator-windows-64\dataTrack1\IMG\left_2024_11_20_20_18_33_096.jpg, C:\Users\Owner\Downloads\simulator-windows-64\dataTrack1\IMG\right_2024_11_20_20_18_33_096.jpg, 0, 0, 0, 23.69171
C:\Users\Owner\Downloads\simulator-windows-64\dataTrack1\IMG\center_2024_11_20_20_18_33_199.jpg, C:\Users\Owner\Downloads\simulator-windows-64\dataTrack1\IMG\left_2024_11_20_20_18_33_199.jpg, C:\Users\Owner\Downloads\simulator-windows-64\dataTrack1\IMG\right_2024_11_20_20_18_33_199.jpg, 0.15576, 0, 0, 23.4441
C:\Users\Owner\Downloads\simulator-windows-64\dataTrack1\IMG\center_2024_11_20_20_18_33_305.jpg, C:\Users\Owner\Downloads\simulator-windows-64\dataTrack1\IMG\left_2024_11_20_20_18_33_305.jpg, C:\Users\Owner\Downloads\simulator-windows-64\dataTrack1\IMG\right_2024_11_20_20_18_33_305.jpg, 0.1056582, 0, 0, 23.17281
C:\Users\Owner\Downloads\simulator-windows-64\dataTrack1\IMG\center_2024_11_20_20_18_33_409.jpg, C:\Users\Owner\Downloads\simulator-windows-64\dataTrack1\IMG\left_2024_11_20_20_18_33_409.jpg, C:\Users\Owner\Downloads\simulator-windows-64\dataTrack1\IMG\right_2024_11_20_20_18_33_409.jpg, 0, 0, 0, 22.88862
C:\Users\Owner\Downloads\simulator-windows-64\dataTrack1\IMG\center_2024_11_20_20_18_33_512.jpg, C:\Users\Owner\Downloads\simulator-windows-64\dataTrack1\IMG\left_2024_11_20_20_18_33_512.jpg, C:\Users\Owner\Downloads\simulator-windows-64\dataTrack1\IMG\right_2024_11_20_20_18_33_512.jpg, 0, 0, 0, 22.65861
C:\Users\Owner\Downloads\simulator-windows-64\dataTrack1\IMG\center_2024_11_20_20_18_33_615.jpg, C:\Users\Owner\Downloads\simulator-windows-64\dataTrack1\IMG\left_2024_11_20_20_18_33_615.jpg, C:\Users\Owner\Downloads\simulator-windows-64\dataTrack1\IMG\right_2024_11_20_20_18_33_615.jpg, 0, 0.3075855, 0, 22.61232
C:\Users\Owner\Downloads\simulator-windows-64\dataTrack1\IMG\center_2024_11_20_20_18_33_721.jpg, C:\Users\Owner\Downloads\simulator-windows-64\dataTrack1\IMG\left_2024_11_20_20_18_33_721.jpg, C:\Users\Owner\Downloads\simulator-windows-64\dataTrack1\IMG\right_2024_11_20_20_18_33_721.jpg, 0, 0.2066037, 0, 22.8146
C:\Users\Owner\Downloads\simulator-windows-64\dataTrack1\IMG\center_2024_11_20_20_18_33_822.jpg, C:\Users\Owner\Downloads\simulator-windows-64\dataTrack1\IMG\left_2024_11_20_20_18_33_822.jpg, C:\Users\Owner\Downloads\simulator-windows-64\dataTrack1\IMG\right_2024_11_20_20_18_33_822.jpg, 0, 0.2976987, 0, 22.80468
C:\Users\Owner\Downloads\simulator-windows-64\dataTrack1\IMG\center_2024_11_20_20_18_33_928.jpg, C:\Users\Owner\Downloads\simulator-windows-64\dataTrack1\IMG\left_2024_11_20_20_18_33_928.jpg, C:\Users\Owner\Downloads\simulator-windows-64\dataTrack1\IMG\right_2024_11_20_20_18_33_928.jpg, 0, 0.2206344, 0, 23.05433
C:\Users\Owner\Downloads\simulator-windows-64\dataTrack1\IMG\center_2024_11_20_20_18_34_031.jpg, C:\Users\Owner\Downloads\simulator-windows-64\dataTrack1\IMG\left_2024_11_20_20_18_34_031.jpg, C:\Users\Owner\Downloads\simulator-windows-64\dataTrack1\IMG\right_2024_11_20_20_18_34_031.jpg, 0, 0, 0, 22.89977
C:\Users\Owner\Downloads\simulator-windows-64\dataTrack1\IMG\center_2024_11_20_20_18_34_136.jpg, C:\Users\Owner\Downloads\simulator-windows-64\dataTrack1\IMG\left_2024_11_20_20_18_34_136.jpg, C:\Users\Owner\Downloads\simulator-windows-64\dataTrack1\IMG\right_2024_11_20_20_18_34_136.jpg, 0, 0, 0, 22.67094
C:\Users\Owner\Downloads\simulator-windows-64\dataTrack1\IMG\center_2024_11_20_20_18_34_240.jpg, C:\Users\Owner\Downloads\simulator-windows-64\dataTrack1\IMG\left_2024_11_20_20_18_34_240.jpg, C:\Users\Owner\Downloads\simulator-windows-64\dataTrack1\IMG\right_2024_11_20_20_18_34_240.jpg, -0.1052466, 0, 0, 22.43998
C:\Users\Owner\Downloads\simulator-windows-64\dataTrack1\IMG\center_2024_11_20_20_18_34_344.jpg, C:\Users\Owner\Downloads\simulator-windows-64\dataTrack1\IMG\left_2024_11_20_20_18_34_344.jpg, C:\Users\Owner\Downloads\simulator-windows-64\dataTrack1\IMG\right_2024_11_20_20_18_34_344.jpg, -0.3660366, 0, 0, 22.14295
C:\Users\Owner\Downloads\simulator-windows-64\dataTrack1\IMG\center_2024_11_20_20_18_34_447.jpg, C:\Users\Owner\Downloads\simulator-windows-64\dataTrack1\IMG\left_2024_11_20_20_18_34_447.jpg, C:\Users\Owner\Downloads\simulator-windows-64\dataTrack1\IMG\right_2024_11_20_20_18_34_447.jpg, -0.1081398, 0, 0, 21.85016
C:\Users\Owner\Downloads\simulator-windows-64\dataTrack1\IMG\center_2024_11_20_20_18_34_551.jpg, C:\Users\Owner\Downloads\simulator-windows-64\dataTrack1\IMG\left_2024_11_20_20_18_34_551.jpg, C:\Users\Owner\Downloads\simulator-windows-64\dataTrack1\IMG\right_2024_11_20_20_18_34_551.jpg, 0, 0, 0, 21.61907
C:\Users\Owner\Downloads\simulator-windows-64\dataTrack1\IMG\center_2024_11_20_20_18_34_655.jpg, C:\Users\Owner\Downloads\simulator-windows-64\dataTrack1\IMG\left_2024_11_20_20_18_34_655.jpg, C:\Users\Owner\Downloads\simulator-windows-64\dataTrack1\IMG\right_2024_11_20_20_18_34_655.jpg, 0, 0, 0, 21.40176
C:\Users\Owner\Downloads\simulator-windows-64\dataTrack1\IMG\center_2024_11_20_20_18_34_759.jpg, C:\Users\Owner\Downloads\simulator-windows-64\dataTrack1\IMG\left_2024_11_20_20_18_34_759.jpg, C:\Users\Owner\Downloads\simulator-windows-64\dataTrack1\IMG\right_2024_11_20_20_18_34_759.jpg, -0.054729, 0, 0, 21.18579
C:\Users\Owner\Downloads\simulator-windows-64\dataTrack1\IMG\center_2024_11_20_20_18_34_861.jpg, C:\Users\Owner\Downloads\simulator-windows-64\dataTrack1\IMG\left_2024_11_20_20_18_34_861.jpg, C:\Users\Owner\Downloads\simulator-windows-64\dataTrack1\IMG\right_2024_11_20_20_18_34_861.jpg, -0.3610056, 0, 0, 20.91411
C:\Users\Owner\Downloads\simulator-windows-64\dataTrack1\IMG\center_2024_11_20_20_18_34_966.jpg, C:\Users\Owner\Downloads\simulator-windows-64\dataTrack1\IMG\left_2024_11_20_20_18_34_966.jpg, C:\Users\Owner\Downloads\simulator-windows-64\dataTrack1\IMG\right_2024_11_20_20_18_34_966.jpg, -0.3184692, 0.1010679, 0, 20.63212
C:\Users\Owner\Downloads\simulator-windows-64\dataTrack1\IMG\center_2024_11_20_20_18_35_070.jpg, C:\Users\Owner\Downloads\simulator-windows-64\dataTrack1\IMG\left_2024_11_20_20_18_35_070.jpg, C:\Users\Owner\Downloads\simulator-windows-64\dataTrack1\IMG\right_2024_11_20_20_18_35_070.jpg, 0, 0.2549271, 0, 20.79832
C:\Users\Owner\Downloads\simulator-windows-64\dataTrack1\IMG\center_2024_11_20_20_18_35_175.jpg, C:\Users\Owner\Downloads\simulator-windows-64\dataTrack1\IMG\left_2024_11_20_20_18_35_175.jpg, C:\Users\Owner\Downloads\simulator-windows-64\dataTrack1\IMG\right_2024_11_20_20_18_35_175.jpg, 0, 0, 0, 20.62336
C:\Users\Owner\Downloads\simulator-windows-64\dataTrack1\IMG\center_2024_11_20_20_18_35_278.jpg, C:\Users\Owner\Downloads\simulator-windows-64\dataTrack1\IMG\left_2024_11_20_20_18_35_278.jpg, C:\Users\Owner\Downloads\simulator-windows-64\dataTrack1\IMG\right_2024_11_20_20_18_35_278.jpg, 0, 0.3104466, 0, 20.70974
C:\Users\Owner\Downloads\simulator-windows-64\dataTrack1\IMG\center_2024_11_20_20_18_35_383.jpg, C:\Users\Owner\Downloads\simulator-windows-64\dataTrack1\IMG\left_2024_11_20_20_18_35_383.jpg, C:\Users\Owner\Downloads\simulator-windows-64\dataTrack1\IMG\right_2024_11_20_20_18_35_383.jpg, -0.053616, 0, 0, 20.58072
C:\Users\Owner\Downloads\simulator-windows-64\dataTrack1\IMG\center_2024_11_20_20_18_35_484.jpg, C:\Users\Owner\Downloads\simulator-windows-64\dataTrack1\IMG\left_2024_11_20_20_18_35_484.jpg, C:\Users\Owner\Downloads\simulator-windows-64\dataTrack1\IMG\right_2024_11_20_20_18_35_484.jpg, -0.3572601, 0, 0, 20.46155
C:\Users\Owner\Downloads\simulator-windows-64\dataTrack1\IMG\center_2024_11_20_20_18_35_589.jpg, C:\Users\Owner\Downloads\simulator-windows-64\dataTrack1\IMG\left_2024_11_20_20_18_35_589.jpg, C:\Users\Owner\Downloads\simulator-windows-64\dataTrack1\IMG\right_2024_11_20_20_18_35_589.jpg, -0.6745323, 0, 0, 20.01583
C:\Users\Owner\Downloads\simulator-windows-64\dataTrack1\IMG\center_2024_11_20_20_18_35_696.jpg, C:\Users\Owner\Downloads\simulator-windows-64\dataTrack1\IMG\left_2024_11_20_20_18_35_696.jpg, C:\Users\Owner\Downloads\simulator-windows-64\dataTrack1\IMG\right_2024_11_20_20_18_35_696.jpg, -0.585028, 0, 0, 19.37478
C:\Users\Owner\Downloads\simulator-windows-64\dataTrack1\IMG\center_2024_11_20_20_18_35_799.jpg, C:\Users\Owner\Downloads\simulator-windows-64\dataTrack1\IMG\left_2024_11_20_20_18_35_799.jpg, C:\Users\Owner\Downloads\simulator-windows-64\dataTrack1\IMG\right_2024_11_20_20_18_35_799.jpg, -0.2736556, 0, 0, 19.54918
C:\Users\Owner\Downloads\simulator-windows-64\dataTrack1\IMG\center_2024_11_20_20_18_35_903.jpg, C:\Users\Owner\Downloads\simulator-windows-64\dataTrack1\IMG\left_2024_11_20_20_18_35_903.jpg, C:\Users\Owner\Downloads\simulator-windows-64\dataTrack1\IMG\right_2024_11_20_20_18_35_903.jpg, -0.07143488, 0, 0, 18.96286
C:\Users\Owner\Downloads\simulator-windows-64\dataTrack1\IMG\center_2024_11_20_20_18_36_006.jpg, C:\Users\Owner\Downloads\simulator-windows-64\dataTrack1\IMG\left_2024_11_20_20_18_36_006.jpg, C:\Users\Owner\Downloads\simulator-windows-64\dataTrack1\IMG\right_2024_11_20_20_18_36_006.jpg, -0.3326791, 0, 0, 19.17161
C:\Users\Owner\Downloads\simulator-windows-64\dataTrack1\IMG\center_2024_11_20_20_18_36_111.jpg, C:\Users\Owner\Downloads\simulator-windows-64\dataTrack1\IMG\left_2024_11_20_20_18_36_111.jpg, C:\Users\Owner\Downloads\simulator-windows-64\dataTrack1\IMG\right_2024_11_20_20_18_36_111.jpg, -0.6956142, 0, 0, 18.7529
C:\Users\Owner\Downloads\simulator-windows-64\dataTrack1\IMG\center_2024_11_20_20_18_36_214.jpg, C:\Users\Owner\Downloads\simulator-windows-64\dataTrack1\IMG\left_2024_11_20_20_18_36_214.jpg, C:\Users\Owner\Downloads\simulator-windows-64\dataTrack1\IMG\right_2024_11_20_20_18_36_214.jpg, -0.3848227, 0.1043859, 0, 18.13283
C:\Users\Owner\Downloads\simulator-windows-64\dataTrack1\IMG\center_2024_11_20_20_18_36_318.jpg, C:\Users\Owner\Downloads\simulator-windows-64\dataTrack1\IMG\left_2024_11_20_20_18_36_318.jpg, C:\Users\Owner\Downloads\simulator-windows-64\dataTrack1\IMG\right_2024_11_20_20_18_36_318.jpg, -0.07430199, 0.308538, 0, 18.68097
C:\Users\Owner\Downloads\simulator-windows-64\dataTrack1\IMG\center_2024_11_20_20_18_36_422.jpg, C:\Users\Owner\Downloads\simulator-windows-64\dataTrack1\IMG\left_2024_11_20_20_18_36_422.jpg, C:\Users\Owner\Downloads\simulator-windows-64\dataTrack1\IMG\right_2024_11_20_20_18_36_422.jpg, 0, 0, 0, 18.27324
C:\Users\Owner\Downloads\simulator-windows-64\dataTrack1\IMG\center_2024_11_20_20_18_36_526.jpg, C:\Users\Owner\Downloads\simulator-windows-64\dataTrack1\IMG\left_2024_11_20_20_18_36_526.jpg, C:\Users\Owner\Downloads\simulator-windows-64\dataTrack1\IMG\right_2024_11_20_20_18_36_526.jpg, 0, 0.0516648, 0, 18.53134
C:\Users\Owner\Downloads\simulator-windows-64\dataTrack1\IMG\center_2024_11_20_20_18_36_631.jpg, C:\Users\Owner\Downloads\simulator-windows-64\dataTrack1\IMG\left_2024_11_20_20_18_36_631.jpg, C:\Users\Owner\Downloads\simulator-windows-64\dataTrack1\IMG\right_2024_11_20_20_18_36_631.jpg, 0, 0.2094879, 0, 18.62023
C:\Users\Owner\Downloads\simulator-windows-64\dataTrack1\IMG\center_2024_11_20_20_18_36_734.jpg, C:\Users\Owner\Downloads\simulator-windows-64\dataTrack1\IMG\left_2024_11_20_20_18_36_734.jpg, C:\Users\Owner\Downloads\simulator-windows-64\dataTrack1\IMG\right_2024_11_20_20_18_36_734.jpg, 0, 0.1038549, 0, 18.07016
C:\Users\Owner\Downloads\simulator-windows-64\dataTrack1\IMG\center_2024_11_20_20_18_36_839.jpg, C:\Users\Owner\Downloads\simulator-windows-64\dataTrack1\IMG\left_2024_11_20_20_18_36_839.jpg, C:\Users\Owner\Downloads\simulator-windows-64\dataTrack1\IMG\right_2024_11_20_20_18_36_839.jpg, 0, 0.1969785, 0, 18.60563
C:\Users\Owner\Downloads\simulator-windows-64\dataTrack1\IMG\center_2024_11_20_20_18_36_943.jpg, C:\Users\Owner\Downloads\simulator-windows-64\dataTrack1\IMG\left_2024_11_20_20_18_36_943.jpg, C:\Users\Owner\Downloads\simulator-windows-64\dataTrack1\IMG\right_2024_11_20_20_18_36_943.jpg, -0.0529749, 0, 0, 18.05658
C:\Users\Owner\Downloads\simulator-windows-64\dataTrack1\IMG\center_2024_11_20_20_18_37_048.jpg, C:\Users\Owner\Downloads\simulator-windows-64\dataTrack1\IMG\left_2024_11_20_20_18_37_048.jpg, C:\Users\Owner\Downloads\simulator-windows-64\dataTrack1\IMG\right_2024_11_20_20_18_37_048.jpg, -0.3678828, 0, 0, 17.77161
C:\Users\Owner\Downloads\simulator-windows-64\dataTrack1\IMG\center_2024_11_20_20_18_37_152.jpg, C:\Users\Owner\Downloads\simulator-windows-64\dataTrack1\IMG\left_2024_11_20_20_18_37_152.jpg, C:\Users\Owner\Downloads\simulator-windows-64\dataTrack1\IMG\right_2024_11_20_20_18_37_152.jpg, -0.6774786, 0, 0, 17.86424
C:\Users\Owner\Downloads\simulator-windows-64\dataTrack1\IMG\center_2024_11_20_20_18_37_258.jpg, C:\Users\Owner\Downloads\simulator-windows-64\dataTrack1\IMG\left_2024_11_20_20_18_37_258.jpg, C:\Users\Owner\Downloads\simulator-windows-64\dataTrack1\IMG\right_2024_11_20_20_18_37_258.jpg, -0.3566628, 0, 0, 17.16801
C:\Users\Owner\Downloads\simulator-windows-64\dataTrack1\IMG\center_2024_11_20_20_18_37_361.jpg, C:\Users\Owner\Downloads\simulator-windows-64\dataTrack1\IMG\left_2024_11_20_20_18_37_361.jpg, C:\Users\Owner\Downloads\simulator-windows-64\dataTrack1\IMG\right_2024_11_20_20_18_37_361.jpg, -0.04883734, 0.2075505, 0, 17.50837
C:\Users\Owner\Downloads\simulator-windows-64\dataTrack1\IMG\center_2024_11_20_20_18_37_466.jpg, C:\Users\Owner\Downloads\simulator-windows-64\dataTrack1\IMG\left_2024_11_20_20_18_37_466.jpg, C:\Users\Owner\Downloads\simulator-windows-64\dataTrack1\IMG\right_2024_11_20_20_18_37_466.jpg, 0, 0.4684287, 0, 17.4106
C:\Users\Owner\Downloads\simulator-windows-64\dataTrack1\IMG\center_2024_11_20_20_18_37_567.jpg, C:\Users\Owner\Downloads\simulator-windows-64\dataTrack1\IMG\left_2024_11_20_20_18_37_567.jpg, C:\Users\Owner\Downloads\simulator-windows-64\dataTrack1\IMG\right_2024_11_20_20_18_37_567.jpg, 0, 0.2074044, 0, 17.4698
C:\Users\Owner\Downloads\simulator-windows-64\dataTrack1\IMG\center_2024_11_20_20_18_37_674.jpg, C:\Users\Owner\Downloads\simulator-windows-64\dataTrack1\IMG\left_2024_11_20_20_18_37_674.jpg, C:\Users\Owner\Downloads\simulator-windows-64\dataTrack1\IMG\right_2024_11_20_20_18_37_674.jpg, 0, 0.3176365, 0, 18.17135
C:\Users\Owner\Downloads\simulator-windows-64\dataTrack1\IMG\center_2024_11_20_20_18_37_779.jpg, C:\Users\Owner\Downloads\simulator-windows-64\dataTrack1\IMG\left_2024_11_20_20_18_37_779.jpg, C:\Users\Owner\Downloads\simulator-windows-64\dataTrack1\IMG\right_2024_11_20_20_18_37_779.jpg, -0.1549578, 0.0008013472, 0, 17.74247
C:\Users\Owner\Downloads\simulator-windows-64\dataTrack1\IMG\center_2024_11_20_20_18_37_882.jpg, C:\Users\Owner\Downloads\simulator-windows-64\dataTrack1\IMG\left_2024_11_20_20_18_37_882.jpg, C:\Users\Owner\Downloads\simulator-windows-64\dataTrack1\IMG\right_2024_11_20_20_18_37_882.jpg, -0.4650747, 0, 0, 17.92031
C:\Users\Owner\Downloads\simulator-windows-64\dataTrack1\IMG\center_2024_11_20_20_18_37_989.jpg, C:\Users\Owner\Downloads\simulator-windows-64\dataTrack1\IMG\left_2024_11_20_20_18_37_989.jpg, C:\Users\Owner\Downloads\simulator-windows-64\dataTrack1\IMG\right_2024_11_20_20_18_37_989.jpg, -0.671032, 0, 0, 17.5225
C:\Users\Owner\Downloads\simulator-windows-64\dataTrack1\IMG\center_2024_11_20_20_18_38_095.jpg, C:\Users\Owner\Downloads\simulator-windows-64\dataTrack1\IMG\left_2024_11_20_20_18_38_095.jpg, C:\Users\Owner\Downloads\simulator-windows-64\dataTrack1\IMG\right_2024_11_20_20_18_38_095.jpg, -0.3535609, 0.0538491, 0, 16.83606
C:\Users\Owner\Downloads\simulator-windows-64\dataTrack1\IMG\center_2024_11_20_20_18_38_199.jpg, C:\Users\Owner\Downloads\simulator-windows-64\dataTrack1\IMG\left_2024_11_20_20_18_38_199.jpg, C:\Users\Owner\Downloads\simulator-windows-64\dataTrack1\IMG\right_2024_11_20_20_18_38_199.jpg, -0.04091197, 0.366498, 0, 17.35826
C:\Users\Owner\Downloads\simulator-windows-64\dataTrack1\IMG\center_2024_11_20_20_18_38_302.jpg, C:\Users\Owner\Downloads\simulator-windows-64\dataTrack1\IMG\left_2024_11_20_20_18_38_302.jpg, C:\Users\Owner\Downloads\simulator-windows-64\dataTrack1\IMG\right_2024_11_20_20_18_38_302.jpg, -0.3487684, 0.05864161, 0, 17.04829
C:\Users\Owner\Downloads\simulator-windows-64\dataTrack1\IMG\center_2024_11_20_20_18_38_408.jpg, C:\Users\Owner\Downloads\simulator-windows-64\dataTrack1\IMG\left_2024_11_20_20_18_38_408.jpg, C:\Users\Owner\Downloads\simulator-windows-64\dataTrack1\IMG\right_2024_11_20_20_18_38_408.jpg, -0.6656243, 0, 0, 16.69052
C:\Users\Owner\Downloads\simulator-windows-64\dataTrack1\IMG\center_2024_11_20_20_18_38_511.jpg, C:\Users\Owner\Downloads\simulator-windows-64\dataTrack1\IMG\left_2024_11_20_20_18_38_511.jpg, C:\Users\Owner\Downloads\simulator-windows-64\dataTrack1\IMG\right_2024_11_20_20_18_38_511.jpg, -0.355291, 0, 0, 17.01623
C:\Users\Owner\Downloads\simulator-windows-64\dataTrack1\IMG\center_2024_11_20_20_18_38_615.jpg, C:\Users\Owner\Downloads\simulator-windows-64\dataTrack1\IMG\left_2024_11_20_20_18_38_615.jpg, C:\Users\Owner\Downloads\simulator-windows-64\dataTrack1\IMG\right_2024_11_20_20_18_38_615.jpg, -0.3589408, 0, 0, 16.32788
C:\Users\Owner\Downloads\simulator-windows-64\dataTrack1\IMG\center_2024_11_20_20_18_38_718.jpg, C:\Users\Owner\Downloads\simulator-windows-64\dataTrack1\IMG\left_2024_11_20_20_18_38_718.jpg, C:\Users\Owner\Downloads\simulator-windows-64\dataTrack1\IMG\right_2024_11_20_20_18_38_718.jpg, -0.04888029, 0, 0, 16.69072
C:\Users\Owner\Downloads\simulator-windows-64\dataTrack1\IMG\center_2024_11_20_20_18_38_824.jpg, C:\Users\Owner\Downloads\simulator-windows-64\dataTrack1\IMG\left_2024_11_20_20_18_38_824.jpg, C:\Users\Owner\Downloads\simulator-windows-64\dataTrack1\IMG\right_2024_11_20_20_18_38_824.jpg, 0, 0.0570237, 0, 15.98953
C:\Users\Owner\Downloads\simulator-windows-64\dataTrack1\IMG\center_2024_11_20_20_18_38_926.jpg, C:\Users\Owner\Downloads\simulator-windows-64\dataTrack1\IMG\left_2024_11_20_20_18_38_926.jpg, C:\Users\Owner\Downloads\simulator-windows-64\dataTrack1\IMG\right_2024_11_20_20_18_38_926.jpg, 0, 0.3609879, 0, 16.57288
C:\Users\Owner\Downloads\simulator-windows-64\dataTrack1\IMG\center_2024_11_20_20_18_39_030.jpg, C:\Users\Owner\Downloads\simulator-windows-64\dataTrack1\IMG\left_2024_11_20_20_18_39_030.jpg, C:\Users\Owner\Downloads\simulator-windows-64\dataTrack1\IMG\right_2024_11_20_20_18_39_030.jpg, 0, 0.0005469061, 0, 16.65437
C:\Users\Owner\Downloads\simulator-windows-64\dataTrack1\IMG\center_2024_11_20_20_18_39_135.jpg, C:\Users\Owner\Downloads\simulator-windows-64\dataTrack1\IMG\left_2024_11_20_20_18_39_135.jpg, C:\Users\Owner\Downloads\simulator-windows-64\dataTrack1\IMG\right_2024_11_20_20_18_39_135.jpg, 0, 0.2107782, 0, 16.19456
C:\Users\Owner\Downloads\simulator-windows-64\dataTrack1\IMG\center_2024_11_20_20_18_39_239.jpg, C:\Users\Owner\Downloads\simulator-windows-64\dataTrack1\IMG\left_2024_11_20_20_18_39_239.jpg, C:\Users\Owner\Downloads\simulator-windows-64\dataTrack1\IMG\right_2024_11_20_20_18_39_239.jpg, -0.160482, 0, 0, 16.5813
C:\Users\Owner\Downloads\simulator-windows-64\dataTrack1\IMG\center_2024_11_20_20_18_39_347.jpg, C:\Users\Owner\Downloads\simulator-windows-64\dataTrack1\IMG\left_2024_11_20_20_18_39_347.jpg, C:\Users\Owner\Downloads\simulator-windows-64\dataTrack1\IMG\right_2024_11_20_20_18_39_347.jpg, -0.4282611, 0, 0, 15.84018
C:\Users\Owner\Downloads\simulator-windows-64\dataTrack1\IMG\center_2024_11_20_20_18_39_451.jpg, C:\Users\Owner\Downloads\simulator-windows-64\dataTrack1\IMG\left_2024_11_20_20_18_39_451.jpg, C:\Users\Owner\Downloads\simulator-windows-64\dataTrack1\IMG\right_2024_11_20_20_18_39_451.jpg, -0.7935228, 0.1031304, 0, 15.43688
C:\Users\Owner\Downloads\simulator-windows-64\dataTrack1\IMG\center_2024_11_20_20_18_39_555.jpg, C:\Users\Owner\Downloads\simulator-windows-64\dataTrack1\IMG\left_2024_11_20_20_18_39_555.jpg, C:\Users\Owner\Downloads\simulator-windows-64\dataTrack1\IMG\right_2024_11_20_20_18_39_555.jpg, -0.4809933, 0.3108927, 0, 16.03598
C:\Users\Owner\Downloads\simulator-windows-64\dataTrack1\IMG\center_2024_11_20_20_18_39_659.jpg, C:\Users\Owner\Downloads\simulator-windows-64\dataTrack1\IMG\left_2024_11_20_20_18_39_659.jpg, C:\Users\Owner\Downloads\simulator-windows-64\dataTrack1\IMG\right_2024_11_20_20_18_39_659.jpg, -0.1701126, 1.196563E-05, 0, 15.59181
C:\Users\Owner\Downloads\simulator-windows-64\dataTrack1\IMG\center_2024_11_20_20_18_39_762.jpg, C:\Users\Owner\Downloads\simulator-windows-64\dataTrack1\IMG\left_2024_11_20_20_18_39_762.jpg, C:\Users\Owner\Downloads\simulator-windows-64\dataTrack1\IMG\right_2024_11_20_20_18_39_762.jpg, -0.4801056, 0, 0, 15.95493
C:\Users\Owner\Downloads\simulator-windows-64\dataTrack1\IMG\center_2024_11_20_20_18_39_864.jpg, C:\Users\Owner\Downloads\simulator-windows-64\dataTrack1\IMG\left_2024_11_20_20_18_39_864.jpg, C:\Users\Owner\Downloads\simulator-windows-64\dataTrack1\IMG\right_2024_11_20_20_18_39_864.jpg, -0.2252979, 0.1452933, 0, 15.30625
C:\Users\Owner\Downloads\simulator-windows-64\dataTrack1\IMG\center_2024_11_20_20_18_39_969.jpg, C:\Users\Owner\Downloads\simulator-windows-64\dataTrack1\IMG\left_2024_11_20_20_18_39_969.jpg, C:\Users\Owner\Downloads\simulator-windows-64\dataTrack1\IMG\right_2024_11_20_20_18_39_969.jpg, 0, 0.3041112, 0, 15.63839
C:\Users\Owner\Downloads\simulator-windows-64\dataTrack1\IMG\center_2024_11_20_20_18_40_075.jpg, C:\Users\Owner\Downloads\simulator-windows-64\dataTrack1\IMG\left_2024_11_20_20_18_40_075.jpg, C:\Users\Owner\Downloads\simulator-windows-64\dataTrack1\IMG\right_2024_11_20_20_18_40_075.jpg, 0, 0, 0, 16.10487
C:\Users\Owner\Downloads\simulator-windows-64\dataTrack1\IMG\center_2024_11_20_20_18_40_178.jpg, C:\Users\Owner\Downloads\simulator-windows-64\dataTrack1\IMG\left_2024_11_20_20_18_40_178.jpg, C:\Users\Owner\Downloads\simulator-windows-64\dataTrack1\IMG\right_2024_11_20_20_18_40_178.jpg, 0, 0, 0, 15.40317
C:\Users\Owner\Downloads\simulator-windows-64\dataTrack1\IMG\center_2024_11_20_20_18_40_283.jpg, C:\Users\Owner\Downloads\simulator-windows-64\dataTrack1\IMG\left_2024_11_20_20_18_40_283.jpg, C:\Users\Owner\Downloads\simulator-windows-64\dataTrack1\IMG\right_2024_11_20_20_18_40_283.jpg, 0, 0, 0, 15.80354
C:\Users\Owner\Downloads\simulator-windows-64\dataTrack1\IMG\center_2024_11_20_20_18_40_386.jpg, C:\Users\Owner\Downloads\simulator-windows-64\dataTrack1\IMG\left_2024_11_20_20_18_40_386.jpg, C:\Users\Owner\Downloads\simulator-windows-64\dataTrack1\IMG\right_2024_11_20_20_18_40_386.jpg, 0, 0, 0, 15.13113
C:\Users\Owner\Downloads\simulator-windows-64\dataTrack1\IMG\center_2024_11_20_20_18_40_488.jpg, C:\Users\Owner\Downloads\simulator-windows-64\dataTrack1\IMG\left_2024_11_20_20_18_40_488.jpg, C:\Users\Owner\Downloads\simulator-windows-64\dataTrack1\IMG\right_2024_11_20_20_18_40_488.jpg, 0, 0.3559716, 0, 15.2681
C:\Users\Owner\Downloads\simulator-windows-64\dataTrack1\IMG\center_2024_11_20_20_18_40_593.jpg, C:\Users\Owner\Downloads\simulator-windows-64\dataTrack1\IMG\left_2024_11_20_20_18_40_593.jpg, C:\Users\Owner\Downloads\simulator-windows-64\dataTrack1\IMG\right_2024_11_20_20_18_40_593.jpg, 0, 0.03924843, 0, 15.79461
C:\Users\Owner\Downloads\simulator-windows-64\dataTrack1\IMG\center_2024_11_20_20_18_40_697.jpg, C:\Users\Owner\Downloads\simulator-windows-64\dataTrack1\IMG\left_2024_11_20_20_18_40_697.jpg, C:\Users\Owner\Downloads\simulator-windows-64\dataTrack1\IMG\right_2024_11_20_20_18_40_697.jpg, 0, 0.2111868, 0, 15.16342
C:\Users\Owner\Downloads\simulator-windows-64\dataTrack1\IMG\center_2024_11_20_20_18_40_802.jpg, C:\Users\Owner\Downloads\simulator-windows-64\dataTrack1\IMG\left_2024_11_20_20_18_40_802.jpg, C:\Users\Owner\Downloads\simulator-windows-64\dataTrack1\IMG\right_2024_11_20_20_18_40_802.jpg, 0, 0.1078293, 0, 15.8293
C:\Users\Owner\Downloads\simulator-windows-64\dataTrack1\IMG\center_2024_11_20_20_18_40_905.jpg, C:\Users\Owner\Downloads\simulator-windows-64\dataTrack1\IMG\left_2024_11_20_20_18_40_905.jpg, C:\Users\Owner\Downloads\simulator-windows-64\dataTrack1\IMG\right_2024_11_20_20_18_40_905.jpg, 0, 0.208218, 0, 15.21351
C:\Users\Owner\Downloads\simulator-windows-64\dataTrack1\IMG\center_2024_11_20_20_18_41_011.jpg, C:\Users\Owner\Downloads\simulator-windows-64\dataTrack1\IMG\left_2024_11_20_20_18_41_011.jpg, C:\Users\Owner\Downloads\simulator-windows-64\dataTrack1\IMG\right_2024_11_20_20_18_41_011.jpg, 0, 0.2128359, 0, 15.57131
C:\Users\Owner\Downloads\simulator-windows-64\dataTrack1\IMG\center_2024_11_20_20_18_41_115.jpg, C:\Users\Owner\Downloads\simulator-windows-64\dataTrack1\IMG\left_2024_11_20_20_18_41_115.jpg, C:\Users\Owner\Downloads\simulator-windows-64\dataTrack1\IMG\right_2024_11_20_20_18_41_115.jpg, 0, 0.3058411, 0, 16.02881
C:\Users\Owner\Downloads\simulator-windows-64\dataTrack1\IMG\center_2024_11_20_20_18_41_221.jpg, C:\Users\Owner\Downloads\simulator-windows-64\dataTrack1\IMG\left_2024_11_20_20_18_41_221.jpg, C:\Users\Owner\Downloads\simulator-windows-64\dataTrack1\IMG\right_2024_11_20_20_18_41_221.jpg, 0, 0.4154955, 0, 16.09185
C:\Users\Owner\Downloads\simulator-windows-64\dataTrack1\IMG\center_2024_11_20_20_18_41_324.jpg, C:\Users\Owner\Downloads\simulator-windows-64\dataTrack1\IMG\left_2024_11_20_20_18_41_324.jpg, C:\Users\Owner\Downloads\simulator-windows-64\dataTrack1\IMG\right_2024_11_20_20_18_41_324.jpg, 0, 0.2740608, 0, 16.61848
C:\Users\Owner\Downloads\simulator-windows-64\dataTrack1\IMG\center_2024_11_20_20_18_41_428.jpg, C:\Users\Owner\Downloads\simulator-windows-64\dataTrack1\IMG\left_2024_11_20_20_18_41_428.jpg, C:\Users\Owner\Downloads\simulator-windows-64\dataTrack1\IMG\right_2024_11_20_20_18_41_428.jpg, 0, 0.4299864, 0, 17.03693
C:\Users\Owner\Downloads\simulator-windows-64\dataTrack1\IMG\center_2024_11_20_20_18_41_533.jpg, C:\Users\Owner\Downloads\simulator-windows-64\dataTrack1\IMG\left_2024_11_20_20_18_41_533.jpg, C:\Users\Owner\Downloads\simulator-windows-64\dataTrack1\IMG\right_2024_11_20_20_18_41_533.jpg, 0, 0.1160976, 0, 16.74091
C:\Users\Owner\Downloads\simulator-windows-64\dataTrack1\IMG\center_2024_11_20_20_18_41_636.jpg, C:\Users\Owner\Downloads\simulator-windows-64\dataTrack1\IMG\left_2024_11_20_20_18_41_636.jpg, C:\Users\Owner\Downloads\simulator-windows-64\dataTrack1\IMG\right_2024_11_20_20_18_41_636.jpg, 0, 0.4253919, 0, 17.3671
C:\Users\Owner\Downloads\simulator-windows-64\dataTrack1\IMG\center_2024_11_20_20_18_41_738.jpg, C:\Users\Owner\Downloads\simulator-windows-64\dataTrack1\IMG\left_2024_11_20_20_18_41_738.jpg, C:\Users\Owner\Downloads\simulator-windows-64\dataTrack1\IMG\right_2024_11_20_20_18_41_738.jpg, 0, 0.3344596, 0, 17.32201
C:\Users\Owner\Downloads\simulator-windows-64\dataTrack1\IMG\center_2024_11_20_20_18_41_844.jpg, C:\Users\Owner\Downloads\simulator-windows-64\dataTrack1\IMG\left_2024_11_20_20_18_41_844.jpg, C:\Users\Owner\Downloads\simulator-windows-64\dataTrack1\IMG\right_2024_11_20_20_18_41_844.jpg, 0, 0.4385782, 0, 17.91009
C:\Users\Owner\Downloads\simulator-windows-64\dataTrack1\IMG\center_2024_11_20_20_18_41_946.jpg, C:\Users\Owner\Downloads\simulator-windows-64\dataTrack1\IMG\left_2024_11_20_20_18_41_946.jpg, C:\Users\Owner\Downloads\simulator-windows-64\dataTrack1\IMG\right_2024_11_20_20_18_41_946.jpg, 0, 0.6941518, 0, 18.12607
C:\Users\Owner\Downloads\simulator-windows-64\dataTrack1\IMG\center_2024_11_20_20_18_42_052.jpg, C:\Users\Owner\Downloads\simulator-windows-64\dataTrack1\IMG\left_2024_11_20_20_18_42_052.jpg, C:\Users\Owner\Downloads\simulator-windows-64\dataTrack1\IMG\right_2024_11_20_20_18_42_052.jpg, 0, 0.3271243, 0, 18.56035
C:\Users\Owner\Downloads\simulator-windows-64\dataTrack1\IMG\center_2024_11_20_20_18_42_159.jpg, C:\Users\Owner\Downloads\simulator-windows-64\dataTrack1\IMG\left_2024_11_20_20_18_42_159.jpg, C:\Users\Owner\Downloads\simulator-windows-64\dataTrack1\IMG\right_2024_11_20_20_18_42_159.jpg, -0.2253909, 0.0009100325, 0, 18.90682
C:\Users\Owner\Downloads\simulator-windows-64\dataTrack1\IMG\center_2024_11_20_20_18_42_264.jpg, C:\Users\Owner\Downloads\simulator-windows-64\dataTrack1\IMG\left_2024_11_20_20_18_42_264.jpg, C:\Users\Owner\Downloads\simulator-windows-64\dataTrack1\IMG\right_2024_11_20_20_18_42_264.jpg, 0, 0, 0, 18.25835
C:\Users\Owner\Downloads\simulator-windows-64\dataTrack1\IMG\center_2024_11_20_20_18_42_370.jpg, C:\Users\Owner\Downloads\simulator-windows-64\dataTrack1\IMG\left_2024_11_20_20_18_42_370.jpg, C:\Users\Owner\Downloads\simulator-windows-64\dataTrack1\IMG\right_2024_11_20_20_18_42_370.jpg, 0, 0.3136644, 0, 18.29923
C:\Users\Owner\Downloads\simulator-windows-64\dataTrack1\IMG\center_2024_11_20_20_18_42_473.jpg, C:\Users\Owner\Downloads\simulator-windows-64\dataTrack1\IMG\left_2024_11_20_20_18_42_473.jpg, C:\Users\Owner\Downloads\simulator-windows-64\dataTrack1\IMG\right_2024_11_20_20_18_42_473.jpg, -0.200109, 0.001872279, 0, 18.70291
C:\Users\Owner\Downloads\simulator-windows-64\dataTrack1\IMG\center_2024_11_20_20_18_42_577.jpg, C:\Users\Owner\Downloads\simulator-windows-64\dataTrack1\IMG\left_2024_11_20_20_18_42_577.jpg, C:\Users\Owner\Downloads\simulator-windows-64\dataTrack1\IMG\right_2024_11_20_20_18_42_577.jpg, -0.5124249, 0, 0, 17.97007
C:\Users\Owner\Downloads\simulator-windows-64\dataTrack1\IMG\center_2024_11_20_20_18_42_682.jpg, C:\Users\Owner\Downloads\simulator-windows-64\dataTrack1\IMG\left_2024_11_20_20_18_42_682.jpg, C:\Users\Owner\Downloads\simulator-windows-64\dataTrack1\IMG\right_2024_11_20_20_18_42_682.jpg, -0.6204726, 0, 0, 18.06314
C:\Users\Owner\Downloads\simulator-windows-64\dataTrack1\IMG\center_2024_11_20_20_18_42_786.jpg, C:\Users\Owner\Downloads\simulator-windows-64\dataTrack1\IMG\left_2024_11_20_20_18_42_786.jpg, C:\Users\Owner\Downloads\simulator-windows-64\dataTrack1\IMG\right_2024_11_20_20_18_42_786.jpg, -0.3601293, 0, 0, 17.37801
C:\Users\Owner\Downloads\simulator-windows-64\dataTrack1\IMG\center_2024_11_20_20_18_42_893.jpg, C:\Users\Owner\Downloads\simulator-windows-64\dataTrack1\IMG\left_2024_11_20_20_18_42_893.jpg, C:\Users\Owner\Downloads\simulator-windows-64\dataTrack1\IMG\right_2024_11_20_20_18_42_893.jpg, 0, 0.3190149, 0, 17.44164
C:\Users\Owner\Downloads\simulator-windows-64\dataTrack1\IMG\center_2024_11_20_20_18_42_998.jpg, C:\Users\Owner\Downloads\simulator-windows-64\dataTrack1\IMG\left_2024_11_20_20_18_42_998.jpg, C:\Users\Owner\Downloads\simulator-windows-64\dataTrack1\IMG\right_2024_11_20_20_18_42_998.jpg, 0, 0.003722686, 0, 17.89095
C:\Users\Owner\Downloads\simulator-windows-64\dataTrack1\IMG\center_2024_11_20_20_18_43_102.jpg, C:\Users\Owner\Downloads\simulator-windows-64\dataTrack1\IMG\left_2024_11_20_20_18_43_102.jpg, C:\Users\Owner\Downloads\simulator-windows-64\dataTrack1\IMG\right_2024_11_20_20_18_43_102.jpg, 0, 0.2266716, 0, 17.27057
C:\Users\Owner\Downloads\simulator-windows-64\dataTrack1\IMG\center_2024_11_20_20_18_43_203.jpg, C:\Users\Owner\Downloads\simulator-windows-64\dataTrack1\IMG\left_2024_11_20_20_18_43_203.jpg, C:\Users\Owner\Downloads\simulator-windows-64\dataTrack1\IMG\right_2024_11_20_20_18_43_203.jpg, 0, 0.2205921, 0, 17.95434
C:\Users\Owner\Downloads\simulator-windows-64\dataTrack1\IMG\center_2024_11_20_20_18_43_309.jpg, C:\Users\Owner\Downloads\simulator-windows-64\dataTrack1\IMG\left_2024_11_20_20_18_43_309.jpg, C:\Users\Owner\Downloads\simulator-windows-64\dataTrack1\IMG\right_2024_11_20_20_18_43_309.jpg, 0, 0.3159222, 0, 18.01594
C:\Users\Owner\Downloads\simulator-windows-64\dataTrack1\IMG\center_2024_11_20_20_18_43_414.jpg, C:\Users\Owner\Downloads\simulator-windows-64\dataTrack1\IMG\left_2024_11_20_20_18_43_414.jpg, C:\Users\Owner\Downloads\simulator-windows-64\dataTrack1\IMG\right_2024_11_20_20_18_43_414.jpg, 0, 0.2162524, 0, 17.80321
C:\Users\Owner\Downloads\simulator-windows-64\dataTrack1\IMG\center_2024_11_20_20_18_43_519.jpg, C:\Users\Owner\Downloads\simulator-windows-64\dataTrack1\IMG\left_2024_11_20_20_18_43_519.jpg, C:\Users\Owner\Downloads\simulator-windows-64\dataTrack1\IMG\right_2024_11_20_20_18_43_519.jpg, 0, 0.5316438, 0, 18.46721
C:\Users\Owner\Downloads\simulator-windows-64\dataTrack1\IMG\center_2024_11_20_20_18_43_621.jpg, C:\Users\Owner\Downloads\simulator-windows-64\dataTrack1\IMG\left_2024_11_20_20_18_43_621.jpg, C:\Users\Owner\Downloads\simulator-windows-64\dataTrack1\IMG\right_2024_11_20_20_18_43_621.jpg, 0, 0.4398402, 0, 18.68474
C:\Users\Owner\Downloads\simulator-windows-64\dataTrack1\IMG\center_2024_11_20_20_18_43_728.jpg, C:\Users\Owner\Downloads\simulator-windows-64\dataTrack1\IMG\left_2024_11_20_20_18_43_728.jpg, C:\Users\Owner\Downloads\simulator-windows-64\dataTrack1\IMG\right_2024_11_20_20_18_43_728.jpg, 0, 0.758763, 0, 19.37423
C:\Users\Owner\Downloads\simulator-windows-64\dataTrack1\IMG\center_2024_11_20_20_18_43_832.jpg, C:\Users\Owner\Downloads\simulator-windows-64\dataTrack1\IMG\left_2024_11_20_20_18_43_832.jpg, C:\Users\Owner\Downloads\simulator-windows-64\dataTrack1\IMG\right_2024_11_20_20_18_43_832.jpg, 0, 0.7575561, 0, 20.38761
C:\Users\Owner\Downloads\simulator-windows-64\dataTrack1\IMG\center_2024_11_20_20_18_43_935.jpg, C:\Users\Owner\Downloads\simulator-windows-64\dataTrack1\IMG\left_2024_11_20_20_18_43_935.jpg, C:\Users\Owner\Downloads\simulator-windows-64\dataTrack1\IMG\right_2024_11_20_20_18_43_935.jpg, 0, 0.8947107, 0, 20.99049
C:\Users\Owner\Downloads\simulator-windows-64\dataTrack1\IMG\center_2024_11_20_20_18_44_040.jpg, C:\Users\Owner\Downloads\simulator-windows-64\dataTrack1\IMG\left_2024_11_20_20_18_44_040.jpg, C:\Users\Owner\Downloads\simulator-windows-64\dataTrack1\IMG\right_2024_11_20_20_18_44_040.jpg, 0, 0.842992, 0, 22.01199
C:\Users\Owner\Downloads\simulator-windows-64\dataTrack1\IMG\center_2024_11_20_20_18_44_145.jpg, C:\Users\Owner\Downloads\simulator-windows-64\dataTrack1\IMG\left_2024_11_20_20_18_44_145.jpg, C:\Users\Owner\Downloads\simulator-windows-64\dataTrack1\IMG\right_2024_11_20_20_18_44_145.jpg, 0, 0.8818436, 0, 22.71127
C:\Users\Owner\Downloads\simulator-windows-64\dataTrack1\IMG\center_2024_11_20_20_18_44_249.jpg, C:\Users\Owner\Downloads\simulator-windows-64\dataTrack1\IMG\left_2024_11_20_20_18_44_249.jpg, C:\Users\Owner\Downloads\simulator-windows-64\dataTrack1\IMG\right_2024_11_20_20_18_44_249.jpg, 0, 0.9478369, 0, 23.8837
C:\Users\Owner\Downloads\simulator-windows-64\dataTrack1\IMG\center_2024_11_20_20_18_44_354.jpg, C:\Users\Owner\Downloads\simulator-windows-64\dataTrack1\IMG\left_2024_11_20_20_18_44_354.jpg, C:\Users\Owner\Downloads\simulator-windows-64\dataTrack1\IMG\right_2024_11_20_20_18_44_354.jpg, 0, 0.6353278, 0, 24.58847
C:\Users\Owner\Downloads\simulator-windows-64\dataTrack1\IMG\center_2024_11_20_20_18_44_455.jpg, C:\Users\Owner\Downloads\simulator-windows-64\dataTrack1\IMG\left_2024_11_20_20_18_44_455.jpg, C:\Users\Owner\Downloads\simulator-windows-64\dataTrack1\IMG\right_2024_11_20_20_18_44_455.jpg, 0, 0.5399308, 0, 24.97374
C:\Users\Owner\Downloads\simulator-windows-64\dataTrack1\IMG\center_2024_11_20_20_18_44_560.jpg, C:\Users\Owner\Downloads\simulator-windows-64\dataTrack1\IMG\left_2024_11_20_20_18_44_560.jpg, C:\Users\Owner\Downloads\simulator-windows-64\dataTrack1\IMG\right_2024_11_20_20_18_44_560.jpg, 0, 0.8563344, 0, 25.54797
C:\Users\Owner\Downloads\simulator-windows-64\dataTrack1\IMG\center_2024_11_20_20_18_44_664.jpg, C:\Users\Owner\Downloads\simulator-windows-64\dataTrack1\IMG\left_2024_11_20_20_18_44_664.jpg, C:\Users\Owner\Downloads\simulator-windows-64\dataTrack1\IMG\right_2024_11_20_20_18_44_664.jpg, -0.2600919, 0.5962425, 0, 26.14881
C:\Users\Owner\Downloads\simulator-windows-64\dataTrack1\IMG\center_2024_11_20_20_18_44_770.jpg, C:\Users\Owner\Downloads\simulator-windows-64\dataTrack1\IMG\left_2024_11_20_20_18_44_770.jpg, C:\Users\Owner\Downloads\simulator-windows-64\dataTrack1\IMG\right_2024_11_20_20_18_44_770.jpg, -0.2258505, 0.2296383, 0, 26.29125
C:\Users\Owner\Downloads\simulator-windows-64\dataTrack1\IMG\center_2024_11_20_20_18_44_873.jpg, C:\Users\Owner\Downloads\simulator-windows-64\dataTrack1\IMG\left_2024_11_20_20_18_44_873.jpg, C:\Users\Owner\Downloads\simulator-windows-64\dataTrack1\IMG\right_2024_11_20_20_18_44_873.jpg, 0, 0, 0, 26.11464
C:\Users\Owner\Downloads\simulator-windows-64\dataTrack1\IMG\center_2024_11_20_20_18_44_979.jpg, C:\Users\Owner\Downloads\simulator-windows-64\dataTrack1\IMG\left_2024_11_20_20_18_44_979.jpg, C:\Users\Owner\Downloads\simulator-windows-64\dataTrack1\IMG\right_2024_11_20_20_18_44_979.jpg, 0, 0.1007925, 0, 25.86646
C:\Users\Owner\Downloads\simulator-windows-64\dataTrack1\IMG\center_2024_11_20_20_18_45_084.jpg, C:\Users\Owner\Downloads\simulator-windows-64\dataTrack1\IMG\left_2024_11_20_20_18_45_084.jpg, C:\Users\Owner\Downloads\simulator-windows-64\dataTrack1\IMG\right_2024_11_20_20_18_45_084.jpg, 0, 0.3632484, 0, 25.87925
C:\Users\Owner\Downloads\simulator-windows-64\dataTrack1\IMG\center_2024_11_20_20_18_45_187.jpg, C:\Users\Owner\Downloads\simulator-windows-64\dataTrack1\IMG\left_2024_11_20_20_18_45_187.jpg, C:\Users\Owner\Downloads\simulator-windows-64\dataTrack1\IMG\right_2024_11_20_20_18_45_187.jpg, 0, 0.1061037, 0, 25.81753
C:\Users\Owner\Downloads\simulator-windows-64\dataTrack1\IMG\center_2024_11_20_20_18_45_293.jpg, C:\Users\Owner\Downloads\simulator-windows-64\dataTrack1\IMG\left_2024_11_20_20_18_45_293.jpg, C:\Users\Owner\Downloads\simulator-windows-64\dataTrack1\IMG\right_2024_11_20_20_18_45_293.jpg, 0, 0.421956, 0, 25.89526
C:\Users\Owner\Downloads\simulator-windows-64\dataTrack1\IMG\center_2024_11_20_20_18_45_396.jpg, C:\Users\Owner\Downloads\simulator-windows-64\dataTrack1\IMG\left_2024_11_20_20_18_45_396.jpg, C:\Users\Owner\Downloads\simulator-windows-64\dataTrack1\IMG\right_2024_11_20_20_18_45_396.jpg, 0, 0.5241102, 0, 26.28833
C:\Users\Owner\Downloads\simulator-windows-64\dataTrack1\IMG\center_2024_11_20_20_18_45_500.jpg, C:\Users\Owner\Downloads\simulator-windows-64\dataTrack1\IMG\left_2024_11_20_20_18_45_500.jpg, C:\Users\Owner\Downloads\simulator-windows-64\dataTrack1\IMG\right_2024_11_20_20_18_45_500.jpg, 0, 0.2112156, 0, 26.4884
C:\Users\Owner\Downloads\simulator-windows-64\dataTrack1\IMG\center_2024_11_20_20_18_45_604.jpg, C:\Users\Owner\Downloads\simulator-windows-64\dataTrack1\IMG\left_2024_11_20_20_18_45_604.jpg, C:\Users\Owner\Downloads\simulator-windows-64\dataTrack1\IMG\right_2024_11_20_20_18_45_604.jpg, 0, 0, 0, 26.32992
C:\Users\Owner\Downloads\simulator-windows-64\dataTrack1\IMG\center_2024_11_20_20_18_45_706.jpg, C:\Users\Owner\Downloads\simulator-windows-64\dataTrack1\IMG\left_2024_11_20_20_18_45_706.jpg, C:\Users\Owner\Downloads\simulator-windows-64\dataTrack1\IMG\right_2024_11_20_20_18_45_706.jpg, 0, 0, 0, 26.06505
C:\Users\Owner\Downloads\simulator-windows-64\dataTrack1\IMG\center_2024_11_20_20_18_45_810.jpg, C:\Users\Owner\Downloads\simulator-windows-64\dataTrack1\IMG\left_2024_11_20_20_18_45_810.jpg, C:\Users\Owner\Downloads\simulator-windows-64\dataTrack1\IMG\right_2024_11_20_20_18_45_810.jpg, 0, 0.2097792, 0, 25.8442
C:\Users\Owner\Downloads\simulator-windows-64\dataTrack1\IMG\center_2024_11_20_20_18_45_912.jpg, C:\Users\Owner\Downloads\simulator-windows-64\dataTrack1\IMG\left_2024_11_20_20_18_45_912.jpg, C:\Users\Owner\Downloads\simulator-windows-64\dataTrack1\IMG\right_2024_11_20_20_18_45_912.jpg, 0, 0.3188808, 0, 25.99896
C:\Users\Owner\Downloads\simulator-windows-64\dataTrack1\IMG\center_2024_11_20_20_18_46_016.jpg, C:\Users\Owner\Downloads\simulator-windows-64\dataTrack1\IMG\left_2024_11_20_20_18_46_016.jpg, C:\Users\Owner\Downloads\simulator-windows-64\dataTrack1\IMG\right_2024_11_20_20_18_46_016.jpg, 0, 0.009381637, 0, 25.94293
C:\Users\Owner\Downloads\simulator-windows-64\dataTrack1\IMG\center_2024_11_20_20_18_46_120.jpg, C:\Users\Owner\Downloads\simulator-windows-64\dataTrack1\IMG\left_2024_11_20_20_18_46_120.jpg, C:\Users\Owner\Downloads\simulator-windows-64\dataTrack1\IMG\right_2024_11_20_20_18_46_120.jpg, 0, 0.1052292, 0, 25.69843
C:\Users\Owner\Downloads\simulator-windows-64\dataTrack1\IMG\center_2024_11_20_20_18_46_225.jpg, C:\Users\Owner\Downloads\simulator-windows-64\dataTrack1\IMG\left_2024_11_20_20_18_46_225.jpg, C:\Users\Owner\Downloads\simulator-windows-64\dataTrack1\IMG\right_2024_11_20_20_18_46_225.jpg, 0, 0.3650271, 0, 25.71909
C:\Users\Owner\Downloads\simulator-windows-64\dataTrack1\IMG\center_2024_11_20_20_18_46_329.jpg, C:\Users\Owner\Downloads\simulator-windows-64\dataTrack1\IMG\left_2024_11_20_20_18_46_329.jpg, C:\Users\Owner\Downloads\simulator-windows-64\dataTrack1\IMG\right_2024_11_20_20_18_46_329.jpg, 0, 0.1102122, 0, 25.79843
C:\Users\Owner\Downloads\simulator-windows-64\dataTrack1\IMG\center_2024_11_20_20_18_46_433.jpg, C:\Users\Owner\Downloads\simulator-windows-64\dataTrack1\IMG\left_2024_11_20_20_18_46_433.jpg, C:\Users\Owner\Downloads\simulator-windows-64\dataTrack1\IMG\right_2024_11_20_20_18_46_433.jpg, 0, 0.1549923, 0, 25.61085
C:\Users\Owner\Downloads\simulator-windows-64\dataTrack1\IMG\center_2024_11_20_20_18_46_536.jpg, C:\Users\Owner\Downloads\simulator-windows-64\dataTrack1\IMG\left_2024_11_20_20_18_46_536.jpg, C:\Users\Owner\Downloads\simulator-windows-64\dataTrack1\IMG\right_2024_11_20_20_18_46_536.jpg, 0, 0.4659828, 0, 25.74357
C:\Users\Owner\Downloads\simulator-windows-64\dataTrack1\IMG\center_2024_11_20_20_18_46_638.jpg, C:\Users\Owner\Downloads\simulator-windows-64\dataTrack1\IMG\left_2024_11_20_20_18_46_638.jpg, C:\Users\Owner\Downloads\simulator-windows-64\dataTrack1\IMG\right_2024_11_20_20_18_46_638.jpg, 0, 0.1608213, 0, 25.87399
C:\Users\Owner\Downloads\simulator-windows-64\dataTrack1\IMG\center_2024_11_20_20_18_46_744.jpg, C:\Users\Owner\Downloads\simulator-windows-64\dataTrack1\IMG\left_2024_11_20_20_18_46_744.jpg, C:\Users\Owner\Downloads\simulator-windows-64\dataTrack1\IMG\right_2024_11_20_20_18_46_744.jpg, 0, 0.2491059, 0, 25.73995
C:\Users\Owner\Downloads\simulator-windows-64\dataTrack1\IMG\center_2024_11_20_20_18_46_849.jpg, C:\Users\Owner\Downloads\simulator-windows-64\dataTrack1\IMG\left_2024_11_20_20_18_46_849.jpg, C:\Users\Owner\Downloads\simulator-windows-64\dataTrack1\IMG\right_2024_11_20_20_18_46_849.jpg, 0, 0.4558899, 0, 26.02268
C:\Users\Owner\Downloads\simulator-windows-64\dataTrack1\IMG\center_2024_11_20_20_18_46_961.jpg, C:\Users\Owner\Downloads\simulator-windows-64\dataTrack1\IMG\left_2024_11_20_20_18_46_961.jpg, C:\Users\Owner\Downloads\simulator-windows-64\dataTrack1\IMG\right_2024_11_20_20_18_46_961.jpg, 0, 0.1372242, 0, 26.10975
C:\Users\Owner\Downloads\simulator-windows-64\dataTrack1\IMG\center_2024_11_20_20_18_47_072.jpg, C:\Users\Owner\Downloads\simulator-windows-64\dataTrack1\IMG\left_2024_11_20_20_18_47_072.jpg, C:\Users\Owner\Downloads\simulator-windows-64\dataTrack1\IMG\right_2024_11_20_20_18_47_072.jpg, 0, 0, 0, 25.82929
C:\Users\Owner\Downloads\simulator-windows-64\dataTrack1\IMG\center_2024_11_20_20_18_47_177.jpg, C:\Users\Owner\Downloads\simulator-windows-64\dataTrack1\IMG\left_2024_11_20_20_18_47_177.jpg, C:\Users\Owner\Downloads\simulator-windows-64\dataTrack1\IMG\right_2024_11_20_20_18_47_177.jpg, 0.154008, 0.2237436, 0, 25.65119
C:\Users\Owner\Downloads\simulator-windows-64\dataTrack1\IMG\center_2024_11_20_20_18_47_281.jpg, C:\Users\Owner\Downloads\simulator-windows-64\dataTrack1\IMG\left_2024_11_20_20_18_47_281.jpg, C:\Users\Owner\Downloads\simulator-windows-64\dataTrack1\IMG\right_2024_11_20_20_18_47_281.jpg, 0.05878831, 0.3339429, 0, 25.7867
C:\Users\Owner\Downloads\simulator-windows-64\dataTrack1\IMG\center_2024_11_20_20_18_47_384.jpg, C:\Users\Owner\Downloads\simulator-windows-64\dataTrack1\IMG\left_2024_11_20_20_18_47_384.jpg, C:\Users\Owner\Downloads\simulator-windows-64\dataTrack1\IMG\right_2024_11_20_20_18_47_384.jpg, 0, 0.0749142, 0, 25.76872
C:\Users\Owner\Downloads\simulator-windows-64\dataTrack1\IMG\center_2024_11_20_20_18_47_489.jpg, C:\Users\Owner\Downloads\simulator-windows-64\dataTrack1\IMG\left_2024_11_20_20_18_47_489.jpg, C:\Users\Owner\Downloads\simulator-windows-64\dataTrack1\IMG\right_2024_11_20_20_18_47_489.jpg, 0, 0.0614946, 0, 25.46556
C:\Users\Owner\Downloads\simulator-windows-64\dataTrack1\IMG\center_2024_11_20_20_18_47_589.jpg, C:\Users\Owner\Downloads\simulator-windows-64\dataTrack1\IMG\left_2024_11_20_20_18_47_589.jpg, C:\Users\Owner\Downloads\simulator-windows-64\dataTrack1\IMG\right_2024_11_20_20_18_47_589.jpg, 0, 0.05706749, 0, 25.38328
C:\Users\Owner\Downloads\simulator-windows-64\dataTrack1\IMG\center_2024_11_20_20_18_47_696.jpg, C:\Users\Owner\Downloads\simulator-windows-64\dataTrack1\IMG\left_2024_11_20_20_18_47_696.jpg, C:\Users\Owner\Downloads\simulator-windows-64\dataTrack1\IMG\right_2024_11_20_20_18_47_696.jpg, 0, 0, 0, 25.13361
C:\Users\Owner\Downloads\simulator-windows-64\dataTrack1\IMG\center_2024_11_20_20_18_47_799.jpg, C:\Users\Owner\Downloads\simulator-windows-64\dataTrack1\IMG\left_2024_11_20_20_18_47_799.jpg, C:\Users\Owner\Downloads\simulator-windows-64\dataTrack1\IMG\right_2024_11_20_20_18_47_799.jpg, 0, 0, 0, 24.88095
C:\Users\Owner\Downloads\simulator-windows-64\dataTrack1\IMG\center_2024_11_20_20_18_47_900.jpg, C:\Users\Owner\Downloads\simulator-windows-64\dataTrack1\IMG\left_2024_11_20_20_18_47_900.jpg, C:\Users\Owner\Downloads\simulator-windows-64\dataTrack1\IMG\right_2024_11_20_20_18_47_900.jpg, 0, 0, 0, 24.6312
C:\Users\Owner\Downloads\simulator-windows-64\dataTrack1\IMG\center_2024_11_20_20_18_48_004.jpg, C:\Users\Owner\Downloads\simulator-windows-64\dataTrack1\IMG\left_2024_11_20_20_18_48_004.jpg, C:\Users\Owner\Downloads\simulator-windows-64\dataTrack1\IMG\right_2024_11_20_20_18_48_004.jpg, 0.1561218, 0, 0, 24.37708
C:\Users\Owner\Downloads\simulator-windows-64\dataTrack1\IMG\center_2024_11_20_20_18_48_108.jpg, C:\Users\Owner\Downloads\simulator-windows-64\dataTrack1\IMG\left_2024_11_20_20_18_48_108.jpg, C:\Users\Owner\Downloads\simulator-windows-64\dataTrack1\IMG\right_2024_11_20_20_18_48_108.jpg, 0.156306, 0, 0, 24.01805
C:\Users\Owner\Downloads\simulator-windows-64\dataTrack1\IMG\center_2024_11_20_20_18_48_213.jpg, C:\Users\Owner\Downloads\simulator-windows-64\dataTrack1\IMG\left_2024_11_20_20_18_48_213.jpg, C:\Users\Owner\Downloads\simulator-windows-64\dataTrack1\IMG\right_2024_11_20_20_18_48_213.jpg, 0, 0, 0, 23.77279
C:\Users\Owner\Downloads\simulator-windows-64\dataTrack1\IMG\center_2024_11_20_20_18_48_316.jpg, C:\Users\Owner\Downloads\simulator-windows-64\dataTrack1\IMG\left_2024_11_20_20_18_48_316.jpg, C:\Users\Owner\Downloads\simulator-windows-64\dataTrack1\IMG\right_2024_11_20_20_18_48_316.jpg, 0, 0, 0, 23.53264
C:\Users\Owner\Downloads\simulator-windows-64\dataTrack1\IMG\center_2024_11_20_20_18_48_419.jpg, C:\Users\Owner\Downloads\simulator-windows-64\dataTrack1\IMG\left_2024_11_20_20_18_48_419.jpg, C:\Users\Owner\Downloads\simulator-windows-64\dataTrack1\IMG\right_2024_11_20_20_18_48_419.jpg, 0, 0, 0, 23.29615
C:\Users\Owner\Downloads\simulator-windows-64\dataTrack1\IMG\center_2024_11_20_20_18_48_521.jpg, C:\Users\Owner\Downloads\simulator-windows-64\dataTrack1\IMG\left_2024_11_20_20_18_48_521.jpg, C:\Users\Owner\Downloads\simulator-windows-64\dataTrack1\IMG\right_2024_11_20_20_18_48_521.jpg, 0, 0, 0, 23.06221
C:\Users\Owner\Downloads\simulator-windows-64\dataTrack1\IMG\center_2024_11_20_20_18_48_626.jpg, C:\Users\Owner\Downloads\simulator-windows-64\dataTrack1\IMG\left_2024_11_20_20_18_48_626.jpg, C:\Users\Owner\Downloads\simulator-windows-64\dataTrack1\IMG\right_2024_11_20_20_18_48_626.jpg, 0, 0, 0, 22.83068
C:\Users\Owner\Downloads\simulator-windows-64\dataTrack1\IMG\center_2024_11_20_20_18_48_730.jpg, C:\Users\Owner\Downloads\simulator-windows-64\dataTrack1\IMG\left_2024_11_20_20_18_48_730.jpg, C:\Users\Owner\Downloads\simulator-windows-64\dataTrack1\IMG\right_2024_11_20_20_18_48_730.jpg, 0, 0.3128604, 0, 22.78628
C:\Users\Owner\Downloads\simulator-windows-64\dataTrack1\IMG\center_2024_11_20_20_18_48_833.jpg, C:\Users\Owner\Downloads\simulator-windows-64\dataTrack1\IMG\left_2024_11_20_20_18_48_833.jpg, C:\Users\Owner\Downloads\simulator-windows-64\dataTrack1\IMG\right_2024_11_20_20_18_48_833.jpg, 0.2071815, 0.2080848, 0, 22.91722
C:\Users\Owner\Downloads\simulator-windows-64\dataTrack1\IMG\center_2024_11_20_20_18_48_935.jpg, C:\Users\Owner\Downloads\simulator-windows-64\dataTrack1\IMG\left_2024_11_20_20_18_48_935.jpg, C:\Users\Owner\Downloads\simulator-windows-64\dataTrack1\IMG\right_2024_11_20_20_18_48_935.jpg, 0.1136793, 0, 0, 22.74667
C:\Users\Owner\Downloads\simulator-windows-64\dataTrack1\IMG\center_2024_11_20_20_18_49_039.jpg, C:\Users\Owner\Downloads\simulator-windows-64\dataTrack1\IMG\left_2024_11_20_20_18_49_039.jpg, C:\Users\Owner\Downloads\simulator-windows-64\dataTrack1\IMG\right_2024_11_20_20_18_49_039.jpg, 0, 0, 0, 22.49218
C:\Users\Owner\Downloads\simulator-windows-64\dataTrack1\IMG\center_2024_11_20_20_18_49_143.jpg, C:\Users\Owner\Downloads\simulator-windows-64\dataTrack1\IMG\left_2024_11_20_20_18_49_143.jpg, C:\Users\Owner\Downloads\simulator-windows-64\dataTrack1\IMG\right_2024_11_20_20_18_49_143.jpg, 0.05453609, 0, 0, 22.27844
C:\Users\Owner\Downloads\simulator-windows-64\dataTrack1\IMG\center_2024_11_20_20_18_49_245.jpg, C:\Users\Owner\Downloads\simulator-windows-64\dataTrack1\IMG\left_2024_11_20_20_18_49_245.jpg, C:\Users\Owner\Downloads\simulator-windows-64\dataTrack1\IMG\right_2024_11_20_20_18_49_245.jpg, 0.06131579, 0, 0, 22.02738
C:\Users\Owner\Downloads\simulator-windows-64\dataTrack1\IMG\center_2024_11_20_20_18_49_350.jpg, C:\Users\Owner\Downloads\simulator-windows-64\dataTrack1\IMG\left_2024_11_20_20_18_49_350.jpg, C:\Users\Owner\Downloads\simulator-windows-64\dataTrack1\IMG\right_2024_11_20_20_18_49_350.jpg, 0, 0, 0, 21.76048
C:\Users\Owner\Downloads\simulator-windows-64\dataTrack1\IMG\center_2024_11_20_20_18_49_454.jpg, C:\Users\Owner\Downloads\simulator-windows-64\dataTrack1\IMG\left_2024_11_20_20_18_49_454.jpg, C:\Users\Owner\Downloads\simulator-windows-64\dataTrack1\IMG\right_2024_11_20_20_18_49_454.jpg, 0.3094014, 0, 0, 21.50346
C:\Users\Owner\Downloads\simulator-windows-64\dataTrack1\IMG\center_2024_11_20_20_18_49_555.jpg, C:\Users\Owner\Downloads\simulator-windows-64\dataTrack1\IMG\left_2024_11_20_20_18_49_555.jpg, C:\Users\Owner\Downloads\simulator-windows-64\dataTrack1\IMG\right_2024_11_20_20_18_49_555.jpg, 0.3107607, 0, 0, 21.19839
C:\Users\Owner\Downloads\simulator-windows-64\dataTrack1\IMG\center_2024_11_20_20_18_49_662.jpg, C:\Users\Owner\Downloads\simulator-windows-64\dataTrack1\IMG\left_2024_11_20_20_18_49_662.jpg, C:\Users\Owner\Downloads\simulator-windows-64\dataTrack1\IMG\right_2024_11_20_20_18_49_662.jpg, 0, 0, 0, 20.98613
C:\Users\Owner\Downloads\simulator-windows-64\dataTrack1\IMG\center_2024_11_20_20_18_49_765.jpg, C:\Users\Owner\Downloads\simulator-windows-64\dataTrack1\IMG\left_2024_11_20_20_18_49_765.jpg, C:\Users\Owner\Downloads\simulator-windows-64\dataTrack1\IMG\right_2024_11_20_20_18_49_765.jpg, 0.2256933, 0, 0, 20.76009
C:\Users\Owner\Downloads\simulator-windows-64\dataTrack1\IMG\center_2024_11_20_20_18_49_868.jpg, C:\Users\Owner\Downloads\simulator-windows-64\dataTrack1\IMG\left_2024_11_20_20_18_49_868.jpg, C:\Users\Owner\Downloads\simulator-windows-64\dataTrack1\IMG\right_2024_11_20_20_18_49_868.jpg, 0.2151906, 0, 0, 20.44964
C:\Users\Owner\Downloads\simulator-windows-64\dataTrack1\IMG\center_2024_11_20_20_18_49_969.jpg, C:\Users\Owner\Downloads\simulator-windows-64\dataTrack1\IMG\left_2024_11_20_20_18_49_969.jpg, C:\Users\Owner\Downloads\simulator-windows-64\dataTrack1\IMG\right_2024_11_20_20_18_49_969.jpg, 0, 0, 0, 20.26639
C:\Users\Owner\Downloads\simulator-windows-64\dataTrack1\IMG\center_2024_11_20_20_18_50_073.jpg, C:\Users\Owner\Downloads\simulator-windows-64\dataTrack1\IMG\left_2024_11_20_20_18_50_073.jpg, C:\Users\Owner\Downloads\simulator-windows-64\dataTrack1\IMG\right_2024_11_20_20_18_50_073.jpg, 0, 0, 0, 19.94677
C:\Users\Owner\Downloads\simulator-windows-64\dataTrack1\IMG\center_2024_11_20_20_18_50_178.jpg, C:\Users\Owner\Downloads\simulator-windows-64\dataTrack1\IMG\left_2024_11_20_20_18_50_178.jpg, C:\Users\Owner\Downloads\simulator-windows-64\dataTrack1\IMG\right_2024_11_20_20_18_50_178.jpg, 0, 0, 0, 19.92026
C:\Users\Owner\Downloads\simulator-windows-64\dataTrack1\IMG\center_2024_11_20_20_18_50_283.jpg, C:\Users\Owner\Downloads\simulator-windows-64\dataTrack1\IMG\left_2024_11_20_20_18_50_283.jpg, C:\Users\Owner\Downloads\simulator-windows-64\dataTrack1\IMG\right_2024_11_20_20_18_50_283.jpg, 0, 0.2285703, 0, 19.58054
C:\Users\Owner\Downloads\simulator-windows-64\dataTrack1\IMG\center_2024_11_20_20_18_50_386.jpg, C:\Users\Owner\Downloads\simulator-windows-64\dataTrack1\IMG\left_2024_11_20_20_18_50_386.jpg, C:\Users\Owner\Downloads\simulator-windows-64\dataTrack1\IMG\right_2024_11_20_20_18_50_386.jpg, 0, 0.1758897, 0, 19.98161
C:\Users\Owner\Downloads\simulator-windows-64\dataTrack1\IMG\center_2024_11_20_20_18_50_489.jpg, C:\Users\Owner\Downloads\simulator-windows-64\dataTrack1\IMG\left_2024_11_20_20_18_50_489.jpg, C:\Users\Owner\Downloads\simulator-windows-64\dataTrack1\IMG\right_2024_11_20_20_18_50_489.jpg, 0, 0.2315757, 0, 19.89741
C:\Users\Owner\Downloads\simulator-windows-64\dataTrack1\IMG\center_2024_11_20_20_18_50_591.jpg, C:\Users\Owner\Downloads\simulator-windows-64\dataTrack1\IMG\left_2024_11_20_20_18_50_591.jpg, C:\Users\Owner\Downloads\simulator-windows-64\dataTrack1\IMG\right_2024_11_20_20_18_50_591.jpg, 0.2071365, 0.328467, 0, 19.84221
C:\Users\Owner\Downloads\simulator-windows-64\dataTrack1\IMG\center_2024_11_20_20_18_50_695.jpg, C:\Users\Owner\Downloads\simulator-windows-64\dataTrack1\IMG\left_2024_11_20_20_18_50_695.jpg, C:\Users\Owner\Downloads\simulator-windows-64\dataTrack1\IMG\right_2024_11_20_20_18_50_695.jpg, 0.4127076, 0.01647328, 0, 19.99553
C:\Users\Owner\Downloads\simulator-windows-64\dataTrack1\IMG\center_2024_11_20_20_18_50_799.jpg, C:\Users\Owner\Downloads\simulator-windows-64\dataTrack1\IMG\left_2024_11_20_20_18_50_799.jpg, C:\Users\Owner\Downloads\simulator-windows-64\dataTrack1\IMG\right_2024_11_20_20_18_50_799.jpg, 0.1001169, 0, 0, 19.45848
C:\Users\Owner\Downloads\simulator-windows-64\dataTrack1\IMG\center_2024_11_20_20_18_50_902.jpg, C:\Users\Owner\Downloads\simulator-windows-64\dataTrack1\IMG\left_2024_11_20_20_18_50_902.jpg, C:\Users\Owner\Downloads\simulator-windows-64\dataTrack1\IMG\right_2024_11_20_20_18_50_902.jpg, 0, 0, 0, 19.61271
C:\Users\Owner\Downloads\simulator-windows-64\dataTrack1\IMG\center_2024_11_20_20_18_51_007.jpg, C:\Users\Owner\Downloads\simulator-windows-64\dataTrack1\IMG\left_2024_11_20_20_18_51_007.jpg, C:\Users\Owner\Downloads\simulator-windows-64\dataTrack1\IMG\right_2024_11_20_20_18_51_007.jpg, 0, 0, 0, 19.00777
C:\Users\Owner\Downloads\simulator-windows-64\dataTrack1\IMG\center_2024_11_20_20_18_51_109.jpg, C:\Users\Owner\Downloads\simulator-windows-64\dataTrack1\IMG\left_2024_11_20_20_18_51_109.jpg, C:\Users\Owner\Downloads\simulator-windows-64\dataTrack1\IMG\right_2024_11_20_20_18_51_109.jpg, 0.3043305, 0.3043305, 0, 19.01275
C:\Users\Owner\Downloads\simulator-windows-64\dataTrack1\IMG\center_2024_11_20_20_18_51_213.jpg, C:\Users\Owner\Downloads\simulator-windows-64\dataTrack1\IMG\left_2024_11_20_20_18_51_213.jpg, C:\Users\Owner\Downloads\simulator-windows-64\dataTrack1\IMG\right_2024_11_20_20_18_51_213.jpg, 0.513627, 0.16758, 0, 19.34374
C:\Users\Owner\Downloads\simulator-windows-64\dataTrack1\IMG\center_2024_11_20_20_18_51_317.jpg, C:\Users\Owner\Downloads\simulator-windows-64\dataTrack1\IMG\left_2024_11_20_20_18_51_317.jpg, C:\Users\Owner\Downloads\simulator-windows-64\dataTrack1\IMG\right_2024_11_20_20_18_51_317.jpg, 0.2035248, 0, 0, 18.84767
C:\Users\Owner\Downloads\simulator-windows-64\dataTrack1\IMG\center_2024_11_20_20_18_51_419.jpg, C:\Users\Owner\Downloads\simulator-windows-64\dataTrack1\IMG\left_2024_11_20_20_18_51_419.jpg, C:\Users\Owner\Downloads\simulator-windows-64\dataTrack1\IMG\right_2024_11_20_20_18_51_419.jpg, 0.5138505, 0, 0, 19.00776
C:\Users\Owner\Downloads\simulator-windows-64\dataTrack1\IMG\center_2024_11_20_20_18_51_522.jpg, C:\Users\Owner\Downloads\simulator-windows-64\dataTrack1\IMG\left_2024_11_20_20_18_51_522.jpg, C:\Users\Owner\Downloads\simulator-windows-64\dataTrack1\IMG\right_2024_11_20_20_18_51_522.jpg, 0.5181183, 0, 0, 18.27663
C:\Users\Owner\Downloads\simulator-windows-64\dataTrack1\IMG\center_2024_11_20_20_18_51_628.jpg, C:\Users\Owner\Downloads\simulator-windows-64\dataTrack1\IMG\left_2024_11_20_20_18_51_628.jpg, C:\Users\Owner\Downloads\simulator-windows-64\dataTrack1\IMG\right_2024_11_20_20_18_51_628.jpg, 0.1990155, 0.0565665, 0, 18.07695
C:\Users\Owner\Downloads\simulator-windows-64\dataTrack1\IMG\center_2024_11_20_20_18_51_732.jpg, C:\Users\Owner\Downloads\simulator-windows-64\dataTrack1\IMG\left_2024_11_20_20_18_51_732.jpg, C:\Users\Owner\Downloads\simulator-windows-64\dataTrack1\IMG\right_2024_11_20_20_18_51_732.jpg, 0, 0.3673521, 0, 18.57623
C:\Users\Owner\Downloads\simulator-windows-64\dataTrack1\IMG\center_2024_11_20_20_18_51_835.jpg, C:\Users\Owner\Downloads\simulator-windows-64\dataTrack1\IMG\left_2024_11_20_20_18_51_835.jpg, C:\Users\Owner\Downloads\simulator-windows-64\dataTrack1\IMG\right_2024_11_20_20_18_51_835.jpg, 0, 0.05631572, 0, 18.23215
C:\Users\Owner\Downloads\simulator-windows-64\dataTrack1\IMG\center_2024_11_20_20_18_51_939.jpg, C:\Users\Owner\Downloads\simulator-windows-64\dataTrack1\IMG\left_2024_11_20_20_18_51_939.jpg, C:\Users\Owner\Downloads\simulator-windows-64\dataTrack1\IMG\right_2024_11_20_20_18_51_939.jpg, 0, 0, 0, 18.49518
C:\Users\Owner\Downloads\simulator-windows-64\dataTrack1\IMG\center_2024_11_20_20_18_52_041.jpg, C:\Users\Owner\Downloads\simulator-windows-64\dataTrack1\IMG\left_2024_11_20_20_18_52_041.jpg, C:\Users\Owner\Downloads\simulator-windows-64\dataTrack1\IMG\right_2024_11_20_20_18_52_041.jpg, 0, 0, 0, 17.81795
C:\Users\Owner\Downloads\simulator-windows-64\dataTrack1\IMG\center_2024_11_20_20_18_52_146.jpg, C:\Users\Owner\Downloads\simulator-windows-64\dataTrack1\IMG\left_2024_11_20_20_18_52_146.jpg, C:\Users\Owner\Downloads\simulator-windows-64\dataTrack1\IMG\right_2024_11_20_20_18_52_146.jpg, 0, 0.2661063, 0, 18.26688
C:\Users\Owner\Downloads\simulator-windows-64\dataTrack1\IMG\center_2024_11_20_20_18_52_249.jpg, C:\Users\Owner\Downloads\simulator-windows-64\dataTrack1\IMG\left_2024_11_20_20_18_52_249.jpg, C:\Users\Owner\Downloads\simulator-windows-64\dataTrack1\IMG\right_2024_11_20_20_18_52_249.jpg, 0.3112263, 0.4237266, 0, 18.61012
C:\Users\Owner\Downloads\simulator-windows-64\dataTrack1\IMG\center_2024_11_20_20_18_52_354.jpg, C:\Users\Owner\Downloads\simulator-windows-64\dataTrack1\IMG\left_2024_11_20_20_18_52_354.jpg, C:\Users\Owner\Downloads\simulator-windows-64\dataTrack1\IMG\right_2024_11_20_20_18_52_354.jpg, 0.6224118, 0.112541, 0, 18.22301
C:\Users\Owner\Downloads\simulator-windows-64\dataTrack1\IMG\center_2024_11_20_20_18_52_458.jpg, C:\Users\Owner\Downloads\simulator-windows-64\dataTrack1\IMG\left_2024_11_20_20_18_52_458.jpg, C:\Users\Owner\Downloads\simulator-windows-64\dataTrack1\IMG\right_2024_11_20_20_18_52_458.jpg, 0.4131725, 0, 0, 18.42378
C:\Users\Owner\Downloads\simulator-windows-64\dataTrack1\IMG\center_2024_11_20_20_18_52_559.jpg, C:\Users\Owner\Downloads\simulator-windows-64\dataTrack1\IMG\left_2024_11_20_20_18_52_559.jpg, C:\Users\Owner\Downloads\simulator-windows-64\dataTrack1\IMG\right_2024_11_20_20_18_52_559.jpg, 0.7166693, 0, 0, 17.69327
C:\Users\Owner\Downloads\simulator-windows-64\dataTrack1\IMG\center_2024_11_20_20_18_52_665.jpg, C:\Users\Owner\Downloads\simulator-windows-64\dataTrack1\IMG\left_2024_11_20_20_18_52_665.jpg, C:\Users\Owner\Downloads\simulator-windows-64\dataTrack1\IMG\right_2024_11_20_20_18_52_665.jpg, 0.4502531, 0, 0, 17.97066
C:\Users\Owner\Downloads\simulator-windows-64\dataTrack1\IMG\center_2024_11_20_20_18_52_769.jpg, C:\Users\Owner\Downloads\simulator-windows-64\dataTrack1\IMG\left_2024_11_20_20_18_52_769.jpg, C:\Users\Owner\Downloads\simulator-windows-64\dataTrack1\IMG\right_2024_11_20_20_18_52_769.jpg, 0.4896392, 0, 0, 17.77335
C:\Users\Owner\Downloads\simulator-windows-64\dataTrack1\IMG\center_2024_11_20_20_18_52_872.jpg, C:\Users\Owner\Downloads\simulator-windows-64\dataTrack1\IMG\left_2024_11_20_20_18_52_872.jpg, C:\Users\Owner\Downloads\simulator-windows-64\dataTrack1\IMG\right_2024_11_20_20_18_52_872.jpg, 0.4909154, 0, 0, 17.01947
C:\Users\Owner\Downloads\simulator-windows-64\dataTrack1\IMG\center_2024_11_20_20_18_52_974.jpg, C:\Users\Owner\Downloads\simulator-windows-64\dataTrack1\IMG\left_2024_11_20_20_18_52_974.jpg, C:\Users\Owner\Downloads\simulator-windows-64\dataTrack1\IMG\right_2024_11_20_20_18_52_974.jpg, 0.1828563, 0.3080592, 0, 17.5181
C:\Users\Owner\Downloads\simulator-windows-64\dataTrack1\IMG\center_2024_11_20_20_18_53_079.jpg, C:\Users\Owner\Downloads\simulator-windows-64\dataTrack1\IMG\left_2024_11_20_20_18_53_079.jpg, C:\Users\Owner\Downloads\simulator-windows-64\dataTrack1\IMG\right_2024_11_20_20_18_53_079.jpg, 0, 0.1674255, 0, 17.26863
C:\Users\Owner\Downloads\simulator-windows-64\dataTrack1\IMG\center_2024_11_20_20_18_53_183.jpg, C:\Users\Owner\Downloads\simulator-windows-64\dataTrack1\IMG\left_2024_11_20_20_18_53_183.jpg, C:\Users\Owner\Downloads\simulator-windows-64\dataTrack1\IMG\right_2024_11_20_20_18_53_183.jpg, 0, 0, 0, 17.63105
C:\Users\Owner\Downloads\simulator-windows-64\dataTrack1\IMG\center_2024_11_20_20_18_53_288.jpg, C:\Users\Owner\Downloads\simulator-windows-64\dataTrack1\IMG\left_2024_11_20_20_18_53_288.jpg, C:\Users\Owner\Downloads\simulator-windows-64\dataTrack1\IMG\right_2024_11_20_20_18_53_288.jpg, 0, 0, 0, 17.42504
C:\Users\Owner\Downloads\simulator-windows-64\dataTrack1\IMG\center_2024_11_20_20_18_53_389.jpg, C:\Users\Owner\Downloads\simulator-windows-64\dataTrack1\IMG\left_2024_11_20_20_18_53_389.jpg, C:\Users\Owner\Downloads\simulator-windows-64\dataTrack1\IMG\right_2024_11_20_20_18_53_389.jpg, 0.2019882, 0, 0, 16.71156
C:\Users\Owner\Downloads\simulator-windows-64\dataTrack1\IMG\center_2024_11_20_20_18_53_496.jpg, C:\Users\Owner\Downloads\simulator-windows-64\dataTrack1\IMG\left_2024_11_20_20_18_53_496.jpg, C:\Users\Owner\Downloads\simulator-windows-64\dataTrack1\IMG\right_2024_11_20_20_18_53_496.jpg, 0.4119534, 0.0558003, 0, 16.9742
C:\Users\Owner\Downloads\simulator-windows-64\dataTrack1\IMG\center_2024_11_20_20_18_53_598.jpg, C:\Users\Owner\Downloads\simulator-windows-64\dataTrack1\IMG\left_2024_11_20_20_18_53_598.jpg, C:\Users\Owner\Downloads\simulator-windows-64\dataTrack1\IMG\right_2024_11_20_20_18_53_598.jpg, 0.1077561, 0.3599976, 0, 16.57711
C:\Users\Owner\Downloads\simulator-windows-64\dataTrack1\IMG\center_2024_11_20_20_18_53_702.jpg, C:\Users\Owner\Downloads\simulator-windows-64\dataTrack1\IMG\left_2024_11_20_20_18_53_702.jpg, C:\Users\Owner\Downloads\simulator-windows-64\dataTrack1\IMG\right_2024_11_20_20_18_53_702.jpg, 0.418615, 0.0491388, 0, 17.11205
C:\Users\Owner\Downloads\simulator-windows-64\dataTrack1\IMG\center_2024_11_20_20_18_53_806.jpg, C:\Users\Owner\Downloads\simulator-windows-64\dataTrack1\IMG\left_2024_11_20_20_18_53_806.jpg, C:\Users\Owner\Downloads\simulator-windows-64\dataTrack1\IMG\right_2024_11_20_20_18_53_806.jpg, 0.1560205, 0, 0, 16.42545
C:\Users\Owner\Downloads\simulator-windows-64\dataTrack1\IMG\center_2024_11_20_20_18_53_911.jpg, C:\Users\Owner\Downloads\simulator-windows-64\dataTrack1\IMG\left_2024_11_20_20_18_53_911.jpg, C:\Users\Owner\Downloads\simulator-windows-64\dataTrack1\IMG\right_2024_11_20_20_18_53_911.jpg, 0, 0.10689, 0, 16.2137
C:\Users\Owner\Downloads\simulator-windows-64\dataTrack1\IMG\center_2024_11_20_20_18_54_016.jpg, C:\Users\Owner\Downloads\simulator-windows-64\dataTrack1\IMG\left_2024_11_20_20_18_54_016.jpg, C:\Users\Owner\Downloads\simulator-windows-64\dataTrack1\IMG\right_2024_11_20_20_18_54_016.jpg, 0, 0.1070949, 0, 16.79536
C:\Users\Owner\Downloads\simulator-windows-64\dataTrack1\IMG\center_2024_11_20_20_18_54_121.jpg, C:\Users\Owner\Downloads\simulator-windows-64\dataTrack1\IMG\left_2024_11_20_20_18_54_121.jpg, C:\Users\Owner\Downloads\simulator-windows-64\dataTrack1\IMG\right_2024_11_20_20_18_54_121.jpg, 0, 0.1569081, 0, 16.15409
C:\Users\Owner\Downloads\simulator-windows-64\dataTrack1\IMG\center_2024_11_20_20_18_54_225.jpg, C:\Users\Owner\Downloads\simulator-windows-64\dataTrack1\IMG\left_2024_11_20_20_18_54_225.jpg, C:\Users\Owner\Downloads\simulator-windows-64\dataTrack1\IMG\right_2024_11_20_20_18_54_225.jpg, 0, 0.4191213, 0, 16.82099
C:\Users\Owner\Downloads\simulator-windows-64\dataTrack1\IMG\center_2024_11_20_20_18_54_331.jpg, C:\Users\Owner\Downloads\simulator-windows-64\dataTrack1\IMG\left_2024_11_20_20_18_54_331.jpg, C:\Users\Owner\Downloads\simulator-windows-64\dataTrack1\IMG\right_2024_11_20_20_18_54_331.jpg, 0.2078676, 0.1562244, 0, 16.98163
C:\Users\Owner\Downloads\simulator-windows-64\dataTrack1\IMG\center_2024_11_20_20_18_54_435.jpg, C:\Users\Owner\Downloads\simulator-windows-64\dataTrack1\IMG\left_2024_11_20_20_18_54_435.jpg, C:\Users\Owner\Downloads\simulator-windows-64\dataTrack1\IMG\right_2024_11_20_20_18_54_435.jpg, 0.4178025, 0.4667565, 0, 16.62333
C:\Users\Owner\Downloads\simulator-windows-64\dataTrack1\IMG\center_2024_11_20_20_18_54_539.jpg, C:\Users\Owner\Downloads\simulator-windows-64\dataTrack1\IMG\left_2024_11_20_20_18_54_539.jpg, C:\Users\Owner\Downloads\simulator-windows-64\dataTrack1\IMG\right_2024_11_20_20_18_54_539.jpg, 0.1044714, 0.1534254, 0, 17.27371
C:\Users\Owner\Downloads\simulator-windows-64\dataTrack1\IMG\center_2024_11_20_20_18_54_642.jpg, C:\Users\Owner\Downloads\simulator-windows-64\dataTrack1\IMG\left_2024_11_20_20_18_54_642.jpg, C:\Users\Owner\Downloads\simulator-windows-64\dataTrack1\IMG\right_2024_11_20_20_18_54_642.jpg, 0.152865, 0, 0, 16.67309
C:\Users\Owner\Downloads\simulator-windows-64\dataTrack1\IMG\center_2024_11_20_20_18_54_749.jpg, C:\Users\Owner\Downloads\simulator-windows-64\dataTrack1\IMG\left_2024_11_20_20_18_54_749.jpg, C:\Users\Owner\Downloads\simulator-windows-64\dataTrack1\IMG\right_2024_11_20_20_18_54_749.jpg, 0, 0.1566213, 0, 16.49798
C:\Users\Owner\Downloads\simulator-windows-64\dataTrack1\IMG\center_2024_11_20_20_18_54_854.jpg, C:\Users\Owner\Downloads\simulator-windows-64\dataTrack1\IMG\left_2024_11_20_20_18_54_854.jpg, C:\Users\Owner\Downloads\simulator-windows-64\dataTrack1\IMG\right_2024_11_20_20_18_54_854.jpg, 0, 0.36586, 0, 17.20734
C:\Users\Owner\Downloads\simulator-windows-64\dataTrack1\IMG\center_2024_11_20_20_18_54_955.jpg, C:\Users\Owner\Downloads\simulator-windows-64\dataTrack1\IMG\left_2024_11_20_20_18_54_955.jpg, C:\Users\Owner\Downloads\simulator-windows-64\dataTrack1\IMG\right_2024_11_20_20_18_54_955.jpg, 0.1515093, 0.06150635, 0, 16.81895
C:\Users\Owner\Downloads\simulator-windows-64\dataTrack1\IMG\center_2024_11_20_20_18_55_059.jpg, C:\Users\Owner\Downloads\simulator-windows-64\dataTrack1\IMG\left_2024_11_20_20_18_55_059.jpg, C:\Users\Owner\Downloads\simulator-windows-64\dataTrack1\IMG\right_2024_11_20_20_18_55_059.jpg, 0.4607751, 0.3707722, 0, 17.23218
C:\Users\Owner\Downloads\simulator-windows-64\dataTrack1\IMG\center_2024_11_20_20_18_55_164.jpg, C:\Users\Owner\Downloads\simulator-windows-64\dataTrack1\IMG\left_2024_11_20_20_18_55_164.jpg, C:\Users\Owner\Downloads\simulator-windows-64\dataTrack1\IMG\right_2024_11_20_20_18_55_164.jpg, 0.3721228, 0.2821198, 0, 17.07693
C:\Users\Owner\Downloads\simulator-windows-64\dataTrack1\IMG\center_2024_11_20_20_18_55_268.jpg, C:\Users\Owner\Downloads\simulator-windows-64\dataTrack1\IMG\left_2024_11_20_20_18_55_268.jpg, C:\Users\Owner\Downloads\simulator-windows-64\dataTrack1\IMG\right_2024_11_20_20_18_55_268.jpg, 0.009642374, 0.2271603, 0, 17.07455
C:\Users\Owner\Downloads\simulator-windows-64\dataTrack1\IMG\center_2024_11_20_20_18_55_372.jpg, C:\Users\Owner\Downloads\simulator-windows-64\dataTrack1\IMG\left_2024_11_20_20_18_55_372.jpg, C:\Users\Owner\Downloads\simulator-windows-64\dataTrack1\IMG\right_2024_11_20_20_18_55_372.jpg, 0.1034862, 0.5375583, 0, 17.80058
C:\Users\Owner\Downloads\simulator-windows-64\dataTrack1\IMG\center_2024_11_20_20_18_55_475.jpg, C:\Users\Owner\Downloads\simulator-windows-64\dataTrack1\IMG\left_2024_11_20_20_18_55_475.jpg, C:\Users\Owner\Downloads\simulator-windows-64\dataTrack1\IMG\right_2024_11_20_20_18_55_475.jpg, 0, 0.2271442, 0, 17.67523
C:\Users\Owner\Downloads\simulator-windows-64\dataTrack1\IMG\center_2024_11_20_20_18_55_581.jpg, C:\Users\Owner\Downloads\simulator-windows-64\dataTrack1\IMG\left_2024_11_20_20_18_55_581.jpg, C:\Users\Owner\Downloads\simulator-windows-64\dataTrack1\IMG\right_2024_11_20_20_18_55_581.jpg, 0, 0.0529368, 0, 18.04861
C:\Users\Owner\Downloads\simulator-windows-64\dataTrack1\IMG\center_2024_11_20_20_18_55_687.jpg, C:\Users\Owner\Downloads\simulator-windows-64\dataTrack1\IMG\left_2024_11_20_20_18_55_687.jpg, C:\Users\Owner\Downloads\simulator-windows-64\dataTrack1\IMG\right_2024_11_20_20_18_55_687.jpg, 0, 0.3687195, 0, 18.10601
C:\Users\Owner\Downloads\simulator-windows-64\dataTrack1\IMG\center_2024_11_20_20_18_55_793.jpg, C:\Users\Owner\Downloads\simulator-windows-64\dataTrack1\IMG\left_2024_11_20_20_18_55_793.jpg, C:\Users\Owner\Downloads\simulator-windows-64\dataTrack1\IMG\right_2024_11_20_20_18_55_793.jpg, 0, 0.3693236, 0, 18.09574
C:\Users\Owner\Downloads\simulator-windows-64\dataTrack1\IMG\center_2024_11_20_20_18_55_896.jpg, C:\Users\Owner\Downloads\simulator-windows-64\dataTrack1\IMG\left_2024_11_20_20_18_55_896.jpg, C:\Users\Owner\Downloads\simulator-windows-64\dataTrack1\IMG\right_2024_11_20_20_18_55_896.jpg, 0.1582137, 0.5142236, 0, 18.72829
C:\Users\Owner\Downloads\simulator-windows-64\dataTrack1\IMG\center_2024_11_20_20_18_55_999.jpg, C:\Users\Owner\Downloads\simulator-windows-64\dataTrack1\IMG\left_2024_11_20_20_18_55_999.jpg, C:\Users\Owner\Downloads\simulator-windows-64\dataTrack1\IMG\right_2024_11_20_20_18_55_999.jpg, 0.4694752, 0.4214709, 0, 18.80612
C:\Users\Owner\Downloads\simulator-windows-64\dataTrack1\IMG\center_2024_11_20_20_18_56_104.jpg, C:\Users\Owner\Downloads\simulator-windows-64\dataTrack1\IMG\left_2024_11_20_20_18_56_104.jpg, C:\Users\Owner\Downloads\simulator-windows-64\dataTrack1\IMG\right_2024_11_20_20_18_56_104.jpg, 0.2060106, 0.3656579, 0, 19.28019
C:\Users\Owner\Downloads\simulator-windows-64\dataTrack1\IMG\center_2024_11_20_20_18_56_209.jpg, C:\Users\Owner\Downloads\simulator-windows-64\dataTrack1\IMG\left_2024_11_20_20_18_56_209.jpg, C:\Users\Owner\Downloads\simulator-windows-64\dataTrack1\IMG\right_2024_11_20_20_18_56_209.jpg, 0, 0.6259011, 0, 19.82934
C:\Users\Owner\Downloads\simulator-windows-64\dataTrack1\IMG\center_2024_11_20_20_18_56_315.jpg, C:\Users\Owner\Downloads\simulator-windows-64\dataTrack1\IMG\left_2024_11_20_20_18_56_315.jpg, C:\Users\Owner\Downloads\simulator-windows-64\dataTrack1\IMG\right_2024_11_20_20_18_56_315.jpg, 0, 0.306837, 0, 19.93268
C:\Users\Owner\Downloads\simulator-windows-64\dataTrack1\IMG\center_2024_11_20_20_18_56_418.jpg, C:\Users\Owner\Downloads\simulator-windows-64\dataTrack1\IMG\left_2024_11_20_20_18_56_418.jpg, C:\Users\Owner\Downloads\simulator-windows-64\dataTrack1\IMG\right_2024_11_20_20_18_56_418.jpg, 0, 0.4472502, 0, 20.35029
C:\Users\Owner\Downloads\simulator-windows-64\dataTrack1\IMG\center_2024_11_20_20_18_56_524.jpg, C:\Users\Owner\Downloads\simulator-windows-64\dataTrack1\IMG\left_2024_11_20_20_18_56_524.jpg, C:\Users\Owner\Downloads\simulator-windows-64\dataTrack1\IMG\right_2024_11_20_20_18_56_524.jpg, 0, 0.4505664, 0, 20.58268
C:\Users\Owner\Downloads\simulator-windows-64\dataTrack1\IMG\center_2024_11_20_20_18_56_625.jpg, C:\Users\Owner\Downloads\simulator-windows-64\dataTrack1\IMG\left_2024_11_20_20_18_56_625.jpg, C:\Users\Owner\Downloads\simulator-windows-64\dataTrack1\IMG\right_2024_11_20_20_18_56_625.jpg, 0, 0.7028343, 0, 21.24916
C:\Users\Owner\Downloads\simulator-windows-64\dataTrack1\IMG\center_2024_11_20_20_18_56_734.jpg, C:\Users\Owner\Downloads\simulator-windows-64\dataTrack1\IMG\left_2024_11_20_20_18_56_734.jpg, C:\Users\Owner\Downloads\simulator-windows-64\dataTrack1\IMG\right_2024_11_20_20_18_56_734.jpg, 0, 0.9462883, 0, 22.27152
C:\Users\Owner\Downloads\simulator-windows-64\dataTrack1\IMG\center_2024_11_20_20_18_56_838.jpg, C:\Users\Owner\Downloads\simulator-windows-64\dataTrack1\IMG\left_2024_11_20_20_18_56_838.jpg, C:\Users\Owner\Downloads\simulator-windows-64\dataTrack1\IMG\right_2024_11_20_20_18_56_838.jpg, 0, 0.6343977, 0, 22.9518
C:\Users\Owner\Downloads\simulator-windows-64\dataTrack1\IMG\center_2024_11_20_20_18_56_942.jpg, C:\Users\Owner\Downloads\simulator-windows-64\dataTrack1\IMG\left_2024_11_20_20_18_56_942.jpg, C:\Users\Owner\Downloads\simulator-windows-64\dataTrack1\IMG\right_2024_11_20_20_18_56_942.jpg, 0, 0.3214311, 0, 23.36015
C:\Users\Owner\Downloads\simulator-windows-64\dataTrack1\IMG\center_2024_11_20_20_18_57_049.jpg, C:\Users\Owner\Downloads\simulator-windows-64\dataTrack1\IMG\left_2024_11_20_20_18_57_049.jpg, C:\Users\Owner\Downloads\simulator-windows-64\dataTrack1\IMG\right_2024_11_20_20_18_57_049.jpg, 0, 0.4185822, 0, 23.48619
C:\Users\Owner\Downloads\simulator-windows-64\dataTrack1\IMG\center_2024_11_20_20_18_57_153.jpg, C:\Users\Owner\Downloads\simulator-windows-64\dataTrack1\IMG\left_2024_11_20_20_18_57_153.jpg, C:\Users\Owner\Downloads\simulator-windows-64\dataTrack1\IMG\right_2024_11_20_20_18_57_153.jpg, 0, 0.3018683, 0, 23.74888
C:\Users\Owner\Downloads\simulator-windows-64\dataTrack1\IMG\center_2024_11_20_20_18_57_257.jpg, C:\Users\Owner\Downloads\simulator-windows-64\dataTrack1\IMG\left_2024_11_20_20_18_57_257.jpg, C:\Users\Owner\Downloads\simulator-windows-64\dataTrack1\IMG\right_2024_11_20_20_18_57_257.jpg, 0, 0.6147911, 0, 24.06668
C:\Users\Owner\Downloads\simulator-windows-64\dataTrack1\IMG\center_2024_11_20_20_18_57_362.jpg, C:\Users\Owner\Downloads\simulator-windows-64\dataTrack1\IMG\left_2024_11_20_20_18_57_362.jpg, C:\Users\Owner\Downloads\simulator-windows-64\dataTrack1\IMG\right_2024_11_20_20_18_57_362.jpg, 0, 0.7215987, 0, 24.72885
C:\Users\Owner\Downloads\simulator-windows-64\dataTrack1\IMG\center_2024_11_20_20_18_57_465.jpg, C:\Users\Owner\Downloads\simulator-windows-64\dataTrack1\IMG\left_2024_11_20_20_18_57_465.jpg, C:\Users\Owner\Downloads\simulator-windows-64\dataTrack1\IMG\right_2024_11_20_20_18_57_465.jpg, 0, 0.8113829, 0, 25.31328
C:\Users\Owner\Downloads\simulator-windows-64\dataTrack1\IMG\center_2024_11_20_20_18_57_571.jpg, C:\Users\Owner\Downloads\simulator-windows-64\dataTrack1\IMG\left_2024_11_20_20_18_57_571.jpg, C:\Users\Owner\Downloads\simulator-windows-64\dataTrack1\IMG\right_2024_11_20_20_18_57_571.jpg, 0, 0.8460319, 0, 26.36328
C:\Users\Owner\Downloads\simulator-windows-64\dataTrack1\IMG\center_2024_11_20_20_18_57_675.jpg, C:\Users\Owner\Downloads\simulator-windows-64\dataTrack1\IMG\left_2024_11_20_20_18_57_675.jpg, C:\Users\Owner\Downloads\simulator-windows-64\dataTrack1\IMG\right_2024_11_20_20_18_57_675.jpg, 0, 0.9486367, 0, 27.10298
C:\Users\Owner\Downloads\simulator-windows-64\dataTrack1\IMG\center_2024_11_20_20_18_57_776.jpg, C:\Users\Owner\Downloads\simulator-windows-64\dataTrack1\IMG\left_2024_11_20_20_18_57_776.jpg, C:\Users\Owner\Downloads\simulator-windows-64\dataTrack1\IMG\right_2024_11_20_20_18_57_776.jpg, 0, 0.7968625, 0, 27.96066
C:\Users\Owner\Downloads\simulator-windows-64\dataTrack1\IMG\center_2024_11_20_20_18_57_882.jpg, C:\Users\Owner\Downloads\simulator-windows-64\dataTrack1\IMG\left_2024_11_20_20_18_57_882.jpg, C:\Users\Owner\Downloads\simulator-windows-64\dataTrack1\IMG\right_2024_11_20_20_18_57_882.jpg, 0, 0.895126, 0, 28.57649
C:\Users\Owner\Downloads\simulator-windows-64\dataTrack1\IMG\center_2024_11_20_20_18_57_985.jpg, C:\Users\Owner\Downloads\simulator-windows-64\dataTrack1\IMG\left_2024_11_20_20_18_57_985.jpg, C:\Users\Owner\Downloads\simulator-windows-64\dataTrack1\IMG\right_2024_11_20_20_18_57_985.jpg, 0, 0.8462494, 0, 29.43429
C:\Users\Owner\Downloads\simulator-windows-64\dataTrack1\IMG\center_2024_11_20_20_18_58_089.jpg, C:\Users\Owner\Downloads\simulator-windows-64\dataTrack1\IMG\left_2024_11_20_20_18_58_089.jpg, C:\Users\Owner\Downloads\simulator-windows-64\dataTrack1\IMG\right_2024_11_20_20_18_58_089.jpg, 0, 1, 0, 30.19117
C:\Users\Owner\Downloads\simulator-windows-64\dataTrack1\IMG\center_2024_11_20_20_18_58_193.jpg, C:\Users\Owner\Downloads\simulator-windows-64\dataTrack1\IMG\left_2024_11_20_20_18_58_193.jpg, C:\Users\Owner\Downloads\simulator-windows-64\dataTrack1\IMG\right_2024_11_20_20_18_58_193.jpg, 0, 0.68902, 0, 30.12087
C:\Users\Owner\Downloads\simulator-windows-64\dataTrack1\IMG\center_2024_11_20_20_18_58_297.jpg, C:\Users\Owner\Downloads\simulator-windows-64\dataTrack1\IMG\left_2024_11_20_20_18_58_297.jpg, C:\Users\Owner\Downloads\simulator-windows-64\dataTrack1\IMG\right_2024_11_20_20_18_58_297.jpg, 0, 0.3742402, 0, 30.04441
C:\Users\Owner\Downloads\simulator-windows-64\dataTrack1\IMG\center_2024_11_20_20_18_58_401.jpg, C:\Users\Owner\Downloads\simulator-windows-64\dataTrack1\IMG\left_2024_11_20_20_18_58_401.jpg, C:\Users\Owner\Downloads\simulator-windows-64\dataTrack1\IMG\right_2024_11_20_20_18_58_401.jpg, 0.1040595, 0.06222853, 0, 29.94458
C:\Users\Owner\Downloads\simulator-windows-64\dataTrack1\IMG\center_2024_11_20_20_18_58_505.jpg, C:\Users\Owner\Downloads\simulator-windows-64\dataTrack1\IMG\left_2024_11_20_20_18_58_505.jpg, C:\Users\Owner\Downloads\simulator-windows-64\dataTrack1\IMG\right_2024_11_20_20_18_58_505.jpg, 0.3603438, 0, 0, 29.57252
C:\Users\Owner\Downloads\simulator-windows-64\dataTrack1\IMG\center_2024_11_20_20_18_58_608.jpg, C:\Users\Owner\Downloads\simulator-windows-64\dataTrack1\IMG\left_2024_11_20_20_18_58_608.jpg, C:\Users\Owner\Downloads\simulator-windows-64\dataTrack1\IMG\right_2024_11_20_20_18_58_608.jpg, 0, 0, 0, 29.20414
C:\Users\Owner\Downloads\simulator-windows-64\dataTrack1\IMG\center_2024_11_20_20_18_58_711.jpg, C:\Users\Owner\Downloads\simulator-windows-64\dataTrack1\IMG\left_2024_11_20_20_18_58_711.jpg, C:\Users\Owner\Downloads\simulator-windows-64\dataTrack1\IMG\right_2024_11_20_20_18_58_711.jpg, 0, 0.1977624, 0, 28.98779
C:\Users\Owner\Downloads\simulator-windows-64\dataTrack1\IMG\center_2024_11_20_20_18_58_816.jpg, C:\Users\Owner\Downloads\simulator-windows-64\dataTrack1\IMG\left_2024_11_20_20_18_58_816.jpg, C:\Users\Owner\Downloads\simulator-windows-64\dataTrack1\IMG\right_2024_11_20_20_18_58_816.jpg, 0, 0.2037828, 0, 29.02902
C:\Users\Owner\Downloads\simulator-windows-64\dataTrack1\IMG\center_2024_11_20_20_18_58_920.jpg, C:\Users\Owner\Downloads\simulator-windows-64\dataTrack1\IMG\left_2024_11_20_20_18_58_920.jpg, C:\Users\Owner\Downloads\simulator-windows-64\dataTrack1\IMG\right_2024_11_20_20_18_58_920.jpg, 0, 0.2002893, 0, 28.86553
C:\Users\Owner\Downloads\simulator-windows-64\dataTrack1\IMG\center_2024_11_20_20_18_59_022.jpg, C:\Users\Owner\Downloads\simulator-windows-64\dataTrack1\IMG\left_2024_11_20_20_18_59_022.jpg, C:\Users\Owner\Downloads\simulator-windows-64\dataTrack1\IMG\right_2024_11_20_20_18_59_022.jpg, 0, 0.2011116, 0, 28.93132
C:\Users\Owner\Downloads\simulator-windows-64\dataTrack1\IMG\center_2024_11_20_20_18_59_125.jpg, C:\Users\Owner\Downloads\simulator-windows-64\dataTrack1\IMG\left_2024_11_20_20_18_59_125.jpg, C:\Users\Owner\Downloads\simulator-windows-64\dataTrack1\IMG\right_2024_11_20_20_18_59_125.jpg, 0, 0.2870982, 0, 28.848
C:\Users\Owner\Downloads\simulator-windows-64\dataTrack1\IMG\center_2024_11_20_20_18_59_230.jpg, C:\Users\Owner\Downloads\simulator-windows-64\dataTrack1\IMG\left_2024_11_20_20_18_59_230.jpg, C:\Users\Owner\Downloads\simulator-windows-64\dataTrack1\IMG\right_2024_11_20_20_18_59_230.jpg, -0.2119326, 0.2306391, 0, 29.00082
C:\Users\Owner\Downloads\simulator-windows-64\dataTrack1\IMG\center_2024_11_20_20_18_59_335.jpg, C:\Users\Owner\Downloads\simulator-windows-64\dataTrack1\IMG\left_2024_11_20_20_18_59_335.jpg, C:\Users\Owner\Downloads\simulator-windows-64\dataTrack1\IMG\right_2024_11_20_20_18_59_335.jpg, 0, 0, 0, 28.79922
C:\Users\Owner\Downloads\simulator-windows-64\dataTrack1\IMG\center_2024_11_20_20_18_59_439.jpg, C:\Users\Owner\Downloads\simulator-windows-64\dataTrack1\IMG\left_2024_11_20_20_18_59_439.jpg, C:\Users\Owner\Downloads\simulator-windows-64\dataTrack1\IMG\right_2024_11_20_20_18_59_439.jpg, 0, 0.0523488, 0, 28.50965
C:\Users\Owner\Downloads\simulator-windows-64\dataTrack1\IMG\center_2024_11_20_20_18_59_544.jpg, C:\Users\Owner\Downloads\simulator-windows-64\dataTrack1\IMG\left_2024_11_20_20_18_59_544.jpg, C:\Users\Owner\Downloads\simulator-windows-64\dataTrack1\IMG\right_2024_11_20_20_18_59_544.jpg, 0, 0.3641961, 0, 28.43286
C:\Users\Owner\Downloads\simulator-windows-64\dataTrack1\IMG\center_2024_11_20_20_18_59_644.jpg, C:\Users\Owner\Downloads\simulator-windows-64\dataTrack1\IMG\left_2024_11_20_20_18_59_644.jpg, C:\Users\Owner\Downloads\simulator-windows-64\dataTrack1\IMG\right_2024_11_20_20_18_59_644.jpg, 0, 0.0616038, 0, 28.45734
C:\Users\Owner\Downloads\simulator-windows-64\dataTrack1\IMG\center_2024_11_20_20_18_59_749.jpg, C:\Users\Owner\Downloads\simulator-windows-64\dataTrack1\IMG\left_2024_11_20_20_18_59_749.jpg, C:\Users\Owner\Downloads\simulator-windows-64\dataTrack1\IMG\right_2024_11_20_20_18_59_749.jpg, 0, 0.2084061, 0, 28.20693
C:\Users\Owner\Downloads\simulator-windows-64\dataTrack1\IMG\center_2024_11_20_20_18_59_853.jpg, C:\Users\Owner\Downloads\simulator-windows-64\dataTrack1\IMG\left_2024_11_20_20_18_59_853.jpg, C:\Users\Owner\Downloads\simulator-windows-64\dataTrack1\IMG\right_2024_11_20_20_18_59_853.jpg, -0.1590489, 0, 0, 27.99592
C:\Users\Owner\Downloads\simulator-windows-64\dataTrack1\IMG\center_2024_11_20_20_18_59_957.jpg, C:\Users\Owner\Downloads\simulator-windows-64\dataTrack1\IMG\left_2024_11_20_20_18_59_957.jpg, C:\Users\Owner\Downloads\simulator-windows-64\dataTrack1\IMG\right_2024_11_20_20_18_59_957.jpg, 0, 0.0537543, 0, 27.71171
C:\Users\Owner\Downloads\simulator-windows-64\dataTrack1\IMG\center_2024_11_20_20_19_00_059.jpg, C:\Users\Owner\Downloads\simulator-windows-64\dataTrack1\IMG\left_2024_11_20_20_19_00_059.jpg, C:\Users\Owner\Downloads\simulator-windows-64\dataTrack1\IMG\right_2024_11_20_20_19_00_059.jpg, 0, 0.3609171, 0, 27.67019
C:\Users\Owner\Downloads\simulator-windows-64\dataTrack1\IMG\center_2024_11_20_20_19_00_167.jpg, C:\Users\Owner\Downloads\simulator-windows-64\dataTrack1\IMG\left_2024_11_20_20_19_00_167.jpg, C:\Users\Owner\Downloads\simulator-windows-64\dataTrack1\IMG\right_2024_11_20_20_19_00_167.jpg, 0, 0.03866766, 0, 27.63182
C:\Users\Owner\Downloads\simulator-windows-64\dataTrack1\IMG\center_2024_11_20_20_19_00_270.jpg, C:\Users\Owner\Downloads\simulator-windows-64\dataTrack1\IMG\left_2024_11_20_20_19_00_270.jpg, C:\Users\Owner\Downloads\simulator-windows-64\dataTrack1\IMG\right_2024_11_20_20_19_00_270.jpg, 0, 0, 0, 27.3596
C:\Users\Owner\Downloads\simulator-windows-64\dataTrack1\IMG\center_2024_11_20_20_19_00_372.jpg, C:\Users\Owner\Downloads\simulator-windows-64\dataTrack1\IMG\left_2024_11_20_20_19_00_372.jpg, C:\Users\Owner\Downloads\simulator-windows-64\dataTrack1\IMG\right_2024_11_20_20_19_00_372.jpg, -0.0526809, 0.1483605, 0, 27.12677
C:\Users\Owner\Downloads\simulator-windows-64\dataTrack1\IMG\center_2024_11_20_20_19_00_475.jpg, C:\Users\Owner\Downloads\simulator-windows-64\dataTrack1\IMG\left_2024_11_20_20_19_00_475.jpg, C:\Users\Owner\Downloads\simulator-windows-64\dataTrack1\IMG\right_2024_11_20_20_19_00_475.jpg, -0.2575062, 0.1452612, 0, 27.06838
C:\Users\Owner\Downloads\simulator-windows-64\dataTrack1\IMG\center_2024_11_20_20_19_00_578.jpg, C:\Users\Owner\Downloads\simulator-windows-64\dataTrack1\IMG\left_2024_11_20_20_19_00_578.jpg, C:\Users\Owner\Downloads\simulator-windows-64\dataTrack1\IMG\right_2024_11_20_20_19_00_578.jpg, 0, 0, 0, 26.83706
C:\Users\Owner\Downloads\simulator-windows-64\dataTrack1\IMG\center_2024_11_20_20_19_00_684.jpg, C:\Users\Owner\Downloads\simulator-windows-64\dataTrack1\IMG\left_2024_11_20_20_19_00_684.jpg, C:\Users\Owner\Downloads\simulator-windows-64\dataTrack1\IMG\right_2024_11_20_20_19_00_684.jpg, 0, 0, 0, 26.56394
C:\Users\Owner\Downloads\simulator-windows-64\dataTrack1\IMG\center_2024_11_20_20_19_00_788.jpg, C:\Users\Owner\Downloads\simulator-windows-64\dataTrack1\IMG\left_2024_11_20_20_19_00_788.jpg, C:\Users\Owner\Downloads\simulator-windows-64\dataTrack1\IMG\right_2024_11_20_20_19_00_788.jpg, 0, 0.1542396, 0, 26.28996
C:\Users\Owner\Downloads\simulator-windows-64\dataTrack1\IMG\center_2024_11_20_20_19_00_892.jpg, C:\Users\Owner\Downloads\simulator-windows-64\dataTrack1\IMG\left_2024_11_20_20_19_00_892.jpg, C:\Users\Owner\Downloads\simulator-windows-64\dataTrack1\IMG\right_2024_11_20_20_19_00_892.jpg, 0, 0.3587811, 0, 26.4094
C:\Users\Owner\Downloads\simulator-windows-64\dataTrack1\IMG\center_2024_11_20_20_19_00_993.jpg, C:\Users\Owner\Downloads\simulator-windows-64\dataTrack1\IMG\left_2024_11_20_20_19_00_993.jpg, C:\Users\Owner\Downloads\simulator-windows-64\dataTrack1\IMG\right_2024_11_20_20_19_00_993.jpg, 0, 0.05343601, 0, 26.38287
C:\Users\Owner\Downloads\simulator-windows-64\dataTrack1\IMG\center_2024_11_20_20_19_01_102.jpg, C:\Users\Owner\Downloads\simulator-windows-64\dataTrack1\IMG\left_2024_11_20_20_19_01_102.jpg, C:\Users\Owner\Downloads\simulator-windows-64\dataTrack1\IMG\right_2024_11_20_20_19_01_102.jpg, -0.3238026, 0.03902461, 0, 26.21147
C:\Users\Owner\Downloads\simulator-windows-64\dataTrack1\IMG\center_2024_11_20_20_19_01_201.jpg, C:\Users\Owner\Downloads\simulator-windows-64\dataTrack1\IMG\left_2024_11_20_20_19_01_201.jpg, C:\Users\Owner\Downloads\simulator-windows-64\dataTrack1\IMG\right_2024_11_20_20_19_01_201.jpg, -0.4182823, 0, 0, 25.79053
C:\Users\Owner\Downloads\simulator-windows-64\dataTrack1\IMG\center_2024_11_20_20_19_01_305.jpg, C:\Users\Owner\Downloads\simulator-windows-64\dataTrack1\IMG\left_2024_11_20_20_19_01_305.jpg, C:\Users\Owner\Downloads\simulator-windows-64\dataTrack1\IMG\right_2024_11_20_20_19_01_305.jpg, -0.1575946, 0, 0, 25.5311
C:\Users\Owner\Downloads\simulator-windows-64\dataTrack1\IMG\center_2024_11_20_20_19_01_409.jpg, C:\Users\Owner\Downloads\simulator-windows-64\dataTrack1\IMG\left_2024_11_20_20_19_01_409.jpg, C:\Users\Owner\Downloads\simulator-windows-64\dataTrack1\IMG\right_2024_11_20_20_19_01_409.jpg, 0, 0.1611063, 0, 25.25591
C:\Users\Owner\Downloads\simulator-windows-64\dataTrack1\IMG\center_2024_11_20_20_19_01_511.jpg, C:\Users\Owner\Downloads\simulator-windows-64\dataTrack1\IMG\left_2024_11_20_20_19_01_511.jpg, C:\Users\Owner\Downloads\simulator-windows-64\dataTrack1\IMG\right_2024_11_20_20_19_01_511.jpg, 0, 0.1565307, 0, 25.29605
C:\Users\Owner\Downloads\simulator-windows-64\dataTrack1\IMG\center_2024_11_20_20_19_01_616.jpg, C:\Users\Owner\Downloads\simulator-windows-64\dataTrack1\IMG\left_2024_11_20_20_19_01_616.jpg, C:\Users\Owner\Downloads\simulator-windows-64\dataTrack1\IMG\right_2024_11_20_20_19_01_616.jpg, 0, 0, 0, 25.07677
C:\Users\Owner\Downloads\simulator-windows-64\dataTrack1\IMG\center_2024_11_20_20_19_01_720.jpg, C:\Users\Owner\Downloads\simulator-windows-64\dataTrack1\IMG\left_2024_11_20_20_19_01_720.jpg, C:\Users\Owner\Downloads\simulator-windows-64\dataTrack1\IMG\right_2024_11_20_20_19_01_720.jpg, 0, 0, 0, 24.82459
C:\Users\Owner\Downloads\simulator-windows-64\dataTrack1\IMG\center_2024_11_20_20_19_01_824.jpg, C:\Users\Owner\Downloads\simulator-windows-64\dataTrack1\IMG\left_2024_11_20_20_19_01_824.jpg, C:\Users\Owner\Downloads\simulator-windows-64\dataTrack1\IMG\right_2024_11_20_20_19_01_824.jpg, 0, 0.1080738, 0, 24.57478
C:\Users\Owner\Downloads\simulator-windows-64\dataTrack1\IMG\center_2024_11_20_20_19_01_926.jpg, C:\Users\Owner\Downloads\simulator-windows-64\dataTrack1\IMG\left_2024_11_20_20_19_01_926.jpg, C:\Users\Owner\Downloads\simulator-windows-64\dataTrack1\IMG\right_2024_11_20_20_19_01_926.jpg, 0, 0, 0, 24.37014
C:\Users\Owner\Downloads\simulator-windows-64\dataTrack1\IMG\center_2024_11_20_20_19_02_031.jpg, C:\Users\Owner\Downloads\simulator-windows-64\dataTrack1\IMG\left_2024_11_20_20_19_02_031.jpg, C:\Users\Owner\Downloads\simulator-windows-64\dataTrack1\IMG\right_2024_11_20_20_19_02_031.jpg, 0, 0.2240538, 0, 24.1774
C:\Users\Owner\Downloads\simulator-windows-64\dataTrack1\IMG\center_2024_11_20_20_19_02_135.jpg, C:\Users\Owner\Downloads\simulator-windows-64\dataTrack1\IMG\left_2024_11_20_20_19_02_135.jpg, C:\Users\Owner\Downloads\simulator-windows-64\dataTrack1\IMG\right_2024_11_20_20_19_02_135.jpg, 0, 0, 0, 24.03628
C:\Users\Owner\Downloads\simulator-windows-64\dataTrack1\IMG\center_2024_11_20_20_19_02_239.jpg, C:\Users\Owner\Downloads\simulator-windows-64\dataTrack1\IMG\left_2024_11_20_20_19_02_239.jpg, C:\Users\Owner\Downloads\simulator-windows-64\dataTrack1\IMG\right_2024_11_20_20_19_02_239.jpg, 0, 0.3125979, 0, 23.96389
C:\Users\Owner\Downloads\simulator-windows-64\dataTrack1\IMG\center_2024_11_20_20_19_02_342.jpg, C:\Users\Owner\Downloads\simulator-windows-64\dataTrack1\IMG\left_2024_11_20_20_19_02_342.jpg, C:\Users\Owner\Downloads\simulator-windows-64\dataTrack1\IMG\right_2024_11_20_20_19_02_342.jpg, 0, 0.001688685, 0, 23.96032
C:\Users\Owner\Downloads\simulator-windows-64\dataTrack1\IMG\center_2024_11_20_20_19_02_444.jpg, C:\Users\Owner\Downloads\simulator-windows-64\dataTrack1\IMG\left_2024_11_20_20_19_02_444.jpg, C:\Users\Owner\Downloads\simulator-windows-64\dataTrack1\IMG\right_2024_11_20_20_19_02_444.jpg, 0, 0.3068541, 0, 23.84611
C:\Users\Owner\Downloads\simulator-windows-64\dataTrack1\IMG\center_2024_11_20_20_19_02_548.jpg, C:\Users\Owner\Downloads\simulator-windows-64\dataTrack1\IMG\left_2024_11_20_20_19_02_548.jpg, C:\Users\Owner\Downloads\simulator-windows-64\dataTrack1\IMG\right_2024_11_20_20_19_02_548.jpg, 0, 0, 0, 23.7912
C:\Users\Owner\Downloads\simulator-windows-64\dataTrack1\IMG\center_2024_11_20_20_19_02_651.jpg, C:\Users\Owner\Downloads\simulator-windows-64\dataTrack1\IMG\left_2024_11_20_20_19_02_651.jpg, C:\Users\Owner\Downloads\simulator-windows-64\dataTrack1\IMG\right_2024_11_20_20_19_02_651.jpg, 0, 0.3094887, 0, 23.76091
C:\Users\Owner\Downloads\simulator-windows-64\dataTrack1\IMG\center_2024_11_20_20_19_02_756.jpg, C:\Users\Owner\Downloads\simulator-windows-64\dataTrack1\IMG\left_2024_11_20_20_19_02_756.jpg, C:\Users\Owner\Downloads\simulator-windows-64\dataTrack1\IMG\right_2024_11_20_20_19_02_756.jpg, 0, 0, 0, 23.69833
C:\Users\Owner\Downloads\simulator-windows-64\dataTrack1\IMG\center_2024_11_20_20_19_02_859.jpg, C:\Users\Owner\Downloads\simulator-windows-64\dataTrack1\IMG\left_2024_11_20_20_19_02_859.jpg, C:\Users\Owner\Downloads\simulator-windows-64\dataTrack1\IMG\right_2024_11_20_20_19_02_859.jpg, -0.1591218, 0, 0, 23.44598
C:\Users\Owner\Downloads\simulator-windows-64\dataTrack1\IMG\center_2024_11_20_20_19_02_961.jpg, C:\Users\Owner\Downloads\simulator-windows-64\dataTrack1\IMG\left_2024_11_20_20_19_02_961.jpg, C:\Users\Owner\Downloads\simulator-windows-64\dataTrack1\IMG\right_2024_11_20_20_19_02_961.jpg, -0.02943151, 0, 0, 23.1795
C:\Users\Owner\Downloads\simulator-windows-64\dataTrack1\IMG\center_2024_11_20_20_19_03_066.jpg, C:\Users\Owner\Downloads\simulator-windows-64\dataTrack1\IMG\left_2024_11_20_20_19_03_066.jpg, C:\Users\Owner\Downloads\simulator-windows-64\dataTrack1\IMG\right_2024_11_20_20_19_03_066.jpg, 0, 0, 0, 22.94393
C:\Users\Owner\Downloads\simulator-windows-64\dataTrack1\IMG\center_2024_11_20_20_19_03_169.jpg, C:\Users\Owner\Downloads\simulator-windows-64\dataTrack1\IMG\left_2024_11_20_20_19_03_169.jpg, C:\Users\Owner\Downloads\simulator-windows-64\dataTrack1\IMG\right_2024_11_20_20_19_03_169.jpg, -0.2084433, 0, 0, 22.65325
C:\Users\Owner\Downloads\simulator-windows-64\dataTrack1\IMG\center_2024_11_20_20_19_03_273.jpg, C:\Users\Owner\Downloads\simulator-windows-64\dataTrack1\IMG\left_2024_11_20_20_19_03_273.jpg, C:\Users\Owner\Downloads\simulator-windows-64\dataTrack1\IMG\right_2024_11_20_20_19_03_273.jpg, -0.3105633, 0, 0, 22.33046
C:\Users\Owner\Downloads\simulator-windows-64\dataTrack1\IMG\center_2024_11_20_20_19_03_376.jpg, C:\Users\Owner\Downloads\simulator-windows-64\dataTrack1\IMG\left_2024_11_20_20_19_03_376.jpg, C:\Users\Owner\Downloads\simulator-windows-64\dataTrack1\IMG\right_2024_11_20_20_19_03_376.jpg, -0.3155187, 0, 0, 22.09639
C:\Users\Owner\Downloads\simulator-windows-64\dataTrack1\IMG\center_2024_11_20_20_19_03_479.jpg, C:\Users\Owner\Downloads\simulator-windows-64\dataTrack1\IMG\left_2024_11_20_20_19_03_479.jpg, C:\Users\Owner\Downloads\simulator-windows-64\dataTrack1\IMG\right_2024_11_20_20_19_03_479.jpg, -0.6241806, 0, 0, 21.73896
C:\Users\Owner\Downloads\simulator-windows-64\dataTrack1\IMG\center_2024_11_20_20_19_03_584.jpg, C:\Users\Owner\Downloads\simulator-windows-64\dataTrack1\IMG\left_2024_11_20_20_19_03_584.jpg, C:\Users\Owner\Downloads\simulator-windows-64\dataTrack1\IMG\right_2024_11_20_20_19_03_584.jpg, -0.3099355, 0, 0, 21.48215
C:\Users\Owner\Downloads\simulator-windows-64\dataTrack1\IMG\center_2024_11_20_20_19_03_688.jpg, C:\Users\Owner\Downloads\simulator-windows-64\dataTrack1\IMG\left_2024_11_20_20_19_03_688.jpg, C:\Users\Owner\Downloads\simulator-windows-64\dataTrack1\IMG\right_2024_11_20_20_19_03_688.jpg, 0, 0, 0, 21.22083
C:\Users\Owner\Downloads\simulator-windows-64\dataTrack1\IMG\center_2024_11_20_20_19_03_791.jpg, C:\Users\Owner\Downloads\simulator-windows-64\dataTrack1\IMG\left_2024_11_20_20_19_03_791.jpg, C:\Users\Owner\Downloads\simulator-windows-64\dataTrack1\IMG\right_2024_11_20_20_19_03_791.jpg, 0, 0, 0, 21.00601
C:\Users\Owner\Downloads\simulator-windows-64\dataTrack1\IMG\center_2024_11_20_20_19_03_892.jpg, C:\Users\Owner\Downloads\simulator-windows-64\dataTrack1\IMG\left_2024_11_20_20_19_03_892.jpg, C:\Users\Owner\Downloads\simulator-windows-64\dataTrack1\IMG\right_2024_11_20_20_19_03_892.jpg, 0, 0.2042298, 0, 20.8755
C:\Users\Owner\Downloads\simulator-windows-64\dataTrack1\IMG\center_2024_11_20_20_19_03_996.jpg, C:\Users\Owner\Downloads\simulator-windows-64\dataTrack1\IMG\left_2024_11_20_20_19_03_996.jpg, C:\Users\Owner\Downloads\simulator-windows-64\dataTrack1\IMG\right_2024_11_20_20_19_03_996.jpg, 0, 0, 0, 20.76424
C:\Users\Owner\Downloads\simulator-windows-64\dataTrack1\IMG\center_2024_11_20_20_19_04_100.jpg, C:\Users\Owner\Downloads\simulator-windows-64\dataTrack1\IMG\left_2024_11_20_20_19_04_100.jpg, C:\Users\Owner\Downloads\simulator-windows-64\dataTrack1\IMG\right_2024_11_20_20_19_04_100.jpg, 0, 0, 0, 20.46367
C:\Users\Owner\Downloads\simulator-windows-64\dataTrack1\IMG\center_2024_11_20_20_19_04_204.jpg, C:\Users\Owner\Downloads\simulator-windows-64\dataTrack1\IMG\left_2024_11_20_20_19_04_204.jpg, C:\Users\Owner\Downloads\simulator-windows-64\dataTrack1\IMG\right_2024_11_20_20_19_04_204.jpg, 0, 0.1054551, 0, 20.40874
C:\Users\Owner\Downloads\simulator-windows-64\dataTrack1\IMG\center_2024_11_20_20_19_04_306.jpg, C:\Users\Owner\Downloads\simulator-windows-64\dataTrack1\IMG\left_2024_11_20_20_19_04_306.jpg, C:\Users\Owner\Downloads\simulator-windows-64\dataTrack1\IMG\right_2024_11_20_20_19_04_306.jpg, 0, 0.2696052, 0, 20.29837
C:\Users\Owner\Downloads\simulator-windows-64\dataTrack1\IMG\center_2024_11_20_20_19_04_411.jpg, C:\Users\Owner\Downloads\simulator-windows-64\dataTrack1\IMG\left_2024_11_20_20_19_04_411.jpg, C:\Users\Owner\Downloads\simulator-windows-64\dataTrack1\IMG\right_2024_11_20_20_19_04_411.jpg, -0.1069848, 0, 0, 20.09328
C:\Users\Owner\Downloads\simulator-windows-64\dataTrack1\IMG\center_2024_11_20_20_19_04_512.jpg, C:\Users\Owner\Downloads\simulator-windows-64\dataTrack1\IMG\left_2024_11_20_20_19_04_512.jpg, C:\Users\Owner\Downloads\simulator-windows-64\dataTrack1\IMG\right_2024_11_20_20_19_04_512.jpg, -0.411708, 0, 0, 20.10907
C:\Users\Owner\Downloads\simulator-windows-64\dataTrack1\IMG\center_2024_11_20_20_19_04_617.jpg, C:\Users\Owner\Downloads\simulator-windows-64\dataTrack1\IMG\left_2024_11_20_20_19_04_617.jpg, C:\Users\Owner\Downloads\simulator-windows-64\dataTrack1\IMG\right_2024_11_20_20_19_04_617.jpg, -0.5176618, 0, 0, 19.42903
C:\Users\Owner\Downloads\simulator-windows-64\dataTrack1\IMG\center_2024_11_20_20_19_04_721.jpg, C:\Users\Owner\Downloads\simulator-windows-64\dataTrack1\IMG\left_2024_11_20_20_19_04_721.jpg, C:\Users\Owner\Downloads\simulator-windows-64\dataTrack1\IMG\right_2024_11_20_20_19_04_721.jpg, -0.2045013, 0, 0, 19.58789
C:\Users\Owner\Downloads\simulator-windows-64\dataTrack1\IMG\center_2024_11_20_20_19_04_824.jpg, C:\Users\Owner\Downloads\simulator-windows-64\dataTrack1\IMG\left_2024_11_20_20_19_04_824.jpg, C:\Users\Owner\Downloads\simulator-windows-64\dataTrack1\IMG\right_2024_11_20_20_19_04_824.jpg, 0, 0, 0, 18.98467
C:\Users\Owner\Downloads\simulator-windows-64\dataTrack1\IMG\center_2024_11_20_20_19_04_926.jpg, C:\Users\Owner\Downloads\simulator-windows-64\dataTrack1\IMG\left_2024_11_20_20_19_04_926.jpg, C:\Users\Owner\Downloads\simulator-windows-64\dataTrack1\IMG\right_2024_11_20_20_19_04_926.jpg, 0, 0.155073, 0, 19.23278
C:\Users\Owner\Downloads\simulator-windows-64\dataTrack1\IMG\center_2024_11_20_20_19_05_032.jpg, C:\Users\Owner\Downloads\simulator-windows-64\dataTrack1\IMG\left_2024_11_20_20_19_05_032.jpg, C:\Users\Owner\Downloads\simulator-windows-64\dataTrack1\IMG\right_2024_11_20_20_19_05_032.jpg, 0, 0.2055204, 0, 19.4124
C:\Users\Owner\Downloads\simulator-windows-64\dataTrack1\IMG\center_2024_11_20_20_19_05_135.jpg, C:\Users\Owner\Downloads\simulator-windows-64\dataTrack1\IMG\left_2024_11_20_20_19_05_135.jpg, C:\Users\Owner\Downloads\simulator-windows-64\dataTrack1\IMG\right_2024_11_20_20_19_05_135.jpg, 0, 0, 0, 18.89878
C:\Users\Owner\Downloads\simulator-windows-64\dataTrack1\IMG\center_2024_11_20_20_19_05_238.jpg, C:\Users\Owner\Downloads\simulator-windows-64\dataTrack1\IMG\left_2024_11_20_20_19_05_238.jpg, C:\Users\Owner\Downloads\simulator-windows-64\dataTrack1\IMG\right_2024_11_20_20_19_05_238.jpg, 0, 0, 0, 19.13311
C:\Users\Owner\Downloads\simulator-windows-64\dataTrack1\IMG\center_2024_11_20_20_19_05_341.jpg, C:\Users\Owner\Downloads\simulator-windows-64\dataTrack1\IMG\left_2024_11_20_20_19_05_341.jpg, C:\Users\Owner\Downloads\simulator-windows-64\dataTrack1\IMG\right_2024_11_20_20_19_05_341.jpg, -0.2061318, 0, 0, 18.47568
C:\Users\Owner\Downloads\simulator-windows-64\dataTrack1\IMG\center_2024_11_20_20_19_05_445.jpg, C:\Users\Owner\Downloads\simulator-windows-64\dataTrack1\IMG\left_2024_11_20_20_19_05_445.jpg, C:\Users\Owner\Downloads\simulator-windows-64\dataTrack1\IMG\right_2024_11_20_20_19_05_445.jpg, -0.5149566, 0, 0, 18.60801
C:\Users\Owner\Downloads\simulator-windows-64\dataTrack1\IMG\center_2024_11_20_20_19_05_549.jpg, C:\Users\Owner\Downloads\simulator-windows-64\dataTrack1\IMG\left_2024_11_20_20_19_05_549.jpg, C:\Users\Owner\Downloads\simulator-windows-64\dataTrack1\IMG\right_2024_11_20_20_19_05_549.jpg, -0.2018352, 0, 0, 18.39715
C:\Users\Owner\Downloads\simulator-windows-64\dataTrack1\IMG\center_2024_11_20_20_19_05_652.jpg, C:\Users\Owner\Downloads\simulator-windows-64\dataTrack1\IMG\left_2024_11_20_20_19_05_652.jpg, C:\Users\Owner\Downloads\simulator-windows-64\dataTrack1\IMG\right_2024_11_20_20_19_05_652.jpg, -0.1022862, 0, 0, 17.70592
C:\Users\Owner\Downloads\simulator-windows-64\dataTrack1\IMG\center_2024_11_20_20_19_05_756.jpg, C:\Users\Owner\Downloads\simulator-windows-64\dataTrack1\IMG\left_2024_11_20_20_19_05_756.jpg, C:\Users\Owner\Downloads\simulator-windows-64\dataTrack1\IMG\right_2024_11_20_20_19_05_756.jpg, -0.4162836, 0, 0, 17.96669
C:\Users\Owner\Downloads\simulator-windows-64\dataTrack1\IMG\center_2024_11_20_20_19_05_860.jpg, C:\Users\Owner\Downloads\simulator-windows-64\dataTrack1\IMG\left_2024_11_20_20_19_05_860.jpg, C:\Users\Owner\Downloads\simulator-windows-64\dataTrack1\IMG\right_2024_11_20_20_19_05_860.jpg, -0.4082378, 0, 0, 17.20576
C:\Users\Owner\Downloads\simulator-windows-64\dataTrack1\IMG\center_2024_11_20_20_19_05_961.jpg, C:\Users\Owner\Downloads\simulator-windows-64\dataTrack1\IMG\left_2024_11_20_20_19_05_961.jpg, C:\Users\Owner\Downloads\simulator-windows-64\dataTrack1\IMG\right_2024_11_20_20_19_05_961.jpg, -0.5115983, 0, 0, 17.5261
C:\Users\Owner\Downloads\simulator-windows-64\dataTrack1\IMG\center_2024_11_20_20_19_06_066.jpg, C:\Users\Owner\Downloads\simulator-windows-64\dataTrack1\IMG\left_2024_11_20_20_19_06_066.jpg, C:\Users\Owner\Downloads\simulator-windows-64\dataTrack1\IMG\right_2024_11_20_20_19_06_066.jpg, -0.7714528, 0, 0, 16.73683
C:\Users\Owner\Downloads\simulator-windows-64\dataTrack1\IMG\center_2024_11_20_20_19_06_169.jpg, C:\Users\Owner\Downloads\simulator-windows-64\dataTrack1\IMG\left_2024_11_20_20_19_06_169.jpg, C:\Users\Owner\Downloads\simulator-windows-64\dataTrack1\IMG\right_2024_11_20_20_19_06_169.jpg, -0.405237, 0, 0, 16.5191
C:\Users\Owner\Downloads\simulator-windows-64\dataTrack1\IMG\center_2024_11_20_20_19_06_273.jpg, C:\Users\Owner\Downloads\simulator-windows-64\dataTrack1\IMG\left_2024_11_20_20_19_06_273.jpg, C:\Users\Owner\Downloads\simulator-windows-64\dataTrack1\IMG\right_2024_11_20_20_19_06_273.jpg, -0.5105379, 0, 0, 16.8704
C:\Users\Owner\Downloads\simulator-windows-64\dataTrack1\IMG\center_2024_11_20_20_19_06_377.jpg, C:\Users\Owner\Downloads\simulator-windows-64\dataTrack1\IMG\left_2024_11_20_20_19_06_377.jpg, C:\Users\Owner\Downloads\simulator-windows-64\dataTrack1\IMG\right_2024_11_20_20_19_06_377.jpg, -0.3996964, 0.1061736, 0, 16.16395
C:\Users\Owner\Downloads\simulator-windows-64\dataTrack1\IMG\center_2024_11_20_20_19_06_479.jpg, C:\Users\Owner\Downloads\simulator-windows-64\dataTrack1\IMG\left_2024_11_20_20_19_06_479.jpg, C:\Users\Owner\Downloads\simulator-windows-64\dataTrack1\IMG\right_2024_11_20_20_19_06_479.jpg, -0.0944923, 0.4113777, 0, 16.75987
C:\Users\Owner\Downloads\simulator-windows-64\dataTrack1\IMG\center_2024_11_20_20_19_06_584.jpg, C:\Users\Owner\Downloads\simulator-windows-64\dataTrack1\IMG\left_2024_11_20_20_19_06_584.jpg, C:\Users\Owner\Downloads\simulator-windows-64\dataTrack1\IMG\right_2024_11_20_20_19_06_584.jpg, 0, 0.3627702, 0, 16.71963
C:\Users\Owner\Downloads\simulator-windows-64\dataTrack1\IMG\center_2024_11_20_20_19_06_688.jpg, C:\Users\Owner\Downloads\simulator-windows-64\dataTrack1\IMG\left_2024_11_20_20_19_06_688.jpg, C:\Users\Owner\Downloads\simulator-windows-64\dataTrack1\IMG\right_2024_11_20_20_19_06_688.jpg, 0, 0.625533, 0, 17.29562
C:\Users\Owner\Downloads\simulator-windows-64\dataTrack1\IMG\center_2024_11_20_20_19_06_794.jpg, C:\Users\Owner\Downloads\simulator-windows-64\dataTrack1\IMG\left_2024_11_20_20_19_06_794.jpg, C:\Users\Owner\Downloads\simulator-windows-64\dataTrack1\IMG\right_2024_11_20_20_19_06_794.jpg, 0, 0.5321001, 0, 18.21447
C:\Users\Owner\Downloads\simulator-windows-64\dataTrack1\IMG\center_2024_11_20_20_19_06_896.jpg, C:\Users\Owner\Downloads\simulator-windows-64\dataTrack1\IMG\left_2024_11_20_20_19_06_896.jpg, C:\Users\Owner\Downloads\simulator-windows-64\dataTrack1\IMG\right_2024_11_20_20_19_06_896.jpg, 0, 0.6727644, 0, 18.41046
C:\Users\Owner\Downloads\simulator-windows-64\dataTrack1\IMG\center_2024_11_20_20_19_07_003.jpg, C:\Users\Owner\Downloads\simulator-windows-64\dataTrack1\IMG\left_2024_11_20_20_19_07_003.jpg, C:\Users\Owner\Downloads\simulator-windows-64\dataTrack1\IMG\right_2024_11_20_20_19_07_003.jpg, 0, 0.6828063, 0, 19.3979
C:\Users\Owner\Downloads\simulator-windows-64\dataTrack1\IMG\center_2024_11_20_20_19_07_105.jpg, C:\Users\Owner\Downloads\simulator-windows-64\dataTrack1\IMG\left_2024_11_20_20_19_07_105.jpg, C:\Users\Owner\Downloads\simulator-windows-64\dataTrack1\IMG\right_2024_11_20_20_19_07_105.jpg, 0, 0.7636817, 0, 19.79236
C:\Users\Owner\Downloads\simulator-windows-64\dataTrack1\IMG\center_2024_11_20_20_19_07_208.jpg, C:\Users\Owner\Downloads\simulator-windows-64\dataTrack1\IMG\left_2024_11_20_20_19_07_208.jpg, C:\Users\Owner\Downloads\simulator-windows-64\dataTrack1\IMG\right_2024_11_20_20_19_07_208.jpg, 0, 0.7206084, 0, 20.82723
C:\Users\Owner\Downloads\simulator-windows-64\dataTrack1\IMG\center_2024_11_20_20_19_07_311.jpg, C:\Users\Owner\Downloads\simulator-windows-64\dataTrack1\IMG\left_2024_11_20_20_19_07_311.jpg, C:\Users\Owner\Downloads\simulator-windows-64\dataTrack1\IMG\right_2024_11_20_20_19_07_311.jpg, 0, 1, 0, 21.77881
C:\Users\Owner\Downloads\simulator-windows-64\dataTrack1\IMG\center_2024_11_20_20_19_07_417.jpg, C:\Users\Owner\Downloads\simulator-windows-64\dataTrack1\IMG\left_2024_11_20_20_19_07_417.jpg, C:\Users\Owner\Downloads\simulator-windows-64\dataTrack1\IMG\right_2024_11_20_20_19_07_417.jpg, -0.1592016, 0.7728013, 0, 22.59637
C:\Users\Owner\Downloads\simulator-windows-64\dataTrack1\IMG\center_2024_11_20_20_19_07_520.jpg, C:\Users\Owner\Downloads\simulator-windows-64\dataTrack1\IMG\left_2024_11_20_20_19_07_520.jpg, C:\Users\Owner\Downloads\simulator-windows-64\dataTrack1\IMG\right_2024_11_20_20_19_07_520.jpg, -0.4678611, 0.4641418, 0, 23.04688
C:\Users\Owner\Downloads\simulator-windows-64\dataTrack1\IMG\center_2024_11_20_20_19_07_624.jpg, C:\Users\Owner\Downloads\simulator-windows-64\dataTrack1\IMG\left_2024_11_20_20_19_07_624.jpg, C:\Users\Owner\Downloads\simulator-windows-64\dataTrack1\IMG\right_2024_11_20_20_19_07_624.jpg, -0.61359, 0.2008309, 0, 22.98173
C:\Users\Owner\Downloads\simulator-windows-64\dataTrack1\IMG\center_2024_11_20_20_19_07_728.jpg, C:\Users\Owner\Downloads\simulator-windows-64\dataTrack1\IMG\left_2024_11_20_20_19_07_728.jpg, C:\Users\Owner\Downloads\simulator-windows-64\dataTrack1\IMG\right_2024_11_20_20_19_07_728.jpg, -0.2518551, 0.1031649, 0, 22.78432
C:\Users\Owner\Downloads\simulator-windows-64\dataTrack1\IMG\center_2024_11_20_20_19_07_829.jpg, C:\Users\Owner\Downloads\simulator-windows-64\dataTrack1\IMG\left_2024_11_20_20_19_07_829.jpg, C:\Users\Owner\Downloads\simulator-windows-64\dataTrack1\IMG\right_2024_11_20_20_19_07_829.jpg, 0, 0.4067682, 0, 22.87535
C:\Users\Owner\Downloads\simulator-windows-64\dataTrack1\IMG\center_2024_11_20_20_19_07_934.jpg, C:\Users\Owner\Downloads\simulator-windows-64\dataTrack1\IMG\left_2024_11_20_20_19_07_934.jpg, C:\Users\Owner\Downloads\simulator-windows-64\dataTrack1\IMG\right_2024_11_20_20_19_07_934.jpg, 0, 0.09145022, 0, 22.93818
C:\Users\Owner\Downloads\simulator-windows-64\dataTrack1\IMG\center_2024_11_20_20_19_08_036.jpg, C:\Users\Owner\Downloads\simulator-windows-64\dataTrack1\IMG\left_2024_11_20_20_19_08_036.jpg, C:\Users\Owner\Downloads\simulator-windows-64\dataTrack1\IMG\right_2024_11_20_20_19_08_036.jpg, 0, 0.3977982, 0, 22.98944
C:\Users\Owner\Downloads\simulator-windows-64\dataTrack1\IMG\center_2024_11_20_20_19_08_139.jpg, C:\Users\Owner\Downloads\simulator-windows-64\dataTrack1\IMG\left_2024_11_20_20_19_08_139.jpg, C:\Users\Owner\Downloads\simulator-windows-64\dataTrack1\IMG\right_2024_11_20_20_19_08_139.jpg, 0, 0.08765611, 0, 23.08707
C:\Users\Owner\Downloads\simulator-windows-64\dataTrack1\IMG\center_2024_11_20_20_19_08_243.jpg, C:\Users\Owner\Downloads\simulator-windows-64\dataTrack1\IMG\left_2024_11_20_20_19_08_243.jpg, C:\Users\Owner\Downloads\simulator-windows-64\dataTrack1\IMG\right_2024_11_20_20_19_08_243.jpg, 0, 0.2049567, 0, 22.90337
C:\Users\Owner\Downloads\simulator-windows-64\dataTrack1\IMG\center_2024_11_20_20_19_08_347.jpg, C:\Users\Owner\Downloads\simulator-windows-64\dataTrack1\IMG\left_2024_11_20_20_19_08_347.jpg, C:\Users\Owner\Downloads\simulator-windows-64\dataTrack1\IMG\right_2024_11_20_20_19_08_347.jpg, -0.3130776, 0, 0, 22.6733
C:\Users\Owner\Downloads\simulator-windows-64\dataTrack1\IMG\center_2024_11_20_20_19_08_453.jpg, C:\Users\Owner\Downloads\simulator-windows-64\dataTrack1\IMG\left_2024_11_20_20_19_08_453.jpg, C:\Users\Owner\Downloads\simulator-windows-64\dataTrack1\IMG\right_2024_11_20_20_19_08_453.jpg, -0.2081712, 0, 0, 22.40236
C:\Users\Owner\Downloads\simulator-windows-64\dataTrack1\IMG\center_2024_11_20_20_19_08_557.jpg, C:\Users\Owner\Downloads\simulator-windows-64\dataTrack1\IMG\left_2024_11_20_20_19_08_557.jpg, C:\Users\Owner\Downloads\simulator-windows-64\dataTrack1\IMG\right_2024_11_20_20_19_08_557.jpg, 0, 0, 0, 22.15887
C:\Users\Owner\Downloads\simulator-windows-64\dataTrack1\IMG\center_2024_11_20_20_19_08_660.jpg, C:\Users\Owner\Downloads\simulator-windows-64\dataTrack1\IMG\left_2024_11_20_20_19_08_660.jpg, C:\Users\Owner\Downloads\simulator-windows-64\dataTrack1\IMG\right_2024_11_20_20_19_08_660.jpg, 0, 0, 0, 21.94032
C:\Users\Owner\Downloads\simulator-windows-64\dataTrack1\IMG\center_2024_11_20_20_19_08_762.jpg, C:\Users\Owner\Downloads\simulator-windows-64\dataTrack1\IMG\left_2024_11_20_20_19_08_762.jpg, C:\Users\Owner\Downloads\simulator-windows-64\dataTrack1\IMG\right_2024_11_20_20_19_08_762.jpg, -0.1523961, 0.3034422, 0, 21.85425
C:\Users\Owner\Downloads\simulator-windows-64\dataTrack1\IMG\center_2024_11_20_20_19_08_867.jpg, C:\Users\Owner\Downloads\simulator-windows-64\dataTrack1\IMG\left_2024_11_20_20_19_08_867.jpg, C:\Users\Owner\Downloads\simulator-windows-64\dataTrack1\IMG\right_2024_11_20_20_19_08_867.jpg, -0.468417, 0, 0, 21.66976
C:\Users\Owner\Downloads\simulator-windows-64\dataTrack1\IMG\center_2024_11_20_20_19_08_972.jpg, C:\Users\Owner\Downloads\simulator-windows-64\dataTrack1\IMG\left_2024_11_20_20_19_08_972.jpg, C:\Users\Owner\Downloads\simulator-windows-64\dataTrack1\IMG\right_2024_11_20_20_19_08_972.jpg, -0.5693334, 0, 0, 21.33932
C:\Users\Owner\Downloads\simulator-windows-64\dataTrack1\IMG\center_2024_11_20_20_19_09_075.jpg, C:\Users\Owner\Downloads\simulator-windows-64\dataTrack1\IMG\left_2024_11_20_20_19_09_075.jpg, C:\Users\Owner\Downloads\simulator-windows-64\dataTrack1\IMG\right_2024_11_20_20_19_09_075.jpg, -0.260502, 0, 0, 20.95343
C:\Users\Owner\Downloads\simulator-windows-64\dataTrack1\IMG\center_2024_11_20_20_19_09_179.jpg, C:\Users\Owner\Downloads\simulator-windows-64\dataTrack1\IMG\left_2024_11_20_20_19_09_179.jpg, C:\Users\Owner\Downloads\simulator-windows-64\dataTrack1\IMG\right_2024_11_20_20_19_09_179.jpg, 0, 0, 0, 20.96391
C:\Users\Owner\Downloads\simulator-windows-64\dataTrack1\IMG\center_2024_11_20_20_19_09_286.jpg, C:\Users\Owner\Downloads\simulator-windows-64\dataTrack1\IMG\left_2024_11_20_20_19_09_286.jpg, C:\Users\Owner\Downloads\simulator-windows-64\dataTrack1\IMG\right_2024_11_20_20_19_09_286.jpg, 0, 0.2646189, 0, 20.6397
C:\Users\Owner\Downloads\simulator-windows-64\dataTrack1\IMG\center_2024_11_20_20_19_09_389.jpg, C:\Users\Owner\Downloads\simulator-windows-64\dataTrack1\IMG\left_2024_11_20_20_19_09_389.jpg, C:\Users\Owner\Downloads\simulator-windows-64\dataTrack1\IMG\right_2024_11_20_20_19_09_389.jpg, 0, 0.3187332, 0, 21.00953
C:\Users\Owner\Downloads\simulator-windows-64\dataTrack1\IMG\center_2024_11_20_20_19_09_492.jpg, C:\Users\Owner\Downloads\simulator-windows-64\dataTrack1\IMG\left_2024_11_20_20_19_09_492.jpg, C:\Users\Owner\Downloads\simulator-windows-64\dataTrack1\IMG\right_2024_11_20_20_19_09_492.jpg, 0, 0.3193485, 0, 21.29881
C:\Users\Owner\Downloads\simulator-windows-64\dataTrack1\IMG\center_2024_11_20_20_19_09_596.jpg, C:\Users\Owner\Downloads\simulator-windows-64\dataTrack1\IMG\left_2024_11_20_20_19_09_596.jpg, C:\Users\Owner\Downloads\simulator-windows-64\dataTrack1\IMG\right_2024_11_20_20_19_09_596.jpg, 0, 0.3194316, 0, 21.36557
C:\Users\Owner\Downloads\simulator-windows-64\dataTrack1\IMG\center_2024_11_20_20_19_09_698.jpg, C:\Users\Owner\Downloads\simulator-windows-64\dataTrack1\IMG\left_2024_11_20_20_19_09_698.jpg, C:\Users\Owner\Downloads\simulator-windows-64\dataTrack1\IMG\right_2024_11_20_20_19_09_698.jpg, 0, 0.4260138, 0, 21.70875
C:\Users\Owner\Downloads\simulator-windows-64\dataTrack1\IMG\center_2024_11_20_20_19_09_803.jpg, C:\Users\Owner\Downloads\simulator-windows-64\dataTrack1\IMG\left_2024_11_20_20_19_09_803.jpg, C:\Users\Owner\Downloads\simulator-windows-64\dataTrack1\IMG\right_2024_11_20_20_19_09_803.jpg, 0, 0.4314036, 0, 21.95576
C:\Users\Owner\Downloads\simulator-windows-64\dataTrack1\IMG\center_2024_11_20_20_19_09_906.jpg, C:\Users\Owner\Downloads\simulator-windows-64\dataTrack1\IMG\left_2024_11_20_20_19_09_906.jpg, C:\Users\Owner\Downloads\simulator-windows-64\dataTrack1\IMG\right_2024_11_20_20_19_09_906.jpg, 0, 0.4907406, 0, 22.34808
C:\Users\Owner\Downloads\simulator-windows-64\dataTrack1\IMG\center_2024_11_20_20_19_10_009.jpg, C:\Users\Owner\Downloads\simulator-windows-64\dataTrack1\IMG\left_2024_11_20_20_19_10_009.jpg, C:\Users\Owner\Downloads\simulator-windows-64\dataTrack1\IMG\right_2024_11_20_20_19_10_009.jpg, 0, 0.4309719, 0, 22.86311
C:\Users\Owner\Downloads\simulator-windows-64\dataTrack1\IMG\center_2024_11_20_20_19_10_111.jpg, C:\Users\Owner\Downloads\simulator-windows-64\dataTrack1\IMG\left_2024_11_20_20_19_10_111.jpg, C:\Users\Owner\Downloads\simulator-windows-64\dataTrack1\IMG\right_2024_11_20_20_19_10_111.jpg, 0, 0.5363982, 0, 23.08366
C:\Users\Owner\Downloads\simulator-windows-64\dataTrack1\IMG\center_2024_11_20_20_19_10_217.jpg, C:\Users\Owner\Downloads\simulator-windows-64\dataTrack1\IMG\left_2024_11_20_20_19_10_217.jpg, C:\Users\Owner\Downloads\simulator-windows-64\dataTrack1\IMG\right_2024_11_20_20_19_10_217.jpg, 0, 0.7436075, 0, 23.73776
C:\Users\Owner\Downloads\simulator-windows-64\dataTrack1\IMG\center_2024_11_20_20_19_10_321.jpg, C:\Users\Owner\Downloads\simulator-windows-64\dataTrack1\IMG\left_2024_11_20_20_19_10_321.jpg, C:\Users\Owner\Downloads\simulator-windows-64\dataTrack1\IMG\right_2024_11_20_20_19_10_321.jpg, 0, 0.4295684, 0, 24.19726
C:\Users\Owner\Downloads\simulator-windows-64\dataTrack1\IMG\center_2024_11_20_20_19_10_424.jpg, C:\Users\Owner\Downloads\simulator-windows-64\dataTrack1\IMG\left_2024_11_20_20_19_10_424.jpg, C:\Users\Owner\Downloads\simulator-windows-64\dataTrack1\IMG\right_2024_11_20_20_19_10_424.jpg, -0.0530322, 0.1182617, 0, 24.3362
C:\Users\Owner\Downloads\simulator-windows-64\dataTrack1\IMG\center_2024_11_20_20_19_10_528.jpg, C:\Users\Owner\Downloads\simulator-windows-64\dataTrack1\IMG\left_2024_11_20_20_19_10_528.jpg, C:\Users\Owner\Downloads\simulator-windows-64\dataTrack1\IMG\right_2024_11_20_20_19_10_528.jpg, -0.3660867, 0, 0, 23.98265
C:\Users\Owner\Downloads\simulator-windows-64\dataTrack1\IMG\center_2024_11_20_20_19_10_629.jpg, C:\Users\Owner\Downloads\simulator-windows-64\dataTrack1\IMG\left_2024_11_20_20_19_10_629.jpg, C:\Users\Owner\Downloads\simulator-windows-64\dataTrack1\IMG\right_2024_11_20_20_19_10_629.jpg, -0.06263337, 0.1027806, 0, 23.75186
C:\Users\Owner\Downloads\simulator-windows-64\dataTrack1\IMG\center_2024_11_20_20_19_10_735.jpg, C:\Users\Owner\Downloads\simulator-windows-64\dataTrack1\IMG\left_2024_11_20_20_19_10_735.jpg, C:\Users\Owner\Downloads\simulator-windows-64\dataTrack1\IMG\right_2024_11_20_20_19_10_735.jpg, 0, 0.418947, 0, 23.83273
C:\Users\Owner\Downloads\simulator-windows-64\dataTrack1\IMG\center_2024_11_20_20_19_10_839.jpg, C:\Users\Owner\Downloads\simulator-windows-64\dataTrack1\IMG\left_2024_11_20_20_19_10_839.jpg, C:\Users\Owner\Downloads\simulator-windows-64\dataTrack1\IMG\right_2024_11_20_20_19_10_839.jpg, 0, 0.1067811, 0, 23.92323
C:\Users\Owner\Downloads\simulator-windows-64\dataTrack1\IMG\center_2024_11_20_20_19_10_942.jpg, C:\Users\Owner\Downloads\simulator-windows-64\dataTrack1\IMG\left_2024_11_20_20_19_10_942.jpg, C:\Users\Owner\Downloads\simulator-windows-64\dataTrack1\IMG\right_2024_11_20_20_19_10_942.jpg, 0, 0.41578, 0, 23.94436
C:\Users\Owner\Downloads\simulator-windows-64\dataTrack1\IMG\center_2024_11_20_20_19_11_047.jpg, C:\Users\Owner\Downloads\simulator-windows-64\dataTrack1\IMG\left_2024_11_20_20_19_11_047.jpg, C:\Users\Owner\Downloads\simulator-windows-64\dataTrack1\IMG\right_2024_11_20_20_19_11_047.jpg, -0.1066224, 0.309028, 0, 24.30505
C:\Users\Owner\Downloads\simulator-windows-64\dataTrack1\IMG\center_2024_11_20_20_19_11_149.jpg, C:\Users\Owner\Downloads\simulator-windows-64\dataTrack1\IMG\left_2024_11_20_20_19_11_149.jpg, C:\Users\Owner\Downloads\simulator-windows-64\dataTrack1\IMG\right_2024_11_20_20_19_11_149.jpg, -0.3048447, 0.003751867, 0, 24.16131
C:\Users\Owner\Downloads\simulator-windows-64\dataTrack1\IMG\center_2024_11_20_20_19_11_253.jpg, C:\Users\Owner\Downloads\simulator-windows-64\dataTrack1\IMG\left_2024_11_20_20_19_11_253.jpg, C:\Users\Owner\Downloads\simulator-windows-64\dataTrack1\IMG\right_2024_11_20_20_19_11_253.jpg, 0, 0.0502548, 0, 23.91097
C:\Users\Owner\Downloads\simulator-windows-64\dataTrack1\IMG\center_2024_11_20_20_19_11_357.jpg, C:\Users\Owner\Downloads\simulator-windows-64\dataTrack1\IMG\left_2024_11_20_20_19_11_357.jpg, C:\Users\Owner\Downloads\simulator-windows-64\dataTrack1\IMG\right_2024_11_20_20_19_11_357.jpg, 0, 0.3619122, 0, 23.91624
C:\Users\Owner\Downloads\simulator-windows-64\dataTrack1\IMG\center_2024_11_20_20_19_11_461.jpg, C:\Users\Owner\Downloads\simulator-windows-64\dataTrack1\IMG\left_2024_11_20_20_19_11_461.jpg, C:\Users\Owner\Downloads\simulator-windows-64\dataTrack1\IMG\right_2024_11_20_20_19_11_461.jpg, 0, 0.2246031, 0, 24.12725
C:\Users\Owner\Downloads\simulator-windows-64\dataTrack1\IMG\center_2024_11_20_20_19_11_562.jpg, C:\Users\Owner\Downloads\simulator-windows-64\dataTrack1\IMG\left_2024_11_20_20_19_11_562.jpg, C:\Users\Owner\Downloads\simulator-windows-64\dataTrack1\IMG\right_2024_11_20_20_19_11_562.jpg, 0, 0, 0, 24.01289
C:\Users\Owner\Downloads\simulator-windows-64\dataTrack1\IMG\center_2024_11_20_20_19_11_668.jpg, C:\Users\Owner\Downloads\simulator-windows-64\dataTrack1\IMG\left_2024_11_20_20_19_11_668.jpg, C:\Users\Owner\Downloads\simulator-windows-64\dataTrack1\IMG\right_2024_11_20_20_19_11_668.jpg, -0.3592407, 0, 0, 23.64819
C:\Users\Owner\Downloads\simulator-windows-64\dataTrack1\IMG\center_2024_11_20_20_19_11_771.jpg, C:\Users\Owner\Downloads\simulator-windows-64\dataTrack1\IMG\left_2024_11_20_20_19_11_771.jpg, C:\Users\Owner\Downloads\simulator-windows-64\dataTrack1\IMG\right_2024_11_20_20_19_11_771.jpg, -0.3583122, 0, 0, 23.28384
C:\Users\Owner\Downloads\simulator-windows-64\dataTrack1\IMG\center_2024_11_20_20_19_11_875.jpg, C:\Users\Owner\Downloads\simulator-windows-64\dataTrack1\IMG\left_2024_11_20_20_19_11_875.jpg, C:\Users\Owner\Downloads\simulator-windows-64\dataTrack1\IMG\right_2024_11_20_20_19_11_875.jpg, -0.04683957, 0.3114726, 0, 23.23596
C:\Users\Owner\Downloads\simulator-windows-64\dataTrack1\IMG\center_2024_11_20_20_19_11_979.jpg, C:\Users\Owner\Downloads\simulator-windows-64\dataTrack1\IMG\left_2024_11_20_20_19_11_979.jpg, C:\Users\Owner\Downloads\simulator-windows-64\dataTrack1\IMG\right_2024_11_20_20_19_11_979.jpg, 0, 0.172587, 0, 23.38167
C:\Users\Owner\Downloads\simulator-windows-64\dataTrack1\IMG\center_2024_11_20_20_19_12_082.jpg, C:\Users\Owner\Downloads\simulator-windows-64\dataTrack1\IMG\left_2024_11_20_20_19_12_082.jpg, C:\Users\Owner\Downloads\simulator-windows-64\dataTrack1\IMG\right_2024_11_20_20_19_12_082.jpg, 0, 0.1037949, 0, 23.22219
C:\Users\Owner\Downloads\simulator-windows-64\dataTrack1\IMG\center_2024_11_20_20_19_12_188.jpg, C:\Users\Owner\Downloads\simulator-windows-64\dataTrack1\IMG\left_2024_11_20_20_19_12_188.jpg, C:\Users\Owner\Downloads\simulator-windows-64\dataTrack1\IMG\right_2024_11_20_20_19_12_188.jpg, 0, 0.1095582, 0, 23.23511
C:\Users\Owner\Downloads\simulator-windows-64\dataTrack1\IMG\center_2024_11_20_20_19_12_292.jpg, C:\Users\Owner\Downloads\simulator-windows-64\dataTrack1\IMG\left_2024_11_20_20_19_12_292.jpg, C:\Users\Owner\Downloads\simulator-windows-64\dataTrack1\IMG\right_2024_11_20_20_19_12_292.jpg, -0.1016961, 0, 0, 23.00791
C:\Users\Owner\Downloads\simulator-windows-64\dataTrack1\IMG\center_2024_11_20_20_19_12_396.jpg, C:\Users\Owner\Downloads\simulator-windows-64\dataTrack1\IMG\left_2024_11_20_20_19_12_396.jpg, C:\Users\Owner\Downloads\simulator-windows-64\dataTrack1\IMG\right_2024_11_20_20_19_12_396.jpg, -0.4160325, 0, 0, 22.68235
C:\Users\Owner\Downloads\simulator-windows-64\dataTrack1\IMG\center_2024_11_20_20_19_12_498.jpg, C:\Users\Owner\Downloads\simulator-windows-64\dataTrack1\IMG\left_2024_11_20_20_19_12_498.jpg, C:\Users\Owner\Downloads\simulator-windows-64\dataTrack1\IMG\right_2024_11_20_20_19_12_498.jpg, -0.1102395, 0.2001873, 0, 22.50625
C:\Users\Owner\Downloads\simulator-windows-64\dataTrack1\IMG\center_2024_11_20_20_19_12_603.jpg, C:\Users\Owner\Downloads\simulator-windows-64\dataTrack1\IMG\left_2024_11_20_20_19_12_603.jpg, C:\Users\Owner\Downloads\simulator-windows-64\dataTrack1\IMG\right_2024_11_20_20_19_12_603.jpg, 0, 0.3097764, 0, 22.67952
C:\Users\Owner\Downloads\simulator-windows-64\dataTrack1\IMG\center_2024_11_20_20_19_12_708.jpg, C:\Users\Owner\Downloads\simulator-windows-64\dataTrack1\IMG\left_2024_11_20_20_19_12_708.jpg, C:\Users\Owner\Downloads\simulator-windows-64\dataTrack1\IMG\right_2024_11_20_20_19_12_708.jpg, 0, 0.1036704, 0, 22.61788
C:\Users\Owner\Downloads\simulator-windows-64\dataTrack1\IMG\center_2024_11_20_20_19_12_812.jpg, C:\Users\Owner\Downloads\simulator-windows-64\dataTrack1\IMG\left_2024_11_20_20_19_12_812.jpg, C:\Users\Owner\Downloads\simulator-windows-64\dataTrack1\IMG\right_2024_11_20_20_19_12_812.jpg, 0, 0.3024747, 0, 22.72383
C:\Users\Owner\Downloads\simulator-windows-64\dataTrack1\IMG\center_2024_11_20_20_19_12_915.jpg, C:\Users\Owner\Downloads\simulator-windows-64\dataTrack1\IMG\left_2024_11_20_20_19_12_915.jpg, C:\Users\Owner\Downloads\simulator-windows-64\dataTrack1\IMG\right_2024_11_20_20_19_12_915.jpg, 0, 0, 0, 22.65156
C:\Users\Owner\Downloads\simulator-windows-64\dataTrack1\IMG\center_2024_11_20_20_19_13_019.jpg, C:\Users\Owner\Downloads\simulator-windows-64\dataTrack1\IMG\left_2024_11_20_20_19_13_019.jpg, C:\Users\Owner\Downloads\simulator-windows-64\dataTrack1\IMG\right_2024_11_20_20_19_13_019.jpg, 0, 0.307347, 0, 22.5978
C:\Users\Owner\Downloads\simulator-windows-64\dataTrack1\IMG\center_2024_11_20_20_19_13_121.jpg, C:\Users\Owner\Downloads\simulator-windows-64\dataTrack1\IMG\left_2024_11_20_20_19_13_121.jpg, C:\Users\Owner\Downloads\simulator-windows-64\dataTrack1\IMG\right_2024_11_20_20_19_13_121.jpg, -0.152727, 0, 0, 22.60669
C:\Users\Owner\Downloads\simulator-windows-64\dataTrack1\IMG\center_2024_11_20_20_19_13_223.jpg, C:\Users\Owner\Downloads\simulator-windows-64\dataTrack1\IMG\left_2024_11_20_20_19_13_223.jpg, C:\Users\Owner\Downloads\simulator-windows-64\dataTrack1\IMG\right_2024_11_20_20_19_13_223.jpg, -0.08516309, 0, 0, 22.30728
C:\Users\Owner\Downloads\simulator-windows-64\dataTrack1\IMG\center_2024_11_20_20_19_13_327.jpg, C:\Users\Owner\Downloads\simulator-windows-64\dataTrack1\IMG\left_2024_11_20_20_19_13_327.jpg, C:\Users\Owner\Downloads\simulator-windows-64\dataTrack1\IMG\right_2024_11_20_20_19_13_327.jpg, 0, 0.156174, 0, 22.08711
C:\Users\Owner\Downloads\simulator-windows-64\dataTrack1\IMG\center_2024_11_20_20_19_13_431.jpg, C:\Users\Owner\Downloads\simulator-windows-64\dataTrack1\IMG\left_2024_11_20_20_19_13_431.jpg, C:\Users\Owner\Downloads\simulator-windows-64\dataTrack1\IMG\right_2024_11_20_20_19_13_431.jpg, 0, 0.4669458, 0, 22.28803
C:\Users\Owner\Downloads\simulator-windows-64\dataTrack1\IMG\center_2024_11_20_20_19_13_537.jpg, C:\Users\Owner\Downloads\simulator-windows-64\dataTrack1\IMG\left_2024_11_20_20_19_13_537.jpg, C:\Users\Owner\Downloads\simulator-windows-64\dataTrack1\IMG\right_2024_11_20_20_19_13_537.jpg, 0, 0.1493805, 0, 22.40846
C:\Users\Owner\Downloads\simulator-windows-64\dataTrack1\IMG\center_2024_11_20_20_19_13_641.jpg, C:\Users\Owner\Downloads\simulator-windows-64\dataTrack1\IMG\left_2024_11_20_20_19_13_641.jpg, C:\Users\Owner\Downloads\simulator-windows-64\dataTrack1\IMG\right_2024_11_20_20_19_13_641.jpg, -0.3108123, 0, 0, 22.20094
C:\Users\Owner\Downloads\simulator-windows-64\dataTrack1\IMG\center_2024_11_20_20_19_13_742.jpg, C:\Users\Owner\Downloads\simulator-windows-64\dataTrack1\IMG\left_2024_11_20_20_19_13_742.jpg, C:\Users\Owner\Downloads\simulator-windows-64\dataTrack1\IMG\right_2024_11_20_20_19_13_742.jpg, -0.3135354, 0, 0, 21.85225
C:\Users\Owner\Downloads\simulator-windows-64\dataTrack1\IMG\center_2024_11_20_20_19_13_848.jpg, C:\Users\Owner\Downloads\simulator-windows-64\dataTrack1\IMG\left_2024_11_20_20_19_13_848.jpg, C:\Users\Owner\Downloads\simulator-windows-64\dataTrack1\IMG\right_2024_11_20_20_19_13_848.jpg, 0, 0.2056641, 0, 21.68311
C:\Users\Owner\Downloads\simulator-windows-64\dataTrack1\IMG\center_2024_11_20_20_19_13_953.jpg, C:\Users\Owner\Downloads\simulator-windows-64\dataTrack1\IMG\left_2024_11_20_20_19_13_953.jpg, C:\Users\Owner\Downloads\simulator-windows-64\dataTrack1\IMG\right_2024_11_20_20_19_13_953.jpg, 0, 0.2170752, 0, 21.83093
C:\Users\Owner\Downloads\simulator-windows-64\dataTrack1\IMG\center_2024_11_20_20_19_14_057.jpg, C:\Users\Owner\Downloads\simulator-windows-64\dataTrack1\IMG\left_2024_11_20_20_19_14_057.jpg, C:\Users\Owner\Downloads\simulator-windows-64\dataTrack1\IMG\right_2024_11_20_20_19_14_057.jpg, 0, 0, 0, 21.69211
C:\Users\Owner\Downloads\simulator-windows-64\dataTrack1\IMG\center_2024_11_20_20_19_14_159.jpg, C:\Users\Owner\Downloads\simulator-windows-64\dataTrack1\IMG\left_2024_11_20_20_19_14_159.jpg, C:\Users\Owner\Downloads\simulator-windows-64\dataTrack1\IMG\right_2024_11_20_20_19_14_159.jpg, 0, 0.3061062, 0, 21.64455
C:\Users\Owner\Downloads\simulator-windows-64\dataTrack1\IMG\center_2024_11_20_20_19_14_263.jpg, C:\Users\Owner\Downloads\simulator-windows-64\dataTrack1\IMG\left_2024_11_20_20_19_14_263.jpg, C:\Users\Owner\Downloads\simulator-windows-64\dataTrack1\IMG\right_2024_11_20_20_19_14_263.jpg, 0, 0, 0, 21.65841
C:\Users\Owner\Downloads\simulator-windows-64\dataTrack1\IMG\center_2024_11_20_20_19_14_366.jpg, C:\Users\Owner\Downloads\simulator-windows-64\dataTrack1\IMG\left_2024_11_20_20_19_14_366.jpg, C:\Users\Owner\Downloads\simulator-windows-64\dataTrack1\IMG\right_2024_11_20_20_19_14_366.jpg, 0, 0.2593407, 0, 21.53343
C:\Users\Owner\Downloads\simulator-windows-64\dataTrack1\IMG\center_2024_11_20_20_19_14_472.jpg, C:\Users\Owner\Downloads\simulator-windows-64\dataTrack1\IMG\left_2024_11_20_20_19_14_472.jpg, C:\Users\Owner\Downloads\simulator-windows-64\dataTrack1\IMG\right_2024_11_20_20_19_14_472.jpg, 0, 0.2096334, 0, 21.76389
C:\Users\Owner\Downloads\simulator-windows-64\dataTrack1\IMG\center_2024_11_20_20_19_14_577.jpg, C:\Users\Owner\Downloads\simulator-windows-64\dataTrack1\IMG\left_2024_11_20_20_19_14_577.jpg, C:\Users\Owner\Downloads\simulator-windows-64\dataTrack1\IMG\right_2024_11_20_20_19_14_577.jpg, 0, 0.3046008, 0, 21.8312
C:\Users\Owner\Downloads\simulator-windows-64\dataTrack1\IMG\center_2024_11_20_20_19_14_681.jpg, C:\Users\Owner\Downloads\simulator-windows-64\dataTrack1\IMG\left_2024_11_20_20_19_14_681.jpg, C:\Users\Owner\Downloads\simulator-windows-64\dataTrack1\IMG\right_2024_11_20_20_19_14_681.jpg, 0, 0.1997883, 0, 21.94193
C:\Users\Owner\Downloads\simulator-windows-64\dataTrack1\IMG\center_2024_11_20_20_19_14_784.jpg, C:\Users\Owner\Downloads\simulator-windows-64\dataTrack1\IMG\left_2024_11_20_20_19_14_784.jpg, C:\Users\Owner\Downloads\simulator-windows-64\dataTrack1\IMG\right_2024_11_20_20_19_14_784.jpg, 0, 0.298371, 0, 22.0058
C:\Users\Owner\Downloads\simulator-windows-64\dataTrack1\IMG\center_2024_11_20_20_19_14_888.jpg, C:\Users\Owner\Downloads\simulator-windows-64\dataTrack1\IMG\left_2024_11_20_20_19_14_888.jpg, C:\Users\Owner\Downloads\simulator-windows-64\dataTrack1\IMG\right_2024_11_20_20_19_14_888.jpg, -0.103584, 0.2007423, 0, 22.22206
C:\Users\Owner\Downloads\simulator-windows-64\dataTrack1\IMG\center_2024_11_20_20_19_14_991.jpg, C:\Users\Owner\Downloads\simulator-windows-64\dataTrack1\IMG\left_2024_11_20_20_19_14_991.jpg, C:\Users\Owner\Downloads\simulator-windows-64\dataTrack1\IMG\right_2024_11_20_20_19_14_991.jpg, -0.001385689, 0, 0, 21.88918
C:\Users\Owner\Downloads\simulator-windows-64\dataTrack1\IMG\center_2024_11_20_20_19_15_093.jpg, C:\Users\Owner\Downloads\simulator-windows-64\dataTrack1\IMG\left_2024_11_20_20_19_15_093.jpg, C:\Users\Owner\Downloads\simulator-windows-64\dataTrack1\IMG\right_2024_11_20_20_19_15_093.jpg, 0, 0, 0, 21.88258
C:\Users\Owner\Downloads\simulator-windows-64\dataTrack1\IMG\center_2024_11_20_20_19_15_197.jpg, C:\Users\Owner\Downloads\simulator-windows-64\dataTrack1\IMG\left_2024_11_20_20_19_15_197.jpg, C:\Users\Owner\Downloads\simulator-windows-64\dataTrack1\IMG\right_2024_11_20_20_19_15_197.jpg, 0, 0, 0, 21.38756
C:\Users\Owner\Downloads\simulator-windows-64\dataTrack1\IMG\center_2024_11_20_20_19_15_308.jpg, C:\Users\Owner\Downloads\simulator-windows-64\dataTrack1\IMG\left_2024_11_20_20_19_15_308.jpg, C:\Users\Owner\Downloads\simulator-windows-64\dataTrack1\IMG\right_2024_11_20_20_19_15_308.jpg, -0.3310389, 0, 0, 21.06631
C:\Users\Owner\Downloads\simulator-windows-64\dataTrack1\IMG\center_2024_11_20_20_19_15_411.jpg, C:\Users\Owner\Downloads\simulator-windows-64\dataTrack1\IMG\left_2024_11_20_20_19_15_411.jpg, C:\Users\Owner\Downloads\simulator-windows-64\dataTrack1\IMG\right_2024_11_20_20_19_15_411.jpg, -0.5346603, 0, 0, 20.96545
C:\Users\Owner\Downloads\simulator-windows-64\dataTrack1\IMG\center_2024_11_20_20_19_15_515.jpg, C:\Users\Owner\Downloads\simulator-windows-64\dataTrack1\IMG\left_2024_11_20_20_19_15_515.jpg, C:\Users\Owner\Downloads\simulator-windows-64\dataTrack1\IMG\right_2024_11_20_20_19_15_515.jpg, -0.2251218, 0.052368, 0, 20.46161
C:\Users\Owner\Downloads\simulator-windows-64\dataTrack1\IMG\center_2024_11_20_20_19_15_619.jpg, C:\Users\Owner\Downloads\simulator-windows-64\dataTrack1\IMG\left_2024_11_20_20_19_15_619.jpg, C:\Users\Owner\Downloads\simulator-windows-64\dataTrack1\IMG\right_2024_11_20_20_19_15_619.jpg, 0, 0.3667476, 0, 20.78337
C:\Users\Owner\Downloads\simulator-windows-64\dataTrack1\IMG\center_2024_11_20_20_19_15_724.jpg, C:\Users\Owner\Downloads\simulator-windows-64\dataTrack1\IMG\left_2024_11_20_20_19_15_724.jpg, C:\Users\Owner\Downloads\simulator-windows-64\dataTrack1\IMG\right_2024_11_20_20_19_15_724.jpg, 0, 0.2204475, 0, 20.80852
C:\Users\Owner\Downloads\simulator-windows-64\dataTrack1\IMG\center_2024_11_20_20_19_15_828.jpg, C:\Users\Owner\Downloads\simulator-windows-64\dataTrack1\IMG\left_2024_11_20_20_19_15_828.jpg, C:\Users\Owner\Downloads\simulator-windows-64\dataTrack1\IMG\right_2024_11_20_20_19_15_828.jpg, 0, 0.2184183, 0, 20.71059
C:\Users\Owner\Downloads\simulator-windows-64\dataTrack1\IMG\center_2024_11_20_20_19_15_931.jpg, C:\Users\Owner\Downloads\simulator-windows-64\dataTrack1\IMG\left_2024_11_20_20_19_15_931.jpg, C:\Users\Owner\Downloads\simulator-windows-64\dataTrack1\IMG\right_2024_11_20_20_19_15_931.jpg, 0, 0.2174613, 0, 21.13537
C:\Users\Owner\Downloads\simulator-windows-64\dataTrack1\IMG\center_2024_11_20_20_19_16_037.jpg, C:\Users\Owner\Downloads\simulator-windows-64\dataTrack1\IMG\left_2024_11_20_20_19_16_037.jpg, C:\Users\Owner\Downloads\simulator-windows-64\dataTrack1\IMG\right_2024_11_20_20_19_16_037.jpg, 0, 0.1186047, 0, 20.7655
C:\Users\Owner\Downloads\simulator-windows-64\dataTrack1\IMG\center_2024_11_20_20_19_16_140.jpg, C:\Users\Owner\Downloads\simulator-windows-64\dataTrack1\IMG\left_2024_11_20_20_19_16_140.jpg, C:\Users\Owner\Downloads\simulator-windows-64\dataTrack1\IMG\right_2024_11_20_20_19_16_140.jpg, 0, 0.1109496, 0, 21.06446
C:\Users\Owner\Downloads\simulator-windows-64\dataTrack1\IMG\center_2024_11_20_20_19_16_241.jpg, C:\Users\Owner\Downloads\simulator-windows-64\dataTrack1\IMG\left_2024_11_20_20_19_16_241.jpg, C:\Users\Owner\Downloads\simulator-windows-64\dataTrack1\IMG\right_2024_11_20_20_19_16_241.jpg, 0, 0.1026258, 0, 20.60141
C:\Users\Owner\Downloads\simulator-windows-64\dataTrack1\IMG\center_2024_11_20_20_19_16_345.jpg, C:\Users\Owner\Downloads\simulator-windows-64\dataTrack1\IMG\left_2024_11_20_20_19_16_345.jpg, C:\Users\Owner\Downloads\simulator-windows-64\dataTrack1\IMG\right_2024_11_20_20_19_16_345.jpg, 0, 0.2578809, 0, 20.9627
C:\Users\Owner\Downloads\simulator-windows-64\dataTrack1\IMG\center_2024_11_20_20_19_16_448.jpg, C:\Users\Owner\Downloads\simulator-windows-64\dataTrack1\IMG\left_2024_11_20_20_19_16_448.jpg, C:\Users\Owner\Downloads\simulator-windows-64\dataTrack1\IMG\right_2024_11_20_20_19_16_448.jpg, 0, 0.0504114, 0, 20.8274
C:\Users\Owner\Downloads\simulator-windows-64\dataTrack1\IMG\center_2024_11_20_20_19_16_554.jpg, C:\Users\Owner\Downloads\simulator-windows-64\dataTrack1\IMG\left_2024_11_20_20_19_16_554.jpg, C:\Users\Owner\Downloads\simulator-windows-64\dataTrack1\IMG\right_2024_11_20_20_19_16_554.jpg, 0, 0.2510712, 0, 20.61606
C:\Users\Owner\Downloads\simulator-windows-64\dataTrack1\IMG\center_2024_11_20_20_19_16_658.jpg, C:\Users\Owner\Downloads\simulator-windows-64\dataTrack1\IMG\left_2024_11_20_20_19_16_658.jpg, C:\Users\Owner\Downloads\simulator-windows-64\dataTrack1\IMG\right_2024_11_20_20_19_16_658.jpg, 0, 0.0527358, 0, 20.79699
C:\Users\Owner\Downloads\simulator-windows-64\dataTrack1\IMG\center_2024_11_20_20_19_16_762.jpg, C:\Users\Owner\Downloads\simulator-windows-64\dataTrack1\IMG\left_2024_11_20_20_19_16_762.jpg, C:\Users\Owner\Downloads\simulator-windows-64\dataTrack1\IMG\right_2024_11_20_20_19_16_762.jpg, 0, 0.1559874, 0, 20.53178
C:\Users\Owner\Downloads\simulator-windows-64\dataTrack1\IMG\center_2024_11_20_20_19_16_865.jpg, C:\Users\Owner\Downloads\simulator-windows-64\dataTrack1\IMG\left_2024_11_20_20_19_16_865.jpg, C:\Users\Owner\Downloads\simulator-windows-64\dataTrack1\IMG\right_2024_11_20_20_19_16_865.jpg, -0.2567481, 0, 0, 20.62563
C:\Users\Owner\Downloads\simulator-windows-64\dataTrack1\IMG\center_2024_11_20_20_19_16_970.jpg, C:\Users\Owner\Downloads\simulator-windows-64\dataTrack1\IMG\left_2024_11_20_20_19_16_970.jpg, C:\Users\Owner\Downloads\simulator-windows-64\dataTrack1\IMG\right_2024_11_20_20_19_16_970.jpg, -0.5093933, 0, 0, 20.19769
C:\Users\Owner\Downloads\simulator-windows-64\dataTrack1\IMG\center_2024_11_20_20_19_17_074.jpg, C:\Users\Owner\Downloads\simulator-windows-64\dataTrack1\IMG\left_2024_11_20_20_19_17_074.jpg, C:\Users\Owner\Downloads\simulator-windows-64\dataTrack1\IMG\right_2024_11_20_20_19_17_074.jpg, -0.1932332, 0, 0, 19.66445
C:\Users\Owner\Downloads\simulator-windows-64\dataTrack1\IMG\center_2024_11_20_20_19_17_176.jpg, C:\Users\Owner\Downloads\simulator-windows-64\dataTrack1\IMG\left_2024_11_20_20_19_17_176.jpg, C:\Users\Owner\Downloads\simulator-windows-64\dataTrack1\IMG\right_2024_11_20_20_19_17_176.jpg, 0, 0.2254623, 0, 19.88577
C:\Users\Owner\Downloads\simulator-windows-64\dataTrack1\IMG\center_2024_11_20_20_19_17_279.jpg, C:\Users\Owner\Downloads\simulator-windows-64\dataTrack1\IMG\left_2024_11_20_20_19_17_279.jpg, C:\Users\Owner\Downloads\simulator-windows-64\dataTrack1\IMG\right_2024_11_20_20_19_17_279.jpg, 0, 0.127956, 0, 19.66811
C:\Users\Owner\Downloads\simulator-windows-64\dataTrack1\IMG\center_2024_11_20_20_19_17_384.jpg, C:\Users\Owner\Downloads\simulator-windows-64\dataTrack1\IMG\left_2024_11_20_20_19_17_384.jpg, C:\Users\Owner\Downloads\simulator-windows-64\dataTrack1\IMG\right_2024_11_20_20_19_17_384.jpg, 0, 0.1045497, 0, 19.86139
C:\Users\Owner\Downloads\simulator-windows-64\dataTrack1\IMG\center_2024_11_20_20_19_17_489.jpg, C:\Users\Owner\Downloads\simulator-windows-64\dataTrack1\IMG\left_2024_11_20_20_19_17_489.jpg, C:\Users\Owner\Downloads\simulator-windows-64\dataTrack1\IMG\right_2024_11_20_20_19_17_489.jpg, 0, 0.06354452, 0, 19.88681
C:\Users\Owner\Downloads\simulator-windows-64\dataTrack1\IMG\center_2024_11_20_20_19_17_593.jpg, C:\Users\Owner\Downloads\simulator-windows-64\dataTrack1\IMG\left_2024_11_20_20_19_17_593.jpg, C:\Users\Owner\Downloads\simulator-windows-64\dataTrack1\IMG\right_2024_11_20_20_19_17_593.jpg, 0, 0.1565244, 0, 19.39276
C:\Users\Owner\Downloads\simulator-windows-64\dataTrack1\IMG\center_2024_11_20_20_19_17_696.jpg, C:\Users\Owner\Downloads\simulator-windows-64\dataTrack1\IMG\left_2024_11_20_20_19_17_696.jpg, C:\Users\Owner\Downloads\simulator-windows-64\dataTrack1\IMG\right_2024_11_20_20_19_17_696.jpg, 0, 0.1525485, 0, 19.8132
C:\Users\Owner\Downloads\simulator-windows-64\dataTrack1\IMG\center_2024_11_20_20_19_17_799.jpg, C:\Users\Owner\Downloads\simulator-windows-64\dataTrack1\IMG\left_2024_11_20_20_19_17_799.jpg, C:\Users\Owner\Downloads\simulator-windows-64\dataTrack1\IMG\right_2024_11_20_20_19_17_799.jpg, 0, 0.1552485, 0, 19.36965
C:\Users\Owner\Downloads\simulator-windows-64\dataTrack1\IMG\center_2024_11_20_20_19_17_903.jpg, C:\Users\Owner\Downloads\simulator-windows-64\dataTrack1\IMG\left_2024_11_20_20_19_17_903.jpg, C:\Users\Owner\Downloads\simulator-windows-64\dataTrack1\IMG\right_2024_11_20_20_19_17_903.jpg, 0, 0.0498708, 0, 19.74372
C:\Users\Owner\Downloads\simulator-windows-64\dataTrack1\IMG\center_2024_11_20_20_19_18_007.jpg, C:\Users\Owner\Downloads\simulator-windows-64\dataTrack1\IMG\left_2024_11_20_20_19_18_007.jpg, C:\Users\Owner\Downloads\simulator-windows-64\dataTrack1\IMG\right_2024_11_20_20_19_18_007.jpg, 0, 0.2024667, 0, 19.60142
C:\Users\Owner\Downloads\simulator-windows-64\dataTrack1\IMG\center_2024_11_20_20_19_18_109.jpg, C:\Users\Owner\Downloads\simulator-windows-64\dataTrack1\IMG\left_2024_11_20_20_19_18_109.jpg, C:\Users\Owner\Downloads\simulator-windows-64\dataTrack1\IMG\right_2024_11_20_20_19_18_109.jpg, 0, 0.1046202, 0, 19.33163
C:\Users\Owner\Downloads\simulator-windows-64\dataTrack1\IMG\center_2024_11_20_20_19_18_213.jpg, C:\Users\Owner\Downloads\simulator-windows-64\dataTrack1\IMG\left_2024_11_20_20_19_18_213.jpg, C:\Users\Owner\Downloads\simulator-windows-64\dataTrack1\IMG\right_2024_11_20_20_19_18_213.jpg, 0, 0.4159743, 0, 19.78576
C:\Users\Owner\Downloads\simulator-windows-64\dataTrack1\IMG\center_2024_11_20_20_19_18_317.jpg, C:\Users\Owner\Downloads\simulator-windows-64\dataTrack1\IMG\left_2024_11_20_20_19_18_317.jpg, C:\Users\Owner\Downloads\simulator-windows-64\dataTrack1\IMG\right_2024_11_20_20_19_18_317.jpg, 0, 0.1044258, 0, 19.5992
C:\Users\Owner\Downloads\simulator-windows-64\dataTrack1\IMG\center_2024_11_20_20_19_18_422.jpg, C:\Users\Owner\Downloads\simulator-windows-64\dataTrack1\IMG\left_2024_11_20_20_19_18_422.jpg, C:\Users\Owner\Downloads\simulator-windows-64\dataTrack1\IMG\right_2024_11_20_20_19_18_422.jpg, 0, 0.3175325, 0, 19.9835
C:\Users\Owner\Downloads\simulator-windows-64\dataTrack1\IMG\center_2024_11_20_20_19_18_526.jpg, C:\Users\Owner\Downloads\simulator-windows-64\dataTrack1\IMG\left_2024_11_20_20_19_18_526.jpg, C:\Users\Owner\Downloads\simulator-windows-64\dataTrack1\IMG\right_2024_11_20_20_19_18_526.jpg, 0, 0.1616141, 0, 19.7193
C:\Users\Owner\Downloads\simulator-windows-64\dataTrack1\IMG\center_2024_11_20_20_19_18_630.jpg, C:\Users\Owner\Downloads\simulator-windows-64\dataTrack1\IMG\left_2024_11_20_20_19_18_630.jpg, C:\Users\Owner\Downloads\simulator-windows-64\dataTrack1\IMG\right_2024_11_20_20_19_18_630.jpg, 0, 0.3176501, 0, 20.00812
C:\Users\Owner\Downloads\simulator-windows-64\dataTrack1\IMG\center_2024_11_20_20_19_18_733.jpg, C:\Users\Owner\Downloads\simulator-windows-64\dataTrack1\IMG\left_2024_11_20_20_19_18_733.jpg, C:\Users\Owner\Downloads\simulator-windows-64\dataTrack1\IMG\right_2024_11_20_20_19_18_733.jpg, 0, 0.2158217, 0, 20.30358
C:\Users\Owner\Downloads\simulator-windows-64\dataTrack1\IMG\center_2024_11_20_20_19_18_839.jpg, C:\Users\Owner\Downloads\simulator-windows-64\dataTrack1\IMG\left_2024_11_20_20_19_18_839.jpg, C:\Users\Owner\Downloads\simulator-windows-64\dataTrack1\IMG\right_2024_11_20_20_19_18_839.jpg, 0, 0.4326476, 0, 20.30448
C:\Users\Owner\Downloads\simulator-windows-64\dataTrack1\IMG\center_2024_11_20_20_19_18_943.jpg, C:\Users\Owner\Downloads\simulator-windows-64\dataTrack1\IMG\left_2024_11_20_20_19_18_943.jpg, C:\Users\Owner\Downloads\simulator-windows-64\dataTrack1\IMG\right_2024_11_20_20_19_18_943.jpg, 0, 0.432938, 0, 20.74734
C:\Users\Owner\Downloads\simulator-windows-64\dataTrack1\IMG\center_2024_11_20_20_19_19_046.jpg, C:\Users\Owner\Downloads\simulator-windows-64\dataTrack1\IMG\left_2024_11_20_20_19_19_046.jpg, C:\Users\Owner\Downloads\simulator-windows-64\dataTrack1\IMG\right_2024_11_20_20_19_19_046.jpg, 0, 0.5897692, 0, 21.02065
C:\Users\Owner\Downloads\simulator-windows-64\dataTrack1\IMG\center_2024_11_20_20_19_19_147.jpg, C:\Users\Owner\Downloads\simulator-windows-64\dataTrack1\IMG\left_2024_11_20_20_19_19_147.jpg, C:\Users\Owner\Downloads\simulator-windows-64\dataTrack1\IMG\right_2024_11_20_20_19_19_147.jpg, 0, 0.5287651, 0, 21.41843
C:\Users\Owner\Downloads\simulator-windows-64\dataTrack1\IMG\center_2024_11_20_20_19_19_251.jpg, C:\Users\Owner\Downloads\simulator-windows-64\dataTrack1\IMG\left_2024_11_20_20_19_19_251.jpg, C:\Users\Owner\Downloads\simulator-windows-64\dataTrack1\IMG\right_2024_11_20_20_19_19_251.jpg, 0, 0.5290745, 0, 22.10605
C:\Users\Owner\Downloads\simulator-windows-64\dataTrack1\IMG\center_2024_11_20_20_19_19_357.jpg, C:\Users\Owner\Downloads\simulator-windows-64\dataTrack1\IMG\left_2024_11_20_20_19_19_357.jpg, C:\Users\Owner\Downloads\simulator-windows-64\dataTrack1\IMG\right_2024_11_20_20_19_19_357.jpg, -0.2120667, 0.211679, 0, 22.15602
C:\Users\Owner\Downloads\simulator-windows-64\dataTrack1\IMG\center_2024_11_20_20_19_19_461.jpg, C:\Users\Owner\Downloads\simulator-windows-64\dataTrack1\IMG\left_2024_11_20_20_19_19_461.jpg, C:\Users\Owner\Downloads\simulator-windows-64\dataTrack1\IMG\right_2024_11_20_20_19_19_461.jpg, 0, 0, 0, 22.16339
C:\Users\Owner\Downloads\simulator-windows-64\dataTrack1\IMG\center_2024_11_20_20_19_19_564.jpg, C:\Users\Owner\Downloads\simulator-windows-64\dataTrack1\IMG\left_2024_11_20_20_19_19_564.jpg, C:\Users\Owner\Downloads\simulator-windows-64\dataTrack1\IMG\right_2024_11_20_20_19_19_564.jpg, -0.0518598, 0, 0, 21.71404
C:\Users\Owner\Downloads\simulator-windows-64\dataTrack1\IMG\center_2024_11_20_20_19_19_666.jpg, C:\Users\Owner\Downloads\simulator-windows-64\dataTrack1\IMG\left_2024_11_20_20_19_19_666.jpg, C:\Users\Owner\Downloads\simulator-windows-64\dataTrack1\IMG\right_2024_11_20_20_19_19_666.jpg, -0.3580671, 0, 0, 21.69913
C:\Users\Owner\Downloads\simulator-windows-64\dataTrack1\IMG\center_2024_11_20_20_19_19_772.jpg, C:\Users\Owner\Downloads\simulator-windows-64\dataTrack1\IMG\left_2024_11_20_20_19_19_772.jpg, C:\Users\Owner\Downloads\simulator-windows-64\dataTrack1\IMG\right_2024_11_20_20_19_19_772.jpg, -0.09472708, 0, 0, 21.42094
C:\Users\Owner\Downloads\simulator-windows-64\dataTrack1\IMG\center_2024_11_20_20_19_19_875.jpg, C:\Users\Owner\Downloads\simulator-windows-64\dataTrack1\IMG\left_2024_11_20_20_19_19_875.jpg, C:\Users\Owner\Downloads\simulator-windows-64\dataTrack1\IMG\right_2024_11_20_20_19_19_875.jpg, 0, 0, 0, 20.90202
C:\Users\Owner\Downloads\simulator-windows-64\dataTrack1\IMG\center_2024_11_20_20_19_19_979.jpg, C:\Users\Owner\Downloads\simulator-windows-64\dataTrack1\IMG\left_2024_11_20_20_19_19_979.jpg, C:\Users\Owner\Downloads\simulator-windows-64\dataTrack1\IMG\right_2024_11_20_20_19_19_979.jpg, -0.2236299, 0, 0, 20.97794
C:\Users\Owner\Downloads\simulator-windows-64\dataTrack1\IMG\center_2024_11_20_20_19_20_083.jpg, C:\Users\Owner\Downloads\simulator-windows-64\dataTrack1\IMG\left_2024_11_20_20_19_20_083.jpg, C:\Users\Owner\Downloads\simulator-windows-64\dataTrack1\IMG\right_2024_11_20_20_19_20_083.jpg, 0, 0, 0, 20.45278
C:\Users\Owner\Downloads\simulator-windows-64\dataTrack1\IMG\center_2024_11_20_20_19_20_185.jpg, C:\Users\Owner\Downloads\simulator-windows-64\dataTrack1\IMG\left_2024_11_20_20_19_20_185.jpg, C:\Users\Owner\Downloads\simulator-windows-64\dataTrack1\IMG\right_2024_11_20_20_19_20_185.jpg, 0, 0.255264, 0, 20.69478
C:\Users\Owner\Downloads\simulator-windows-64\dataTrack1\IMG\center_2024_11_20_20_19_20_290.jpg, C:\Users\Owner\Downloads\simulator-windows-64\dataTrack1\IMG\left_2024_11_20_20_19_20_290.jpg, C:\Users\Owner\Downloads\simulator-windows-64\dataTrack1\IMG\right_2024_11_20_20_19_20_290.jpg, 0, 0.1699287, 0, 20.89579
C:\Users\Owner\Downloads\simulator-windows-64\dataTrack1\IMG\center_2024_11_20_20_19_20_394.jpg, C:\Users\Owner\Downloads\simulator-windows-64\dataTrack1\IMG\left_2024_11_20_20_19_20_394.jpg, C:\Users\Owner\Downloads\simulator-windows-64\dataTrack1\IMG\right_2024_11_20_20_19_20_394.jpg, 0, 0.4830257, 0, 20.85102
C:\Users\Owner\Downloads\simulator-windows-64\dataTrack1\IMG\center_2024_11_20_20_19_20_498.jpg, C:\Users\Owner\Downloads\simulator-windows-64\dataTrack1\IMG\left_2024_11_20_20_19_20_498.jpg, C:\Users\Owner\Downloads\simulator-windows-64\dataTrack1\IMG\right_2024_11_20_20_19_20_498.jpg, 0, 0.3436934, 0, 21.43875
C:\Users\Owner\Downloads\simulator-windows-64\dataTrack1\IMG\center_2024_11_20_20_19_20_599.jpg, C:\Users\Owner\Downloads\simulator-windows-64\dataTrack1\IMG\left_2024_11_20_20_19_20_599.jpg, C:\Users\Owner\Downloads\simulator-windows-64\dataTrack1\IMG\right_2024_11_20_20_19_20_599.jpg, 0, 0.6486287, 0, 21.64207
C:\Users\Owner\Downloads\simulator-windows-64\dataTrack1\IMG\center_2024_11_20_20_19_20_704.jpg, C:\Users\Owner\Downloads\simulator-windows-64\dataTrack1\IMG\left_2024_11_20_20_19_20_704.jpg, C:\Users\Owner\Downloads\simulator-windows-64\dataTrack1\IMG\right_2024_11_20_20_19_20_704.jpg, 0, 0.3364435, 0, 22.20107
C:\Users\Owner\Downloads\simulator-windows-64\dataTrack1\IMG\center_2024_11_20_20_19_20_808.jpg, C:\Users\Owner\Downloads\simulator-windows-64\dataTrack1\IMG\left_2024_11_20_20_19_20_808.jpg, C:\Users\Owner\Downloads\simulator-windows-64\dataTrack1\IMG\right_2024_11_20_20_19_20_808.jpg, 0, 0.5468584, 0, 22.63091
C:\Users\Owner\Downloads\simulator-windows-64\dataTrack1\IMG\center_2024_11_20_20_19_20_912.jpg, C:\Users\Owner\Downloads\simulator-windows-64\dataTrack1\IMG\left_2024_11_20_20_19_20_912.jpg, C:\Users\Owner\Downloads\simulator-windows-64\dataTrack1\IMG\right_2024_11_20_20_19_20_912.jpg, 0, 0.3419617, 0, 22.76782
C:\Users\Owner\Downloads\simulator-windows-64\dataTrack1\IMG\center_2024_11_20_20_19_21_015.jpg, C:\Users\Owner\Downloads\simulator-windows-64\dataTrack1\IMG\left_2024_11_20_20_19_21_015.jpg, C:\Users\Owner\Downloads\simulator-windows-64\dataTrack1\IMG\right_2024_11_20_20_19_21_015.jpg, 0, 0.6515714, 0, 23.22481
C:\Users\Owner\Downloads\simulator-windows-64\dataTrack1\IMG\center_2024_11_20_20_19_21_117.jpg, C:\Users\Owner\Downloads\simulator-windows-64\dataTrack1\IMG\left_2024_11_20_20_19_21_117.jpg, C:\Users\Owner\Downloads\simulator-windows-64\dataTrack1\IMG\right_2024_11_20_20_19_21_117.jpg, -0.3052305, 0.3463409, 0, 23.51401
C:\Users\Owner\Downloads\simulator-windows-64\dataTrack1\IMG\center_2024_11_20_20_19_21_222.jpg, C:\Users\Owner\Downloads\simulator-windows-64\dataTrack1\IMG\left_2024_11_20_20_19_21_222.jpg, C:\Users\Owner\Downloads\simulator-windows-64\dataTrack1\IMG\right_2024_11_20_20_19_21_222.jpg, -0.3038517, 0.02885985, 0, 23.43579
C:\Users\Owner\Downloads\simulator-windows-64\dataTrack1\IMG\center_2024_11_20_20_19_21_326.jpg, C:\Users\Owner\Downloads\simulator-windows-64\dataTrack1\IMG\left_2024_11_20_20_19_21_326.jpg, C:\Users\Owner\Downloads\simulator-windows-64\dataTrack1\IMG\right_2024_11_20_20_19_21_326.jpg, -0.04408348, 0.1552533, 0, 23.23388
C:\Users\Owner\Downloads\simulator-windows-64\dataTrack1\IMG\center_2024_11_20_20_19_21_430.jpg, C:\Users\Owner\Downloads\simulator-windows-64\dataTrack1\IMG\left_2024_11_20_20_19_21_430.jpg, C:\Users\Owner\Downloads\simulator-windows-64\dataTrack1\IMG\right_2024_11_20_20_19_21_430.jpg, 0, 0.317946, 0, 23.433
C:\Users\Owner\Downloads\simulator-windows-64\dataTrack1\IMG\center_2024_11_20_20_19_21_532.jpg, C:\Users\Owner\Downloads\simulator-windows-64\dataTrack1\IMG\left_2024_11_20_20_19_21_532.jpg, C:\Users\Owner\Downloads\simulator-windows-64\dataTrack1\IMG\right_2024_11_20_20_19_21_532.jpg, 0, 0.01287359, 0, 23.3804
C:\Users\Owner\Downloads\simulator-windows-64\dataTrack1\IMG\center_2024_11_20_20_19_21_636.jpg, C:\Users\Owner\Downloads\simulator-windows-64\dataTrack1\IMG\left_2024_11_20_20_19_21_636.jpg, C:\Users\Owner\Downloads\simulator-windows-64\dataTrack1\IMG\right_2024_11_20_20_19_21_636.jpg, 0, 0.3241242, 0, 23.33911
C:\Users\Owner\Downloads\simulator-windows-64\dataTrack1\IMG\center_2024_11_20_20_19_21_742.jpg, C:\Users\Owner\Downloads\simulator-windows-64\dataTrack1\IMG\left_2024_11_20_20_19_21_742.jpg, C:\Users\Owner\Downloads\simulator-windows-64\dataTrack1\IMG\right_2024_11_20_20_19_21_742.jpg, 0, 0.1908384, 0, 23.55131
C:\Users\Owner\Downloads\simulator-windows-64\dataTrack1\IMG\center_2024_11_20_20_19_21_844.jpg, C:\Users\Owner\Downloads\simulator-windows-64\dataTrack1\IMG\left_2024_11_20_20_19_21_844.jpg, C:\Users\Owner\Downloads\simulator-windows-64\dataTrack1\IMG\right_2024_11_20_20_19_21_844.jpg, 0, 0.4457127, 0, 23.67174
C:\Users\Owner\Downloads\simulator-windows-64\dataTrack1\IMG\center_2024_11_20_20_19_21_948.jpg, C:\Users\Owner\Downloads\simulator-windows-64\dataTrack1\IMG\left_2024_11_20_20_19_21_948.jpg, C:\Users\Owner\Downloads\simulator-windows-64\dataTrack1\IMG\right_2024_11_20_20_19_21_948.jpg, 0, 0.3933672, 0, 24.14703
C:\Users\Owner\Downloads\simulator-windows-64\dataTrack1\IMG\center_2024_11_20_20_19_22_051.jpg, C:\Users\Owner\Downloads\simulator-windows-64\dataTrack1\IMG\left_2024_11_20_20_19_22_051.jpg, C:\Users\Owner\Downloads\simulator-windows-64\dataTrack1\IMG\right_2024_11_20_20_19_22_051.jpg, 0, 0.5004033, 0, 24.37057
C:\Users\Owner\Downloads\simulator-windows-64\dataTrack1\IMG\center_2024_11_20_20_19_22_156.jpg, C:\Users\Owner\Downloads\simulator-windows-64\dataTrack1\IMG\left_2024_11_20_20_19_22_156.jpg, C:\Users\Owner\Downloads\simulator-windows-64\dataTrack1\IMG\right_2024_11_20_20_19_22_156.jpg, 0, 0.4121414, 0, 24.77034
C:\Users\Owner\Downloads\simulator-windows-64\dataTrack1\IMG\center_2024_11_20_20_19_22_259.jpg, C:\Users\Owner\Downloads\simulator-windows-64\dataTrack1\IMG\left_2024_11_20_20_19_22_259.jpg, C:\Users\Owner\Downloads\simulator-windows-64\dataTrack1\IMG\right_2024_11_20_20_19_22_259.jpg, 0, 0.5098878, 0, 24.97796
C:\Users\Owner\Downloads\simulator-windows-64\dataTrack1\IMG\center_2024_11_20_20_19_22_365.jpg, C:\Users\Owner\Downloads\simulator-windows-64\dataTrack1\IMG\left_2024_11_20_20_19_22_365.jpg, C:\Users\Owner\Downloads\simulator-windows-64\dataTrack1\IMG\right_2024_11_20_20_19_22_365.jpg, 0, 0.4799678, 0, 25.41103
C:\Users\Owner\Downloads\simulator-windows-64\dataTrack1\IMG\center_2024_11_20_20_19_22_469.jpg, C:\Users\Owner\Downloads\simulator-windows-64\dataTrack1\IMG\left_2024_11_20_20_19_22_469.jpg, C:\Users\Owner\Downloads\simulator-windows-64\dataTrack1\IMG\right_2024_11_20_20_19_22_469.jpg, 0, 0.5311079, 0, 25.69462
C:\Users\Owner\Downloads\simulator-windows-64\dataTrack1\IMG\center_2024_11_20_20_19_22_574.jpg, C:\Users\Owner\Downloads\simulator-windows-64\dataTrack1\IMG\left_2024_11_20_20_19_22_574.jpg, C:\Users\Owner\Downloads\simulator-windows-64\dataTrack1\IMG\right_2024_11_20_20_19_22_574.jpg, 0, 0.5237246, 0, 26.18129
C:\Users\Owner\Downloads\simulator-windows-64\dataTrack1\IMG\center_2024_11_20_20_19_22_678.jpg, C:\Users\Owner\Downloads\simulator-windows-64\dataTrack1\IMG\left_2024_11_20_20_19_22_678.jpg, C:\Users\Owner\Downloads\simulator-windows-64\dataTrack1\IMG\right_2024_11_20_20_19_22_678.jpg, 0, 0.6273542, 0, 26.51085
C:\Users\Owner\Downloads\simulator-windows-64\dataTrack1\IMG\center_2024_11_20_20_19_22_783.jpg, C:\Users\Owner\Downloads\simulator-windows-64\dataTrack1\IMG\left_2024_11_20_20_19_22_783.jpg, C:\Users\Owner\Downloads\simulator-windows-64\dataTrack1\IMG\right_2024_11_20_20_19_22_783.jpg, 0, 0.6208159, 0, 27.11535
C:\Users\Owner\Downloads\simulator-windows-64\dataTrack1\IMG\center_2024_11_20_20_19_22_884.jpg, C:\Users\Owner\Downloads\simulator-windows-64\dataTrack1\IMG\left_2024_11_20_20_19_22_884.jpg, C:\Users\Owner\Downloads\simulator-windows-64\dataTrack1\IMG\right_2024_11_20_20_19_22_884.jpg, 0, 0.420587, 0, 27.45103
C:\Users\Owner\Downloads\simulator-windows-64\dataTrack1\IMG\center_2024_11_20_20_19_22_989.jpg, C:\Users\Owner\Downloads\simulator-windows-64\dataTrack1\IMG\left_2024_11_20_20_19_22_989.jpg, C:\Users\Owner\Downloads\simulator-windows-64\dataTrack1\IMG\right_2024_11_20_20_19_22_989.jpg, 0, 0.6233801, 0, 27.94757
C:\Users\Owner\Downloads\simulator-windows-64\dataTrack1\IMG\center_2024_11_20_20_19_23_093.jpg, C:\Users\Owner\Downloads\simulator-windows-64\dataTrack1\IMG\left_2024_11_20_20_19_23_093.jpg, C:\Users\Owner\Downloads\simulator-windows-64\dataTrack1\IMG\right_2024_11_20_20_19_23_093.jpg, 0, 0.4193971, 0, 28.22194
C:\Users\Owner\Downloads\simulator-windows-64\dataTrack1\IMG\center_2024_11_20_20_19_23_194.jpg, C:\Users\Owner\Downloads\simulator-windows-64\dataTrack1\IMG\left_2024_11_20_20_19_23_194.jpg, C:\Users\Owner\Downloads\simulator-windows-64\dataTrack1\IMG\right_2024_11_20_20_19_23_194.jpg, 0, 0.7234717, 0, 28.63995
C:\Users\Owner\Downloads\simulator-windows-64\dataTrack1\IMG\center_2024_11_20_20_19_23_305.jpg, C:\Users\Owner\Downloads\simulator-windows-64\dataTrack1\IMG\left_2024_11_20_20_19_23_305.jpg, C:\Users\Owner\Downloads\simulator-windows-64\dataTrack1\IMG\right_2024_11_20_20_19_23_305.jpg, -0.1741296, 0.3935233, 0, 29.03961
C:\Users\Owner\Downloads\simulator-windows-64\dataTrack1\IMG\center_2024_11_20_20_19_23_418.jpg, C:\Users\Owner\Downloads\simulator-windows-64\dataTrack1\IMG\left_2024_11_20_20_19_23_418.jpg, C:\Users\Owner\Downloads\simulator-windows-64\dataTrack1\IMG\right_2024_11_20_20_19_23_418.jpg, -0.3082035, 0.05163946, 0, 28.91566
C:\Users\Owner\Downloads\simulator-windows-64\dataTrack1\IMG\center_2024_11_20_20_19_23_524.jpg, C:\Users\Owner\Downloads\simulator-windows-64\dataTrack1\IMG\left_2024_11_20_20_19_23_524.jpg, C:\Users\Owner\Downloads\simulator-windows-64\dataTrack1\IMG\right_2024_11_20_20_19_23_524.jpg, 0, 0, 0, 28.62851
C:\Users\Owner\Downloads\simulator-windows-64\dataTrack1\IMG\center_2024_11_20_20_19_23_627.jpg, C:\Users\Owner\Downloads\simulator-windows-64\dataTrack1\IMG\left_2024_11_20_20_19_23_627.jpg, C:\Users\Owner\Downloads\simulator-windows-64\dataTrack1\IMG\right_2024_11_20_20_19_23_627.jpg, 0, 0, 0, 28.27602
C:\Users\Owner\Downloads\simulator-windows-64\dataTrack1\IMG\center_2024_11_20_20_19_23_730.jpg, C:\Users\Owner\Downloads\simulator-windows-64\dataTrack1\IMG\left_2024_11_20_20_19_23_730.jpg, C:\Users\Owner\Downloads\simulator-windows-64\dataTrack1\IMG\right_2024_11_20_20_19_23_730.jpg, 0, 0.3077517, 0, 28.18156
C:\Users\Owner\Downloads\simulator-windows-64\dataTrack1\IMG\center_2024_11_20_20_19_23_835.jpg, C:\Users\Owner\Downloads\simulator-windows-64\dataTrack1\IMG\left_2024_11_20_20_19_23_835.jpg, C:\Users\Owner\Downloads\simulator-windows-64\dataTrack1\IMG\right_2024_11_20_20_19_23_835.jpg, 0, 0.1666881, 0, 28.25981
C:\Users\Owner\Downloads\simulator-windows-64\dataTrack1\IMG\center_2024_11_20_20_19_23_936.jpg, C:\Users\Owner\Downloads\simulator-windows-64\dataTrack1\IMG\left_2024_11_20_20_19_23_936.jpg, C:\Users\Owner\Downloads\simulator-windows-64\dataTrack1\IMG\right_2024_11_20_20_19_23_936.jpg, 0, 0.2580534, 0, 28.14016
C:\Users\Owner\Downloads\simulator-windows-64\dataTrack1\IMG\center_2024_11_20_20_19_24_041.jpg, C:\Users\Owner\Downloads\simulator-windows-64\dataTrack1\IMG\left_2024_11_20_20_19_24_041.jpg, C:\Users\Owner\Downloads\simulator-windows-64\dataTrack1\IMG\right_2024_11_20_20_19_24_041.jpg, 0, 0.257697, 0, 28.2873
C:\Users\Owner\Downloads\simulator-windows-64\dataTrack1\IMG\center_2024_11_20_20_19_24_145.jpg, C:\Users\Owner\Downloads\simulator-windows-64\dataTrack1\IMG\left_2024_11_20_20_19_24_145.jpg, C:\Users\Owner\Downloads\simulator-windows-64\dataTrack1\IMG\right_2024_11_20_20_19_24_145.jpg, 0, 0.2939712, 0, 28.24835
C:\Users\Owner\Downloads\simulator-windows-64\dataTrack1\IMG\center_2024_11_20_20_19_24_248.jpg, C:\Users\Owner\Downloads\simulator-windows-64\dataTrack1\IMG\left_2024_11_20_20_19_24_248.jpg, C:\Users\Owner\Downloads\simulator-windows-64\dataTrack1\IMG\right_2024_11_20_20_19_24_248.jpg, 0, 0.442698, 0, 28.57814
C:\Users\Owner\Downloads\simulator-windows-64\dataTrack1\IMG\center_2024_11_20_20_19_24_352.jpg, C:\Users\Owner\Downloads\simulator-windows-64\dataTrack1\IMG\left_2024_11_20_20_19_24_352.jpg, C:\Users\Owner\Downloads\simulator-windows-64\dataTrack1\IMG\right_2024_11_20_20_19_24_352.jpg, 0, 0.434715, 0, 28.72039
C:\Users\Owner\Downloads\simulator-windows-64\dataTrack1\IMG\center_2024_11_20_20_19_24_456.jpg, C:\Users\Owner\Downloads\simulator-windows-64\dataTrack1\IMG\left_2024_11_20_20_19_24_456.jpg, C:\Users\Owner\Downloads\simulator-windows-64\dataTrack1\IMG\right_2024_11_20_20_19_24_456.jpg, 0, 0.7464538, 0, 29.15682
C:\Users\Owner\Downloads\simulator-windows-64\dataTrack1\IMG\center_2024_11_20_20_19_24_560.jpg, C:\Users\Owner\Downloads\simulator-windows-64\dataTrack1\IMG\left_2024_11_20_20_19_24_560.jpg, C:\Users\Owner\Downloads\simulator-windows-64\dataTrack1\IMG\right_2024_11_20_20_19_24_560.jpg, 0, 0.4339017, 0, 29.6007
C:\Users\Owner\Downloads\simulator-windows-64\dataTrack1\IMG\center_2024_11_20_20_19_24_663.jpg, C:\Users\Owner\Downloads\simulator-windows-64\dataTrack1\IMG\left_2024_11_20_20_19_24_663.jpg, C:\Users\Owner\Downloads\simulator-windows-64\dataTrack1\IMG\right_2024_11_20_20_19_24_663.jpg, 0, 0.1250379, 0, 29.68356
C:\Users\Owner\Downloads\simulator-windows-64\dataTrack1\IMG\center_2024_11_20_20_19_24_767.jpg, C:\Users\Owner\Downloads\simulator-windows-64\dataTrack1\IMG\left_2024_11_20_20_19_24_767.jpg, C:\Users\Owner\Downloads\simulator-windows-64\dataTrack1\IMG\right_2024_11_20_20_19_24_767.jpg, 0, 0, 0, 29.36032
C:\Users\Owner\Downloads\simulator-windows-64\dataTrack1\IMG\center_2024_11_20_20_19_24_869.jpg, C:\Users\Owner\Downloads\simulator-windows-64\dataTrack1\IMG\left_2024_11_20_20_19_24_869.jpg, C:\Users\Owner\Downloads\simulator-windows-64\dataTrack1\IMG\right_2024_11_20_20_19_24_869.jpg, 0, 0, 0, 29.06572
C:\Users\Owner\Downloads\simulator-windows-64\dataTrack1\IMG\center_2024_11_20_20_19_24_974.jpg, C:\Users\Owner\Downloads\simulator-windows-64\dataTrack1\IMG\left_2024_11_20_20_19_24_974.jpg, C:\Users\Owner\Downloads\simulator-windows-64\dataTrack1\IMG\right_2024_11_20_20_19_24_974.jpg, -0.1598238, 0, 0, 28.76331
C:\Users\Owner\Downloads\simulator-windows-64\dataTrack1\IMG\center_2024_11_20_20_19_25_077.jpg, C:\Users\Owner\Downloads\simulator-windows-64\dataTrack1\IMG\left_2024_11_20_20_19_25_077.jpg, C:\Users\Owner\Downloads\simulator-windows-64\dataTrack1\IMG\right_2024_11_20_20_19_25_077.jpg, -0.1626828, 0, 0, 28.42103
C:\Users\Owner\Downloads\simulator-windows-64\dataTrack1\IMG\center_2024_11_20_20_19_25_180.jpg, C:\Users\Owner\Downloads\simulator-windows-64\dataTrack1\IMG\left_2024_11_20_20_19_25_180.jpg, C:\Users\Owner\Downloads\simulator-windows-64\dataTrack1\IMG\right_2024_11_20_20_19_25_180.jpg, 0, 0.1498293, 0, 28.15176
C:\Users\Owner\Downloads\simulator-windows-64\dataTrack1\IMG\center_2024_11_20_20_19_25_283.jpg, C:\Users\Owner\Downloads\simulator-windows-64\dataTrack1\IMG\left_2024_11_20_20_19_25_283.jpg, C:\Users\Owner\Downloads\simulator-windows-64\dataTrack1\IMG\right_2024_11_20_20_19_25_283.jpg, 0, 0.2522655, 0, 28.20088
C:\Users\Owner\Downloads\simulator-windows-64\dataTrack1\IMG\center_2024_11_20_20_19_25_386.jpg, C:\Users\Owner\Downloads\simulator-windows-64\dataTrack1\IMG\left_2024_11_20_20_19_25_386.jpg, C:\Users\Owner\Downloads\simulator-windows-64\dataTrack1\IMG\right_2024_11_20_20_19_25_386.jpg, 0, 0, 0, 28.06947
C:\Users\Owner\Downloads\simulator-windows-64\dataTrack1\IMG\center_2024_11_20_20_19_25_493.jpg, C:\Users\Owner\Downloads\simulator-windows-64\dataTrack1\IMG\left_2024_11_20_20_19_25_493.jpg, C:\Users\Owner\Downloads\simulator-windows-64\dataTrack1\IMG\right_2024_11_20_20_19_25_493.jpg, 0, 0.2663214, 0, 28.01339
C:\Users\Owner\Downloads\simulator-windows-64\dataTrack1\IMG\center_2024_11_20_20_19_25_595.jpg, C:\Users\Owner\Downloads\simulator-windows-64\dataTrack1\IMG\left_2024_11_20_20_19_25_595.jpg, C:\Users\Owner\Downloads\simulator-windows-64\dataTrack1\IMG\right_2024_11_20_20_19_25_595.jpg, -0.0540618, 0, 0, 27.85976
C:\Users\Owner\Downloads\simulator-windows-64\dataTrack1\IMG\center_2024_11_20_20_19_25_698.jpg, C:\Users\Owner\Downloads\simulator-windows-64\dataTrack1\IMG\left_2024_11_20_20_19_25_698.jpg, C:\Users\Owner\Downloads\simulator-windows-64\dataTrack1\IMG\right_2024_11_20_20_19_25_698.jpg, -0.1647432, 0, 0, 27.54528
C:\Users\Owner\Downloads\simulator-windows-64\dataTrack1\IMG\center_2024_11_20_20_19_25_802.jpg, C:\Users\Owner\Downloads\simulator-windows-64\dataTrack1\IMG\left_2024_11_20_20_19_25_802.jpg, C:\Users\Owner\Downloads\simulator-windows-64\dataTrack1\IMG\right_2024_11_20_20_19_25_802.jpg, 0, 0.0498831, 0, 27.26754
C:\Users\Owner\Downloads\simulator-windows-64\dataTrack1\IMG\center_2024_11_20_20_19_25_904.jpg, C:\Users\Owner\Downloads\simulator-windows-64\dataTrack1\IMG\left_2024_11_20_20_19_25_904.jpg, C:\Users\Owner\Downloads\simulator-windows-64\dataTrack1\IMG\right_2024_11_20_20_19_25_904.jpg, 0, 0.2524989, 0, 27.19982
C:\Users\Owner\Downloads\simulator-windows-64\dataTrack1\IMG\center_2024_11_20_20_19_26_009.jpg, C:\Users\Owner\Downloads\simulator-windows-64\dataTrack1\IMG\left_2024_11_20_20_19_26_009.jpg, C:\Users\Owner\Downloads\simulator-windows-64\dataTrack1\IMG\right_2024_11_20_20_19_26_009.jpg, 0, 0, 0, 27.02667
C:\Users\Owner\Downloads\simulator-windows-64\dataTrack1\IMG\center_2024_11_20_20_19_26_113.jpg, C:\Users\Owner\Downloads\simulator-windows-64\dataTrack1\IMG\left_2024_11_20_20_19_26_113.jpg, C:\Users\Owner\Downloads\simulator-windows-64\dataTrack1\IMG\right_2024_11_20_20_19_26_113.jpg, 0, 0.3112269, 0, 26.95159
C:\Users\Owner\Downloads\simulator-windows-64\dataTrack1\IMG\center_2024_11_20_20_19_26_214.jpg, C:\Users\Owner\Downloads\simulator-windows-64\dataTrack1\IMG\left_2024_11_20_20_19_26_214.jpg, C:\Users\Owner\Downloads\simulator-windows-64\dataTrack1\IMG\right_2024_11_20_20_19_26_214.jpg, 0, 0.1789293, 0, 27.06399
C:\Users\Owner\Downloads\simulator-windows-64\dataTrack1\IMG\center_2024_11_20_20_19_26_319.jpg, C:\Users\Owner\Downloads\simulator-windows-64\dataTrack1\IMG\left_2024_11_20_20_19_26_319.jpg, C:\Users\Owner\Downloads\simulator-windows-64\dataTrack1\IMG\right_2024_11_20_20_19_26_319.jpg, 0, 0.1844141, 0, 26.91998
C:\Users\Owner\Downloads\simulator-windows-64\dataTrack1\IMG\center_2024_11_20_20_19_26_422.jpg, C:\Users\Owner\Downloads\simulator-windows-64\dataTrack1\IMG\left_2024_11_20_20_19_26_422.jpg, C:\Users\Owner\Downloads\simulator-windows-64\dataTrack1\IMG\right_2024_11_20_20_19_26_422.jpg, 0, 0.1799388, 0, 26.98034
C:\Users\Owner\Downloads\simulator-windows-64\dataTrack1\IMG\center_2024_11_20_20_19_26_526.jpg, C:\Users\Owner\Downloads\simulator-windows-64\dataTrack1\IMG\left_2024_11_20_20_19_26_526.jpg, C:\Users\Owner\Downloads\simulator-windows-64\dataTrack1\IMG\right_2024_11_20_20_19_26_526.jpg, 0, 0, 0, 26.78573
C:\Users\Owner\Downloads\simulator-windows-64\dataTrack1\IMG\center_2024_11_20_20_19_26_629.jpg, C:\Users\Owner\Downloads\simulator-windows-64\dataTrack1\IMG\left_2024_11_20_20_19_26_629.jpg, C:\Users\Owner\Downloads\simulator-windows-64\dataTrack1\IMG\right_2024_11_20_20_19_26_629.jpg, 0, 0, 0, 26.55949
C:\Users\Owner\Downloads\simulator-windows-64\dataTrack1\IMG\center_2024_11_20_20_19_26_733.jpg, C:\Users\Owner\Downloads\simulator-windows-64\dataTrack1\IMG\left_2024_11_20_20_19_26_733.jpg, C:\Users\Owner\Downloads\simulator-windows-64\dataTrack1\IMG\right_2024_11_20_20_19_26_733.jpg, 0, 0.1601853, 0, 26.34277
C:\Users\Owner\Downloads\simulator-windows-64\dataTrack1\IMG\center_2024_11_20_20_19_26_838.jpg, C:\Users\Owner\Downloads\simulator-windows-64\dataTrack1\IMG\left_2024_11_20_20_19_26_838.jpg, C:\Users\Owner\Downloads\simulator-windows-64\dataTrack1\IMG\right_2024_11_20_20_19_26_838.jpg, 0, 0.2545581, 0, 26.42945
C:\Users\Owner\Downloads\simulator-windows-64\dataTrack1\IMG\center_2024_11_20_20_19_26_940.jpg, C:\Users\Owner\Downloads\simulator-windows-64\dataTrack1\IMG\left_2024_11_20_20_19_26_940.jpg, C:\Users\Owner\Downloads\simulator-windows-64\dataTrack1\IMG\right_2024_11_20_20_19_26_940.jpg, 0, 0.154422, 0, 26.34431
C:\Users\Owner\Downloads\simulator-windows-64\dataTrack1\IMG\center_2024_11_20_20_19_27_044.jpg, C:\Users\Owner\Downloads\simulator-windows-64\dataTrack1\IMG\left_2024_11_20_20_19_27_044.jpg, C:\Users\Owner\Downloads\simulator-windows-64\dataTrack1\IMG\right_2024_11_20_20_19_27_044.jpg, 0, 0.3114756, 0, 26.41991
C:\Users\Owner\Downloads\simulator-windows-64\dataTrack1\IMG\center_2024_11_20_20_19_27_148.jpg, C:\Users\Owner\Downloads\simulator-windows-64\dataTrack1\IMG\left_2024_11_20_20_19_27_148.jpg, C:\Users\Owner\Downloads\simulator-windows-64\dataTrack1\IMG\right_2024_11_20_20_19_27_148.jpg, 0, 0.259986, 0, 26.36293
C:\Users\Owner\Downloads\simulator-windows-64\dataTrack1\IMG\center_2024_11_20_20_19_27_249.jpg, C:\Users\Owner\Downloads\simulator-windows-64\dataTrack1\IMG\left_2024_11_20_20_19_27_249.jpg, C:\Users\Owner\Downloads\simulator-windows-64\dataTrack1\IMG\right_2024_11_20_20_19_27_249.jpg, 0, 0.3589086, 0, 26.57028
C:\Users\Owner\Downloads\simulator-windows-64\dataTrack1\IMG\center_2024_11_20_20_19_27_353.jpg, C:\Users\Owner\Downloads\simulator-windows-64\dataTrack1\IMG\left_2024_11_20_20_19_27_353.jpg, C:\Users\Owner\Downloads\simulator-windows-64\dataTrack1\IMG\right_2024_11_20_20_19_27_353.jpg, 0, 0.3588876, 0, 26.63769
C:\Users\Owner\Downloads\simulator-windows-64\dataTrack1\IMG\center_2024_11_20_20_19_27_458.jpg, C:\Users\Owner\Downloads\simulator-windows-64\dataTrack1\IMG\left_2024_11_20_20_19_27_458.jpg, C:\Users\Owner\Downloads\simulator-windows-64\dataTrack1\IMG\right_2024_11_20_20_19_27_458.jpg, 0, 0.4585164, 0, 26.94759
C:\Users\Owner\Downloads\simulator-windows-64\dataTrack1\IMG\center_2024_11_20_20_19_27_561.jpg, C:\Users\Owner\Downloads\simulator-windows-64\dataTrack1\IMG\left_2024_11_20_20_19_27_561.jpg, C:\Users\Owner\Downloads\simulator-windows-64\dataTrack1\IMG\right_2024_11_20_20_19_27_561.jpg, 0, 0.4679646, 0, 27.12902
C:\Users\Owner\Downloads\simulator-windows-64\dataTrack1\IMG\center_2024_11_20_20_19_27_666.jpg, C:\Users\Owner\Downloads\simulator-windows-64\dataTrack1\IMG\left_2024_11_20_20_19_27_666.jpg, C:\Users\Owner\Downloads\simulator-windows-64\dataTrack1\IMG\right_2024_11_20_20_19_27_666.jpg, 0, 0.6155724, 0, 27.57309
C:\Users\Owner\Downloads\simulator-windows-64\dataTrack1\IMG\center_2024_11_20_20_19_27_768.jpg, C:\Users\Owner\Downloads\simulator-windows-64\dataTrack1\IMG\left_2024_11_20_20_19_27_768.jpg, C:\Users\Owner\Downloads\simulator-windows-64\dataTrack1\IMG\right_2024_11_20_20_19_27_768.jpg, 0, 0.5697468, 0, 27.94724
C:\Users\Owner\Downloads\simulator-windows-64\dataTrack1\IMG\center_2024_11_20_20_19_27_871.jpg, C:\Users\Owner\Downloads\simulator-windows-64\dataTrack1\IMG\left_2024_11_20_20_19_27_871.jpg, C:\Users\Owner\Downloads\simulator-windows-64\dataTrack1\IMG\right_2024_11_20_20_19_27_871.jpg, 0, 0.6743931, 0, 28.5176
C:\Users\Owner\Downloads\simulator-windows-64\dataTrack1\IMG\center_2024_11_20_20_19_27_977.jpg, C:\Users\Owner\Downloads\simulator-windows-64\dataTrack1\IMG\left_2024_11_20_20_19_27_977.jpg, C:\Users\Owner\Downloads\simulator-windows-64\dataTrack1\IMG\right_2024_11_20_20_19_27_977.jpg, 0, 0.5652741, 0, 28.89984
C:\Users\Owner\Downloads\simulator-windows-64\dataTrack1\IMG\center_2024_11_20_20_19_28_080.jpg, C:\Users\Owner\Downloads\simulator-windows-64\dataTrack1\IMG\left_2024_11_20_20_19_28_080.jpg, C:\Users\Owner\Downloads\simulator-windows-64\dataTrack1\IMG\right_2024_11_20_20_19_28_080.jpg, 0, 0.6672888, 0, 29.42146
C:\Users\Owner\Downloads\simulator-windows-64\dataTrack1\IMG\center_2024_11_20_20_19_28_183.jpg, C:\Users\Owner\Downloads\simulator-windows-64\dataTrack1\IMG\left_2024_11_20_20_19_28_183.jpg, C:\Users\Owner\Downloads\simulator-windows-64\dataTrack1\IMG\right_2024_11_20_20_19_28_183.jpg, 0, 0.3570908, 0, 29.78842
C:\Users\Owner\Downloads\simulator-windows-64\dataTrack1\IMG\center_2024_11_20_20_19_28_286.jpg, C:\Users\Owner\Downloads\simulator-windows-64\dataTrack1\IMG\left_2024_11_20_20_19_28_286.jpg, C:\Users\Owner\Downloads\simulator-windows-64\dataTrack1\IMG\right_2024_11_20_20_19_28_286.jpg, 0, 0.1020929, 0, 29.7759
C:\Users\Owner\Downloads\simulator-windows-64\dataTrack1\IMG\center_2024_11_20_20_19_28_388.jpg, C:\Users\Owner\Downloads\simulator-windows-64\dataTrack1\IMG\left_2024_11_20_20_19_28_388.jpg, C:\Users\Owner\Downloads\simulator-windows-64\dataTrack1\IMG\right_2024_11_20_20_19_28_388.jpg, 0, 0, 0, 29.43304
C:\Users\Owner\Downloads\simulator-windows-64\dataTrack1\IMG\center_2024_11_20_20_19_28_494.jpg, C:\Users\Owner\Downloads\simulator-windows-64\dataTrack1\IMG\left_2024_11_20_20_19_28_494.jpg, C:\Users\Owner\Downloads\simulator-windows-64\dataTrack1\IMG\right_2024_11_20_20_19_28_494.jpg, -0.1573356, 0, 0, 29.12757
C:\Users\Owner\Downloads\simulator-windows-64\dataTrack1\IMG\center_2024_11_20_20_19_28_597.jpg, C:\Users\Owner\Downloads\simulator-windows-64\dataTrack1\IMG\left_2024_11_20_20_19_28_597.jpg, C:\Users\Owner\Downloads\simulator-windows-64\dataTrack1\IMG\right_2024_11_20_20_19_28_597.jpg, -0.4649784, 0, 0, 28.69694
C:\Users\Owner\Downloads\simulator-windows-64\dataTrack1\IMG\center_2024_11_20_20_19_28_701.jpg, C:\Users\Owner\Downloads\simulator-windows-64\dataTrack1\IMG\left_2024_11_20_20_19_28_701.jpg, C:\Users\Owner\Downloads\simulator-windows-64\dataTrack1\IMG\right_2024_11_20_20_19_28_701.jpg, -0.1538331, 0, 0, 28.36831
C:\Users\Owner\Downloads\simulator-windows-64\dataTrack1\IMG\center_2024_11_20_20_19_28_802.jpg, C:\Users\Owner\Downloads\simulator-windows-64\dataTrack1\IMG\left_2024_11_20_20_19_28_802.jpg, C:\Users\Owner\Downloads\simulator-windows-64\dataTrack1\IMG\right_2024_11_20_20_19_28_802.jpg, 0, 0, 0, 28.07638
C:\Users\Owner\Downloads\simulator-windows-64\dataTrack1\IMG\center_2024_11_20_20_19_28_909.jpg, C:\Users\Owner\Downloads\simulator-windows-64\dataTrack1\IMG\left_2024_11_20_20_19_28_909.jpg, C:\Users\Owner\Downloads\simulator-windows-64\dataTrack1\IMG\right_2024_11_20_20_19_28_909.jpg, 0, 0.2295132, 0, 27.8352
C:\Users\Owner\Downloads\simulator-windows-64\dataTrack1\IMG\center_2024_11_20_20_19_29_011.jpg, C:\Users\Owner\Downloads\simulator-windows-64\dataTrack1\IMG\left_2024_11_20_20_19_29_011.jpg, C:\Users\Owner\Downloads\simulator-windows-64\dataTrack1\IMG\right_2024_11_20_20_19_29_011.jpg, 0, 0.1293333, 0, 27.85184
C:\Users\Owner\Downloads\simulator-windows-64\dataTrack1\IMG\center_2024_11_20_20_19_29_114.jpg, C:\Users\Owner\Downloads\simulator-windows-64\dataTrack1\IMG\left_2024_11_20_20_19_29_114.jpg, C:\Users\Owner\Downloads\simulator-windows-64\dataTrack1\IMG\right_2024_11_20_20_19_29_114.jpg, 0, 0.1591197, 0, 27.65113
C:\Users\Owner\Downloads\simulator-windows-64\dataTrack1\IMG\center_2024_11_20_20_19_29_216.jpg, C:\Users\Owner\Downloads\simulator-windows-64\dataTrack1\IMG\left_2024_11_20_20_19_29_216.jpg, C:\Users\Owner\Downloads\simulator-windows-64\dataTrack1\IMG\right_2024_11_20_20_19_29_216.jpg, 0, 0.05466811, 0, 27.59486
C:\Users\Owner\Downloads\simulator-windows-64\dataTrack1\IMG\center_2024_11_20_20_19_29_319.jpg, C:\Users\Owner\Downloads\simulator-windows-64\dataTrack1\IMG\left_2024_11_20_20_19_29_319.jpg, C:\Users\Owner\Downloads\simulator-windows-64\dataTrack1\IMG\right_2024_11_20_20_19_29_319.jpg, 0, 0.1553244, 0, 27.36079
C:\Users\Owner\Downloads\simulator-windows-64\dataTrack1\IMG\center_2024_11_20_20_19_29_430.jpg, C:\Users\Owner\Downloads\simulator-windows-64\dataTrack1\IMG\left_2024_11_20_20_19_29_430.jpg, C:\Users\Owner\Downloads\simulator-windows-64\dataTrack1\IMG\right_2024_11_20_20_19_29_430.jpg, 0, 0.06936242, 0, 27.31974
C:\Users\Owner\Downloads\simulator-windows-64\dataTrack1\IMG\center_2024_11_20_20_19_29_534.jpg, C:\Users\Owner\Downloads\simulator-windows-64\dataTrack1\IMG\left_2024_11_20_20_19_29_534.jpg, C:\Users\Owner\Downloads\simulator-windows-64\dataTrack1\IMG\right_2024_11_20_20_19_29_534.jpg, 0, 0.1552896, 0, 27.10089
C:\Users\Owner\Downloads\simulator-windows-64\dataTrack1\IMG\center_2024_11_20_20_19_29_637.jpg, C:\Users\Owner\Downloads\simulator-windows-64\dataTrack1\IMG\left_2024_11_20_20_19_29_637.jpg, C:\Users\Owner\Downloads\simulator-windows-64\dataTrack1\IMG\right_2024_11_20_20_19_29_637.jpg, 0, 0.04883521, 0, 27.04727
C:\Users\Owner\Downloads\simulator-windows-64\dataTrack1\IMG\center_2024_11_20_20_19_29_741.jpg, C:\Users\Owner\Downloads\simulator-windows-64\dataTrack1\IMG\left_2024_11_20_20_19_29_741.jpg, C:\Users\Owner\Downloads\simulator-windows-64\dataTrack1\IMG\right_2024_11_20_20_19_29_741.jpg, 0, 0.1531215, 0, 26.81649
C:\Users\Owner\Downloads\simulator-windows-64\dataTrack1\IMG\center_2024_11_20_20_19_29_846.jpg, C:\Users\Owner\Downloads\simulator-windows-64\dataTrack1\IMG\left_2024_11_20_20_19_29_846.jpg, C:\Users\Owner\Downloads\simulator-windows-64\dataTrack1\IMG\right_2024_11_20_20_19_29_846.jpg, 0, 0.2127303, 0, 26.84706
C:\Users\Owner\Downloads\simulator-windows-64\dataTrack1\IMG\center_2024_11_20_20_19_29_950.jpg, C:\Users\Owner\Downloads\simulator-windows-64\dataTrack1\IMG\left_2024_11_20_20_19_29_950.jpg, C:\Users\Owner\Downloads\simulator-windows-64\dataTrack1\IMG\right_2024_11_20_20_19_29_950.jpg, 0, 0.1014516, 0, 26.61273
C:\Users\Owner\Downloads\simulator-windows-64\dataTrack1\IMG\center_2024_11_20_20_19_30_054.jpg, C:\Users\Owner\Downloads\simulator-windows-64\dataTrack1\IMG\left_2024_11_20_20_19_30_054.jpg, C:\Users\Owner\Downloads\simulator-windows-64\dataTrack1\IMG\right_2024_11_20_20_19_30_054.jpg, 0, 0.1010862, 0, 26.57205
C:\Users\Owner\Downloads\simulator-windows-64\dataTrack1\IMG\center_2024_11_20_20_19_30_159.jpg, C:\Users\Owner\Downloads\simulator-windows-64\dataTrack1\IMG\left_2024_11_20_20_19_30_159.jpg, C:\Users\Owner\Downloads\simulator-windows-64\dataTrack1\IMG\right_2024_11_20_20_19_30_159.jpg, 0, 0.1107498, 0, 26.34043
C:\Users\Owner\Downloads\simulator-windows-64\dataTrack1\IMG\center_2024_11_20_20_19_30_261.jpg, C:\Users\Owner\Downloads\simulator-windows-64\dataTrack1\IMG\left_2024_11_20_20_19_30_261.jpg, C:\Users\Owner\Downloads\simulator-windows-64\dataTrack1\IMG\right_2024_11_20_20_19_30_261.jpg, 0, 0.1080732, 0, 26.30087
C:\Users\Owner\Downloads\simulator-windows-64\dataTrack1\IMG\center_2024_11_20_20_19_30_367.jpg, C:\Users\Owner\Downloads\simulator-windows-64\dataTrack1\IMG\left_2024_11_20_20_19_30_367.jpg, C:\Users\Owner\Downloads\simulator-windows-64\dataTrack1\IMG\right_2024_11_20_20_19_30_367.jpg, 0, 0.1534404, 0, 26.05628
C:\Users\Owner\Downloads\simulator-windows-64\dataTrack1\IMG\center_2024_11_20_20_19_30_472.jpg, C:\Users\Owner\Downloads\simulator-windows-64\dataTrack1\IMG\left_2024_11_20_20_19_30_472.jpg, C:\Users\Owner\Downloads\simulator-windows-64\dataTrack1\IMG\right_2024_11_20_20_19_30_472.jpg, 0, 0.2674139, 0, 26.14864
C:\Users\Owner\Downloads\simulator-windows-64\dataTrack1\IMG\center_2024_11_20_20_19_30_577.jpg, C:\Users\Owner\Downloads\simulator-windows-64\dataTrack1\IMG\left_2024_11_20_20_19_30_577.jpg, C:\Users\Owner\Downloads\simulator-windows-64\dataTrack1\IMG\right_2024_11_20_20_19_30_577.jpg, 0, 0.262319, 0, 26.12056
C:\Users\Owner\Downloads\simulator-windows-64\dataTrack1\IMG\center_2024_11_20_20_19_30_680.jpg, C:\Users\Owner\Downloads\simulator-windows-64\dataTrack1\IMG\left_2024_11_20_20_19_30_680.jpg, C:\Users\Owner\Downloads\simulator-windows-64\dataTrack1\IMG\right_2024_11_20_20_19_30_680.jpg, 0, 0.4709615, 0, 26.34748
C:\Users\Owner\Downloads\simulator-windows-64\dataTrack1\IMG\center_2024_11_20_20_19_30_783.jpg, C:\Users\Owner\Downloads\simulator-windows-64\dataTrack1\IMG\left_2024_11_20_20_19_30_783.jpg, C:\Users\Owner\Downloads\simulator-windows-64\dataTrack1\IMG\right_2024_11_20_20_19_30_783.jpg, 0, 0.3196236, 0, 26.49986
C:\Users\Owner\Downloads\simulator-windows-64\dataTrack1\IMG\center_2024_11_20_20_19_30_886.jpg, C:\Users\Owner\Downloads\simulator-windows-64\dataTrack1\IMG\left_2024_11_20_20_19_30_886.jpg, C:\Users\Owner\Downloads\simulator-windows-64\dataTrack1\IMG\right_2024_11_20_20_19_30_886.jpg, 0, 0.5193236, 0, 26.82241
C:\Users\Owner\Downloads\simulator-windows-64\dataTrack1\IMG\center_2024_11_20_20_19_30_988.jpg, C:\Users\Owner\Downloads\simulator-windows-64\dataTrack1\IMG\left_2024_11_20_20_19_30_988.jpg, C:\Users\Owner\Downloads\simulator-windows-64\dataTrack1\IMG\right_2024_11_20_20_19_30_988.jpg, 0, 0.1632548, 0, 26.97332
C:\Users\Owner\Downloads\simulator-windows-64\dataTrack1\IMG\center_2024_11_20_20_19_31_094.jpg, C:\Users\Owner\Downloads\simulator-windows-64\dataTrack1\IMG\left_2024_11_20_20_19_31_094.jpg, C:\Users\Owner\Downloads\simulator-windows-64\dataTrack1\IMG\right_2024_11_20_20_19_31_094.jpg, 0, 0.4766795, 0, 27.09907
C:\Users\Owner\Downloads\simulator-windows-64\dataTrack1\IMG\center_2024_11_20_20_19_31_197.jpg, C:\Users\Owner\Downloads\simulator-windows-64\dataTrack1\IMG\left_2024_11_20_20_19_31_197.jpg, C:\Users\Owner\Downloads\simulator-windows-64\dataTrack1\IMG\right_2024_11_20_20_19_31_197.jpg, 0, 0.168212, 0, 27.22506
C:\Users\Owner\Downloads\simulator-windows-64\dataTrack1\IMG\center_2024_11_20_20_19_31_299.jpg, C:\Users\Owner\Downloads\simulator-windows-64\dataTrack1\IMG\left_2024_11_20_20_19_31_299.jpg, C:\Users\Owner\Downloads\simulator-windows-64\dataTrack1\IMG\right_2024_11_20_20_19_31_299.jpg, 0, 0.2648624, 0, 27.10637
C:\Users\Owner\Downloads\simulator-windows-64\dataTrack1\IMG\center_2024_11_20_20_19_31_403.jpg, C:\Users\Owner\Downloads\simulator-windows-64\dataTrack1\IMG\left_2024_11_20_20_19_31_403.jpg, C:\Users\Owner\Downloads\simulator-windows-64\dataTrack1\IMG\right_2024_11_20_20_19_31_403.jpg, 0, 0.1683404, 0, 27.21013
C:\Users\Owner\Downloads\simulator-windows-64\dataTrack1\IMG\center_2024_11_20_20_19_31_505.jpg, C:\Users\Owner\Downloads\simulator-windows-64\dataTrack1\IMG\left_2024_11_20_20_19_31_505.jpg, C:\Users\Owner\Downloads\simulator-windows-64\dataTrack1\IMG\right_2024_11_20_20_19_31_505.jpg, 0, 0.0531735, 0, 27.00411
C:\Users\Owner\Downloads\simulator-windows-64\dataTrack1\IMG\center_2024_11_20_20_19_31_612.jpg, C:\Users\Owner\Downloads\simulator-windows-64\dataTrack1\IMG\left_2024_11_20_20_19_31_612.jpg, C:\Users\Owner\Downloads\simulator-windows-64\dataTrack1\IMG\right_2024_11_20_20_19_31_612.jpg, 0, 0.2025585, 0, 27.00336
C:\Users\Owner\Downloads\simulator-windows-64\dataTrack1\IMG\center_2024_11_20_20_19_31_716.jpg, C:\Users\Owner\Downloads\simulator-windows-64\dataTrack1\IMG\left_2024_11_20_20_19_31_716.jpg, C:\Users\Owner\Downloads\simulator-windows-64\dataTrack1\IMG\right_2024_11_20_20_19_31_716.jpg, 0, 0.1089048, 0, 26.82522
C:\Users\Owner\Downloads\simulator-windows-64\dataTrack1\IMG\center_2024_11_20_20_19_31_819.jpg, C:\Users\Owner\Downloads\simulator-windows-64\dataTrack1\IMG\left_2024_11_20_20_19_31_819.jpg, C:\Users\Owner\Downloads\simulator-windows-64\dataTrack1\IMG\right_2024_11_20_20_19_31_819.jpg, 0, 0.2106564, 0, 26.8279
C:\Users\Owner\Downloads\simulator-windows-64\dataTrack1\IMG\center_2024_11_20_20_19_31_921.jpg, C:\Users\Owner\Downloads\simulator-windows-64\dataTrack1\IMG\left_2024_11_20_20_19_31_921.jpg, C:\Users\Owner\Downloads\simulator-windows-64\dataTrack1\IMG\right_2024_11_20_20_19_31_921.jpg, 0, 0, 0, 26.66697
C:\Users\Owner\Downloads\simulator-windows-64\dataTrack1\IMG\center_2024_11_20_20_19_32_027.jpg, C:\Users\Owner\Downloads\simulator-windows-64\dataTrack1\IMG\left_2024_11_20_20_19_32_027.jpg, C:\Users\Owner\Downloads\simulator-windows-64\dataTrack1\IMG\right_2024_11_20_20_19_32_027.jpg, 0, 0, 0, 26.34667
C:\Users\Owner\Downloads\simulator-windows-64\dataTrack1\IMG\center_2024_11_20_20_19_32_132.jpg, C:\Users\Owner\Downloads\simulator-windows-64\dataTrack1\IMG\left_2024_11_20_20_19_32_132.jpg, C:\Users\Owner\Downloads\simulator-windows-64\dataTrack1\IMG\right_2024_11_20_20_19_32_132.jpg, 0, 0, 0, 26.08215
C:\Users\Owner\Downloads\simulator-windows-64\dataTrack1\IMG\center_2024_11_20_20_19_32_233.jpg, C:\Users\Owner\Downloads\simulator-windows-64\dataTrack1\IMG\left_2024_11_20_20_19_32_233.jpg, C:\Users\Owner\Downloads\simulator-windows-64\dataTrack1\IMG\right_2024_11_20_20_19_32_233.jpg, 0, 0, 0, 25.82026
C:\Users\Owner\Downloads\simulator-windows-64\dataTrack1\IMG\center_2024_11_20_20_19_32_337.jpg, C:\Users\Owner\Downloads\simulator-windows-64\dataTrack1\IMG\left_2024_11_20_20_19_32_337.jpg, C:\Users\Owner\Downloads\simulator-windows-64\dataTrack1\IMG\right_2024_11_20_20_19_32_337.jpg, 0, 0, 0, 25.56101
C:\Users\Owner\Downloads\simulator-windows-64\dataTrack1\IMG\center_2024_11_20_20_19_32_442.jpg, C:\Users\Owner\Downloads\simulator-windows-64\dataTrack1\IMG\left_2024_11_20_20_19_32_442.jpg, C:\Users\Owner\Downloads\simulator-windows-64\dataTrack1\IMG\right_2024_11_20_20_19_32_442.jpg, -0.1574487, 0, 0, 25.29493
C:\Users\Owner\Downloads\simulator-windows-64\dataTrack1\IMG\center_2024_11_20_20_19_32_547.jpg, C:\Users\Owner\Downloads\simulator-windows-64\dataTrack1\IMG\left_2024_11_20_20_19_32_547.jpg, C:\Users\Owner\Downloads\simulator-windows-64\dataTrack1\IMG\right_2024_11_20_20_19_32_547.jpg, -0.2700369, 0, 0, 24.89186
C:\Users\Owner\Downloads\simulator-windows-64\dataTrack1\IMG\center_2024_11_20_20_19_32_652.jpg, C:\Users\Owner\Downloads\simulator-windows-64\dataTrack1\IMG\left_2024_11_20_20_19_32_652.jpg, C:\Users\Owner\Downloads\simulator-windows-64\dataTrack1\IMG\right_2024_11_20_20_19_32_652.jpg, 0, 0.052425, 0, 24.63816
C:\Users\Owner\Downloads\simulator-windows-64\dataTrack1\IMG\center_2024_11_20_20_19_32_756.jpg, C:\Users\Owner\Downloads\simulator-windows-64\dataTrack1\IMG\left_2024_11_20_20_19_32_756.jpg, C:\Users\Owner\Downloads\simulator-windows-64\dataTrack1\IMG\right_2024_11_20_20_19_32_756.jpg, 0, 0.2580033, 0, 24.65266
C:\Users\Owner\Downloads\simulator-windows-64\dataTrack1\IMG\center_2024_11_20_20_19_32_860.jpg, C:\Users\Owner\Downloads\simulator-windows-64\dataTrack1\IMG\left_2024_11_20_20_19_32_860.jpg, C:\Users\Owner\Downloads\simulator-windows-64\dataTrack1\IMG\right_2024_11_20_20_19_32_860.jpg, 0, 0, 0, 24.53339
C:\Users\Owner\Downloads\simulator-windows-64\dataTrack1\IMG\center_2024_11_20_20_19_32_964.jpg, C:\Users\Owner\Downloads\simulator-windows-64\dataTrack1\IMG\left_2024_11_20_20_19_32_964.jpg, C:\Users\Owner\Downloads\simulator-windows-64\dataTrack1\IMG\right_2024_11_20_20_19_32_964.jpg, 0, 0.2608248, 0, 24.43942
C:\Users\Owner\Downloads\simulator-windows-64\dataTrack1\IMG\center_2024_11_20_20_19_33_068.jpg, C:\Users\Owner\Downloads\simulator-windows-64\dataTrack1\IMG\left_2024_11_20_20_19_33_068.jpg, C:\Users\Owner\Downloads\simulator-windows-64\dataTrack1\IMG\right_2024_11_20_20_19_33_068.jpg, 0, 0, 0, 24.37372
C:\Users\Owner\Downloads\simulator-windows-64\dataTrack1\IMG\center_2024_11_20_20_19_33_171.jpg, C:\Users\Owner\Downloads\simulator-windows-64\dataTrack1\IMG\left_2024_11_20_20_19_33_171.jpg, C:\Users\Owner\Downloads\simulator-windows-64\dataTrack1\IMG\right_2024_11_20_20_19_33_171.jpg, 0, 0.3113148, 0, 24.32955
C:\Users\Owner\Downloads\simulator-windows-64\dataTrack1\IMG\center_2024_11_20_20_19_33_276.jpg, C:\Users\Owner\Downloads\simulator-windows-64\dataTrack1\IMG\left_2024_11_20_20_19_33_276.jpg, C:\Users\Owner\Downloads\simulator-windows-64\dataTrack1\IMG\right_2024_11_20_20_19_33_276.jpg, 0, 0, 0, 24.28165
C:\Users\Owner\Downloads\simulator-windows-64\dataTrack1\IMG\center_2024_11_20_20_19_33_382.jpg, C:\Users\Owner\Downloads\simulator-windows-64\dataTrack1\IMG\left_2024_11_20_20_19_33_382.jpg, C:\Users\Owner\Downloads\simulator-windows-64\dataTrack1\IMG\right_2024_11_20_20_19_33_382.jpg, 0, 0.3176862, 0, 24.18276
C:\Users\Owner\Downloads\simulator-windows-64\dataTrack1\IMG\center_2024_11_20_20_19_33_488.jpg, C:\Users\Owner\Downloads\simulator-windows-64\dataTrack1\IMG\left_2024_11_20_20_19_33_488.jpg, C:\Users\Owner\Downloads\simulator-windows-64\dataTrack1\IMG\right_2024_11_20_20_19_33_488.jpg, 0, 0.0008822978, 0, 24.13317
C:\Users\Owner\Downloads\simulator-windows-64\dataTrack1\IMG\center_2024_11_20_20_19_33_596.jpg, C:\Users\Owner\Downloads\simulator-windows-64\dataTrack1\IMG\left_2024_11_20_20_19_33_596.jpg, C:\Users\Owner\Downloads\simulator-windows-64\dataTrack1\IMG\right_2024_11_20_20_19_33_596.jpg, 0, 0.3239766, 0, 24.0894
C:\Users\Owner\Downloads\simulator-windows-64\dataTrack1\IMG\center_2024_11_20_20_19_33_701.jpg, C:\Users\Owner\Downloads\simulator-windows-64\dataTrack1\IMG\left_2024_11_20_20_19_33_701.jpg, C:\Users\Owner\Downloads\simulator-windows-64\dataTrack1\IMG\right_2024_11_20_20_19_33_701.jpg, 0, 0.1879887, 0, 24.25446
C:\Users\Owner\Downloads\simulator-windows-64\dataTrack1\IMG\center_2024_11_20_20_19_33_807.jpg, C:\Users\Owner\Downloads\simulator-windows-64\dataTrack1\IMG\left_2024_11_20_20_19_33_807.jpg, C:\Users\Owner\Downloads\simulator-windows-64\dataTrack1\IMG\right_2024_11_20_20_19_33_807.jpg, 0, 0.3932424, 0, 24.46442
C:\Users\Owner\Downloads\simulator-windows-64\dataTrack1\IMG\center_2024_11_20_20_19_33_911.jpg, C:\Users\Owner\Downloads\simulator-windows-64\dataTrack1\IMG\left_2024_11_20_20_19_33_911.jpg, C:\Users\Owner\Downloads\simulator-windows-64\dataTrack1\IMG\right_2024_11_20_20_19_33_911.jpg, 0, 0.08117613, 0, 24.48591
C:\Users\Owner\Downloads\simulator-windows-64\dataTrack1\IMG\center_2024_11_20_20_19_34_016.jpg, C:\Users\Owner\Downloads\simulator-windows-64\dataTrack1\IMG\left_2024_11_20_20_19_34_016.jpg, C:\Users\Owner\Downloads\simulator-windows-64\dataTrack1\IMG\right_2024_11_20_20_19_34_016.jpg, 0, 0.3955623, 0, 24.52098
C:\Users\Owner\Downloads\simulator-windows-64\dataTrack1\IMG\center_2024_11_20_20_19_34_120.jpg, C:\Users\Owner\Downloads\simulator-windows-64\dataTrack1\IMG\left_2024_11_20_20_19_34_120.jpg, C:\Users\Owner\Downloads\simulator-windows-64\dataTrack1\IMG\right_2024_11_20_20_19_34_120.jpg, 0, 0.08284082, 0, 24.60593
C:\Users\Owner\Downloads\simulator-windows-64\dataTrack1\IMG\center_2024_11_20_20_19_34_226.jpg, C:\Users\Owner\Downloads\simulator-windows-64\dataTrack1\IMG\left_2024_11_20_20_19_34_226.jpg, C:\Users\Owner\Downloads\simulator-windows-64\dataTrack1\IMG\right_2024_11_20_20_19_34_226.jpg, 0, 0.150615, 0, 24.40557
C:\Users\Owner\Downloads\simulator-windows-64\dataTrack1\IMG\center_2024_11_20_20_19_34_331.jpg, C:\Users\Owner\Downloads\simulator-windows-64\dataTrack1\IMG\left_2024_11_20_20_19_34_331.jpg, C:\Users\Owner\Downloads\simulator-windows-64\dataTrack1\IMG\right_2024_11_20_20_19_34_331.jpg, 0, 0, 0, 24.20632
C:\Users\Owner\Downloads\simulator-windows-64\dataTrack1\IMG\center_2024_11_20_20_19_34_436.jpg, C:\Users\Owner\Downloads\simulator-windows-64\dataTrack1\IMG\left_2024_11_20_20_19_34_436.jpg, C:\Users\Owner\Downloads\simulator-windows-64\dataTrack1\IMG\right_2024_11_20_20_19_34_436.jpg, 0, 0.2067201, 0, 24.04029
C:\Users\Owner\Downloads\simulator-windows-64\dataTrack1\IMG\center_2024_11_20_20_19_34_541.jpg, C:\Users\Owner\Downloads\simulator-windows-64\dataTrack1\IMG\left_2024_11_20_20_19_34_541.jpg, C:\Users\Owner\Downloads\simulator-windows-64\dataTrack1\IMG\right_2024_11_20_20_19_34_541.jpg, 0, 0, 0, 23.90532
C:\Users\Owner\Downloads\simulator-windows-64\dataTrack1\IMG\center_2024_11_20_20_19_34_646.jpg, C:\Users\Owner\Downloads\simulator-windows-64\dataTrack1\IMG\left_2024_11_20_20_19_34_646.jpg, C:\Users\Owner\Downloads\simulator-windows-64\dataTrack1\IMG\right_2024_11_20_20_19_34_646.jpg, 0, 0.1041165, 0, 23.68085
C:\Users\Owner\Downloads\simulator-windows-64\dataTrack1\IMG\center_2024_11_20_20_19_34_751.jpg, C:\Users\Owner\Downloads\simulator-windows-64\dataTrack1\IMG\left_2024_11_20_20_19_34_751.jpg, C:\Users\Owner\Downloads\simulator-windows-64\dataTrack1\IMG\right_2024_11_20_20_19_34_751.jpg, 0, 0.06609118, 0, 23.66785
C:\Users\Owner\Downloads\simulator-windows-64\dataTrack1\IMG\center_2024_11_20_20_19_34_857.jpg, C:\Users\Owner\Downloads\simulator-windows-64\dataTrack1\IMG\left_2024_11_20_20_19_34_857.jpg, C:\Users\Owner\Downloads\simulator-windows-64\dataTrack1\IMG\right_2024_11_20_20_19_34_857.jpg, 0, 0.1580133, 0, 23.4815
C:\Users\Owner\Downloads\simulator-windows-64\dataTrack1\IMG\center_2024_11_20_20_19_34_961.jpg, C:\Users\Owner\Downloads\simulator-windows-64\dataTrack1\IMG\left_2024_11_20_20_19_34_961.jpg, C:\Users\Owner\Downloads\simulator-windows-64\dataTrack1\IMG\right_2024_11_20_20_19_34_961.jpg, 0, 0.2574591, 0, 23.57236
C:\Users\Owner\Downloads\simulator-windows-64\dataTrack1\IMG\center_2024_11_20_20_19_35_064.jpg, C:\Users\Owner\Downloads\simulator-windows-64\dataTrack1\IMG\left_2024_11_20_20_19_35_064.jpg, C:\Users\Owner\Downloads\simulator-windows-64\dataTrack1\IMG\right_2024_11_20_20_19_35_064.jpg, 0, 0, 0, 23.49776
C:\Users\Owner\Downloads\simulator-windows-64\dataTrack1\IMG\center_2024_11_20_20_19_35_170.jpg, C:\Users\Owner\Downloads\simulator-windows-64\dataTrack1\IMG\left_2024_11_20_20_19_35_170.jpg, C:\Users\Owner\Downloads\simulator-windows-64\dataTrack1\IMG\right_2024_11_20_20_19_35_170.jpg, 0, 0.3641379, 0, 23.49942
C:\Users\Owner\Downloads\simulator-windows-64\dataTrack1\IMG\center_2024_11_20_20_19_35_271.jpg, C:\Users\Owner\Downloads\simulator-windows-64\dataTrack1\IMG\left_2024_11_20_20_19_35_271.jpg, C:\Users\Owner\Downloads\simulator-windows-64\dataTrack1\IMG\right_2024_11_20_20_19_35_271.jpg, 0, 0.06113821, 0, 23.50128
C:\Users\Owner\Downloads\simulator-windows-64\dataTrack1\IMG\center_2024_11_20_20_19_35_376.jpg, C:\Users\Owner\Downloads\simulator-windows-64\dataTrack1\IMG\left_2024_11_20_20_19_35_376.jpg, C:\Users\Owner\Downloads\simulator-windows-64\dataTrack1\IMG\right_2024_11_20_20_19_35_376.jpg, 0, 0.3739746, 0, 23.53859
C:\Users\Owner\Downloads\simulator-windows-64\dataTrack1\IMG\center_2024_11_20_20_19_35_486.jpg, C:\Users\Owner\Downloads\simulator-windows-64\dataTrack1\IMG\left_2024_11_20_20_19_35_486.jpg, C:\Users\Owner\Downloads\simulator-windows-64\dataTrack1\IMG\right_2024_11_20_20_19_35_486.jpg, 0, 0.3078318, 0, 23.8159
C:\Users\Owner\Downloads\simulator-windows-64\dataTrack1\IMG\center_2024_11_20_20_19_35_589.jpg, C:\Users\Owner\Downloads\simulator-windows-64\dataTrack1\IMG\left_2024_11_20_20_19_35_589.jpg, C:\Users\Owner\Downloads\simulator-windows-64\dataTrack1\IMG\right_2024_11_20_20_19_35_589.jpg, 0, 0.5629103, 0, 24.12921
C:\Users\Owner\Downloads\simulator-windows-64\dataTrack1\IMG\center_2024_11_20_20_19_35_693.jpg, C:\Users\Owner\Downloads\simulator-windows-64\dataTrack1\IMG\left_2024_11_20_20_19_35_693.jpg, C:\Users\Owner\Downloads\simulator-windows-64\dataTrack1\IMG\right_2024_11_20_20_19_35_693.jpg, 0, 0.5632136, 0, 24.66402
C:\Users\Owner\Downloads\simulator-windows-64\dataTrack1\IMG\center_2024_11_20_20_19_35_799.jpg, C:\Users\Owner\Downloads\simulator-windows-64\dataTrack1\IMG\left_2024_11_20_20_19_35_799.jpg, C:\Users\Owner\Downloads\simulator-windows-64\dataTrack1\IMG\right_2024_11_20_20_19_35_799.jpg, 0, 0.8836092, 0, 25.27619
C:\Users\Owner\Downloads\simulator-windows-64\dataTrack1\IMG\center_2024_11_20_20_19_35_903.jpg, C:\Users\Owner\Downloads\simulator-windows-64\dataTrack1\IMG\left_2024_11_20_20_19_35_903.jpg, C:\Users\Owner\Downloads\simulator-windows-64\dataTrack1\IMG\right_2024_11_20_20_19_35_903.jpg, 0, 0.8966131, 0, 26.20004
C:\Users\Owner\Downloads\simulator-windows-64\dataTrack1\IMG\center_2024_11_20_20_19_36_006.jpg, C:\Users\Owner\Downloads\simulator-windows-64\dataTrack1\IMG\left_2024_11_20_20_19_36_006.jpg, C:\Users\Owner\Downloads\simulator-windows-64\dataTrack1\IMG\right_2024_11_20_20_19_36_006.jpg, 0, 0.8479987, 0, 26.9071
C:\Users\Owner\Downloads\simulator-windows-64\dataTrack1\IMG\center_2024_11_20_20_19_36_110.jpg, C:\Users\Owner\Downloads\simulator-windows-64\dataTrack1\IMG\left_2024_11_20_20_19_36_110.jpg, C:\Users\Owner\Downloads\simulator-windows-64\dataTrack1\IMG\right_2024_11_20_20_19_36_110.jpg, 0, 1, 0, 27.99711
C:\Users\Owner\Downloads\simulator-windows-64\dataTrack1\IMG\center_2024_11_20_20_19_36_213.jpg, C:\Users\Owner\Downloads\simulator-windows-64\dataTrack1\IMG\left_2024_11_20_20_19_36_213.jpg, C:\Users\Owner\Downloads\simulator-windows-64\dataTrack1\IMG\right_2024_11_20_20_19_36_213.jpg, -0.1525029, 0.6905636, 0, 28.72115
C:\Users\Owner\Downloads\simulator-windows-64\dataTrack1\IMG\center_2024_11_20_20_19_36_316.jpg, C:\Users\Owner\Downloads\simulator-windows-64\dataTrack1\IMG\left_2024_11_20_20_19_36_316.jpg, C:\Users\Owner\Downloads\simulator-windows-64\dataTrack1\IMG\right_2024_11_20_20_19_36_316.jpg, -0.05468459, 0.3817787, 0, 29.05382
C:\Users\Owner\Downloads\simulator-windows-64\dataTrack1\IMG\center_2024_11_20_20_19_36_420.jpg, C:\Users\Owner\Downloads\simulator-windows-64\dataTrack1\IMG\left_2024_11_20_20_19_36_420.jpg, C:\Users\Owner\Downloads\simulator-windows-64\dataTrack1\IMG\right_2024_11_20_20_19_36_420.jpg, 0, 0.06780169, 0, 29.05058
C:\Users\Owner\Downloads\simulator-windows-64\dataTrack1\IMG\center_2024_11_20_20_19_36_524.jpg, C:\Users\Owner\Downloads\simulator-windows-64\dataTrack1\IMG\left_2024_11_20_20_19_36_524.jpg, C:\Users\Owner\Downloads\simulator-windows-64\dataTrack1\IMG\right_2024_11_20_20_19_36_524.jpg, 0, 0, 0, 28.76896
C:\Users\Owner\Downloads\simulator-windows-64\dataTrack1\IMG\center_2024_11_20_20_19_36_629.jpg, C:\Users\Owner\Downloads\simulator-windows-64\dataTrack1\IMG\left_2024_11_20_20_19_36_629.jpg, C:\Users\Owner\Downloads\simulator-windows-64\dataTrack1\IMG\right_2024_11_20_20_19_36_629.jpg, -0.05829631, 0, 0, 28.39809
C:\Users\Owner\Downloads\simulator-windows-64\dataTrack1\IMG\center_2024_11_20_20_19_36_735.jpg, C:\Users\Owner\Downloads\simulator-windows-64\dataTrack1\IMG\left_2024_11_20_20_19_36_735.jpg, C:\Users\Owner\Downloads\simulator-windows-64\dataTrack1\IMG\right_2024_11_20_20_19_36_735.jpg, 0, 0.1543131, 0, 28.15677
C:\Users\Owner\Downloads\simulator-windows-64\dataTrack1\IMG\center_2024_11_20_20_19_36_838.jpg, C:\Users\Owner\Downloads\simulator-windows-64\dataTrack1\IMG\left_2024_11_20_20_19_36_838.jpg, C:\Users\Owner\Downloads\simulator-windows-64\dataTrack1\IMG\right_2024_11_20_20_19_36_838.jpg, 0, 0.3653577, 0, 28.24238
C:\Users\Owner\Downloads\simulator-windows-64\dataTrack1\IMG\center_2024_11_20_20_19_36_941.jpg, C:\Users\Owner\Downloads\simulator-windows-64\dataTrack1\IMG\left_2024_11_20_20_19_36_941.jpg, C:\Users\Owner\Downloads\simulator-windows-64\dataTrack1\IMG\right_2024_11_20_20_19_36_941.jpg, 0, 0.05574513, 0, 28.23304
C:\Users\Owner\Downloads\simulator-windows-64\dataTrack1\IMG\center_2024_11_20_20_19_37_046.jpg, C:\Users\Owner\Downloads\simulator-windows-64\dataTrack1\IMG\left_2024_11_20_20_19_37_046.jpg, C:\Users\Owner\Downloads\simulator-windows-64\dataTrack1\IMG\right_2024_11_20_20_19_37_046.jpg, 0, 0.1597305, 0, 28.0055
C:\Users\Owner\Downloads\simulator-windows-64\dataTrack1\IMG\center_2024_11_20_20_19_37_150.jpg, C:\Users\Owner\Downloads\simulator-windows-64\dataTrack1\IMG\left_2024_11_20_20_19_37_150.jpg, C:\Users\Owner\Downloads\simulator-windows-64\dataTrack1\IMG\right_2024_11_20_20_19_37_150.jpg, 0, 0.110898, 0, 28.00716
C:\Users\Owner\Downloads\simulator-windows-64\dataTrack1\IMG\center_2024_11_20_20_19_37_252.jpg, C:\Users\Owner\Downloads\simulator-windows-64\dataTrack1\IMG\left_2024_11_20_20_19_37_252.jpg, C:\Users\Owner\Downloads\simulator-windows-64\dataTrack1\IMG\right_2024_11_20_20_19_37_252.jpg, 0, 0.1504464, 0, 27.79412
C:\Users\Owner\Downloads\simulator-windows-64\dataTrack1\IMG\center_2024_11_20_20_19_37_357.jpg, C:\Users\Owner\Downloads\simulator-windows-64\dataTrack1\IMG\left_2024_11_20_20_19_37_357.jpg, C:\Users\Owner\Downloads\simulator-windows-64\dataTrack1\IMG\right_2024_11_20_20_19_37_357.jpg, 0, 0.05293199, 0, 27.73503
C:\Users\Owner\Downloads\simulator-windows-64\dataTrack1\IMG\center_2024_11_20_20_19_37_463.jpg, C:\Users\Owner\Downloads\simulator-windows-64\dataTrack1\IMG\left_2024_11_20_20_19_37_463.jpg, C:\Users\Owner\Downloads\simulator-windows-64\dataTrack1\IMG\right_2024_11_20_20_19_37_463.jpg, 0, 0.0536511, 0, 27.46237
C:\Users\Owner\Downloads\simulator-windows-64\dataTrack1\IMG\center_2024_11_20_20_19_37_565.jpg, C:\Users\Owner\Downloads\simulator-windows-64\dataTrack1\IMG\left_2024_11_20_20_19_37_565.jpg, C:\Users\Owner\Downloads\simulator-windows-64\dataTrack1\IMG\right_2024_11_20_20_19_37_565.jpg, 0, 0.3101049, 0, 27.39837
C:\Users\Owner\Downloads\simulator-windows-64\dataTrack1\IMG\center_2024_11_20_20_19_37_671.jpg, C:\Users\Owner\Downloads\simulator-windows-64\dataTrack1\IMG\left_2024_11_20_20_19_37_671.jpg, C:\Users\Owner\Downloads\simulator-windows-64\dataTrack1\IMG\right_2024_11_20_20_19_37_671.jpg, 0, 0.0541293, 0, 27.23824
C:\Users\Owner\Downloads\simulator-windows-64\dataTrack1\IMG\center_2024_11_20_20_19_37_773.jpg, C:\Users\Owner\Downloads\simulator-windows-64\dataTrack1\IMG\left_2024_11_20_20_19_37_773.jpg, C:\Users\Owner\Downloads\simulator-windows-64\dataTrack1\IMG\right_2024_11_20_20_19_37_773.jpg, 0, 0.3601395, 0, 27.22506
C:\Users\Owner\Downloads\simulator-windows-64\dataTrack1\IMG\center_2024_11_20_20_19_37_881.jpg, C:\Users\Owner\Downloads\simulator-windows-64\dataTrack1\IMG\left_2024_11_20_20_19_37_881.jpg, C:\Users\Owner\Downloads\simulator-windows-64\dataTrack1\IMG\right_2024_11_20_20_19_37_881.jpg, 0, 0.1431027, 0, 27.20968
C:\Users\Owner\Downloads\simulator-windows-64\dataTrack1\IMG\center_2024_11_20_20_19_37_987.jpg, C:\Users\Owner\Downloads\simulator-windows-64\dataTrack1\IMG\left_2024_11_20_20_19_37_987.jpg, C:\Users\Owner\Downloads\simulator-windows-64\dataTrack1\IMG\right_2024_11_20_20_19_37_987.jpg, 0, 0.3612366, 0, 27.32281
C:\Users\Owner\Downloads\simulator-windows-64\dataTrack1\IMG\center_2024_11_20_20_19_38_090.jpg, C:\Users\Owner\Downloads\simulator-windows-64\dataTrack1\IMG\left_2024_11_20_20_19_38_090.jpg, C:\Users\Owner\Downloads\simulator-windows-64\dataTrack1\IMG\right_2024_11_20_20_19_38_090.jpg, 0, 0.1552669, 0, 27.28707
C:\Users\Owner\Downloads\simulator-windows-64\dataTrack1\IMG\center_2024_11_20_20_19_38_192.jpg, C:\Users\Owner\Downloads\simulator-windows-64\dataTrack1\IMG\left_2024_11_20_20_19_38_192.jpg, C:\Users\Owner\Downloads\simulator-windows-64\dataTrack1\IMG\right_2024_11_20_20_19_38_192.jpg, 0, 0.4610133, 0, 27.39908
C:\Users\Owner\Downloads\simulator-windows-64\dataTrack1\IMG\center_2024_11_20_20_19_38_298.jpg, C:\Users\Owner\Downloads\simulator-windows-64\dataTrack1\IMG\left_2024_11_20_20_19_38_298.jpg, C:\Users\Owner\Downloads\simulator-windows-64\dataTrack1\IMG\right_2024_11_20_20_19_38_298.jpg, 0, 0.2576535, 0, 27.5015
C:\Users\Owner\Downloads\simulator-windows-64\dataTrack1\IMG\center_2024_11_20_20_19_38_399.jpg, C:\Users\Owner\Downloads\simulator-windows-64\dataTrack1\IMG\left_2024_11_20_20_19_38_399.jpg, C:\Users\Owner\Downloads\simulator-windows-64\dataTrack1\IMG\right_2024_11_20_20_19_38_399.jpg, 0, 0.560181, 0, 27.70891
C:\Users\Owner\Downloads\simulator-windows-64\dataTrack1\IMG\center_2024_11_20_20_19_38_504.jpg, C:\Users\Owner\Downloads\simulator-windows-64\dataTrack1\IMG\left_2024_11_20_20_19_38_504.jpg, C:\Users\Owner\Downloads\simulator-windows-64\dataTrack1\IMG\right_2024_11_20_20_19_38_504.jpg, 0, 0.2451435, 0, 27.95543
C:\Users\Owner\Downloads\simulator-windows-64\dataTrack1\IMG\center_2024_11_20_20_19_38_609.jpg, C:\Users\Owner\Downloads\simulator-windows-64\dataTrack1\IMG\left_2024_11_20_20_19_38_609.jpg, C:\Users\Owner\Downloads\simulator-windows-64\dataTrack1\IMG\right_2024_11_20_20_19_38_609.jpg, 0, 0.5603603, 0, 28.19005
C:\Users\Owner\Downloads\simulator-windows-64\dataTrack1\IMG\center_2024_11_20_20_19_38_716.jpg, C:\Users\Owner\Downloads\simulator-windows-64\dataTrack1\IMG\left_2024_11_20_20_19_38_716.jpg, C:\Users\Owner\Downloads\simulator-windows-64\dataTrack1\IMG\right_2024_11_20_20_19_38_716.jpg, 0, 0.4749548, 0, 28.63087
C:\Users\Owner\Downloads\simulator-windows-64\dataTrack1\IMG\center_2024_11_20_20_19_38_821.jpg, C:\Users\Owner\Downloads\simulator-windows-64\dataTrack1\IMG\left_2024_11_20_20_19_38_821.jpg, C:\Users\Owner\Downloads\simulator-windows-64\dataTrack1\IMG\right_2024_11_20_20_19_38_821.jpg, 0, 0.4740911, 0, 28.81856
C:\Users\Owner\Downloads\simulator-windows-64\dataTrack1\IMG\center_2024_11_20_20_19_38_923.jpg, C:\Users\Owner\Downloads\simulator-windows-64\dataTrack1\IMG\left_2024_11_20_20_19_38_923.jpg, C:\Users\Owner\Downloads\simulator-windows-64\dataTrack1\IMG\right_2024_11_20_20_19_38_923.jpg, -0.1495644, 0.4830466, 0, 29.20723
C:\Users\Owner\Downloads\simulator-windows-64\dataTrack1\IMG\center_2024_11_20_20_19_39_028.jpg, C:\Users\Owner\Downloads\simulator-windows-64\dataTrack1\IMG\left_2024_11_20_20_19_39_028.jpg, C:\Users\Owner\Downloads\simulator-windows-64\dataTrack1\IMG\right_2024_11_20_20_19_39_028.jpg, -0.3484206, 0.169669, 0, 29.20937
C:\Users\Owner\Downloads\simulator-windows-64\dataTrack1\IMG\center_2024_11_20_20_19_39_133.jpg, C:\Users\Owner\Downloads\simulator-windows-64\dataTrack1\IMG\left_2024_11_20_20_19_39_133.jpg, C:\Users\Owner\Downloads\simulator-windows-64\dataTrack1\IMG\right_2024_11_20_20_19_39_133.jpg, -0.03349204, 0, 0, 28.96242
C:\Users\Owner\Downloads\simulator-windows-64\dataTrack1\IMG\center_2024_11_20_20_19_39_237.jpg, C:\Users\Owner\Downloads\simulator-windows-64\dataTrack1\IMG\left_2024_11_20_20_19_39_237.jpg, C:\Users\Owner\Downloads\simulator-windows-64\dataTrack1\IMG\right_2024_11_20_20_19_39_237.jpg, 0, 0.205239, 0, 28.73656
C:\Users\Owner\Downloads\simulator-windows-64\dataTrack1\IMG\center_2024_11_20_20_19_39_340.jpg, C:\Users\Owner\Downloads\simulator-windows-64\dataTrack1\IMG\left_2024_11_20_20_19_39_340.jpg, C:\Users\Owner\Downloads\simulator-windows-64\dataTrack1\IMG\right_2024_11_20_20_19_39_340.jpg, 0, 0.1151382, 0, 28.74624
C:\Users\Owner\Downloads\simulator-windows-64\dataTrack1\IMG\center_2024_11_20_20_19_39_454.jpg, C:\Users\Owner\Downloads\simulator-windows-64\dataTrack1\IMG\left_2024_11_20_20_19_39_454.jpg, C:\Users\Owner\Downloads\simulator-windows-64\dataTrack1\IMG\right_2024_11_20_20_19_39_454.jpg, 0, 0.18225, 0, 28.47911
C:\Users\Owner\Downloads\simulator-windows-64\dataTrack1\IMG\center_2024_11_20_20_19_39_568.jpg, C:\Users\Owner\Downloads\simulator-windows-64\dataTrack1\IMG\left_2024_11_20_20_19_39_568.jpg, C:\Users\Owner\Downloads\simulator-windows-64\dataTrack1\IMG\right_2024_11_20_20_19_39_568.jpg, 0, 0.1150872, 0, 28.47726
C:\Users\Owner\Downloads\simulator-windows-64\dataTrack1\IMG\center_2024_11_20_20_19_39_675.jpg, C:\Users\Owner\Downloads\simulator-windows-64\dataTrack1\IMG\left_2024_11_20_20_19_39_675.jpg, C:\Users\Owner\Downloads\simulator-windows-64\dataTrack1\IMG\right_2024_11_20_20_19_39_675.jpg, 0, 0.2109846, 0, 28.30708
C:\Users\Owner\Downloads\simulator-windows-64\dataTrack1\IMG\center_2024_11_20_20_19_39_780.jpg, C:\Users\Owner\Downloads\simulator-windows-64\dataTrack1\IMG\left_2024_11_20_20_19_39_780.jpg, C:\Users\Owner\Downloads\simulator-windows-64\dataTrack1\IMG\right_2024_11_20_20_19_39_780.jpg, 0, 0, 0, 28.12347
C:\Users\Owner\Downloads\simulator-windows-64\dataTrack1\IMG\center_2024_11_20_20_19_39_884.jpg, C:\Users\Owner\Downloads\simulator-windows-64\dataTrack1\IMG\left_2024_11_20_20_19_39_884.jpg, C:\Users\Owner\Downloads\simulator-windows-64\dataTrack1\IMG\right_2024_11_20_20_19_39_884.jpg, 0, 0.1495668, 0, 27.8852
C:\Users\Owner\Downloads\simulator-windows-64\dataTrack1\IMG\center_2024_11_20_20_19_39_989.jpg, C:\Users\Owner\Downloads\simulator-windows-64\dataTrack1\IMG\left_2024_11_20_20_19_39_989.jpg, C:\Users\Owner\Downloads\simulator-windows-64\dataTrack1\IMG\right_2024_11_20_20_19_39_989.jpg, 0, 0, 0, 27.64527
C:\Users\Owner\Downloads\simulator-windows-64\dataTrack1\IMG\center_2024_11_20_20_19_40_092.jpg, C:\Users\Owner\Downloads\simulator-windows-64\dataTrack1\IMG\left_2024_11_20_20_19_40_092.jpg, C:\Users\Owner\Downloads\simulator-windows-64\dataTrack1\IMG\right_2024_11_20_20_19_40_092.jpg, 0, 0.1999029, 0, 27.45096
C:\Users\Owner\Downloads\simulator-windows-64\dataTrack1\IMG\center_2024_11_20_20_19_40_199.jpg, C:\Users\Owner\Downloads\simulator-windows-64\dataTrack1\IMG\left_2024_11_20_20_19_40_199.jpg, C:\Users\Owner\Downloads\simulator-windows-64\dataTrack1\IMG\right_2024_11_20_20_19_40_199.jpg, 0, 0.2112684, 0, 27.52411
C:\Users\Owner\Downloads\simulator-windows-64\dataTrack1\IMG\center_2024_11_20_20_19_40_301.jpg, C:\Users\Owner\Downloads\simulator-windows-64\dataTrack1\IMG\left_2024_11_20_20_19_40_301.jpg, C:\Users\Owner\Downloads\simulator-windows-64\dataTrack1\IMG\right_2024_11_20_20_19_40_301.jpg, 0, 0, 0, 27.35913
C:\Users\Owner\Downloads\simulator-windows-64\dataTrack1\IMG\center_2024_11_20_20_19_40_406.jpg, C:\Users\Owner\Downloads\simulator-windows-64\dataTrack1\IMG\left_2024_11_20_20_19_40_406.jpg, C:\Users\Owner\Downloads\simulator-windows-64\dataTrack1\IMG\right_2024_11_20_20_19_40_406.jpg, 0, 0.2626749, 0, 27.23909
C:\Users\Owner\Downloads\simulator-windows-64\dataTrack1\IMG\center_2024_11_20_20_19_40_510.jpg, C:\Users\Owner\Downloads\simulator-windows-64\dataTrack1\IMG\left_2024_11_20_20_19_40_510.jpg, C:\Users\Owner\Downloads\simulator-windows-64\dataTrack1\IMG\right_2024_11_20_20_19_40_510.jpg, 0, 0, 0, 27.03117
C:\Users\Owner\Downloads\simulator-windows-64\dataTrack1\IMG\center_2024_11_20_20_19_40_615.jpg, C:\Users\Owner\Downloads\simulator-windows-64\dataTrack1\IMG\left_2024_11_20_20_19_40_615.jpg, C:\Users\Owner\Downloads\simulator-windows-64\dataTrack1\IMG\right_2024_11_20_20_19_40_615.jpg, 0, 0.2288973, 0, 26.86571
C:\Users\Owner\Downloads\simulator-windows-64\dataTrack1\IMG\center_2024_11_20_20_19_40_719.jpg, C:\Users\Owner\Downloads\simulator-windows-64\dataTrack1\IMG\left_2024_11_20_20_19_40_719.jpg, C:\Users\Owner\Downloads\simulator-windows-64\dataTrack1\IMG\right_2024_11_20_20_19_40_719.jpg, 0, 0.1369443, 0, 26.92196
C:\Users\Owner\Downloads\simulator-windows-64\dataTrack1\IMG\center_2024_11_20_20_19_40_825.jpg, C:\Users\Owner\Downloads\simulator-windows-64\dataTrack1\IMG\left_2024_11_20_20_19_40_825.jpg, C:\Users\Owner\Downloads\simulator-windows-64\dataTrack1\IMG\right_2024_11_20_20_19_40_825.jpg, 0, 0, 0, 26.69734
C:\Users\Owner\Downloads\simulator-windows-64\dataTrack1\IMG\center_2024_11_20_20_19_40_927.jpg, C:\Users\Owner\Downloads\simulator-windows-64\dataTrack1\IMG\left_2024_11_20_20_19_40_927.jpg, C:\Users\Owner\Downloads\simulator-windows-64\dataTrack1\IMG\right_2024_11_20_20_19_40_927.jpg, 0, 0.1556046, 0, 26.42143
C:\Users\Owner\Downloads\simulator-windows-64\dataTrack1\IMG\center_2024_11_20_20_19_41_034.jpg, C:\Users\Owner\Downloads\simulator-windows-64\dataTrack1\IMG\left_2024_11_20_20_19_41_034.jpg, C:\Users\Owner\Downloads\simulator-windows-64\dataTrack1\IMG\right_2024_11_20_20_19_41_034.jpg, 0, 0.161019, 0, 26.45478
C:\Users\Owner\Downloads\simulator-windows-64\dataTrack1\IMG\center_2024_11_20_20_19_41_139.jpg, C:\Users\Owner\Downloads\simulator-windows-64\dataTrack1\IMG\left_2024_11_20_20_19_41_139.jpg, C:\Users\Owner\Downloads\simulator-windows-64\dataTrack1\IMG\right_2024_11_20_20_19_41_139.jpg, 0, 0, 0, 26.24318
C:\Users\Owner\Downloads\simulator-windows-64\dataTrack1\IMG\center_2024_11_20_20_19_41_242.jpg, C:\Users\Owner\Downloads\simulator-windows-64\dataTrack1\IMG\left_2024_11_20_20_19_41_242.jpg, C:\Users\Owner\Downloads\simulator-windows-64\dataTrack1\IMG\right_2024_11_20_20_19_41_242.jpg, 0, 0.2033073, 0, 26.12597
C:\Users\Owner\Downloads\simulator-windows-64\dataTrack1\IMG\center_2024_11_20_20_19_41_344.jpg, C:\Users\Owner\Downloads\simulator-windows-64\dataTrack1\IMG\left_2024_11_20_20_19_41_344.jpg, C:\Users\Owner\Downloads\simulator-windows-64\dataTrack1\IMG\right_2024_11_20_20_19_41_344.jpg, 0, 0, 0, 25.96642
C:\Users\Owner\Downloads\simulator-windows-64\dataTrack1\IMG\center_2024_11_20_20_19_41_451.jpg, C:\Users\Owner\Downloads\simulator-windows-64\dataTrack1\IMG\left_2024_11_20_20_19_41_451.jpg, C:\Users\Owner\Downloads\simulator-windows-64\dataTrack1\IMG\right_2024_11_20_20_19_41_451.jpg, 0, 0.3207759, 0, 25.88511
C:\Users\Owner\Downloads\simulator-windows-64\dataTrack1\IMG\center_2024_11_20_20_19_41_555.jpg, C:\Users\Owner\Downloads\simulator-windows-64\dataTrack1\IMG\left_2024_11_20_20_19_41_555.jpg, C:\Users\Owner\Downloads\simulator-windows-64\dataTrack1\IMG\right_2024_11_20_20_19_41_555.jpg, 0, 0.007619679, 0, 25.815
C:\Users\Owner\Downloads\simulator-windows-64\dataTrack1\IMG\center_2024_11_20_20_19_41_658.jpg, C:\Users\Owner\Downloads\simulator-windows-64\dataTrack1\IMG\left_2024_11_20_20_19_41_658.jpg, C:\Users\Owner\Downloads\simulator-windows-64\dataTrack1\IMG\right_2024_11_20_20_19_41_658.jpg, 0, 0.2247795, 0, 25.63877
C:\Users\Owner\Downloads\simulator-windows-64\dataTrack1\IMG\center_2024_11_20_20_19_41_760.jpg, C:\Users\Owner\Downloads\simulator-windows-64\dataTrack1\IMG\left_2024_11_20_20_19_41_760.jpg, C:\Users\Owner\Downloads\simulator-windows-64\dataTrack1\IMG\right_2024_11_20_20_19_41_760.jpg, 0, 0.1209516, 0, 25.68851
C:\Users\Owner\Downloads\simulator-windows-64\dataTrack1\IMG\center_2024_11_20_20_19_41_865.jpg, C:\Users\Owner\Downloads\simulator-windows-64\dataTrack1\IMG\left_2024_11_20_20_19_41_865.jpg, C:\Users\Owner\Downloads\simulator-windows-64\dataTrack1\IMG\right_2024_11_20_20_19_41_865.jpg, 0, 0.171933, 0, 25.52279
C:\Users\Owner\Downloads\simulator-windows-64\dataTrack1\IMG\center_2024_11_20_20_19_41_969.jpg, C:\Users\Owner\Downloads\simulator-windows-64\dataTrack1\IMG\left_2024_11_20_20_19_41_969.jpg, C:\Users\Owner\Downloads\simulator-windows-64\dataTrack1\IMG\right_2024_11_20_20_19_41_969.jpg, 0, 0.2220069, 0, 25.65975
C:\Users\Owner\Downloads\simulator-windows-64\dataTrack1\IMG\center_2024_11_20_20_19_42_074.jpg, C:\Users\Owner\Downloads\simulator-windows-64\dataTrack1\IMG\left_2024_11_20_20_19_42_074.jpg, C:\Users\Owner\Downloads\simulator-windows-64\dataTrack1\IMG\right_2024_11_20_20_19_42_074.jpg, 0, 0.1145268, 0, 25.50302
C:\Users\Owner\Downloads\simulator-windows-64\dataTrack1\IMG\center_2024_11_20_20_19_42_177.jpg, C:\Users\Owner\Downloads\simulator-windows-64\dataTrack1\IMG\left_2024_11_20_20_19_42_177.jpg, C:\Users\Owner\Downloads\simulator-windows-64\dataTrack1\IMG\right_2024_11_20_20_19_42_177.jpg, 0, 0.1232316, 0, 25.48342
C:\Users\Owner\Downloads\simulator-windows-64\dataTrack1\IMG\center_2024_11_20_20_19_42_282.jpg, C:\Users\Owner\Downloads\simulator-windows-64\dataTrack1\IMG\left_2024_11_20_20_19_42_282.jpg, C:\Users\Owner\Downloads\simulator-windows-64\dataTrack1\IMG\right_2024_11_20_20_19_42_282.jpg, 0, 0.1037538, 0, 25.26987
C:\Users\Owner\Downloads\simulator-windows-64\dataTrack1\IMG\center_2024_11_20_20_19_42_384.jpg, C:\Users\Owner\Downloads\simulator-windows-64\dataTrack1\IMG\left_2024_11_20_20_19_42_384.jpg, C:\Users\Owner\Downloads\simulator-windows-64\dataTrack1\IMG\right_2024_11_20_20_19_42_384.jpg, 0, 0.2072868, 0, 25.29202
C:\Users\Owner\Downloads\simulator-windows-64\dataTrack1\IMG\center_2024_11_20_20_19_42_488.jpg, C:\Users\Owner\Downloads\simulator-windows-64\dataTrack1\IMG\left_2024_11_20_20_19_42_488.jpg, C:\Users\Owner\Downloads\simulator-windows-64\dataTrack1\IMG\right_2024_11_20_20_19_42_488.jpg, 0, 0.1043844, 0, 25.10047
C:\Users\Owner\Downloads\simulator-windows-64\dataTrack1\IMG\center_2024_11_20_20_19_42_591.jpg, C:\Users\Owner\Downloads\simulator-windows-64\dataTrack1\IMG\left_2024_11_20_20_19_42_591.jpg, C:\Users\Owner\Downloads\simulator-windows-64\dataTrack1\IMG\right_2024_11_20_20_19_42_591.jpg, 0, 0.2060979, 0, 25.13123
C:\Users\Owner\Downloads\simulator-windows-64\dataTrack1\IMG\center_2024_11_20_20_19_42_698.jpg, C:\Users\Owner\Downloads\simulator-windows-64\dataTrack1\IMG\left_2024_11_20_20_19_42_698.jpg, C:\Users\Owner\Downloads\simulator-windows-64\dataTrack1\IMG\right_2024_11_20_20_19_42_698.jpg, 0, 0.1074663, 0, 24.98605
C:\Users\Owner\Downloads\simulator-windows-64\dataTrack1\IMG\center_2024_11_20_20_19_42_802.jpg, C:\Users\Owner\Downloads\simulator-windows-64\dataTrack1\IMG\left_2024_11_20_20_19_42_802.jpg, C:\Users\Owner\Downloads\simulator-windows-64\dataTrack1\IMG\right_2024_11_20_20_19_42_802.jpg, 0, 0.2091438, 0, 25.01271
C:\Users\Owner\Downloads\simulator-windows-64\dataTrack1\IMG\center_2024_11_20_20_19_42_905.jpg, C:\Users\Owner\Downloads\simulator-windows-64\dataTrack1\IMG\left_2024_11_20_20_19_42_905.jpg, C:\Users\Owner\Downloads\simulator-windows-64\dataTrack1\IMG\right_2024_11_20_20_19_42_905.jpg, -0.1753407, 0, 0, 24.84752
C:\Users\Owner\Downloads\simulator-windows-64\dataTrack1\IMG\center_2024_11_20_20_19_43_008.jpg, C:\Users\Owner\Downloads\simulator-windows-64\dataTrack1\IMG\left_2024_11_20_20_19_43_008.jpg, C:\Users\Owner\Downloads\simulator-windows-64\dataTrack1\IMG\right_2024_11_20_20_19_43_008.jpg, 0, 0, 0, 24.54689
C:\Users\Owner\Downloads\simulator-windows-64\dataTrack1\IMG\center_2024_11_20_20_19_43_114.jpg, C:\Users\Owner\Downloads\simulator-windows-64\dataTrack1\IMG\left_2024_11_20_20_19_43_114.jpg, C:\Users\Owner\Downloads\simulator-windows-64\dataTrack1\IMG\right_2024_11_20_20_19_43_114.jpg, -0.0513825, 0, 0, 24.29964
C:\Users\Owner\Downloads\simulator-windows-64\dataTrack1\IMG\center_2024_11_20_20_19_43_217.jpg, C:\Users\Owner\Downloads\simulator-windows-64\dataTrack1\IMG\left_2024_11_20_20_19_43_217.jpg, C:\Users\Owner\Downloads\simulator-windows-64\dataTrack1\IMG\right_2024_11_20_20_19_43_217.jpg, -0.1539135, 0, 0, 24.02187
C:\Users\Owner\Downloads\simulator-windows-64\dataTrack1\IMG\center_2024_11_20_20_19_43_319.jpg, C:\Users\Owner\Downloads\simulator-windows-64\dataTrack1\IMG\left_2024_11_20_20_19_43_319.jpg, C:\Users\Owner\Downloads\simulator-windows-64\dataTrack1\IMG\right_2024_11_20_20_19_43_319.jpg, 0, 0.3052875, 0, 23.9537
C:\Users\Owner\Downloads\simulator-windows-64\dataTrack1\IMG\center_2024_11_20_20_19_43_423.jpg, C:\Users\Owner\Downloads\simulator-windows-64\dataTrack1\IMG\left_2024_11_20_20_19_43_423.jpg, C:\Users\Owner\Downloads\simulator-windows-64\dataTrack1\IMG\right_2024_11_20_20_19_43_423.jpg, 0, 0.1749915, 0, 24.12052
C:\Users\Owner\Downloads\simulator-windows-64\dataTrack1\IMG\center_2024_11_20_20_19_43_530.jpg, C:\Users\Owner\Downloads\simulator-windows-64\dataTrack1\IMG\left_2024_11_20_20_19_43_530.jpg, C:\Users\Owner\Downloads\simulator-windows-64\dataTrack1\IMG\right_2024_11_20_20_19_43_530.jpg, 0, 0, 0, 23.88464
C:\Users\Owner\Downloads\simulator-windows-64\dataTrack1\IMG\center_2024_11_20_20_19_43_633.jpg, C:\Users\Owner\Downloads\simulator-windows-64\dataTrack1\IMG\left_2024_11_20_20_19_43_633.jpg, C:\Users\Owner\Downloads\simulator-windows-64\dataTrack1\IMG\right_2024_11_20_20_19_43_633.jpg, 0, 0, 0, 23.64787
C:\Users\Owner\Downloads\simulator-windows-64\dataTrack1\IMG\center_2024_11_20_20_19_43_735.jpg, C:\Users\Owner\Downloads\simulator-windows-64\dataTrack1\IMG\left_2024_11_20_20_19_43_735.jpg, C:\Users\Owner\Downloads\simulator-windows-64\dataTrack1\IMG\right_2024_11_20_20_19_43_735.jpg, 0, 0.3080706, 0, 23.59033
C:\Users\Owner\Downloads\simulator-windows-64\dataTrack1\IMG\center_2024_11_20_20_19_43_840.jpg, C:\Users\Owner\Downloads\simulator-windows-64\dataTrack1\IMG\left_2024_11_20_20_19_43_840.jpg, C:\Users\Owner\Downloads\simulator-windows-64\dataTrack1\IMG\right_2024_11_20_20_19_43_840.jpg, -0.1012143, 0, 0, 23.56161
C:\Users\Owner\Downloads\simulator-windows-64\dataTrack1\IMG\center_2024_11_20_20_19_43_944.jpg, C:\Users\Owner\Downloads\simulator-windows-64\dataTrack1\IMG\left_2024_11_20_20_19_43_944.jpg, C:\Users\Owner\Downloads\simulator-windows-64\dataTrack1\IMG\right_2024_11_20_20_19_43_944.jpg, -0.002836511, 0, 0, 23.29349
C:\Users\Owner\Downloads\simulator-windows-64\dataTrack1\IMG\center_2024_11_20_20_19_44_050.jpg, C:\Users\Owner\Downloads\simulator-windows-64\dataTrack1\IMG\left_2024_11_20_20_19_44_050.jpg, C:\Users\Owner\Downloads\simulator-windows-64\dataTrack1\IMG\right_2024_11_20_20_19_44_050.jpg, 0, 0.1546131, 0, 23.06006
C:\Users\Owner\Downloads\simulator-windows-64\dataTrack1\IMG\center_2024_11_20_20_19_44_153.jpg, C:\Users\Owner\Downloads\simulator-windows-64\dataTrack1\IMG\left_2024_11_20_20_19_44_153.jpg, C:\Users\Owner\Downloads\simulator-windows-64\dataTrack1\IMG\right_2024_11_20_20_19_44_153.jpg, 0, 0.255819, 0, 23.17561
C:\Users\Owner\Downloads\simulator-windows-64\dataTrack1\IMG\center_2024_11_20_20_19_44_257.jpg, C:\Users\Owner\Downloads\simulator-windows-64\dataTrack1\IMG\left_2024_11_20_20_19_44_257.jpg, C:\Users\Owner\Downloads\simulator-windows-64\dataTrack1\IMG\right_2024_11_20_20_19_44_257.jpg, 0, 0, 0, 23.05704
C:\Users\Owner\Downloads\simulator-windows-64\dataTrack1\IMG\center_2024_11_20_20_19_44_359.jpg, C:\Users\Owner\Downloads\simulator-windows-64\dataTrack1\IMG\left_2024_11_20_20_19_44_359.jpg, C:\Users\Owner\Downloads\simulator-windows-64\dataTrack1\IMG\right_2024_11_20_20_19_44_359.jpg, -0.116271, 0, 0, 22.81408
C:\Users\Owner\Downloads\simulator-windows-64\dataTrack1\IMG\center_2024_11_20_20_19_44_464.jpg, C:\Users\Owner\Downloads\simulator-windows-64\dataTrack1\IMG\left_2024_11_20_20_19_44_464.jpg, C:\Users\Owner\Downloads\simulator-windows-64\dataTrack1\IMG\right_2024_11_20_20_19_44_464.jpg, 0, 0.10875, 0, 22.58585
C:\Users\Owner\Downloads\simulator-windows-64\dataTrack1\IMG\center_2024_11_20_20_19_44_569.jpg, C:\Users\Owner\Downloads\simulator-windows-64\dataTrack1\IMG\left_2024_11_20_20_19_44_569.jpg, C:\Users\Owner\Downloads\simulator-windows-64\dataTrack1\IMG\right_2024_11_20_20_19_44_569.jpg, 0, 0.2179017, 0, 22.6675
C:\Users\Owner\Downloads\simulator-windows-64\dataTrack1\IMG\center_2024_11_20_20_19_44_673.jpg, C:\Users\Owner\Downloads\simulator-windows-64\dataTrack1\IMG\left_2024_11_20_20_19_44_673.jpg, C:\Users\Owner\Downloads\simulator-windows-64\dataTrack1\IMG\right_2024_11_20_20_19_44_673.jpg, 0, 0.1122591, 0, 22.54746
C:\Users\Owner\Downloads\simulator-windows-64\dataTrack1\IMG\center_2024_11_20_20_19_44_776.jpg, C:\Users\Owner\Downloads\simulator-windows-64\dataTrack1\IMG\left_2024_11_20_20_19_44_776.jpg, C:\Users\Owner\Downloads\simulator-windows-64\dataTrack1\IMG\right_2024_11_20_20_19_44_776.jpg, 0, 0.4205085, 0, 22.63377
C:\Users\Owner\Downloads\simulator-windows-64\dataTrack1\IMG\center_2024_11_20_20_19_44_883.jpg, C:\Users\Owner\Downloads\simulator-windows-64\dataTrack1\IMG\left_2024_11_20_20_19_44_883.jpg, C:\Users\Owner\Downloads\simulator-windows-64\dataTrack1\IMG\right_2024_11_20_20_19_44_883.jpg, 0, 0.3082791, 0, 22.784
C:\Users\Owner\Downloads\simulator-windows-64\dataTrack1\IMG\center_2024_11_20_20_19_44_986.jpg, C:\Users\Owner\Downloads\simulator-windows-64\dataTrack1\IMG\left_2024_11_20_20_19_44_986.jpg, C:\Users\Owner\Downloads\simulator-windows-64\dataTrack1\IMG\right_2024_11_20_20_19_44_986.jpg, -0.1039383, 0.5689872, 0, 23.06249
C:\Users\Owner\Downloads\simulator-windows-64\dataTrack1\IMG\center_2024_11_20_20_19_45_091.jpg, C:\Users\Owner\Downloads\simulator-windows-64\dataTrack1\IMG\left_2024_11_20_20_19_45_091.jpg, C:\Users\Owner\Downloads\simulator-windows-64\dataTrack1\IMG\right_2024_11_20_20_19_45_091.jpg, -0.468051, 0.3057645, 0, 23.31469
C:\Users\Owner\Downloads\simulator-windows-64\dataTrack1\IMG\center_2024_11_20_20_19_45_193.jpg, C:\Users\Owner\Downloads\simulator-windows-64\dataTrack1\IMG\left_2024_11_20_20_19_45_193.jpg, C:\Users\Owner\Downloads\simulator-windows-64\dataTrack1\IMG\right_2024_11_20_20_19_45_193.jpg, -0.46398, 0, 0, 23.10957
C:\Users\Owner\Downloads\simulator-windows-64\dataTrack1\IMG\center_2024_11_20_20_19_45_299.jpg, C:\Users\Owner\Downloads\simulator-windows-64\dataTrack1\IMG\left_2024_11_20_20_19_45_299.jpg, C:\Users\Owner\Downloads\simulator-windows-64\dataTrack1\IMG\right_2024_11_20_20_19_45_299.jpg, -0.14673, 0.1621173, 0, 22.92394
C:\Users\Owner\Downloads\simulator-windows-64\dataTrack1\IMG\center_2024_11_20_20_19_45_402.jpg, C:\Users\Owner\Downloads\simulator-windows-64\dataTrack1\IMG\left_2024_11_20_20_19_45_402.jpg, C:\Users\Owner\Downloads\simulator-windows-64\dataTrack1\IMG\right_2024_11_20_20_19_45_402.jpg, 0, 0.3690495, 0, 23.0418
C:\Users\Owner\Downloads\simulator-windows-64\dataTrack1\IMG\center_2024_11_20_20_19_45_506.jpg, C:\Users\Owner\Downloads\simulator-windows-64\dataTrack1\IMG\left_2024_11_20_20_19_45_506.jpg, C:\Users\Owner\Downloads\simulator-windows-64\dataTrack1\IMG\right_2024_11_20_20_19_45_506.jpg, 0, 0.2131332, 0, 23.09078
C:\Users\Owner\Downloads\simulator-windows-64\dataTrack1\IMG\center_2024_11_20_20_19_45_610.jpg, C:\Users\Owner\Downloads\simulator-windows-64\dataTrack1\IMG\left_2024_11_20_20_19_45_610.jpg, C:\Users\Owner\Downloads\simulator-windows-64\dataTrack1\IMG\right_2024_11_20_20_19_45_610.jpg, 0, 0.4692147, 0, 23.42364
C:\Users\Owner\Downloads\simulator-windows-64\dataTrack1\IMG\center_2024_11_20_20_19_45_714.jpg, C:\Users\Owner\Downloads\simulator-windows-64\dataTrack1\IMG\left_2024_11_20_20_19_45_714.jpg, C:\Users\Owner\Downloads\simulator-windows-64\dataTrack1\IMG\right_2024_11_20_20_19_45_714.jpg, 0, 0.1575717, 0, 23.53558
C:\Users\Owner\Downloads\simulator-windows-64\dataTrack1\IMG\center_2024_11_20_20_19_45_818.jpg, C:\Users\Owner\Downloads\simulator-windows-64\dataTrack1\IMG\left_2024_11_20_20_19_45_818.jpg, C:\Users\Owner\Downloads\simulator-windows-64\dataTrack1\IMG\right_2024_11_20_20_19_45_818.jpg, 0, 0.05729072, 0, 23.52375
C:\Users\Owner\Downloads\simulator-windows-64\dataTrack1\IMG\center_2024_11_20_20_19_45_922.jpg, C:\Users\Owner\Downloads\simulator-windows-64\dataTrack1\IMG\left_2024_11_20_20_19_45_922.jpg, C:\Users\Owner\Downloads\simulator-windows-64\dataTrack1\IMG\right_2024_11_20_20_19_45_922.jpg, 0, 0, 0, 23.29
C:\Users\Owner\Downloads\simulator-windows-64\dataTrack1\IMG\center_2024_11_20_20_19_46_027.jpg, C:\Users\Owner\Downloads\simulator-windows-64\dataTrack1\IMG\left_2024_11_20_20_19_46_027.jpg, C:\Users\Owner\Downloads\simulator-windows-64\dataTrack1\IMG\right_2024_11_20_20_19_46_027.jpg, 0.3139572, 0, 0, 22.95446
C:\Users\Owner\Downloads\simulator-windows-64\dataTrack1\IMG\center_2024_11_20_20_19_46_130.jpg, C:\Users\Owner\Downloads\simulator-windows-64\dataTrack1\IMG\left_2024_11_20_20_19_46_130.jpg, C:\Users\Owner\Downloads\simulator-windows-64\dataTrack1\IMG\right_2024_11_20_20_19_46_130.jpg, 0.174033, 0, 0, 22.6758
C:\Users\Owner\Downloads\simulator-windows-64\dataTrack1\IMG\center_2024_11_20_20_19_46_234.jpg, C:\Users\Owner\Downloads\simulator-windows-64\dataTrack1\IMG\left_2024_11_20_20_19_46_234.jpg, C:\Users\Owner\Downloads\simulator-windows-64\dataTrack1\IMG\right_2024_11_20_20_19_46_234.jpg, 0, 0, 0, 22.43962
C:\Users\Owner\Downloads\simulator-windows-64\dataTrack1\IMG\center_2024_11_20_20_19_46_336.jpg, C:\Users\Owner\Downloads\simulator-windows-64\dataTrack1\IMG\left_2024_11_20_20_19_46_336.jpg, C:\Users\Owner\Downloads\simulator-windows-64\dataTrack1\IMG\right_2024_11_20_20_19_46_336.jpg, 0, 0.3055575, 0, 22.38742
C:\Users\Owner\Downloads\simulator-windows-64\dataTrack1\IMG\center_2024_11_20_20_19_46_440.jpg, C:\Users\Owner\Downloads\simulator-windows-64\dataTrack1\IMG\left_2024_11_20_20_19_46_440.jpg, C:\Users\Owner\Downloads\simulator-windows-64\dataTrack1\IMG\right_2024_11_20_20_19_46_440.jpg, 0, 0.2151438, 0, 22.58913
C:\Users\Owner\Downloads\simulator-windows-64\dataTrack1\IMG\center_2024_11_20_20_19_46_544.jpg, C:\Users\Owner\Downloads\simulator-windows-64\dataTrack1\IMG\left_2024_11_20_20_19_46_544.jpg, C:\Users\Owner\Downloads\simulator-windows-64\dataTrack1\IMG\right_2024_11_20_20_19_46_544.jpg, 0, 0.2950854, 0, 22.58559
C:\Users\Owner\Downloads\simulator-windows-64\dataTrack1\IMG\center_2024_11_20_20_19_46_650.jpg, C:\Users\Owner\Downloads\simulator-windows-64\dataTrack1\IMG\left_2024_11_20_20_19_46_650.jpg, C:\Users\Owner\Downloads\simulator-windows-64\dataTrack1\IMG\right_2024_11_20_20_19_46_650.jpg, 0, 0.2411094, 0, 22.85701
C:\Users\Owner\Downloads\simulator-windows-64\dataTrack1\IMG\center_2024_11_20_20_19_46_754.jpg, C:\Users\Owner\Downloads\simulator-windows-64\dataTrack1\IMG\left_2024_11_20_20_19_46_754.jpg, C:\Users\Owner\Downloads\simulator-windows-64\dataTrack1\IMG\right_2024_11_20_20_19_46_754.jpg, 0, 0.3502924, 0, 22.90068
C:\Users\Owner\Downloads\simulator-windows-64\dataTrack1\IMG\center_2024_11_20_20_19_46_859.jpg, C:\Users\Owner\Downloads\simulator-windows-64\dataTrack1\IMG\left_2024_11_20_20_19_46_859.jpg, C:\Users\Owner\Downloads\simulator-windows-64\dataTrack1\IMG\right_2024_11_20_20_19_46_859.jpg, 0, 0.2473089, 0, 23.1317
C:\Users\Owner\Downloads\simulator-windows-64\dataTrack1\IMG\center_2024_11_20_20_19_46_960.jpg, C:\Users\Owner\Downloads\simulator-windows-64\dataTrack1\IMG\left_2024_11_20_20_19_46_960.jpg, C:\Users\Owner\Downloads\simulator-windows-64\dataTrack1\IMG\right_2024_11_20_20_19_46_960.jpg, 0, 0.2496006, 0, 23.11101
C:\Users\Owner\Downloads\simulator-windows-64\dataTrack1\IMG\center_2024_11_20_20_19_47_066.jpg, C:\Users\Owner\Downloads\simulator-windows-64\dataTrack1\IMG\left_2024_11_20_20_19_47_066.jpg, C:\Users\Owner\Downloads\simulator-windows-64\dataTrack1\IMG\right_2024_11_20_20_19_47_066.jpg, 0, 0.5165979, 0, 23.32218
C:\Users\Owner\Downloads\simulator-windows-64\dataTrack1\IMG\center_2024_11_20_20_19_47_170.jpg, C:\Users\Owner\Downloads\simulator-windows-64\dataTrack1\IMG\left_2024_11_20_20_19_47_170.jpg, C:\Users\Owner\Downloads\simulator-windows-64\dataTrack1\IMG\right_2024_11_20_20_19_47_170.jpg, 0, 0.1544436, 0, 23.50638
C:\Users\Owner\Downloads\simulator-windows-64\dataTrack1\IMG\center_2024_11_20_20_19_47_273.jpg, C:\Users\Owner\Downloads\simulator-windows-64\dataTrack1\IMG\left_2024_11_20_20_19_47_273.jpg, C:\Users\Owner\Downloads\simulator-windows-64\dataTrack1\IMG\right_2024_11_20_20_19_47_273.jpg, 0, 0.2603004, 0, 23.46819
C:\Users\Owner\Downloads\simulator-windows-64\dataTrack1\IMG\center_2024_11_20_20_19_47_376.jpg, C:\Users\Owner\Downloads\simulator-windows-64\dataTrack1\IMG\left_2024_11_20_20_19_47_376.jpg, C:\Users\Owner\Downloads\simulator-windows-64\dataTrack1\IMG\right_2024_11_20_20_19_47_376.jpg, 0, 0.4636769, 0, 23.71737
C:\Users\Owner\Downloads\simulator-windows-64\dataTrack1\IMG\center_2024_11_20_20_19_47_478.jpg, C:\Users\Owner\Downloads\simulator-windows-64\dataTrack1\IMG\left_2024_11_20_20_19_47_478.jpg, C:\Users\Owner\Downloads\simulator-windows-64\dataTrack1\IMG\right_2024_11_20_20_19_47_478.jpg, 0, 0.2584091, 0, 23.86796
C:\Users\Owner\Downloads\simulator-windows-64\dataTrack1\IMG\center_2024_11_20_20_19_47_584.jpg, C:\Users\Owner\Downloads\simulator-windows-64\dataTrack1\IMG\left_2024_11_20_20_19_47_584.jpg, C:\Users\Owner\Downloads\simulator-windows-64\dataTrack1\IMG\right_2024_11_20_20_19_47_584.jpg, 0, 0.3687975, 0, 24.08802
C:\Users\Owner\Downloads\simulator-windows-64\dataTrack1\IMG\center_2024_11_20_20_19_47_688.jpg, C:\Users\Owner\Downloads\simulator-windows-64\dataTrack1\IMG\left_2024_11_20_20_19_47_688.jpg, C:\Users\Owner\Downloads\simulator-windows-64\dataTrack1\IMG\right_2024_11_20_20_19_47_688.jpg, 0, 0.05773227, 0, 24.10559
C:\Users\Owner\Downloads\simulator-windows-64\dataTrack1\IMG\center_2024_11_20_20_19_47_790.jpg, C:\Users\Owner\Downloads\simulator-windows-64\dataTrack1\IMG\left_2024_11_20_20_19_47_790.jpg, C:\Users\Owner\Downloads\simulator-windows-64\dataTrack1\IMG\right_2024_11_20_20_19_47_790.jpg, 0, 0, 0, 23.87472
C:\Users\Owner\Downloads\simulator-windows-64\dataTrack1\IMG\center_2024_11_20_20_19_47_894.jpg, C:\Users\Owner\Downloads\simulator-windows-64\dataTrack1\IMG\left_2024_11_20_20_19_47_894.jpg, C:\Users\Owner\Downloads\simulator-windows-64\dataTrack1\IMG\right_2024_11_20_20_19_47_894.jpg, 0, 0, 0, 23.63298
C:\Users\Owner\Downloads\simulator-windows-64\dataTrack1\IMG\center_2024_11_20_20_19_47_995.jpg, C:\Users\Owner\Downloads\simulator-windows-64\dataTrack1\IMG\left_2024_11_20_20_19_47_995.jpg, C:\Users\Owner\Downloads\simulator-windows-64\dataTrack1\IMG\right_2024_11_20_20_19_47_995.jpg, 0, 0.3051735, 0, 23.57167
C:\Users\Owner\Downloads\simulator-windows-64\dataTrack1\IMG\center_2024_11_20_20_19_48_101.jpg, C:\Users\Owner\Downloads\simulator-windows-64\dataTrack1\IMG\left_2024_11_20_20_19_48_101.jpg, C:\Users\Owner\Downloads\simulator-windows-64\dataTrack1\IMG\right_2024_11_20_20_19_48_101.jpg, -0.155301, 0.3121173, 0, 23.82658
C:\Users\Owner\Downloads\simulator-windows-64\dataTrack1\IMG\center_2024_11_20_20_19_48_204.jpg, C:\Users\Owner\Downloads\simulator-windows-64\dataTrack1\IMG\left_2024_11_20_20_19_48_204.jpg, C:\Users\Owner\Downloads\simulator-windows-64\dataTrack1\IMG\right_2024_11_20_20_19_48_204.jpg, -0.4644219, 0.002996441, 0, 23.70921
C:\Users\Owner\Downloads\simulator-windows-64\dataTrack1\IMG\center_2024_11_20_20_19_48_308.jpg, C:\Users\Owner\Downloads\simulator-windows-64\dataTrack1\IMG\left_2024_11_20_20_19_48_308.jpg, C:\Users\Owner\Downloads\simulator-windows-64\dataTrack1\IMG\right_2024_11_20_20_19_48_308.jpg, -0.1532082, 0, 0, 23.37915
C:\Users\Owner\Downloads\simulator-windows-64\dataTrack1\IMG\center_2024_11_20_20_19_48_411.jpg, C:\Users\Owner\Downloads\simulator-windows-64\dataTrack1\IMG\left_2024_11_20_20_19_48_411.jpg, C:\Users\Owner\Downloads\simulator-windows-64\dataTrack1\IMG\right_2024_11_20_20_19_48_411.jpg, 0, 0, 0, 23.12498
C:\Users\Owner\Downloads\simulator-windows-64\dataTrack1\IMG\center_2024_11_20_20_19_48_515.jpg, C:\Users\Owner\Downloads\simulator-windows-64\dataTrack1\IMG\left_2024_11_20_20_19_48_515.jpg, C:\Users\Owner\Downloads\simulator-windows-64\dataTrack1\IMG\right_2024_11_20_20_19_48_515.jpg, 0, 0.2079, 0, 22.98778
C:\Users\Owner\Downloads\simulator-windows-64\dataTrack1\IMG\center_2024_11_20_20_19_48_619.jpg, C:\Users\Owner\Downloads\simulator-windows-64\dataTrack1\IMG\left_2024_11_20_20_19_48_619.jpg, C:\Users\Owner\Downloads\simulator-windows-64\dataTrack1\IMG\right_2024_11_20_20_19_48_619.jpg, 0, 0.3140727, 0, 23.13962
C:\Users\Owner\Downloads\simulator-windows-64\dataTrack1\IMG\center_2024_11_20_20_19_48_723.jpg, C:\Users\Owner\Downloads\simulator-windows-64\dataTrack1\IMG\left_2024_11_20_20_19_48_723.jpg, C:\Users\Owner\Downloads\simulator-windows-64\dataTrack1\IMG\right_2024_11_20_20_19_48_723.jpg, 0, 0.2086722, 0, 23.14579
C:\Users\Owner\Downloads\simulator-windows-64\dataTrack1\IMG\center_2024_11_20_20_19_48_826.jpg, C:\Users\Owner\Downloads\simulator-windows-64\dataTrack1\IMG\left_2024_11_20_20_19_48_826.jpg, C:\Users\Owner\Downloads\simulator-windows-64\dataTrack1\IMG\right_2024_11_20_20_19_48_826.jpg, 0, 0.4702662, 0, 23.31942
C:\Users\Owner\Downloads\simulator-windows-64\dataTrack1\IMG\center_2024_11_20_20_19_48_928.jpg, C:\Users\Owner\Downloads\simulator-windows-64\dataTrack1\IMG\left_2024_11_20_20_19_48_928.jpg, C:\Users\Owner\Downloads\simulator-windows-64\dataTrack1\IMG\right_2024_11_20_20_19_48_928.jpg, -0.1043592, 0.2150391, 0, 23.56929
C:\Users\Owner\Downloads\simulator-windows-64\dataTrack1\IMG\center_2024_11_20_20_19_49_034.jpg, C:\Users\Owner\Downloads\simulator-windows-64\dataTrack1\IMG\left_2024_11_20_20_19_49_034.jpg, C:\Users\Owner\Downloads\simulator-windows-64\dataTrack1\IMG\right_2024_11_20_20_19_49_034.jpg, -0.2082825, 0, 0, 23.35846
C:\Users\Owner\Downloads\simulator-windows-64\dataTrack1\IMG\center_2024_11_20_20_19_49_138.jpg, C:\Users\Owner\Downloads\simulator-windows-64\dataTrack1\IMG\left_2024_11_20_20_19_49_138.jpg, C:\Users\Owner\Downloads\simulator-windows-64\dataTrack1\IMG\right_2024_11_20_20_19_49_138.jpg, 0, 0.2086752, 0, 23.18997
C:\Users\Owner\Downloads\simulator-windows-64\dataTrack1\IMG\center_2024_11_20_20_19_49_242.jpg, C:\Users\Owner\Downloads\simulator-windows-64\dataTrack1\IMG\left_2024_11_20_20_19_49_242.jpg, C:\Users\Owner\Downloads\simulator-windows-64\dataTrack1\IMG\right_2024_11_20_20_19_49_242.jpg, 0, 0.4188612, 0, 23.3761
C:\Users\Owner\Downloads\simulator-windows-64\dataTrack1\IMG\center_2024_11_20_20_19_49_344.jpg, C:\Users\Owner\Downloads\simulator-windows-64\dataTrack1\IMG\left_2024_11_20_20_19_49_344.jpg, C:\Users\Owner\Downloads\simulator-windows-64\dataTrack1\IMG\right_2024_11_20_20_19_49_344.jpg, 0, 0.1106886, 0, 23.5006
C:\Users\Owner\Downloads\simulator-windows-64\dataTrack1\IMG\center_2024_11_20_20_19_49_450.jpg, C:\Users\Owner\Downloads\simulator-windows-64\dataTrack1\IMG\left_2024_11_20_20_19_49_450.jpg, C:\Users\Owner\Downloads\simulator-windows-64\dataTrack1\IMG\right_2024_11_20_20_19_49_450.jpg, 0, 0.1022415, 0, 23.25103
C:\Users\Owner\Downloads\simulator-windows-64\dataTrack1\IMG\center_2024_11_20_20_19_49_554.jpg, C:\Users\Owner\Downloads\simulator-windows-64\dataTrack1\IMG\left_2024_11_20_20_19_49_554.jpg, C:\Users\Owner\Downloads\simulator-windows-64\dataTrack1\IMG\right_2024_11_20_20_19_49_554.jpg, 0, 0.4142883, 0, 23.35089
C:\Users\Owner\Downloads\simulator-windows-64\dataTrack1\IMG\center_2024_11_20_20_19_49_658.jpg, C:\Users\Owner\Downloads\simulator-windows-64\dataTrack1\IMG\left_2024_11_20_20_19_49_658.jpg, C:\Users\Owner\Downloads\simulator-windows-64\dataTrack1\IMG\right_2024_11_20_20_19_49_658.jpg, -0.1536384, 0.1010289, 0, 23.43188
C:\Users\Owner\Downloads\simulator-windows-64\dataTrack1\IMG\center_2024_11_20_20_19_49_762.jpg, C:\Users\Owner\Downloads\simulator-windows-64\dataTrack1\IMG\left_2024_11_20_20_19_49_762.jpg, C:\Users\Owner\Downloads\simulator-windows-64\dataTrack1\IMG\right_2024_11_20_20_19_49_762.jpg, -0.148785, 0.0546684, 0, 23.15837
C:\Users\Owner\Downloads\simulator-windows-64\dataTrack1\IMG\center_2024_11_20_20_19_49_867.jpg, C:\Users\Owner\Downloads\simulator-windows-64\dataTrack1\IMG\left_2024_11_20_20_19_49_867.jpg, C:\Users\Owner\Downloads\simulator-windows-64\dataTrack1\IMG\right_2024_11_20_20_19_49_867.jpg, 0, 0.368082, 0, 23.18676
C:\Users\Owner\Downloads\simulator-windows-64\dataTrack1\IMG\center_2024_11_20_20_19_49_969.jpg, C:\Users\Owner\Downloads\simulator-windows-64\dataTrack1\IMG\left_2024_11_20_20_19_49_969.jpg, C:\Users\Owner\Downloads\simulator-windows-64\dataTrack1\IMG\right_2024_11_20_20_19_49_969.jpg, 0, 0.06247861, 0, 23.19659
C:\Users\Owner\Downloads\simulator-windows-64\dataTrack1\IMG\center_2024_11_20_20_19_50_075.jpg, C:\Users\Owner\Downloads\simulator-windows-64\dataTrack1\IMG\left_2024_11_20_20_19_50_075.jpg, C:\Users\Owner\Downloads\simulator-windows-64\dataTrack1\IMG\right_2024_11_20_20_19_50_075.jpg, 0, 0, 0, 22.97133
C:\Users\Owner\Downloads\simulator-windows-64\dataTrack1\IMG\center_2024_11_20_20_19_50_176.jpg, C:\Users\Owner\Downloads\simulator-windows-64\dataTrack1\IMG\left_2024_11_20_20_19_50_176.jpg, C:\Users\Owner\Downloads\simulator-windows-64\dataTrack1\IMG\right_2024_11_20_20_19_50_176.jpg, 0, 0.0513192, 0, 22.73892
C:\Users\Owner\Downloads\simulator-windows-64\dataTrack1\IMG\center_2024_11_20_20_19_50_282.jpg, C:\Users\Owner\Downloads\simulator-windows-64\dataTrack1\IMG\left_2024_11_20_20_19_50_282.jpg, C:\Users\Owner\Downloads\simulator-windows-64\dataTrack1\IMG\right_2024_11_20_20_19_50_282.jpg, 0, 0.2568873, 0, 22.75838
C:\Users\Owner\Downloads\simulator-windows-64\dataTrack1\IMG\center_2024_11_20_20_19_50_385.jpg, C:\Users\Owner\Downloads\simulator-windows-64\dataTrack1\IMG\left_2024_11_20_20_19_50_385.jpg, C:\Users\Owner\Downloads\simulator-windows-64\dataTrack1\IMG\right_2024_11_20_20_19_50_385.jpg, 0, 0, 0, 22.67997
C:\Users\Owner\Downloads\simulator-windows-64\dataTrack1\IMG\center_2024_11_20_20_19_50_487.jpg, C:\Users\Owner\Downloads\simulator-windows-64\dataTrack1\IMG\left_2024_11_20_20_19_50_487.jpg, C:\Users\Owner\Downloads\simulator-windows-64\dataTrack1\IMG\right_2024_11_20_20_19_50_487.jpg, 0, 0.3049752, 0, 22.62693
C:\Users\Owner\Downloads\simulator-windows-64\dataTrack1\IMG\center_2024_11_20_20_19_50_590.jpg, C:\Users\Owner\Downloads\simulator-windows-64\dataTrack1\IMG\left_2024_11_20_20_19_50_590.jpg, C:\Users\Owner\Downloads\simulator-windows-64\dataTrack1\IMG\right_2024_11_20_20_19_50_590.jpg, 0, 0.2016351, 0, 22.76617
C:\Users\Owner\Downloads\simulator-windows-64\dataTrack1\IMG\center_2024_11_20_20_19_50_694.jpg, C:\Users\Owner\Downloads\simulator-windows-64\dataTrack1\IMG\left_2024_11_20_20_19_50_694.jpg, C:\Users\Owner\Downloads\simulator-windows-64\dataTrack1\IMG\right_2024_11_20_20_19_50_694.jpg, -0.0519783, 0, 0, 22.61945
C:\Users\Owner\Downloads\simulator-windows-64\dataTrack1\IMG\center_2024_11_20_20_19_50_798.jpg, C:\Users\Owner\Downloads\simulator-windows-64\dataTrack1\IMG\left_2024_11_20_20_19_50_798.jpg, C:\Users\Owner\Downloads\simulator-windows-64\dataTrack1\IMG\right_2024_11_20_20_19_50_798.jpg, -0.2561172, 0, 0, 22.32246
C:\Users\Owner\Downloads\simulator-windows-64\dataTrack1\IMG\center_2024_11_20_20_19_50_903.jpg, C:\Users\Owner\Downloads\simulator-windows-64\dataTrack1\IMG\left_2024_11_20_20_19_50_903.jpg, C:\Users\Owner\Downloads\simulator-windows-64\dataTrack1\IMG\right_2024_11_20_20_19_50_903.jpg, 0, 0, 0, 22.10178
C:\Users\Owner\Downloads\simulator-windows-64\dataTrack1\IMG\center_2024_11_20_20_19_51_007.jpg, C:\Users\Owner\Downloads\simulator-windows-64\dataTrack1\IMG\left_2024_11_20_20_19_51_007.jpg, C:\Users\Owner\Downloads\simulator-windows-64\dataTrack1\IMG\right_2024_11_20_20_19_51_007.jpg, 0, 0, 0, 21.87248
C:\Users\Owner\Downloads\simulator-windows-64\dataTrack1\IMG\center_2024_11_20_20_19_51_110.jpg, C:\Users\Owner\Downloads\simulator-windows-64\dataTrack1\IMG\left_2024_11_20_20_19_51_110.jpg, C:\Users\Owner\Downloads\simulator-windows-64\dataTrack1\IMG\right_2024_11_20_20_19_51_110.jpg, 0, 0.2488656, 0, 21.91213
C:\Users\Owner\Downloads\simulator-windows-64\dataTrack1\IMG\center_2024_11_20_20_19_51_210.jpg, C:\Users\Owner\Downloads\simulator-windows-64\dataTrack1\IMG\left_2024_11_20_20_19_51_210.jpg, C:\Users\Owner\Downloads\simulator-windows-64\dataTrack1\IMG\right_2024_11_20_20_19_51_210.jpg, 0, 0, 0, 21.76446
C:\Users\Owner\Downloads\simulator-windows-64\dataTrack1\IMG\center_2024_11_20_20_19_51_317.jpg, C:\Users\Owner\Downloads\simulator-windows-64\dataTrack1\IMG\left_2024_11_20_20_19_51_317.jpg, C:\Users\Owner\Downloads\simulator-windows-64\dataTrack1\IMG\right_2024_11_20_20_19_51_317.jpg, -0.0574389, 0, 0, 21.57807
C:\Users\Owner\Downloads\simulator-windows-64\dataTrack1\IMG\center_2024_11_20_20_19_51_419.jpg, C:\Users\Owner\Downloads\simulator-windows-64\dataTrack1\IMG\left_2024_11_20_20_19_51_419.jpg, C:\Users\Owner\Downloads\simulator-windows-64\dataTrack1\IMG\right_2024_11_20_20_19_51_419.jpg, -0.2637663, 0.0566199, 0, 21.31851
C:\Users\Owner\Downloads\simulator-windows-64\dataTrack1\IMG\center_2024_11_20_20_19_51_522.jpg, C:\Users\Owner\Downloads\simulator-windows-64\dataTrack1\IMG\left_2024_11_20_20_19_51_522.jpg, C:\Users\Owner\Downloads\simulator-windows-64\dataTrack1\IMG\right_2024_11_20_20_19_51_522.jpg, 0, 0, 0, 21.15763
C:\Users\Owner\Downloads\simulator-windows-64\dataTrack1\IMG\center_2024_11_20_20_19_51_625.jpg, C:\Users\Owner\Downloads\simulator-windows-64\dataTrack1\IMG\left_2024_11_20_20_19_51_625.jpg, C:\Users\Owner\Downloads\simulator-windows-64\dataTrack1\IMG\right_2024_11_20_20_19_51_625.jpg, 0, 0, 0, 20.8047
C:\Users\Owner\Downloads\simulator-windows-64\dataTrack1\IMG\center_2024_11_20_20_19_51_728.jpg, C:\Users\Owner\Downloads\simulator-windows-64\dataTrack1\IMG\left_2024_11_20_20_19_51_728.jpg, C:\Users\Owner\Downloads\simulator-windows-64\dataTrack1\IMG\right_2024_11_20_20_19_51_728.jpg, 0, 0.2060487, 0, 20.59594
C:\Users\Owner\Downloads\simulator-windows-64\dataTrack1\IMG\center_2024_11_20_20_19_51_834.jpg, C:\Users\Owner\Downloads\simulator-windows-64\dataTrack1\IMG\left_2024_11_20_20_19_51_834.jpg, C:\Users\Owner\Downloads\simulator-windows-64\dataTrack1\IMG\right_2024_11_20_20_19_51_834.jpg, 0, 0.1003221, 0, 20.9283
C:\Users\Owner\Downloads\simulator-windows-64\dataTrack1\IMG\center_2024_11_20_20_19_51_937.jpg, C:\Users\Owner\Downloads\simulator-windows-64\dataTrack1\IMG\left_2024_11_20_20_19_51_937.jpg, C:\Users\Owner\Downloads\simulator-windows-64\dataTrack1\IMG\right_2024_11_20_20_19_51_937.jpg, 0, 0, 0, 20.43702
C:\Users\Owner\Downloads\simulator-windows-64\dataTrack1\IMG\center_2024_11_20_20_19_52_040.jpg, C:\Users\Owner\Downloads\simulator-windows-64\dataTrack1\IMG\left_2024_11_20_20_19_52_040.jpg, C:\Users\Owner\Downloads\simulator-windows-64\dataTrack1\IMG\right_2024_11_20_20_19_52_040.jpg, 0, 0, 0, 20.54425
C:\Users\Owner\Downloads\simulator-windows-64\dataTrack1\IMG\center_2024_11_20_20_19_52_145.jpg, C:\Users\Owner\Downloads\simulator-windows-64\dataTrack1\IMG\left_2024_11_20_20_19_52_145.jpg, C:\Users\Owner\Downloads\simulator-windows-64\dataTrack1\IMG\right_2024_11_20_20_19_52_145.jpg, 0, 0.204933, 0, 20.07278
C:\Users\Owner\Downloads\simulator-windows-64\dataTrack1\IMG\center_2024_11_20_20_19_52_246.jpg, C:\Users\Owner\Downloads\simulator-windows-64\dataTrack1\IMG\left_2024_11_20_20_19_52_246.jpg, C:\Users\Owner\Downloads\simulator-windows-64\dataTrack1\IMG\right_2024_11_20_20_19_52_246.jpg, 0, 0.3550182, 0, 20.56536
C:\Users\Owner\Downloads\simulator-windows-64\dataTrack1\IMG\center_2024_11_20_20_19_52_352.jpg, C:\Users\Owner\Downloads\simulator-windows-64\dataTrack1\IMG\left_2024_11_20_20_19_52_352.jpg, C:\Users\Owner\Downloads\simulator-windows-64\dataTrack1\IMG\right_2024_11_20_20_19_52_352.jpg, 0, 0, 0, 20.55428
C:\Users\Owner\Downloads\simulator-windows-64\dataTrack1\IMG\center_2024_11_20_20_19_52_454.jpg, C:\Users\Owner\Downloads\simulator-windows-64\dataTrack1\IMG\left_2024_11_20_20_19_52_454.jpg, C:\Users\Owner\Downloads\simulator-windows-64\dataTrack1\IMG\right_2024_11_20_20_19_52_454.jpg, -0.1524972, 0, 0, 20.01862
C:\Users\Owner\Downloads\simulator-windows-64\dataTrack1\IMG\center_2024_11_20_20_19_52_558.jpg, C:\Users\Owner\Downloads\simulator-windows-64\dataTrack1\IMG\left_2024_11_20_20_19_52_558.jpg, C:\Users\Owner\Downloads\simulator-windows-64\dataTrack1\IMG\right_2024_11_20_20_19_52_558.jpg, -0.3619788, 0, 0, 20.05341
C:\Users\Owner\Downloads\simulator-windows-64\dataTrack1\IMG\center_2024_11_20_20_19_52_661.jpg, C:\Users\Owner\Downloads\simulator-windows-64\dataTrack1\IMG\left_2024_11_20_20_19_52_661.jpg, C:\Users\Owner\Downloads\simulator-windows-64\dataTrack1\IMG\right_2024_11_20_20_19_52_661.jpg, -0.05295631, 0, 0, 19.49971
C:\Users\Owner\Downloads\simulator-windows-64\dataTrack1\IMG\center_2024_11_20_20_19_52_766.jpg, C:\Users\Owner\Downloads\simulator-windows-64\dataTrack1\IMG\left_2024_11_20_20_19_52_766.jpg, C:\Users\Owner\Downloads\simulator-windows-64\dataTrack1\IMG\right_2024_11_20_20_19_52_766.jpg, -0.1551528, 0, 0, 19.66038
C:\Users\Owner\Downloads\simulator-windows-64\dataTrack1\IMG\center_2024_11_20_20_19_52_870.jpg, C:\Users\Owner\Downloads\simulator-windows-64\dataTrack1\IMG\left_2024_11_20_20_19_52_870.jpg, C:\Users\Owner\Downloads\simulator-windows-64\dataTrack1\IMG\right_2024_11_20_20_19_52_870.jpg, -0.1022226, 0, 0, 19.41193
C:\Users\Owner\Downloads\simulator-windows-64\dataTrack1\IMG\center_2024_11_20_20_19_52_974.jpg, C:\Users\Owner\Downloads\simulator-windows-64\dataTrack1\IMG\left_2024_11_20_20_19_52_974.jpg, C:\Users\Owner\Downloads\simulator-windows-64\dataTrack1\IMG\right_2024_11_20_20_19_52_974.jpg, 0, 0, 0, 18.7755
C:\Users\Owner\Downloads\simulator-windows-64\dataTrack1\IMG\center_2024_11_20_20_19_53_075.jpg, C:\Users\Owner\Downloads\simulator-windows-64\dataTrack1\IMG\left_2024_11_20_20_19_53_075.jpg, C:\Users\Owner\Downloads\simulator-windows-64\dataTrack1\IMG\right_2024_11_20_20_19_53_075.jpg, 0, 0.3067302, 0, 19.18486
C:\Users\Owner\Downloads\simulator-windows-64\dataTrack1\IMG\center_2024_11_20_20_19_53_178.jpg, C:\Users\Owner\Downloads\simulator-windows-64\dataTrack1\IMG\left_2024_11_20_20_19_53_178.jpg, C:\Users\Owner\Downloads\simulator-windows-64\dataTrack1\IMG\right_2024_11_20_20_19_53_178.jpg, 0, 0.3071364, 0, 19.12549
C:\Users\Owner\Downloads\simulator-windows-64\dataTrack1\IMG\center_2024_11_20_20_19_53_283.jpg, C:\Users\Owner\Downloads\simulator-windows-64\dataTrack1\IMG\left_2024_11_20_20_19_53_283.jpg, C:\Users\Owner\Downloads\simulator-windows-64\dataTrack1\IMG\right_2024_11_20_20_19_53_283.jpg, -0.2094468, 0, 0, 19.47741
C:\Users\Owner\Downloads\simulator-windows-64\dataTrack1\IMG\center_2024_11_20_20_19_53_385.jpg, C:\Users\Owner\Downloads\simulator-windows-64\dataTrack1\IMG\left_2024_11_20_20_19_53_385.jpg, C:\Users\Owner\Downloads\simulator-windows-64\dataTrack1\IMG\right_2024_11_20_20_19_53_385.jpg, -0.46719, 0, 0, 18.79754
C:\Users\Owner\Downloads\simulator-windows-64\dataTrack1\IMG\center_2024_11_20_20_19_53_488.jpg, C:\Users\Owner\Downloads\simulator-windows-64\dataTrack1\IMG\left_2024_11_20_20_19_53_488.jpg, C:\Users\Owner\Downloads\simulator-windows-64\dataTrack1\IMG\right_2024_11_20_20_19_53_488.jpg, -0.4163841, 0, 0, 18.37125
C:\Users\Owner\Downloads\simulator-windows-64\dataTrack1\IMG\center_2024_11_20_20_19_53_593.jpg, C:\Users\Owner\Downloads\simulator-windows-64\dataTrack1\IMG\left_2024_11_20_20_19_53_593.jpg, C:\Users\Owner\Downloads\simulator-windows-64\dataTrack1\IMG\right_2024_11_20_20_19_53_593.jpg, -0.1050252, 0.103965, 0, 18.67225
C:\Users\Owner\Downloads\simulator-windows-64\dataTrack1\IMG\center_2024_11_20_20_19_53_697.jpg, C:\Users\Owner\Downloads\simulator-windows-64\dataTrack1\IMG\left_2024_11_20_20_19_53_697.jpg, C:\Users\Owner\Downloads\simulator-windows-64\dataTrack1\IMG\right_2024_11_20_20_19_53_697.jpg, 0, 0.4149174, 0, 18.37925
C:\Users\Owner\Downloads\simulator-windows-64\dataTrack1\IMG\center_2024_11_20_20_19_53_802.jpg, C:\Users\Owner\Downloads\simulator-windows-64\dataTrack1\IMG\left_2024_11_20_20_19_53_802.jpg, C:\Users\Owner\Downloads\simulator-windows-64\dataTrack1\IMG\right_2024_11_20_20_19_53_802.jpg, 0, 0.1018776, 0, 18.9099
C:\Users\Owner\Downloads\simulator-windows-64\dataTrack1\IMG\center_2024_11_20_20_19_53_905.jpg, C:\Users\Owner\Downloads\simulator-windows-64\dataTrack1\IMG\left_2024_11_20_20_19_53_905.jpg, C:\Users\Owner\Downloads\simulator-windows-64\dataTrack1\IMG\right_2024_11_20_20_19_53_905.jpg, 0, 0.2096007, 0, 18.36815
C:\Users\Owner\Downloads\simulator-windows-64\dataTrack1\IMG\center_2024_11_20_20_19_54_008.jpg, C:\Users\Owner\Downloads\simulator-windows-64\dataTrack1\IMG\left_2024_11_20_20_19_54_008.jpg, C:\Users\Owner\Downloads\simulator-windows-64\dataTrack1\IMG\right_2024_11_20_20_19_54_008.jpg, 0, 0.1076964, 0, 18.50746
C:\Users\Owner\Downloads\simulator-windows-64\dataTrack1\IMG\center_2024_11_20_20_19_54_112.jpg, C:\Users\Owner\Downloads\simulator-windows-64\dataTrack1\IMG\left_2024_11_20_20_19_54_112.jpg, C:\Users\Owner\Downloads\simulator-windows-64\dataTrack1\IMG\right_2024_11_20_20_19_54_112.jpg, 0, 0.2537346, 0, 18.88245
C:\Users\Owner\Downloads\simulator-windows-64\dataTrack1\IMG\center_2024_11_20_20_19_54_214.jpg, C:\Users\Owner\Downloads\simulator-windows-64\dataTrack1\IMG\left_2024_11_20_20_19_54_214.jpg, C:\Users\Owner\Downloads\simulator-windows-64\dataTrack1\IMG\right_2024_11_20_20_19_54_214.jpg, 0, 0.1503311, 0, 18.60994
C:\Users\Owner\Downloads\simulator-windows-64\dataTrack1\IMG\center_2024_11_20_20_19_54_318.jpg, C:\Users\Owner\Downloads\simulator-windows-64\dataTrack1\IMG\left_2024_11_20_20_19_54_318.jpg, C:\Users\Owner\Downloads\simulator-windows-64\dataTrack1\IMG\right_2024_11_20_20_19_54_318.jpg, -0.2068338, 0, 0, 18.87436
C:\Users\Owner\Downloads\simulator-windows-64\dataTrack1\IMG\center_2024_11_20_20_19_54_420.jpg, C:\Users\Owner\Downloads\simulator-windows-64\dataTrack1\IMG\left_2024_11_20_20_19_54_420.jpg, C:\Users\Owner\Downloads\simulator-windows-64\dataTrack1\IMG\right_2024_11_20_20_19_54_420.jpg, -0.1067697, 0, 0, 18.17012
C:\Users\Owner\Downloads\simulator-windows-64\dataTrack1\IMG\center_2024_11_20_20_19_54_524.jpg, C:\Users\Owner\Downloads\simulator-windows-64\dataTrack1\IMG\left_2024_11_20_20_19_54_524.jpg, C:\Users\Owner\Downloads\simulator-windows-64\dataTrack1\IMG\right_2024_11_20_20_19_54_524.jpg, -0.0533166, 0, 0, 18.47735
C:\Users\Owner\Downloads\simulator-windows-64\dataTrack1\IMG\center_2024_11_20_20_19_54_627.jpg, C:\Users\Owner\Downloads\simulator-windows-64\dataTrack1\IMG\left_2024_11_20_20_19_54_627.jpg, C:\Users\Owner\Downloads\simulator-windows-64\dataTrack1\IMG\right_2024_11_20_20_19_54_627.jpg, -0.1596846, 0, 0, 18.23661
C:\Users\Owner\Downloads\simulator-windows-64\dataTrack1\IMG\center_2024_11_20_20_19_54_731.jpg, C:\Users\Owner\Downloads\simulator-windows-64\dataTrack1\IMG\left_2024_11_20_20_19_54_731.jpg, C:\Users\Owner\Downloads\simulator-windows-64\dataTrack1\IMG\right_2024_11_20_20_19_54_731.jpg, 0, 0.0524514, 0, 17.53965
C:\Users\Owner\Downloads\simulator-windows-64\dataTrack1\IMG\center_2024_11_20_20_19_54_836.jpg, C:\Users\Owner\Downloads\simulator-windows-64\dataTrack1\IMG\left_2024_11_20_20_19_54_836.jpg, C:\Users\Owner\Downloads\simulator-windows-64\dataTrack1\IMG\right_2024_11_20_20_19_54_836.jpg, 0, 0.2620686, 0, 18.1039
C:\Users\Owner\Downloads\simulator-windows-64\dataTrack1\IMG\center_2024_11_20_20_19_54_938.jpg, C:\Users\Owner\Downloads\simulator-windows-64\dataTrack1\IMG\left_2024_11_20_20_19_54_938.jpg, C:\Users\Owner\Downloads\simulator-windows-64\dataTrack1\IMG\right_2024_11_20_20_19_54_938.jpg, 0, 0, 0, 17.59317
C:\Users\Owner\Downloads\simulator-windows-64\dataTrack1\IMG\center_2024_11_20_20_19_55_043.jpg, C:\Users\Owner\Downloads\simulator-windows-64\dataTrack1\IMG\left_2024_11_20_20_19_55_043.jpg, C:\Users\Owner\Downloads\simulator-windows-64\dataTrack1\IMG\right_2024_11_20_20_19_55_043.jpg, -0.3134442, 0, 0, 17.87232
C:\Users\Owner\Downloads\simulator-windows-64\dataTrack1\IMG\center_2024_11_20_20_19_55_145.jpg, C:\Users\Owner\Downloads\simulator-windows-64\dataTrack1\IMG\left_2024_11_20_20_19_55_145.jpg, C:\Users\Owner\Downloads\simulator-windows-64\dataTrack1\IMG\right_2024_11_20_20_19_55_145.jpg, -0.3613914, 0, 0, 17.11183
C:\Users\Owner\Downloads\simulator-windows-64\dataTrack1\IMG\center_2024_11_20_20_19_55_248.jpg, C:\Users\Owner\Downloads\simulator-windows-64\dataTrack1\IMG\left_2024_11_20_20_19_55_248.jpg, C:\Users\Owner\Downloads\simulator-windows-64\dataTrack1\IMG\right_2024_11_20_20_19_55_248.jpg, -0.005515773, 0.2018634, 0, 16.99239
C:\Users\Owner\Downloads\simulator-windows-64\dataTrack1\IMG\center_2024_11_20_20_19_55_354.jpg, C:\Users\Owner\Downloads\simulator-windows-64\dataTrack1\IMG\left_2024_11_20_20_19_55_354.jpg, C:\Users\Owner\Downloads\simulator-windows-64\dataTrack1\IMG\right_2024_11_20_20_19_55_354.jpg, 0, 0.202578, 0, 17.62843
C:\Users\Owner\Downloads\simulator-windows-64\dataTrack1\IMG\center_2024_11_20_20_19_55_455.jpg, C:\Users\Owner\Downloads\simulator-windows-64\dataTrack1\IMG\left_2024_11_20_20_19_55_455.jpg, C:\Users\Owner\Downloads\simulator-windows-64\dataTrack1\IMG\right_2024_11_20_20_19_55_455.jpg, 0, 0.102942, 0, 17.05086
C:\Users\Owner\Downloads\simulator-windows-64\dataTrack1\IMG\center_2024_11_20_20_19_55_559.jpg, C:\Users\Owner\Downloads\simulator-windows-64\dataTrack1\IMG\left_2024_11_20_20_19_55_559.jpg, C:\Users\Owner\Downloads\simulator-windows-64\dataTrack1\IMG\right_2024_11_20_20_19_55_559.jpg, 0, 0.1059261, 0, 17.61948
C:\Users\Owner\Downloads\simulator-windows-64\dataTrack1\IMG\center_2024_11_20_20_19_55_662.jpg, C:\Users\Owner\Downloads\simulator-windows-64\dataTrack1\IMG\left_2024_11_20_20_19_55_662.jpg, C:\Users\Owner\Downloads\simulator-windows-64\dataTrack1\IMG\right_2024_11_20_20_19_55_662.jpg, 0, 0.1022964, 0, 16.94948
C:\Users\Owner\Downloads\simulator-windows-64\dataTrack1\IMG\center_2024_11_20_20_19_55_767.jpg, C:\Users\Owner\Downloads\simulator-windows-64\dataTrack1\IMG\left_2024_11_20_20_19_55_767.jpg, C:\Users\Owner\Downloads\simulator-windows-64\dataTrack1\IMG\right_2024_11_20_20_19_55_767.jpg, 0, 0.3628026, 0, 17.54853
C:\Users\Owner\Downloads\simulator-windows-64\dataTrack1\IMG\center_2024_11_20_20_19_55_870.jpg, C:\Users\Owner\Downloads\simulator-windows-64\dataTrack1\IMG\left_2024_11_20_20_19_55_870.jpg, C:\Users\Owner\Downloads\simulator-windows-64\dataTrack1\IMG\right_2024_11_20_20_19_55_870.jpg, -0.2049135, 0.002408694, 0, 17.59216
C:\Users\Owner\Downloads\simulator-windows-64\dataTrack1\IMG\center_2024_11_20_20_19_55_974.jpg, C:\Users\Owner\Downloads\simulator-windows-64\dataTrack1\IMG\left_2024_11_20_20_19_55_974.jpg, C:\Users\Owner\Downloads\simulator-windows-64\dataTrack1\IMG\right_2024_11_20_20_19_55_974.jpg, -0.5165475, 0, 0, 16.82067
C:\Users\Owner\Downloads\simulator-windows-64\dataTrack1\IMG\center_2024_11_20_20_19_56_078.jpg, C:\Users\Owner\Downloads\simulator-windows-64\dataTrack1\IMG\left_2024_11_20_20_19_56_078.jpg, C:\Users\Owner\Downloads\simulator-windows-64\dataTrack1\IMG\right_2024_11_20_20_19_56_078.jpg, -0.4117812, 0.0539571, 0, 17.06005
C:\Users\Owner\Downloads\simulator-windows-64\dataTrack1\IMG\center_2024_11_20_20_19_56_178.jpg, C:\Users\Owner\Downloads\simulator-windows-64\dataTrack1\IMG\left_2024_11_20_20_19_56_178.jpg, C:\Users\Owner\Downloads\simulator-windows-64\dataTrack1\IMG\right_2024_11_20_20_19_56_178.jpg, -0.1066333, 0.3591051, 0, 16.70749
C:\Users\Owner\Downloads\simulator-windows-64\dataTrack1\IMG\center_2024_11_20_20_19_56_287.jpg, C:\Users\Owner\Downloads\simulator-windows-64\dataTrack1\IMG\left_2024_11_20_20_19_56_287.jpg, C:\Users\Owner\Downloads\simulator-windows-64\dataTrack1\IMG\right_2024_11_20_20_19_56_287.jpg, 0, 0.09138689, 0, 17.19708
C:\Users\Owner\Downloads\simulator-windows-64\dataTrack1\IMG\center_2024_11_20_20_19_56_391.jpg, C:\Users\Owner\Downloads\simulator-windows-64\dataTrack1\IMG\left_2024_11_20_20_19_56_391.jpg, C:\Users\Owner\Downloads\simulator-windows-64\dataTrack1\IMG\right_2024_11_20_20_19_56_391.jpg, 0, 0.3463698, 0, 17.25026
C:\Users\Owner\Downloads\simulator-windows-64\dataTrack1\IMG\center_2024_11_20_20_19_56_493.jpg, C:\Users\Owner\Downloads\simulator-windows-64\dataTrack1\IMG\left_2024_11_20_20_19_56_493.jpg, C:\Users\Owner\Downloads\simulator-windows-64\dataTrack1\IMG\right_2024_11_20_20_19_56_493.jpg, 0, 0.2459538, 0, 17.04489
C:\Users\Owner\Downloads\simulator-windows-64\dataTrack1\IMG\center_2024_11_20_20_19_56_596.jpg, C:\Users\Owner\Downloads\simulator-windows-64\dataTrack1\IMG\left_2024_11_20_20_19_56_596.jpg, C:\Users\Owner\Downloads\simulator-windows-64\dataTrack1\IMG\right_2024_11_20_20_19_56_596.jpg, 0, 0.5562546, 0, 17.78468
C:\Users\Owner\Downloads\simulator-windows-64\dataTrack1\IMG\center_2024_11_20_20_19_56_699.jpg, C:\Users\Owner\Downloads\simulator-windows-64\dataTrack1\IMG\left_2024_11_20_20_19_56_699.jpg, C:\Users\Owner\Downloads\simulator-windows-64\dataTrack1\IMG\right_2024_11_20_20_19_56_699.jpg, 0, 0.4572527, 0, 17.99723
C:\Users\Owner\Downloads\simulator-windows-64\dataTrack1\IMG\center_2024_11_20_20_19_56_803.jpg, C:\Users\Owner\Downloads\simulator-windows-64\dataTrack1\IMG\left_2024_11_20_20_19_56_803.jpg, C:\Users\Owner\Downloads\simulator-windows-64\dataTrack1\IMG\right_2024_11_20_20_19_56_803.jpg, 0, 0.7209485, 0, 18.83209
C:\Users\Owner\Downloads\simulator-windows-64\dataTrack1\IMG\center_2024_11_20_20_19_56_908.jpg, C:\Users\Owner\Downloads\simulator-windows-64\dataTrack1\IMG\left_2024_11_20_20_19_56_908.jpg, C:\Users\Owner\Downloads\simulator-windows-64\dataTrack1\IMG\right_2024_11_20_20_19_56_908.jpg, 0, 0.7748045, 0, 19.81254
C:\Users\Owner\Downloads\simulator-windows-64\dataTrack1\IMG\center_2024_11_20_20_19_57_012.jpg, C:\Users\Owner\Downloads\simulator-windows-64\dataTrack1\IMG\left_2024_11_20_20_19_57_012.jpg, C:\Users\Owner\Downloads\simulator-windows-64\dataTrack1\IMG\right_2024_11_20_20_19_57_012.jpg, 0, 1, 0, 20.60654
C:\Users\Owner\Downloads\simulator-windows-64\dataTrack1\IMG\center_2024_11_20_20_19_57_117.jpg, C:\Users\Owner\Downloads\simulator-windows-64\dataTrack1\IMG\left_2024_11_20_20_19_57_117.jpg, C:\Users\Owner\Downloads\simulator-windows-64\dataTrack1\IMG\right_2024_11_20_20_19_57_117.jpg, 0, 0.8440471, 0, 21.64894
C:\Users\Owner\Downloads\simulator-windows-64\dataTrack1\IMG\center_2024_11_20_20_19_57_221.jpg, C:\Users\Owner\Downloads\simulator-windows-64\dataTrack1\IMG\left_2024_11_20_20_19_57_221.jpg, C:\Users\Owner\Downloads\simulator-windows-64\dataTrack1\IMG\right_2024_11_20_20_19_57_221.jpg, 0, 0.9816646, 0, 22.38389
C:\Users\Owner\Downloads\simulator-windows-64\dataTrack1\IMG\center_2024_11_20_20_19_57_324.jpg, C:\Users\Owner\Downloads\simulator-windows-64\dataTrack1\IMG\left_2024_11_20_20_19_57_324.jpg, C:\Users\Owner\Downloads\simulator-windows-64\dataTrack1\IMG\right_2024_11_20_20_19_57_324.jpg, -0.1701768, 0.8966281, 0, 23.36337
C:\Users\Owner\Downloads\simulator-windows-64\dataTrack1\IMG\center_2024_11_20_20_19_57_426.jpg, C:\Users\Owner\Downloads\simulator-windows-64\dataTrack1\IMG\left_2024_11_20_20_19_57_426.jpg, C:\Users\Owner\Downloads\simulator-windows-64\dataTrack1\IMG\right_2024_11_20_20_19_57_426.jpg, -0.4758756, 0.5909293, 0, 23.87018
C:\Users\Owner\Downloads\simulator-windows-64\dataTrack1\IMG\center_2024_11_20_20_19_57_530.jpg, C:\Users\Owner\Downloads\simulator-windows-64\dataTrack1\IMG\left_2024_11_20_20_19_57_530.jpg, C:\Users\Owner\Downloads\simulator-windows-64\dataTrack1\IMG\right_2024_11_20_20_19_57_530.jpg, -0.2175804, 0.2290092, 0, 24.09011
C:\Users\Owner\Downloads\simulator-windows-64\dataTrack1\IMG\center_2024_11_20_20_19_57_635.jpg, C:\Users\Owner\Downloads\simulator-windows-64\dataTrack1\IMG\left_2024_11_20_20_19_57_635.jpg, C:\Users\Owner\Downloads\simulator-windows-64\dataTrack1\IMG\right_2024_11_20_20_19_57_635.jpg, 0, 0.5430135, 0, 24.31454
C:\Users\Owner\Downloads\simulator-windows-64\dataTrack1\IMG\center_2024_11_20_20_19_57_739.jpg, C:\Users\Owner\Downloads\simulator-windows-64\dataTrack1\IMG\left_2024_11_20_20_19_57_739.jpg, C:\Users\Owner\Downloads\simulator-windows-64\dataTrack1\IMG\right_2024_11_20_20_19_57_739.jpg, 0, 0.4054467, 0, 24.72823
C:\Users\Owner\Downloads\simulator-windows-64\dataTrack1\IMG\center_2024_11_20_20_19_57_842.jpg, C:\Users\Owner\Downloads\simulator-windows-64\dataTrack1\IMG\left_2024_11_20_20_19_57_842.jpg, C:\Users\Owner\Downloads\simulator-windows-64\dataTrack1\IMG\right_2024_11_20_20_19_57_842.jpg, 0, 0.1012359, 0, 24.81822
C:\Users\Owner\Downloads\simulator-windows-64\dataTrack1\IMG\center_2024_11_20_20_19_57_947.jpg, C:\Users\Owner\Downloads\simulator-windows-64\dataTrack1\IMG\left_2024_11_20_20_19_57_947.jpg, C:\Users\Owner\Downloads\simulator-windows-64\dataTrack1\IMG\right_2024_11_20_20_19_57_947.jpg, 0, 0.4206339, 0, 24.89078
C:\Users\Owner\Downloads\simulator-windows-64\dataTrack1\IMG\center_2024_11_20_20_19_58_050.jpg, C:\Users\Owner\Downloads\simulator-windows-64\dataTrack1\IMG\left_2024_11_20_20_19_58_050.jpg, C:\Users\Owner\Downloads\simulator-windows-64\dataTrack1\IMG\right_2024_11_20_20_19_58_050.jpg, 0, 0.1118889, 0, 24.95372
C:\Users\Owner\Downloads\simulator-windows-64\dataTrack1\IMG\center_2024_11_20_20_19_58_154.jpg, C:\Users\Owner\Downloads\simulator-windows-64\dataTrack1\IMG\left_2024_11_20_20_19_58_154.jpg, C:\Users\Owner\Downloads\simulator-windows-64\dataTrack1\IMG\right_2024_11_20_20_19_58_154.jpg, -0.1049484, 0.2485293, 0, 24.85031
C:\Users\Owner\Downloads\simulator-windows-64\dataTrack1\IMG\center_2024_11_20_20_19_58_259.jpg, C:\Users\Owner\Downloads\simulator-windows-64\dataTrack1\IMG\left_2024_11_20_20_19_58_259.jpg, C:\Users\Owner\Downloads\simulator-windows-64\dataTrack1\IMG\right_2024_11_20_20_19_58_259.jpg, -0.4189527, 0, 0, 24.63054
C:\Users\Owner\Downloads\simulator-windows-64\dataTrack1\IMG\center_2024_11_20_20_19_58_363.jpg, C:\Users\Owner\Downloads\simulator-windows-64\dataTrack1\IMG\left_2024_11_20_20_19_58_363.jpg, C:\Users\Owner\Downloads\simulator-windows-64\dataTrack1\IMG\right_2024_11_20_20_19_58_363.jpg, -0.5257143, 0, 0, 24.17164
C:\Users\Owner\Downloads\simulator-windows-64\dataTrack1\IMG\center_2024_11_20_20_19_58_465.jpg, C:\Users\Owner\Downloads\simulator-windows-64\dataTrack1\IMG\left_2024_11_20_20_19_58_465.jpg, C:\Users\Owner\Downloads\simulator-windows-64\dataTrack1\IMG\right_2024_11_20_20_19_58_465.jpg, -0.2735412, 0, 0, 23.92353
C:\Users\Owner\Downloads\simulator-windows-64\dataTrack1\IMG\center_2024_11_20_20_19_58_570.jpg, C:\Users\Owner\Downloads\simulator-windows-64\dataTrack1\IMG\left_2024_11_20_20_19_58_570.jpg, C:\Users\Owner\Downloads\simulator-windows-64\dataTrack1\IMG\right_2024_11_20_20_19_58_570.jpg, 0, 0.1581558, 0, 23.67181
C:\Users\Owner\Downloads\simulator-windows-64\dataTrack1\IMG\center_2024_11_20_20_19_58_673.jpg, C:\Users\Owner\Downloads\simulator-windows-64\dataTrack1\IMG\left_2024_11_20_20_19_58_673.jpg, C:\Users\Owner\Downloads\simulator-windows-64\dataTrack1\IMG\right_2024_11_20_20_19_58_673.jpg, 0, 0.1547682, 0, 23.72305
C:\Users\Owner\Downloads\simulator-windows-64\dataTrack1\IMG\center_2024_11_20_20_19_58_776.jpg, C:\Users\Owner\Downloads\simulator-windows-64\dataTrack1\IMG\left_2024_11_20_20_19_58_776.jpg, C:\Users\Owner\Downloads\simulator-windows-64\dataTrack1\IMG\right_2024_11_20_20_19_58_776.jpg, 0, 0.1056033, 0, 23.53858
C:\Users\Owner\Downloads\simulator-windows-64\dataTrack1\IMG\center_2024_11_20_20_19_58_880.jpg, C:\Users\Owner\Downloads\simulator-windows-64\dataTrack1\IMG\left_2024_11_20_20_19_58_880.jpg, C:\Users\Owner\Downloads\simulator-windows-64\dataTrack1\IMG\right_2024_11_20_20_19_58_880.jpg, 0, 0.1087137, 0, 23.52267
C:\Users\Owner\Downloads\simulator-windows-64\dataTrack1\IMG\center_2024_11_20_20_19_58_983.jpg, C:\Users\Owner\Downloads\simulator-windows-64\dataTrack1\IMG\left_2024_11_20_20_19_58_983.jpg, C:\Users\Owner\Downloads\simulator-windows-64\dataTrack1\IMG\right_2024_11_20_20_19_58_983.jpg, 0, 0.1562424, 0, 23.34861
C:\Users\Owner\Downloads\simulator-windows-64\dataTrack1\IMG\center_2024_11_20_20_19_59_087.jpg, C:\Users\Owner\Downloads\simulator-windows-64\dataTrack1\IMG\left_2024_11_20_20_19_59_087.jpg, C:\Users\Owner\Downloads\simulator-windows-64\dataTrack1\IMG\right_2024_11_20_20_19_59_087.jpg, 0, 0.05047621, 0, 23.33217
C:\Users\Owner\Downloads\simulator-windows-64\dataTrack1\IMG\center_2024_11_20_20_19_59_190.jpg, C:\Users\Owner\Downloads\simulator-windows-64\dataTrack1\IMG\left_2024_11_20_20_19_59_190.jpg, C:\Users\Owner\Downloads\simulator-windows-64\dataTrack1\IMG\right_2024_11_20_20_19_59_190.jpg, 0, 0.2043162, 0, 23.19167
C:\Users\Owner\Downloads\simulator-windows-64\dataTrack1\IMG\center_2024_11_20_20_19_59_294.jpg, C:\Users\Owner\Downloads\simulator-windows-64\dataTrack1\IMG\left_2024_11_20_20_19_59_294.jpg, C:\Users\Owner\Downloads\simulator-windows-64\dataTrack1\IMG\right_2024_11_20_20_19_59_294.jpg, 0, 0.1964718, 0, 23.30376
C:\Users\Owner\Downloads\simulator-windows-64\dataTrack1\IMG\center_2024_11_20_20_19_59_396.jpg, C:\Users\Owner\Downloads\simulator-windows-64\dataTrack1\IMG\left_2024_11_20_20_19_59_396.jpg, C:\Users\Owner\Downloads\simulator-windows-64\dataTrack1\IMG\right_2024_11_20_20_19_59_396.jpg, -0.1539633, 0, 0, 23.1389
C:\Users\Owner\Downloads\simulator-windows-64\dataTrack1\IMG\center_2024_11_20_20_19_59_498.jpg, C:\Users\Owner\Downloads\simulator-windows-64\dataTrack1\IMG\left_2024_11_20_20_19_59_498.jpg, C:\Users\Owner\Downloads\simulator-windows-64\dataTrack1\IMG\right_2024_11_20_20_19_59_498.jpg, -0.3601041, 0, 0, 22.79832
C:\Users\Owner\Downloads\simulator-windows-64\dataTrack1\IMG\center_2024_11_20_20_19_59_605.jpg, C:\Users\Owner\Downloads\simulator-windows-64\dataTrack1\IMG\left_2024_11_20_20_19_59_605.jpg, C:\Users\Owner\Downloads\simulator-windows-64\dataTrack1\IMG\right_2024_11_20_20_19_59_605.jpg, -0.09452643, 0.2655777, 0, 22.7189
C:\Users\Owner\Downloads\simulator-windows-64\dataTrack1\IMG\center_2024_11_20_20_19_59_708.jpg, C:\Users\Owner\Downloads\simulator-windows-64\dataTrack1\IMG\left_2024_11_20_20_19_59_708.jpg, C:\Users\Owner\Downloads\simulator-windows-64\dataTrack1\IMG\right_2024_11_20_20_19_59_708.jpg, 0, 0.005897403, 0, 22.67879
C:\Users\Owner\Downloads\simulator-windows-64\dataTrack1\IMG\center_2024_11_20_20_19_59_812.jpg, C:\Users\Owner\Downloads\simulator-windows-64\dataTrack1\IMG\left_2024_11_20_20_19_59_812.jpg, C:\Users\Owner\Downloads\simulator-windows-64\dataTrack1\IMG\right_2024_11_20_20_19_59_812.jpg, 0, 0.1514754, 0, 22.50481
C:\Users\Owner\Downloads\simulator-windows-64\dataTrack1\IMG\center_2024_11_20_20_19_59_915.jpg, C:\Users\Owner\Downloads\simulator-windows-64\dataTrack1\IMG\left_2024_11_20_20_19_59_915.jpg, C:\Users\Owner\Downloads\simulator-windows-64\dataTrack1\IMG\right_2024_11_20_20_19_59_915.jpg, 0, 0.04449271, 0, 22.46909
C:\Users\Owner\Downloads\simulator-windows-64\dataTrack1\IMG\center_2024_11_20_20_20_00_019.jpg, C:\Users\Owner\Downloads\simulator-windows-64\dataTrack1\IMG\left_2024_11_20_20_20_00_019.jpg, C:\Users\Owner\Downloads\simulator-windows-64\dataTrack1\IMG\right_2024_11_20_20_20_00_019.jpg, 0, 0.1632171, 0, 22.30745
C:\Users\Owner\Downloads\simulator-windows-64\dataTrack1\IMG\center_2024_11_20_20_20_00_123.jpg, C:\Users\Owner\Downloads\simulator-windows-64\dataTrack1\IMG\left_2024_11_20_20_20_00_123.jpg, C:\Users\Owner\Downloads\simulator-windows-64\dataTrack1\IMG\right_2024_11_20_20_20_00_123.jpg, -0.0542235, 0.265809, 0, 22.42664
C:\Users\Owner\Downloads\simulator-windows-64\dataTrack1\IMG\center_2024_11_20_20_20_00_226.jpg, C:\Users\Owner\Downloads\simulator-windows-64\dataTrack1\IMG\left_2024_11_20_20_20_00_226.jpg, C:\Users\Owner\Downloads\simulator-windows-64\dataTrack1\IMG\right_2024_11_20_20_20_00_226.jpg, -0.3147117, 0.00532084, 0, 22.32007
C:\Users\Owner\Downloads\simulator-windows-64\dataTrack1\IMG\center_2024_11_20_20_20_00_330.jpg, C:\Users\Owner\Downloads\simulator-windows-64\dataTrack1\IMG\left_2024_11_20_20_20_00_330.jpg, C:\Users\Owner\Downloads\simulator-windows-64\dataTrack1\IMG\right_2024_11_20_20_20_00_330.jpg, -0.05316243, 0.0525789, 0, 22.0279
C:\Users\Owner\Downloads\simulator-windows-64\dataTrack1\IMG\center_2024_11_20_20_20_00_433.jpg, C:\Users\Owner\Downloads\simulator-windows-64\dataTrack1\IMG\left_2024_11_20_20_20_00_433.jpg, C:\Users\Owner\Downloads\simulator-windows-64\dataTrack1\IMG\right_2024_11_20_20_20_00_433.jpg, 0, 0.2559552, 0, 22.05596
C:\Users\Owner\Downloads\simulator-windows-64\dataTrack1\IMG\center_2024_11_20_20_20_00_538.jpg, C:\Users\Owner\Downloads\simulator-windows-64\dataTrack1\IMG\left_2024_11_20_20_20_00_538.jpg, C:\Users\Owner\Downloads\simulator-windows-64\dataTrack1\IMG\right_2024_11_20_20_20_00_538.jpg, 0, 0, 0, 21.96216
C:\Users\Owner\Downloads\simulator-windows-64\dataTrack1\IMG\center_2024_11_20_20_20_00_642.jpg, C:\Users\Owner\Downloads\simulator-windows-64\dataTrack1\IMG\left_2024_11_20_20_20_00_642.jpg, C:\Users\Owner\Downloads\simulator-windows-64\dataTrack1\IMG\right_2024_11_20_20_20_00_642.jpg, 0, 0.2262177, 0, 21.81483
C:\Users\Owner\Downloads\simulator-windows-64\dataTrack1\IMG\center_2024_11_20_20_20_00_745.jpg, C:\Users\Owner\Downloads\simulator-windows-64\dataTrack1\IMG\left_2024_11_20_20_20_00_745.jpg, C:\Users\Owner\Downloads\simulator-windows-64\dataTrack1\IMG\right_2024_11_20_20_20_00_745.jpg, 0, 0.2764434, 0, 21.97639
C:\Users\Owner\Downloads\simulator-windows-64\dataTrack1\IMG\center_2024_11_20_20_20_00_847.jpg, C:\Users\Owner\Downloads\simulator-windows-64\dataTrack1\IMG\left_2024_11_20_20_20_00_847.jpg, C:\Users\Owner\Downloads\simulator-windows-64\dataTrack1\IMG\right_2024_11_20_20_20_00_847.jpg, -0.2538828, 0, 0, 21.88094
C:\Users\Owner\Downloads\simulator-windows-64\dataTrack1\IMG\center_2024_11_20_20_20_00_949.jpg, C:\Users\Owner\Downloads\simulator-windows-64\dataTrack1\IMG\left_2024_11_20_20_20_00_949.jpg, C:\Users\Owner\Downloads\simulator-windows-64\dataTrack1\IMG\right_2024_11_20_20_20_00_949.jpg, -0.2014875, 0, 0, 21.53588
C:\Users\Owner\Downloads\simulator-windows-64\dataTrack1\IMG\center_2024_11_20_20_20_01_055.jpg, C:\Users\Owner\Downloads\simulator-windows-64\dataTrack1\IMG\left_2024_11_20_20_20_01_055.jpg, C:\Users\Owner\Downloads\simulator-windows-64\dataTrack1\IMG\right_2024_11_20_20_20_01_055.jpg, 0, 0.3173022, 0, 21.46855
C:\Users\Owner\Downloads\simulator-windows-64\dataTrack1\IMG\center_2024_11_20_20_20_01_158.jpg, C:\Users\Owner\Downloads\simulator-windows-64\dataTrack1\IMG\left_2024_11_20_20_20_01_158.jpg, C:\Users\Owner\Downloads\simulator-windows-64\dataTrack1\IMG\right_2024_11_20_20_20_01_158.jpg, 0, 0.3146385, 0, 21.78217
C:\Users\Owner\Downloads\simulator-windows-64\dataTrack1\IMG\center_2024_11_20_20_20_01_262.jpg, C:\Users\Owner\Downloads\simulator-windows-64\dataTrack1\IMG\left_2024_11_20_20_20_01_262.jpg, C:\Users\Owner\Downloads\simulator-windows-64\dataTrack1\IMG\right_2024_11_20_20_20_01_262.jpg, 0, 0.2193429, 0, 21.74763
C:\Users\Owner\Downloads\simulator-windows-64\dataTrack1\IMG\center_2024_11_20_20_20_01_363.jpg, C:\Users\Owner\Downloads\simulator-windows-64\dataTrack1\IMG\left_2024_11_20_20_20_01_363.jpg, C:\Users\Owner\Downloads\simulator-windows-64\dataTrack1\IMG\right_2024_11_20_20_20_01_363.jpg, 0, 0.3212025, 0, 22.00757
C:\Users\Owner\Downloads\simulator-windows-64\dataTrack1\IMG\center_2024_11_20_20_20_01_470.jpg, C:\Users\Owner\Downloads\simulator-windows-64\dataTrack1\IMG\left_2024_11_20_20_20_01_470.jpg, C:\Users\Owner\Downloads\simulator-windows-64\dataTrack1\IMG\right_2024_11_20_20_20_01_470.jpg, 0, 0.2160837, 0, 22.01503
C:\Users\Owner\Downloads\simulator-windows-64\dataTrack1\IMG\center_2024_11_20_20_20_01_573.jpg, C:\Users\Owner\Downloads\simulator-windows-64\dataTrack1\IMG\left_2024_11_20_20_20_01_573.jpg, C:\Users\Owner\Downloads\simulator-windows-64\dataTrack1\IMG\right_2024_11_20_20_20_01_573.jpg, 0, 0.110034, 0, 21.99064
C:\Users\Owner\Downloads\simulator-windows-64\dataTrack1\IMG\center_2024_11_20_20_20_01_677.jpg, C:\Users\Owner\Downloads\simulator-windows-64\dataTrack1\IMG\left_2024_11_20_20_20_01_677.jpg, C:\Users\Owner\Downloads\simulator-windows-64\dataTrack1\IMG\right_2024_11_20_20_20_01_677.jpg, -0.1569624, 0, 0, 21.8901
C:\Users\Owner\Downloads\simulator-windows-64\dataTrack1\IMG\center_2024_11_20_20_20_01_781.jpg, C:\Users\Owner\Downloads\simulator-windows-64\dataTrack1\IMG\left_2024_11_20_20_20_01_781.jpg, C:\Users\Owner\Downloads\simulator-windows-64\dataTrack1\IMG\right_2024_11_20_20_20_01_781.jpg, -0.4698225, 0, 0, 21.39361
C:\Users\Owner\Downloads\simulator-windows-64\dataTrack1\IMG\center_2024_11_20_20_20_01_882.jpg, C:\Users\Owner\Downloads\simulator-windows-64\dataTrack1\IMG\left_2024_11_20_20_20_01_882.jpg, C:\Users\Owner\Downloads\simulator-windows-64\dataTrack1\IMG\right_2024_11_20_20_20_01_882.jpg, -0.4633089, 0, 0, 21.22959
C:\Users\Owner\Downloads\simulator-windows-64\dataTrack1\IMG\center_2024_11_20_20_20_01_989.jpg, C:\Users\Owner\Downloads\simulator-windows-64\dataTrack1\IMG\left_2024_11_20_20_20_01_989.jpg, C:\Users\Owner\Downloads\simulator-windows-64\dataTrack1\IMG\right_2024_11_20_20_20_01_989.jpg, -0.1424961, 0.3208128, 0, 21.21457
C:\Users\Owner\Downloads\simulator-windows-64\dataTrack1\IMG\center_2024_11_20_20_20_02_094.jpg, C:\Users\Owner\Downloads\simulator-windows-64\dataTrack1\IMG\left_2024_11_20_20_20_02_094.jpg, C:\Users\Owner\Downloads\simulator-windows-64\dataTrack1\IMG\right_2024_11_20_20_20_02_094.jpg, 0, 0.3266771, 0, 21.27774
C:\Users\Owner\Downloads\simulator-windows-64\dataTrack1\IMG\center_2024_11_20_20_20_02_197.jpg, C:\Users\Owner\Downloads\simulator-windows-64\dataTrack1\IMG\left_2024_11_20_20_20_02_197.jpg, C:\Users\Owner\Downloads\simulator-windows-64\dataTrack1\IMG\right_2024_11_20_20_20_02_197.jpg, 0, 0.2315021, 0, 21.50521
C:\Users\Owner\Downloads\simulator-windows-64\dataTrack1\IMG\center_2024_11_20_20_20_02_298.jpg, C:\Users\Owner\Downloads\simulator-windows-64\dataTrack1\IMG\left_2024_11_20_20_20_02_298.jpg, C:\Users\Owner\Downloads\simulator-windows-64\dataTrack1\IMG\right_2024_11_20_20_20_02_298.jpg, 0, 0.3394142, 0, 21.49382
C:\Users\Owner\Downloads\simulator-windows-64\dataTrack1\IMG\center_2024_11_20_20_20_02_404.jpg, C:\Users\Owner\Downloads\simulator-windows-64\dataTrack1\IMG\left_2024_11_20_20_20_02_404.jpg, C:\Users\Owner\Downloads\simulator-windows-64\dataTrack1\IMG\right_2024_11_20_20_20_02_404.jpg, 0, 0.2334353, 0, 21.74642
C:\Users\Owner\Downloads\simulator-windows-64\dataTrack1\IMG\center_2024_11_20_20_20_02_507.jpg, C:\Users\Owner\Downloads\simulator-windows-64\dataTrack1\IMG\left_2024_11_20_20_20_02_507.jpg, C:\Users\Owner\Downloads\simulator-windows-64\dataTrack1\IMG\right_2024_11_20_20_20_02_507.jpg, 0, 0.2336756, 0, 21.94226
C:\Users\Owner\Downloads\simulator-windows-64\dataTrack1\IMG\center_2024_11_20_20_20_02_608.jpg, C:\Users\Owner\Downloads\simulator-windows-64\dataTrack1\IMG\left_2024_11_20_20_20_02_608.jpg, C:\Users\Owner\Downloads\simulator-windows-64\dataTrack1\IMG\right_2024_11_20_20_20_02_608.jpg, 0, 0.3267971, 0, 21.77114
C:\Users\Owner\Downloads\simulator-windows-64\dataTrack1\IMG\center_2024_11_20_20_20_02_713.jpg, C:\Users\Owner\Downloads\simulator-windows-64\dataTrack1\IMG\left_2024_11_20_20_20_02_713.jpg, C:\Users\Owner\Downloads\simulator-windows-64\dataTrack1\IMG\right_2024_11_20_20_20_02_713.jpg, 0, 0.4326965, 0, 22.29725
C:\Users\Owner\Downloads\simulator-windows-64\dataTrack1\IMG\center_2024_11_20_20_20_02_816.jpg, C:\Users\Owner\Downloads\simulator-windows-64\dataTrack1\IMG\left_2024_11_20_20_20_02_816.jpg, C:\Users\Owner\Downloads\simulator-windows-64\dataTrack1\IMG\right_2024_11_20_20_20_02_816.jpg, 0, 0.3301925, 0, 22.33066
C:\Users\Owner\Downloads\simulator-windows-64\dataTrack1\IMG\center_2024_11_20_20_20_02_921.jpg, C:\Users\Owner\Downloads\simulator-windows-64\dataTrack1\IMG\left_2024_11_20_20_20_02_921.jpg, C:\Users\Owner\Downloads\simulator-windows-64\dataTrack1\IMG\right_2024_11_20_20_20_02_921.jpg, 0, 0.4395281, 0, 22.75197
C:\Users\Owner\Downloads\simulator-windows-64\dataTrack1\IMG\center_2024_11_20_20_20_03_026.jpg, C:\Users\Owner\Downloads\simulator-windows-64\dataTrack1\IMG\left_2024_11_20_20_20_03_026.jpg, C:\Users\Owner\Downloads\simulator-windows-64\dataTrack1\IMG\right_2024_11_20_20_20_03_026.jpg, 0, 0.3874772, 0, 22.88289
C:\Users\Owner\Downloads\simulator-windows-64\dataTrack1\IMG\center_2024_11_20_20_20_03_131.jpg, C:\Users\Owner\Downloads\simulator-windows-64\dataTrack1\IMG\left_2024_11_20_20_20_03_131.jpg, C:\Users\Owner\Downloads\simulator-windows-64\dataTrack1\IMG\right_2024_11_20_20_20_03_131.jpg, -0.0536292, 0.6496783, 0, 23.48272
C:\Users\Owner\Downloads\simulator-windows-64\dataTrack1\IMG\center_2024_11_20_20_20_03_231.jpg, C:\Users\Owner\Downloads\simulator-windows-64\dataTrack1\IMG\left_2024_11_20_20_20_03_231.jpg, C:\Users\Owner\Downloads\simulator-windows-64\dataTrack1\IMG\right_2024_11_20_20_20_03_231.jpg, -0.3564858, 0.3468218, 0, 23.75481
C:\Users\Owner\Downloads\simulator-windows-64\dataTrack1\IMG\center_2024_11_20_20_20_03_336.jpg, C:\Users\Owner\Downloads\simulator-windows-64\dataTrack1\IMG\left_2024_11_20_20_20_03_336.jpg, C:\Users\Owner\Downloads\simulator-windows-64\dataTrack1\IMG\right_2024_11_20_20_20_03_336.jpg, -0.2566209, 0.03532484, 0, 23.66439
C:\Users\Owner\Downloads\simulator-windows-64\dataTrack1\IMG\center_2024_11_20_20_20_03_439.jpg, C:\Users\Owner\Downloads\simulator-windows-64\dataTrack1\IMG\left_2024_11_20_20_20_03_439.jpg, C:\Users\Owner\Downloads\simulator-windows-64\dataTrack1\IMG\right_2024_11_20_20_20_03_439.jpg, 0, 0.2060856, 0, 23.48925
C:\Users\Owner\Downloads\simulator-windows-64\dataTrack1\IMG\center_2024_11_20_20_20_03_542.jpg, C:\Users\Owner\Downloads\simulator-windows-64\dataTrack1\IMG\left_2024_11_20_20_20_03_542.jpg, C:\Users\Owner\Downloads\simulator-windows-64\dataTrack1\IMG\right_2024_11_20_20_20_03_542.jpg, 0, 0.2057913, 0, 23.60914
C:\Users\Owner\Downloads\simulator-windows-64\dataTrack1\IMG\center_2024_11_20_20_20_03_645.jpg, C:\Users\Owner\Downloads\simulator-windows-64\dataTrack1\IMG\left_2024_11_20_20_20_03_645.jpg, C:\Users\Owner\Downloads\simulator-windows-64\dataTrack1\IMG\right_2024_11_20_20_20_03_645.jpg, 0, 0.1539294, 0, 23.51219
C:\Users\Owner\Downloads\simulator-windows-64\dataTrack1\IMG\center_2024_11_20_20_20_03_749.jpg, C:\Users\Owner\Downloads\simulator-windows-64\dataTrack1\IMG\left_2024_11_20_20_20_03_749.jpg, C:\Users\Owner\Downloads\simulator-windows-64\dataTrack1\IMG\right_2024_11_20_20_20_03_749.jpg, 0, 0.3117006, 0, 23.70428
C:\Users\Owner\Downloads\simulator-windows-64\dataTrack1\IMG\center_2024_11_20_20_20_03_853.jpg, C:\Users\Owner\Downloads\simulator-windows-64\dataTrack1\IMG\left_2024_11_20_20_20_03_853.jpg, C:\Users\Owner\Downloads\simulator-windows-64\dataTrack1\IMG\right_2024_11_20_20_20_03_853.jpg, 0, 0.3088005, 0, 23.72713
C:\Users\Owner\Downloads\simulator-windows-64\dataTrack1\IMG\center_2024_11_20_20_20_03_958.jpg, C:\Users\Owner\Downloads\simulator-windows-64\dataTrack1\IMG\left_2024_11_20_20_20_03_958.jpg, C:\Users\Owner\Downloads\simulator-windows-64\dataTrack1\IMG\right_2024_11_20_20_20_03_958.jpg, 0, 0.4142739, 0, 24.01312
C:\Users\Owner\Downloads\simulator-windows-64\dataTrack1\IMG\center_2024_11_20_20_20_04_061.jpg, C:\Users\Owner\Downloads\simulator-windows-64\dataTrack1\IMG\left_2024_11_20_20_20_04_061.jpg, C:\Users\Owner\Downloads\simulator-windows-64\dataTrack1\IMG\right_2024_11_20_20_20_04_061.jpg, 0, 0.4116624, 0, 24.17144
C:\Users\Owner\Downloads\simulator-windows-64\dataTrack1\IMG\center_2024_11_20_20_20_04_164.jpg, C:\Users\Owner\Downloads\simulator-windows-64\dataTrack1\IMG\left_2024_11_20_20_20_04_164.jpg, C:\Users\Owner\Downloads\simulator-windows-64\dataTrack1\IMG\right_2024_11_20_20_20_04_164.jpg, 0, 0.5571501, 0, 24.5697
C:\Users\Owner\Downloads\simulator-windows-64\dataTrack1\IMG\center_2024_11_20_20_20_04_266.jpg, C:\Users\Owner\Downloads\simulator-windows-64\dataTrack1\IMG\left_2024_11_20_20_20_04_266.jpg, C:\Users\Owner\Downloads\simulator-windows-64\dataTrack1\IMG\right_2024_11_20_20_20_04_266.jpg, 0, 0.4520442, 0, 24.84052
C:\Users\Owner\Downloads\simulator-windows-64\dataTrack1\IMG\center_2024_11_20_20_20_04_371.jpg, C:\Users\Owner\Downloads\simulator-windows-64\dataTrack1\IMG\left_2024_11_20_20_20_04_371.jpg, C:\Users\Owner\Downloads\simulator-windows-64\dataTrack1\IMG\right_2024_11_20_20_20_04_371.jpg, 0, 0.4990785, 0, 25.38358
C:\Users\Owner\Downloads\simulator-windows-64\dataTrack1\IMG\center_2024_11_20_20_20_04_474.jpg, C:\Users\Owner\Downloads\simulator-windows-64\dataTrack1\IMG\left_2024_11_20_20_20_04_474.jpg, C:\Users\Owner\Downloads\simulator-windows-64\dataTrack1\IMG\right_2024_11_20_20_20_04_474.jpg, 0, 0.5977581, 0, 25.70369
C:\Users\Owner\Downloads\simulator-windows-64\dataTrack1\IMG\center_2024_11_20_20_20_04_577.jpg, C:\Users\Owner\Downloads\simulator-windows-64\dataTrack1\IMG\left_2024_11_20_20_20_04_577.jpg, C:\Users\Owner\Downloads\simulator-windows-64\dataTrack1\IMG\right_2024_11_20_20_20_04_577.jpg, 0, 0.5925831, 0, 26.25459
C:\Users\Owner\Downloads\simulator-windows-64\dataTrack1\IMG\center_2024_11_20_20_20_04_679.jpg, C:\Users\Owner\Downloads\simulator-windows-64\dataTrack1\IMG\left_2024_11_20_20_20_04_679.jpg, C:\Users\Owner\Downloads\simulator-windows-64\dataTrack1\IMG\right_2024_11_20_20_20_04_679.jpg, 0, 0.689199, 0, 26.66911
C:\Users\Owner\Downloads\simulator-windows-64\dataTrack1\IMG\center_2024_11_20_20_20_04_783.jpg, C:\Users\Owner\Downloads\simulator-windows-64\dataTrack1\IMG\left_2024_11_20_20_20_04_783.jpg, C:\Users\Owner\Downloads\simulator-windows-64\dataTrack1\IMG\right_2024_11_20_20_20_04_783.jpg, 0, 0.5892419, 0, 27.28899
C:\Users\Owner\Downloads\simulator-windows-64\dataTrack1\IMG\center_2024_11_20_20_20_04_889.jpg, C:\Users\Owner\Downloads\simulator-windows-64\dataTrack1\IMG\left_2024_11_20_20_20_04_889.jpg, C:\Users\Owner\Downloads\simulator-windows-64\dataTrack1\IMG\right_2024_11_20_20_20_04_889.jpg, 0, 0.7276667, 0, 27.79937
C:\Users\Owner\Downloads\simulator-windows-64\dataTrack1\IMG\center_2024_11_20_20_20_04_992.jpg, C:\Users\Owner\Downloads\simulator-windows-64\dataTrack1\IMG\left_2024_11_20_20_20_04_992.jpg, C:\Users\Owner\Downloads\simulator-windows-64\dataTrack1\IMG\right_2024_11_20_20_20_04_992.jpg, 0, 0.7240998, 0, 28.49932
C:\Users\Owner\Downloads\simulator-windows-64\dataTrack1\IMG\center_2024_11_20_20_20_05_095.jpg, C:\Users\Owner\Downloads\simulator-windows-64\dataTrack1\IMG\left_2024_11_20_20_20_05_095.jpg, C:\Users\Owner\Downloads\simulator-windows-64\dataTrack1\IMG\right_2024_11_20_20_20_05_095.jpg, 0, 0.8586918, 0, 29.09667
C:\Users\Owner\Downloads\simulator-windows-64\dataTrack1\IMG\center_2024_11_20_20_20_05_200.jpg, C:\Users\Owner\Downloads\simulator-windows-64\dataTrack1\IMG\left_2024_11_20_20_20_05_200.jpg, C:\Users\Owner\Downloads\simulator-windows-64\dataTrack1\IMG\right_2024_11_20_20_20_05_200.jpg, 0, 0.7568154, 0, 29.88776
C:\Users\Owner\Downloads\simulator-windows-64\dataTrack1\IMG\center_2024_11_20_20_20_05_301.jpg, C:\Users\Owner\Downloads\simulator-windows-64\dataTrack1\IMG\left_2024_11_20_20_20_05_301.jpg, C:\Users\Owner\Downloads\simulator-windows-64\dataTrack1\IMG\right_2024_11_20_20_20_05_301.jpg, 0, 1, 0, 30.19464
C:\Users\Owner\Downloads\simulator-windows-64\dataTrack1\IMG\center_2024_11_20_20_20_05_406.jpg, C:\Users\Owner\Downloads\simulator-windows-64\dataTrack1\IMG\left_2024_11_20_20_20_05_406.jpg, C:\Users\Owner\Downloads\simulator-windows-64\dataTrack1\IMG\right_2024_11_20_20_20_05_406.jpg, 0, 0.7382638, 0, 30.13631
C:\Users\Owner\Downloads\simulator-windows-64\dataTrack1\IMG\center_2024_11_20_20_20_05_508.jpg, C:\Users\Owner\Downloads\simulator-windows-64\dataTrack1\IMG\left_2024_11_20_20_20_05_508.jpg, C:\Users\Owner\Downloads\simulator-windows-64\dataTrack1\IMG\right_2024_11_20_20_20_05_508.jpg, -0.2025339, 0.3778958, 0, 30.02963
C:\Users\Owner\Downloads\simulator-windows-64\dataTrack1\IMG\center_2024_11_20_20_20_05_611.jpg, C:\Users\Owner\Downloads\simulator-windows-64\dataTrack1\IMG\left_2024_11_20_20_20_05_611.jpg, C:\Users\Owner\Downloads\simulator-windows-64\dataTrack1\IMG\right_2024_11_20_20_20_05_611.jpg, -0.3053898, 0.06817549, 0, 29.83435
C:\Users\Owner\Downloads\simulator-windows-64\dataTrack1\IMG\center_2024_11_20_20_20_05_715.jpg, C:\Users\Owner\Downloads\simulator-windows-64\dataTrack1\IMG\left_2024_11_20_20_20_05_715.jpg, C:\Users\Owner\Downloads\simulator-windows-64\dataTrack1\IMG\right_2024_11_20_20_20_05_715.jpg, 0, 0.1047156, 0, 29.56207
C:\Users\Owner\Downloads\simulator-windows-64\dataTrack1\IMG\center_2024_11_20_20_20_05_820.jpg, C:\Users\Owner\Downloads\simulator-windows-64\dataTrack1\IMG\left_2024_11_20_20_20_05_820.jpg, C:\Users\Owner\Downloads\simulator-windows-64\dataTrack1\IMG\right_2024_11_20_20_20_05_820.jpg, 0, 0.3099288, 0, 29.55594
C:\Users\Owner\Downloads\simulator-windows-64\dataTrack1\IMG\center_2024_11_20_20_20_05_924.jpg, C:\Users\Owner\Downloads\simulator-windows-64\dataTrack1\IMG\left_2024_11_20_20_20_05_924.jpg, C:\Users\Owner\Downloads\simulator-windows-64\dataTrack1\IMG\right_2024_11_20_20_20_05_924.jpg, 0, 0, 0, 29.48067
C:\Users\Owner\Downloads\simulator-windows-64\dataTrack1\IMG\center_2024_11_20_20_20_06_028.jpg, C:\Users\Owner\Downloads\simulator-windows-64\dataTrack1\IMG\left_2024_11_20_20_20_06_028.jpg, C:\Users\Owner\Downloads\simulator-windows-64\dataTrack1\IMG\right_2024_11_20_20_20_06_028.jpg, 0, 0.3112614, 0, 29.32965
C:\Users\Owner\Downloads\simulator-windows-64\dataTrack1\IMG\center_2024_11_20_20_20_06_132.jpg, C:\Users\Owner\Downloads\simulator-windows-64\dataTrack1\IMG\left_2024_11_20_20_20_06_132.jpg, C:\Users\Owner\Downloads\simulator-windows-64\dataTrack1\IMG\right_2024_11_20_20_20_06_132.jpg, 0, 0, 0, 29.22827
C:\Users\Owner\Downloads\simulator-windows-64\dataTrack1\IMG\center_2024_11_20_20_20_06_233.jpg, C:\Users\Owner\Downloads\simulator-windows-64\dataTrack1\IMG\left_2024_11_20_20_20_06_233.jpg, C:\Users\Owner\Downloads\simulator-windows-64\dataTrack1\IMG\right_2024_11_20_20_20_06_233.jpg, 0, 0.1994193, 0, 29.11685
C:\Users\Owner\Downloads\simulator-windows-64\dataTrack1\IMG\center_2024_11_20_20_20_06_338.jpg, C:\Users\Owner\Downloads\simulator-windows-64\dataTrack1\IMG\left_2024_11_20_20_20_06_338.jpg, C:\Users\Owner\Downloads\simulator-windows-64\dataTrack1\IMG\right_2024_11_20_20_20_06_338.jpg, 0, 0, 0, 28.90585
C:\Users\Owner\Downloads\simulator-windows-64\dataTrack1\IMG\center_2024_11_20_20_20_06_442.jpg, C:\Users\Owner\Downloads\simulator-windows-64\dataTrack1\IMG\left_2024_11_20_20_20_06_442.jpg, C:\Users\Owner\Downloads\simulator-windows-64\dataTrack1\IMG\right_2024_11_20_20_20_06_442.jpg, 0, 0.199662, 0, 28.76296
C:\Users\Owner\Downloads\simulator-windows-64\dataTrack1\IMG\center_2024_11_20_20_20_06_545.jpg, C:\Users\Owner\Downloads\simulator-windows-64\dataTrack1\IMG\left_2024_11_20_20_20_06_545.jpg, C:\Users\Owner\Downloads\simulator-windows-64\dataTrack1\IMG\right_2024_11_20_20_20_06_545.jpg, 0, 0, 0, 28.57731
C:\Users\Owner\Downloads\simulator-windows-64\dataTrack1\IMG\center_2024_11_20_20_20_06_649.jpg, C:\Users\Owner\Downloads\simulator-windows-64\dataTrack1\IMG\left_2024_11_20_20_20_06_649.jpg, C:\Users\Owner\Downloads\simulator-windows-64\dataTrack1\IMG\right_2024_11_20_20_20_06_649.jpg, 0, 0.2056713, 0, 28.45127
C:\Users\Owner\Downloads\simulator-windows-64\dataTrack1\IMG\center_2024_11_20_20_20_06_752.jpg, C:\Users\Owner\Downloads\simulator-windows-64\dataTrack1\IMG\left_2024_11_20_20_20_06_752.jpg, C:\Users\Owner\Downloads\simulator-windows-64\dataTrack1\IMG\right_2024_11_20_20_20_06_752.jpg, 0, 0, 0, 28.23619
C:\Users\Owner\Downloads\simulator-windows-64\dataTrack1\IMG\center_2024_11_20_20_20_06_857.jpg, C:\Users\Owner\Downloads\simulator-windows-64\dataTrack1\IMG\left_2024_11_20_20_20_06_857.jpg, C:\Users\Owner\Downloads\simulator-windows-64\dataTrack1\IMG\right_2024_11_20_20_20_06_857.jpg, 0, 0, 0, 27.95225
C:\Users\Owner\Downloads\simulator-windows-64\dataTrack1\IMG\center_2024_11_20_20_20_06_961.jpg, C:\Users\Owner\Downloads\simulator-windows-64\dataTrack1\IMG\left_2024_11_20_20_20_06_961.jpg, C:\Users\Owner\Downloads\simulator-windows-64\dataTrack1\IMG\right_2024_11_20_20_20_06_961.jpg, 0, 0.1024413, 0, 27.68891
C:\Users\Owner\Downloads\simulator-windows-64\dataTrack1\IMG\center_2024_11_20_20_20_07_065.jpg, C:\Users\Owner\Downloads\simulator-windows-64\dataTrack1\IMG\left_2024_11_20_20_20_07_065.jpg, C:\Users\Owner\Downloads\simulator-windows-64\dataTrack1\IMG\right_2024_11_20_20_20_07_065.jpg, 0, 0.3021699, 0, 27.68106
C:\Users\Owner\Downloads\simulator-windows-64\dataTrack1\IMG\center_2024_11_20_20_20_07_168.jpg, C:\Users\Owner\Downloads\simulator-windows-64\dataTrack1\IMG\left_2024_11_20_20_20_07_168.jpg, C:\Users\Owner\Downloads\simulator-windows-64\dataTrack1\IMG\right_2024_11_20_20_20_07_168.jpg, 0, 0.1077375, 0, 27.57726
C:\Users\Owner\Downloads\simulator-windows-64\dataTrack1\IMG\center_2024_11_20_20_20_07_270.jpg, C:\Users\Owner\Downloads\simulator-windows-64\dataTrack1\IMG\left_2024_11_20_20_20_07_270.jpg, C:\Users\Owner\Downloads\simulator-windows-64\dataTrack1\IMG\right_2024_11_20_20_20_07_270.jpg, 0, 0.4132473, 0, 27.6257
C:\Users\Owner\Downloads\simulator-windows-64\dataTrack1\IMG\center_2024_11_20_20_20_07_375.jpg, C:\Users\Owner\Downloads\simulator-windows-64\dataTrack1\IMG\left_2024_11_20_20_20_07_375.jpg, C:\Users\Owner\Downloads\simulator-windows-64\dataTrack1\IMG\right_2024_11_20_20_20_07_375.jpg, -0.054639, 0.09645994, 0, 27.65377
C:\Users\Owner\Downloads\simulator-windows-64\dataTrack1\IMG\center_2024_11_20_20_20_07_477.jpg, C:\Users\Owner\Downloads\simulator-windows-64\dataTrack1\IMG\left_2024_11_20_20_20_07_477.jpg, C:\Users\Owner\Downloads\simulator-windows-64\dataTrack1\IMG\right_2024_11_20_20_20_07_477.jpg, -0.3597594, 0, 0, 27.31591
C:\Users\Owner\Downloads\simulator-windows-64\dataTrack1\IMG\center_2024_11_20_20_20_07_580.jpg, C:\Users\Owner\Downloads\simulator-windows-64\dataTrack1\IMG\left_2024_11_20_20_20_07_580.jpg, C:\Users\Owner\Downloads\simulator-windows-64\dataTrack1\IMG\right_2024_11_20_20_20_07_580.jpg, -0.04817641, 0, 0, 27.01969
C:\Users\Owner\Downloads\simulator-windows-64\dataTrack1\IMG\center_2024_11_20_20_20_07_684.jpg, C:\Users\Owner\Downloads\simulator-windows-64\dataTrack1\IMG\left_2024_11_20_20_20_07_684.jpg, C:\Users\Owner\Downloads\simulator-windows-64\dataTrack1\IMG\right_2024_11_20_20_20_07_684.jpg, 0, 0.2035734, 0, 26.78698
C:\Users\Owner\Downloads\simulator-windows-64\dataTrack1\IMG\center_2024_11_20_20_20_07_789.jpg, C:\Users\Owner\Downloads\simulator-windows-64\dataTrack1\IMG\left_2024_11_20_20_20_07_789.jpg, C:\Users\Owner\Downloads\simulator-windows-64\dataTrack1\IMG\right_2024_11_20_20_20_07_789.jpg, 0, 0.3015939, 0, 26.94342
C:\Users\Owner\Downloads\simulator-windows-64\dataTrack1\IMG\center_2024_11_20_20_20_07_893.jpg, C:\Users\Owner\Downloads\simulator-windows-64\dataTrack1\IMG\left_2024_11_20_20_20_07_893.jpg, C:\Users\Owner\Downloads\simulator-windows-64\dataTrack1\IMG\right_2024_11_20_20_20_07_893.jpg, 0, 0.1916727, 0, 26.87859
C:\Users\Owner\Downloads\simulator-windows-64\dataTrack1\IMG\center_2024_11_20_20_20_07_996.jpg, C:\Users\Owner\Downloads\simulator-windows-64\dataTrack1\IMG\left_2024_11_20_20_20_07_996.jpg, C:\Users\Owner\Downloads\simulator-windows-64\dataTrack1\IMG\right_2024_11_20_20_20_07_996.jpg, 0, 0.2890623, 0, 26.98132
C:\Users\Owner\Downloads\simulator-windows-64\dataTrack1\IMG\center_2024_11_20_20_20_08_099.jpg, C:\Users\Owner\Downloads\simulator-windows-64\dataTrack1\IMG\left_2024_11_20_20_20_08_099.jpg, C:\Users\Owner\Downloads\simulator-windows-64\dataTrack1\IMG\right_2024_11_20_20_20_08_099.jpg, 0, 0.1822206, 0, 26.92208
C:\Users\Owner\Downloads\simulator-windows-64\dataTrack1\IMG\center_2024_11_20_20_20_08_202.jpg, C:\Users\Owner\Downloads\simulator-windows-64\dataTrack1\IMG\left_2024_11_20_20_20_08_202.jpg, C:\Users\Owner\Downloads\simulator-windows-64\dataTrack1\IMG\right_2024_11_20_20_20_08_202.jpg, 0, 0.2865654, 0, 27.01651
C:\Users\Owner\Downloads\simulator-windows-64\dataTrack1\IMG\center_2024_11_20_20_20_08_306.jpg, C:\Users\Owner\Downloads\simulator-windows-64\dataTrack1\IMG\left_2024_11_20_20_20_08_306.jpg, C:\Users\Owner\Downloads\simulator-windows-64\dataTrack1\IMG\right_2024_11_20_20_20_08_306.jpg, 0, 0.1381596, 0, 26.9411
C:\Users\Owner\Downloads\simulator-windows-64\dataTrack1\IMG\center_2024_11_20_20_20_08_411.jpg, C:\Users\Owner\Downloads\simulator-windows-64\dataTrack1\IMG\left_2024_11_20_20_20_08_411.jpg, C:\Users\Owner\Downloads\simulator-windows-64\dataTrack1\IMG\right_2024_11_20_20_20_08_411.jpg, 0, 0.3964311, 0, 27.10493
C:\Users\Owner\Downloads\simulator-windows-64\dataTrack1\IMG\center_2024_11_20_20_20_08_513.jpg, C:\Users\Owner\Downloads\simulator-windows-64\dataTrack1\IMG\left_2024_11_20_20_20_08_513.jpg, C:\Users\Owner\Downloads\simulator-windows-64\dataTrack1\IMG\right_2024_11_20_20_20_08_513.jpg, 0, 0.1946856, 0, 27.11353
C:\Users\Owner\Downloads\simulator-windows-64\dataTrack1\IMG\center_2024_11_20_20_20_08_616.jpg, C:\Users\Owner\Downloads\simulator-windows-64\dataTrack1\IMG\left_2024_11_20_20_20_08_616.jpg, C:\Users\Owner\Downloads\simulator-windows-64\dataTrack1\IMG\right_2024_11_20_20_20_08_616.jpg, 0, 0.2982654, 0, 27.22515
C:\Users\Owner\Downloads\simulator-windows-64\dataTrack1\IMG\center_2024_11_20_20_20_08_720.jpg, C:\Users\Owner\Downloads\simulator-windows-64\dataTrack1\IMG\left_2024_11_20_20_20_08_720.jpg, C:\Users\Owner\Downloads\simulator-windows-64\dataTrack1\IMG\right_2024_11_20_20_20_08_720.jpg, 0, 0, 0, 27.14456
C:\Users\Owner\Downloads\simulator-windows-64\dataTrack1\IMG\center_2024_11_20_20_20_08_824.jpg, C:\Users\Owner\Downloads\simulator-windows-64\dataTrack1\IMG\left_2024_11_20_20_20_08_824.jpg, C:\Users\Owner\Downloads\simulator-windows-64\dataTrack1\IMG\right_2024_11_20_20_20_08_824.jpg, 0, 0.2612346, 0, 27.01899
C:\Users\Owner\Downloads\simulator-windows-64\dataTrack1\IMG\center_2024_11_20_20_20_08_928.jpg, C:\Users\Owner\Downloads\simulator-windows-64\dataTrack1\IMG\left_2024_11_20_20_20_08_928.jpg, C:\Users\Owner\Downloads\simulator-windows-64\dataTrack1\IMG\right_2024_11_20_20_20_08_928.jpg, 0, 0.172947, 0, 27.15449
C:\Users\Owner\Downloads\simulator-windows-64\dataTrack1\IMG\center_2024_11_20_20_20_09_031.jpg, C:\Users\Owner\Downloads\simulator-windows-64\dataTrack1\IMG\left_2024_11_20_20_20_09_031.jpg, C:\Users\Owner\Downloads\simulator-windows-64\dataTrack1\IMG\right_2024_11_20_20_20_09_031.jpg, 0, 0.099648, 0, 26.95215
C:\Users\Owner\Downloads\simulator-windows-64\dataTrack1\IMG\center_2024_11_20_20_20_09_134.jpg, C:\Users\Owner\Downloads\simulator-windows-64\dataTrack1\IMG\left_2024_11_20_20_20_09_134.jpg, C:\Users\Owner\Downloads\simulator-windows-64\dataTrack1\IMG\right_2024_11_20_20_20_09_134.jpg, 0, 0.2141391, 0, 26.96327
C:\Users\Owner\Downloads\simulator-windows-64\dataTrack1\IMG\center_2024_11_20_20_20_09_237.jpg, C:\Users\Owner\Downloads\simulator-windows-64\dataTrack1\IMG\left_2024_11_20_20_20_09_237.jpg, C:\Users\Owner\Downloads\simulator-windows-64\dataTrack1\IMG\right_2024_11_20_20_20_09_237.jpg, 0, 0, 0, 26.78899
C:\Users\Owner\Downloads\simulator-windows-64\dataTrack1\IMG\center_2024_11_20_20_20_09_343.jpg, C:\Users\Owner\Downloads\simulator-windows-64\dataTrack1\IMG\left_2024_11_20_20_20_09_343.jpg, C:\Users\Owner\Downloads\simulator-windows-64\dataTrack1\IMG\right_2024_11_20_20_20_09_343.jpg, 0, 0, 0, 26.51744
C:\Users\Owner\Downloads\simulator-windows-64\dataTrack1\IMG\center_2024_11_20_20_20_09_446.jpg, C:\Users\Owner\Downloads\simulator-windows-64\dataTrack1\IMG\left_2024_11_20_20_20_09_446.jpg, C:\Users\Owner\Downloads\simulator-windows-64\dataTrack1\IMG\right_2024_11_20_20_20_09_446.jpg, 0, 0, 0, 26.25136
C:\Users\Owner\Downloads\simulator-windows-64\dataTrack1\IMG\center_2024_11_20_20_20_09_548.jpg, C:\Users\Owner\Downloads\simulator-windows-64\dataTrack1\IMG\left_2024_11_20_20_20_09_548.jpg, C:\Users\Owner\Downloads\simulator-windows-64\dataTrack1\IMG\right_2024_11_20_20_20_09_548.jpg, 0, 0, 0, 25.93537
C:\Users\Owner\Downloads\simulator-windows-64\dataTrack1\IMG\center_2024_11_20_20_20_09_651.jpg, C:\Users\Owner\Downloads\simulator-windows-64\dataTrack1\IMG\left_2024_11_20_20_20_09_651.jpg, C:\Users\Owner\Downloads\simulator-windows-64\dataTrack1\IMG\right_2024_11_20_20_20_09_651.jpg, -0.0517617, 0.2066073, 0, 25.7646
C:\Users\Owner\Downloads\simulator-windows-64\dataTrack1\IMG\center_2024_11_20_20_20_09_758.jpg, C:\Users\Owner\Downloads\simulator-windows-64\dataTrack1\IMG\left_2024_11_20_20_20_09_758.jpg, C:\Users\Owner\Downloads\simulator-windows-64\dataTrack1\IMG\right_2024_11_20_20_20_09_758.jpg, -0.3418608, 0.347883, 0, 25.80746
C:\Users\Owner\Downloads\simulator-windows-64\dataTrack1\IMG\center_2024_11_20_20_20_09_861.jpg, C:\Users\Owner\Downloads\simulator-windows-64\dataTrack1\IMG\left_2024_11_20_20_20_09_861.jpg, C:\Users\Owner\Downloads\simulator-windows-64\dataTrack1\IMG\right_2024_11_20_20_20_09_861.jpg, -0.003966317, 0.009988502, 0, 25.78269
C:\Users\Owner\Downloads\simulator-windows-64\dataTrack1\IMG\center_2024_11_20_20_20_09_964.jpg, C:\Users\Owner\Downloads\simulator-windows-64\dataTrack1\IMG\left_2024_11_20_20_20_09_964.jpg, C:\Users\Owner\Downloads\simulator-windows-64\dataTrack1\IMG\right_2024_11_20_20_20_09_964.jpg, 0, 0, 0, 25.50061
C:\Users\Owner\Downloads\simulator-windows-64\dataTrack1\IMG\center_2024_11_20_20_20_10_069.jpg, C:\Users\Owner\Downloads\simulator-windows-64\dataTrack1\IMG\left_2024_11_20_20_20_10_069.jpg, C:\Users\Owner\Downloads\simulator-windows-64\dataTrack1\IMG\right_2024_11_20_20_20_10_069.jpg, 0, 0.1517817, 0, 25.23848
C:\Users\Owner\Downloads\simulator-windows-64\dataTrack1\IMG\center_2024_11_20_20_20_10_170.jpg, C:\Users\Owner\Downloads\simulator-windows-64\dataTrack1\IMG\left_2024_11_20_20_20_10_170.jpg, C:\Users\Owner\Downloads\simulator-windows-64\dataTrack1\IMG\right_2024_11_20_20_20_10_170.jpg, 0, 0.2506134, 0, 25.3222
C:\Users\Owner\Downloads\simulator-windows-64\dataTrack1\IMG\center_2024_11_20_20_20_10_276.jpg, C:\Users\Owner\Downloads\simulator-windows-64\dataTrack1\IMG\left_2024_11_20_20_20_10_276.jpg, C:\Users\Owner\Downloads\simulator-windows-64\dataTrack1\IMG\right_2024_11_20_20_20_10_276.jpg, 0, 0.1438185, 0, 25.20994
C:\Users\Owner\Downloads\simulator-windows-64\dataTrack1\IMG\center_2024_11_20_20_20_10_381.jpg, C:\Users\Owner\Downloads\simulator-windows-64\dataTrack1\IMG\left_2024_11_20_20_20_10_381.jpg, C:\Users\Owner\Downloads\simulator-windows-64\dataTrack1\IMG\right_2024_11_20_20_20_10_381.jpg, 0, 0.4572537, 0, 25.30508
C:\Users\Owner\Downloads\simulator-windows-64\dataTrack1\IMG\center_2024_11_20_20_20_10_484.jpg, C:\Users\Owner\Downloads\simulator-windows-64\dataTrack1\IMG\left_2024_11_20_20_20_10_484.jpg, C:\Users\Owner\Downloads\simulator-windows-64\dataTrack1\IMG\right_2024_11_20_20_20_10_484.jpg, 0, 0.4606359, 0, 25.50144
C:\Users\Owner\Downloads\simulator-windows-64\dataTrack1\IMG\center_2024_11_20_20_20_10_585.jpg, C:\Users\Owner\Downloads\simulator-windows-64\dataTrack1\IMG\left_2024_11_20_20_20_10_585.jpg, C:\Users\Owner\Downloads\simulator-windows-64\dataTrack1\IMG\right_2024_11_20_20_20_10_585.jpg, 0, 0.7130823, 0, 25.94462
C:\Users\Owner\Downloads\simulator-windows-64\dataTrack1\IMG\center_2024_11_20_20_20_10_691.jpg, C:\Users\Owner\Downloads\simulator-windows-64\dataTrack1\IMG\left_2024_11_20_20_20_10_691.jpg, C:\Users\Owner\Downloads\simulator-windows-64\dataTrack1\IMG\right_2024_11_20_20_20_10_691.jpg, 0, 0.6597784, 0, 26.55594
C:\Users\Owner\Downloads\simulator-windows-64\dataTrack1\IMG\center_2024_11_20_20_20_10_796.jpg, C:\Users\Owner\Downloads\simulator-windows-64\dataTrack1\IMG\left_2024_11_20_20_20_10_796.jpg, C:\Users\Owner\Downloads\simulator-windows-64\dataTrack1\IMG\right_2024_11_20_20_20_10_796.jpg, 0, 0.9746922, 0, 27.26989
C:\Users\Owner\Downloads\simulator-windows-64\dataTrack1\IMG\center_2024_11_20_20_20_10_899.jpg, C:\Users\Owner\Downloads\simulator-windows-64\dataTrack1\IMG\left_2024_11_20_20_20_10_899.jpg, C:\Users\Owner\Downloads\simulator-windows-64\dataTrack1\IMG\right_2024_11_20_20_20_10_899.jpg, 0, 1, 0, 28.20251
C:\Users\Owner\Downloads\simulator-windows-64\dataTrack1\IMG\center_2024_11_20_20_20_11_001.jpg, C:\Users\Owner\Downloads\simulator-windows-64\dataTrack1\IMG\left_2024_11_20_20_20_11_001.jpg, C:\Users\Owner\Downloads\simulator-windows-64\dataTrack1\IMG\right_2024_11_20_20_20_11_001.jpg, 0, 1, 0, 29.12527
C:\Users\Owner\Downloads\simulator-windows-64\dataTrack1\IMG\center_2024_11_20_20_20_11_106.jpg, C:\Users\Owner\Downloads\simulator-windows-64\dataTrack1\IMG\left_2024_11_20_20_20_11_106.jpg, C:\Users\Owner\Downloads\simulator-windows-64\dataTrack1\IMG\right_2024_11_20_20_20_11_106.jpg, 0, 1, 0, 30.03882
C:\Users\Owner\Downloads\simulator-windows-64\dataTrack1\IMG\center_2024_11_20_20_20_11_212.jpg, C:\Users\Owner\Downloads\simulator-windows-64\dataTrack1\IMG\left_2024_11_20_20_20_11_212.jpg, C:\Users\Owner\Downloads\simulator-windows-64\dataTrack1\IMG\right_2024_11_20_20_20_11_212.jpg, 0, 1, 0, 30.18992
C:\Users\Owner\Downloads\simulator-windows-64\dataTrack1\IMG\center_2024_11_20_20_20_11_315.jpg, C:\Users\Owner\Downloads\simulator-windows-64\dataTrack1\IMG\left_2024_11_20_20_20_11_315.jpg, C:\Users\Owner\Downloads\simulator-windows-64\dataTrack1\IMG\right_2024_11_20_20_20_11_315.jpg, 0, 1, 0, 30.1899
C:\Users\Owner\Downloads\simulator-windows-64\dataTrack1\IMG\center_2024_11_20_20_20_11_420.jpg, C:\Users\Owner\Downloads\simulator-windows-64\dataTrack1\IMG\left_2024_11_20_20_20_11_420.jpg, C:\Users\Owner\Downloads\simulator-windows-64\dataTrack1\IMG\right_2024_11_20_20_20_11_420.jpg, 0, 1, 0, 30.18992
C:\Users\Owner\Downloads\simulator-windows-64\dataTrack1\IMG\center_2024_11_20_20_20_11_522.jpg, C:\Users\Owner\Downloads\simulator-windows-64\dataTrack1\IMG\left_2024_11_20_20_20_11_522.jpg, C:\Users\Owner\Downloads\simulator-windows-64\dataTrack1\IMG\right_2024_11_20_20_20_11_522.jpg, 0, 1, 0, 30.18993
C:\Users\Owner\Downloads\simulator-windows-64\dataTrack1\IMG\center_2024_11_20_20_20_11_627.jpg, C:\Users\Owner\Downloads\simulator-windows-64\dataTrack1\IMG\left_2024_11_20_20_20_11_627.jpg, C:\Users\Owner\Downloads\simulator-windows-64\dataTrack1\IMG\right_2024_11_20_20_20_11_627.jpg, 0, 1, 0, 30.18991
C:\Users\Owner\Downloads\simulator-windows-64\dataTrack1\IMG\center_2024_11_20_20_20_11_733.jpg, C:\Users\Owner\Downloads\simulator-windows-64\dataTrack1\IMG\left_2024_11_20_20_20_11_733.jpg, C:\Users\Owner\Downloads\simulator-windows-64\dataTrack1\IMG\right_2024_11_20_20_20_11_733.jpg, 0, 1, 0, 30.18991
C:\Users\Owner\Downloads\simulator-windows-64\dataTrack1\IMG\center_2024_11_20_20_20_11_836.jpg, C:\Users\Owner\Downloads\simulator-windows-64\dataTrack1\IMG\left_2024_11_20_20_20_11_836.jpg, C:\Users\Owner\Downloads\simulator-windows-64\dataTrack1\IMG\right_2024_11_20_20_20_11_836.jpg, 0, 1, 0, 30.18993
C:\Users\Owner\Downloads\simulator-windows-64\dataTrack1\IMG\center_2024_11_20_20_20_11_937.jpg, C:\Users\Owner\Downloads\simulator-windows-64\dataTrack1\IMG\left_2024_11_20_20_20_11_937.jpg, C:\Users\Owner\Downloads\simulator-windows-64\dataTrack1\IMG\right_2024_11_20_20_20_11_937.jpg, 0, 1, 0, 30.1899
C:\Users\Owner\Downloads\simulator-windows-64\dataTrack1\IMG\center_2024_11_20_20_20_12_043.jpg, C:\Users\Owner\Downloads\simulator-windows-64\dataTrack1\IMG\left_2024_11_20_20_20_12_043.jpg, C:\Users\Owner\Downloads\simulator-windows-64\dataTrack1\IMG\right_2024_11_20_20_20_12_043.jpg, 0, 1, 0, 30.18993
C:\Users\Owner\Downloads\simulator-windows-64\dataTrack1\IMG\center_2024_11_20_20_20_12_146.jpg, C:\Users\Owner\Downloads\simulator-windows-64\dataTrack1\IMG\left_2024_11_20_20_20_12_146.jpg, C:\Users\Owner\Downloads\simulator-windows-64\dataTrack1\IMG\right_2024_11_20_20_20_12_146.jpg, 0, 1, 0, 30.18994
C:\Users\Owner\Downloads\simulator-windows-64\dataTrack1\IMG\center_2024_11_20_20_20_12_251.jpg, C:\Users\Owner\Downloads\simulator-windows-64\dataTrack1\IMG\left_2024_11_20_20_20_12_251.jpg, C:\Users\Owner\Downloads\simulator-windows-64\dataTrack1\IMG\right_2024_11_20_20_20_12_251.jpg, 0, 1, 0, 30.18993
C:\Users\Owner\Downloads\simulator-windows-64\dataTrack1\IMG\center_2024_11_20_20_20_12_355.jpg, C:\Users\Owner\Downloads\simulator-windows-64\dataTrack1\IMG\left_2024_11_20_20_20_12_355.jpg, C:\Users\Owner\Downloads\simulator-windows-64\dataTrack1\IMG\right_2024_11_20_20_20_12_355.jpg, 0, 1, 0, 30.18992
C:\Users\Owner\Downloads\simulator-windows-64\dataTrack1\IMG\center_2024_11_20_20_20_12_460.jpg, C:\Users\Owner\Downloads\simulator-windows-64\dataTrack1\IMG\left_2024_11_20_20_20_12_460.jpg, C:\Users\Owner\Downloads\simulator-windows-64\dataTrack1\IMG\right_2024_11_20_20_20_12_460.jpg, 0, 1, 0, 30.18991
C:\Users\Owner\Downloads\simulator-windows-64\dataTrack1\IMG\center_2024_11_20_20_20_12_562.jpg, C:\Users\Owner\Downloads\simulator-windows-64\dataTrack1\IMG\left_2024_11_20_20_20_12_562.jpg, C:\Users\Owner\Downloads\simulator-windows-64\dataTrack1\IMG\right_2024_11_20_20_20_12_562.jpg, 0, 1, 0, 30.18991
C:\Users\Owner\Downloads\simulator-windows-64\dataTrack1\IMG\center_2024_11_20_20_20_12_666.jpg, C:\Users\Owner\Downloads\simulator-windows-64\dataTrack1\IMG\left_2024_11_20_20_20_12_666.jpg, C:\Users\Owner\Downloads\simulator-windows-64\dataTrack1\IMG\right_2024_11_20_20_20_12_666.jpg, 0, 1, 0, 30.18991
C:\Users\Owner\Downloads\simulator-windows-64\dataTrack1\IMG\center_2024_11_20_20_20_12_766.jpg, C:\Users\Owner\Downloads\simulator-windows-64\dataTrack1\IMG\left_2024_11_20_20_20_12_766.jpg, C:\Users\Owner\Downloads\simulator-windows-64\dataTrack1\IMG\right_2024_11_20_20_20_12_766.jpg, 0, 1, 0, 30.18993
C:\Users\Owner\Downloads\simulator-windows-64\dataTrack1\IMG\center_2024_11_20_20_20_12_870.jpg, C:\Users\Owner\Downloads\simulator-windows-64\dataTrack1\IMG\left_2024_11_20_20_20_12_870.jpg, C:\Users\Owner\Downloads\simulator-windows-64\dataTrack1\IMG\right_2024_11_20_20_20_12_870.jpg, 0, 1, 0, 30.18991
C:\Users\Owner\Downloads\simulator-windows-64\dataTrack1\IMG\center_2024_11_20_20_20_12_973.jpg, C:\Users\Owner\Downloads\simulator-windows-64\dataTrack1\IMG\left_2024_11_20_20_20_12_973.jpg, C:\Users\Owner\Downloads\simulator-windows-64\dataTrack1\IMG\right_2024_11_20_20_20_12_973.jpg, 0, 1, 0, 30.18992
C:\Users\Owner\Downloads\simulator-windows-64\dataTrack1\IMG\center_2024_11_20_20_20_13_077.jpg, C:\Users\Owner\Downloads\simulator-windows-64\dataTrack1\IMG\left_2024_11_20_20_20_13_077.jpg, C:\Users\Owner\Downloads\simulator-windows-64\dataTrack1\IMG\right_2024_11_20_20_20_13_077.jpg, 0, 1, 0, 30.18991
C:\Users\Owner\Downloads\simulator-windows-64\dataTrack1\IMG\center_2024_11_20_20_20_13_184.jpg, C:\Users\Owner\Downloads\simulator-windows-64\dataTrack1\IMG\left_2024_11_20_20_20_13_184.jpg, C:\Users\Owner\Downloads\simulator-windows-64\dataTrack1\IMG\right_2024_11_20_20_20_13_184.jpg, 0, 1, 0, 30.18992
C:\Users\Owner\Downloads\simulator-windows-64\dataTrack1\IMG\center_2024_11_20_20_20_13_287.jpg, C:\Users\Owner\Downloads\simulator-windows-64\dataTrack1\IMG\left_2024_11_20_20_20_13_287.jpg, C:\Users\Owner\Downloads\simulator-windows-64\dataTrack1\IMG\right_2024_11_20_20_20_13_287.jpg, 0, 1, 0, 30.18992
C:\Users\Owner\Downloads\simulator-windows-64\dataTrack1\IMG\center_2024_11_20_20_20_13_389.jpg, C:\Users\Owner\Downloads\simulator-windows-64\dataTrack1\IMG\left_2024_11_20_20_20_13_389.jpg, C:\Users\Owner\Downloads\simulator-windows-64\dataTrack1\IMG\right_2024_11_20_20_20_13_389.jpg, 0, 1, 0, 30.18991
C:\Users\Owner\Downloads\simulator-windows-64\dataTrack1\IMG\center_2024_11_20_20_20_13_493.jpg, C:\Users\Owner\Downloads\simulator-windows-64\dataTrack1\IMG\left_2024_11_20_20_20_13_493.jpg, C:\Users\Owner\Downloads\simulator-windows-64\dataTrack1\IMG\right_2024_11_20_20_20_13_493.jpg, 0, 1, 0, 30.18992
C:\Users\Owner\Downloads\simulator-windows-64\dataTrack1\IMG\center_2024_11_20_20_20_13_598.jpg, C:\Users\Owner\Downloads\simulator-windows-64\dataTrack1\IMG\left_2024_11_20_20_20_13_598.jpg, C:\Users\Owner\Downloads\simulator-windows-64\dataTrack1\IMG\right_2024_11_20_20_20_13_598.jpg, 0, 1, 0, 30.18992
C:\Users\Owner\Downloads\simulator-windows-64\dataTrack1\IMG\center_2024_11_20_20_20_13_703.jpg, C:\Users\Owner\Downloads\simulator-windows-64\dataTrack1\IMG\left_2024_11_20_20_20_13_703.jpg, C:\Users\Owner\Downloads\simulator-windows-64\dataTrack1\IMG\right_2024_11_20_20_20_13_703.jpg, 0, 1, 0, 30.18991
C:\Users\Owner\Downloads\simulator-windows-64\dataTrack1\IMG\center_2024_11_20_20_20_13_809.jpg, C:\Users\Owner\Downloads\simulator-windows-64\dataTrack1\IMG\left_2024_11_20_20_20_13_809.jpg, C:\Users\Owner\Downloads\simulator-windows-64\dataTrack1\IMG\right_2024_11_20_20_20_13_809.jpg, 0, 1, 0, 30.18992
C:\Users\Owner\Downloads\simulator-windows-64\dataTrack1\IMG\center_2024_11_20_20_20_13_913.jpg, C:\Users\Owner\Downloads\simulator-windows-64\dataTrack1\IMG\left_2024_11_20_20_20_13_913.jpg, C:\Users\Owner\Downloads\simulator-windows-64\dataTrack1\IMG\right_2024_11_20_20_20_13_913.jpg, 0, 1, 0, 30.18991
C:\Users\Owner\Downloads\simulator-windows-64\dataTrack1\IMG\center_2024_11_20_20_20_14_017.jpg, C:\Users\Owner\Downloads\simulator-windows-64\dataTrack1\IMG\left_2024_11_20_20_20_14_017.jpg, C:\Users\Owner\Downloads\simulator-windows-64\dataTrack1\IMG\right_2024_11_20_20_20_14_017.jpg, 0, 1, 0, 30.1899
C:\Users\Owner\Downloads\simulator-windows-64\dataTrack1\IMG\center_2024_11_20_20_20_14_120.jpg, C:\Users\Owner\Downloads\simulator-windows-64\dataTrack1\IMG\left_2024_11_20_20_20_14_120.jpg, C:\Users\Owner\Downloads\simulator-windows-64\dataTrack1\IMG\right_2024_11_20_20_20_14_120.jpg, 0, 1, 0, 30.18992
C:\Users\Owner\Downloads\simulator-windows-64\dataTrack1\IMG\center_2024_11_20_20_20_14_225.jpg, C:\Users\Owner\Downloads\simulator-windows-64\dataTrack1\IMG\left_2024_11_20_20_20_14_225.jpg, C:\Users\Owner\Downloads\simulator-windows-64\dataTrack1\IMG\right_2024_11_20_20_20_14_225.jpg, 0, 1, 0, 30.18992
C:\Users\Owner\Downloads\simulator-windows-64\dataTrack1\IMG\center_2024_11_20_20_20_14_331.jpg, C:\Users\Owner\Downloads\simulator-windows-64\dataTrack1\IMG\left_2024_11_20_20_20_14_331.jpg, C:\Users\Owner\Downloads\simulator-windows-64\dataTrack1\IMG\right_2024_11_20_20_20_14_331.jpg, 0, 1, 0, 30.18991
C:\Users\Owner\Downloads\simulator-windows-64\dataTrack1\IMG\center_2024_11_20_20_20_14_436.jpg, C:\Users\Owner\Downloads\simulator-windows-64\dataTrack1\IMG\left_2024_11_20_20_20_14_436.jpg, C:\Users\Owner\Downloads\simulator-windows-64\dataTrack1\IMG\right_2024_11_20_20_20_14_436.jpg, 0, 1, 0, 30.18992
C:\Users\Owner\Downloads\simulator-windows-64\dataTrack1\IMG\center_2024_11_20_20_20_14_541.jpg, C:\Users\Owner\Downloads\simulator-windows-64\dataTrack1\IMG\left_2024_11_20_20_20_14_541.jpg, C:\Users\Owner\Downloads\simulator-windows-64\dataTrack1\IMG\right_2024_11_20_20_20_14_541.jpg, 0, 1, 0, 30.18991
C:\Users\Owner\Downloads\simulator-windows-64\dataTrack1\IMG\center_2024_11_20_20_20_14_645.jpg, C:\Users\Owner\Downloads\simulator-windows-64\dataTrack1\IMG\left_2024_11_20_20_20_14_645.jpg, C:\Users\Owner\Downloads\simulator-windows-64\dataTrack1\IMG\right_2024_11_20_20_20_14_645.jpg, 0, 1, 0, 30.18991
C:\Users\Owner\Downloads\simulator-windows-64\dataTrack1\IMG\center_2024_11_20_20_20_14_748.jpg, C:\Users\Owner\Downloads\simulator-windows-64\dataTrack1\IMG\left_2024_11_20_20_20_14_748.jpg, C:\Users\Owner\Downloads\simulator-windows-64\dataTrack1\IMG\right_2024_11_20_20_20_14_748.jpg, 0, 1, 0, 30.18991
C:\Users\Owner\Downloads\simulator-windows-64\dataTrack1\IMG\center_2024_11_20_20_20_14_854.jpg, C:\Users\Owner\Downloads\simulator-windows-64\dataTrack1\IMG\left_2024_11_20_20_20_14_854.jpg, C:\Users\Owner\Downloads\simulator-windows-64\dataTrack1\IMG\right_2024_11_20_20_20_14_854.jpg, 0, 1, 0, 30.18991
C:\Users\Owner\Downloads\simulator-windows-64\dataTrack1\IMG\center_2024_11_20_20_20_14_956.jpg, C:\Users\Owner\Downloads\simulator-windows-64\dataTrack1\IMG\left_2024_11_20_20_20_14_956.jpg, C:\Users\Owner\Downloads\simulator-windows-64\dataTrack1\IMG\right_2024_11_20_20_20_14_956.jpg, 0, 1, 0, 30.18993
C:\Users\Owner\Downloads\simulator-windows-64\dataTrack1\IMG\center_2024_11_20_20_20_15_062.jpg, C:\Users\Owner\Downloads\simulator-windows-64\dataTrack1\IMG\left_2024_11_20_20_20_15_062.jpg, C:\Users\Owner\Downloads\simulator-windows-64\dataTrack1\IMG\right_2024_11_20_20_20_15_062.jpg, 0, 0.8460442, 0, 30.17381
C:\Users\Owner\Downloads\simulator-windows-64\dataTrack1\IMG\center_2024_11_20_20_20_15_165.jpg, C:\Users\Owner\Downloads\simulator-windows-64\dataTrack1\IMG\left_2024_11_20_20_20_15_165.jpg, C:\Users\Owner\Downloads\simulator-windows-64\dataTrack1\IMG\right_2024_11_20_20_20_15_165.jpg, 0, 0.5855641, 0, 30.09668
C:\Users\Owner\Downloads\simulator-windows-64\dataTrack1\IMG\center_2024_11_20_20_20_15_268.jpg, C:\Users\Owner\Downloads\simulator-windows-64\dataTrack1\IMG\left_2024_11_20_20_20_15_268.jpg, C:\Users\Owner\Downloads\simulator-windows-64\dataTrack1\IMG\right_2024_11_20_20_20_15_268.jpg, 0, 0.2233987, 0, 30.00147
C:\Users\Owner\Downloads\simulator-windows-64\dataTrack1\IMG\center_2024_11_20_20_20_15_371.jpg, C:\Users\Owner\Downloads\simulator-windows-64\dataTrack1\IMG\left_2024_11_20_20_20_15_371.jpg, C:\Users\Owner\Downloads\simulator-windows-64\dataTrack1\IMG\right_2024_11_20_20_20_15_371.jpg, 0, 0, 0, 29.79176
C:\Users\Owner\Downloads\simulator-windows-64\dataTrack1\IMG\center_2024_11_20_20_20_15_477.jpg, C:\Users\Owner\Downloads\simulator-windows-64\dataTrack1\IMG\left_2024_11_20_20_20_15_477.jpg, C:\Users\Owner\Downloads\simulator-windows-64\dataTrack1\IMG\right_2024_11_20_20_20_15_477.jpg, 0, 0, 0, 29.49093
C:\Users\Owner\Downloads\simulator-windows-64\dataTrack1\IMG\center_2024_11_20_20_20_15_581.jpg, C:\Users\Owner\Downloads\simulator-windows-64\dataTrack1\IMG\left_2024_11_20_20_20_15_581.jpg, C:\Users\Owner\Downloads\simulator-windows-64\dataTrack1\IMG\right_2024_11_20_20_20_15_581.jpg, -0.1533171, 0, 0, 29.18391
C:\Users\Owner\Downloads\simulator-windows-64\dataTrack1\IMG\center_2024_11_20_20_20_15_686.jpg, C:\Users\Owner\Downloads\simulator-windows-64\dataTrack1\IMG\left_2024_11_20_20_20_15_686.jpg, C:\Users\Owner\Downloads\simulator-windows-64\dataTrack1\IMG\right_2024_11_20_20_20_15_686.jpg, -0.4176678, 0, 0, 28.77688
C:\Users\Owner\Downloads\simulator-windows-64\dataTrack1\IMG\center_2024_11_20_20_20_15_790.jpg, C:\Users\Owner\Downloads\simulator-windows-64\dataTrack1\IMG\left_2024_11_20_20_20_15_790.jpg, C:\Users\Owner\Downloads\simulator-windows-64\dataTrack1\IMG\right_2024_11_20_20_20_15_790.jpg, -0.1594371, 0, 0, 28.37731
C:\Users\Owner\Downloads\simulator-windows-64\dataTrack1\IMG\center_2024_11_20_20_20_15_898.jpg, C:\Users\Owner\Downloads\simulator-windows-64\dataTrack1\IMG\left_2024_11_20_20_20_15_898.jpg, C:\Users\Owner\Downloads\simulator-windows-64\dataTrack1\IMG\right_2024_11_20_20_20_15_898.jpg, 0, 0.155985, 0, 28.12951
C:\Users\Owner\Downloads\simulator-windows-64\dataTrack1\IMG\center_2024_11_20_20_20_16_005.jpg, C:\Users\Owner\Downloads\simulator-windows-64\dataTrack1\IMG\left_2024_11_20_20_20_16_005.jpg, C:\Users\Owner\Downloads\simulator-windows-64\dataTrack1\IMG\right_2024_11_20_20_20_16_005.jpg, 0, 0.2140515, 0, 28.14872
C:\Users\Owner\Downloads\simulator-windows-64\dataTrack1\IMG\center_2024_11_20_20_20_16_105.jpg, C:\Users\Owner\Downloads\simulator-windows-64\dataTrack1\IMG\left_2024_11_20_20_20_16_105.jpg, C:\Users\Owner\Downloads\simulator-windows-64\dataTrack1\IMG\right_2024_11_20_20_20_16_105.jpg, 0, 0.0519675, 0, 27.94423
C:\Users\Owner\Downloads\simulator-windows-64\dataTrack1\IMG\center_2024_11_20_20_20_16_212.jpg, C:\Users\Owner\Downloads\simulator-windows-64\dataTrack1\IMG\left_2024_11_20_20_20_16_212.jpg, C:\Users\Owner\Downloads\simulator-windows-64\dataTrack1\IMG\right_2024_11_20_20_20_16_212.jpg, 0, 0.2198322, 0, 27.93478
C:\Users\Owner\Downloads\simulator-windows-64\dataTrack1\IMG\center_2024_11_20_20_20_16_317.jpg, C:\Users\Owner\Downloads\simulator-windows-64\dataTrack1\IMG\left_2024_11_20_20_20_16_317.jpg, C:\Users\Owner\Downloads\simulator-windows-64\dataTrack1\IMG\right_2024_11_20_20_20_16_317.jpg, 0, 0, 0, 27.75133
C:\Users\Owner\Downloads\simulator-windows-64\dataTrack1\IMG\center_2024_11_20_20_20_16_422.jpg, C:\Users\Owner\Downloads\simulator-windows-64\dataTrack1\IMG\left_2024_11_20_20_20_16_422.jpg, C:\Users\Owner\Downloads\simulator-windows-64\dataTrack1\IMG\right_2024_11_20_20_20_16_422.jpg, 0, 0, 0, 27.47035
C:\Users\Owner\Downloads\simulator-windows-64\dataTrack1\IMG\center_2024_11_20_20_20_16_525.jpg, C:\Users\Owner\Downloads\simulator-windows-64\dataTrack1\IMG\left_2024_11_20_20_20_16_525.jpg, C:\Users\Owner\Downloads\simulator-windows-64\dataTrack1\IMG\right_2024_11_20_20_20_16_525.jpg, 0.098157, 0, 0, 27.19082
C:\Users\Owner\Downloads\simulator-windows-64\dataTrack1\IMG\center_2024_11_20_20_20_16_629.jpg, C:\Users\Owner\Downloads\simulator-windows-64\dataTrack1\IMG\left_2024_11_20_20_20_16_629.jpg, C:\Users\Owner\Downloads\simulator-windows-64\dataTrack1\IMG\right_2024_11_20_20_20_16_629.jpg, 0.1556355, 0, 0, 26.79066
C:\Users\Owner\Downloads\simulator-windows-64\dataTrack1\IMG\center_2024_11_20_20_20_16_739.jpg, C:\Users\Owner\Downloads\simulator-windows-64\dataTrack1\IMG\left_2024_11_20_20_20_16_739.jpg, C:\Users\Owner\Downloads\simulator-windows-64\dataTrack1\IMG\right_2024_11_20_20_20_16_739.jpg, 0, 0, 0, 26.51807
C:\Users\Owner\Downloads\simulator-windows-64\dataTrack1\IMG\center_2024_11_20_20_20_16_841.jpg, C:\Users\Owner\Downloads\simulator-windows-64\dataTrack1\IMG\left_2024_11_20_20_20_16_841.jpg, C:\Users\Owner\Downloads\simulator-windows-64\dataTrack1\IMG\right_2024_11_20_20_20_16_841.jpg, 0, 0, 0, 26.24919
C:\Users\Owner\Downloads\simulator-windows-64\dataTrack1\IMG\center_2024_11_20_20_20_16_949.jpg, C:\Users\Owner\Downloads\simulator-windows-64\dataTrack1\IMG\left_2024_11_20_20_20_16_949.jpg, C:\Users\Owner\Downloads\simulator-windows-64\dataTrack1\IMG\right_2024_11_20_20_20_16_949.jpg, 0, 0.2058924, 0, 26.02018
C:\Users\Owner\Downloads\simulator-windows-64\dataTrack1\IMG\center_2024_11_20_20_20_17_054.jpg, C:\Users\Owner\Downloads\simulator-windows-64\dataTrack1\IMG\left_2024_11_20_20_20_17_054.jpg, C:\Users\Owner\Downloads\simulator-windows-64\dataTrack1\IMG\right_2024_11_20_20_20_17_054.jpg, 0, 0.1137579, 0, 26.03232
C:\Users\Owner\Downloads\simulator-windows-64\dataTrack1\IMG\center_2024_11_20_20_20_17_160.jpg, C:\Users\Owner\Downloads\simulator-windows-64\dataTrack1\IMG\left_2024_11_20_20_20_17_160.jpg, C:\Users\Owner\Downloads\simulator-windows-64\dataTrack1\IMG\right_2024_11_20_20_20_17_160.jpg, 0, 0.2105622, 0, 25.86283
C:\Users\Owner\Downloads\simulator-windows-64\dataTrack1\IMG\center_2024_11_20_20_20_17_266.jpg, C:\Users\Owner\Downloads\simulator-windows-64\dataTrack1\IMG\left_2024_11_20_20_20_17_266.jpg, C:\Users\Owner\Downloads\simulator-windows-64\dataTrack1\IMG\right_2024_11_20_20_20_17_266.jpg, 0, 0, 0, 25.70648
C:\Users\Owner\Downloads\simulator-windows-64\dataTrack1\IMG\center_2024_11_20_20_20_17_370.jpg, C:\Users\Owner\Downloads\simulator-windows-64\dataTrack1\IMG\left_2024_11_20_20_20_17_370.jpg, C:\Users\Owner\Downloads\simulator-windows-64\dataTrack1\IMG\right_2024_11_20_20_20_17_370.jpg, 0, 0.3111588, 0, 25.6119
C:\Users\Owner\Downloads\simulator-windows-64\dataTrack1\IMG\center_2024_11_20_20_20_17_474.jpg, C:\Users\Owner\Downloads\simulator-windows-64\dataTrack1\IMG\left_2024_11_20_20_20_17_474.jpg, C:\Users\Owner\Downloads\simulator-windows-64\dataTrack1\IMG\right_2024_11_20_20_20_17_474.jpg, 0, 0.1032078, 0, 25.548
C:\Users\Owner\Downloads\simulator-windows-64\dataTrack1\IMG\center_2024_11_20_20_20_17_580.jpg, C:\Users\Owner\Downloads\simulator-windows-64\dataTrack1\IMG\left_2024_11_20_20_20_17_580.jpg, C:\Users\Owner\Downloads\simulator-windows-64\dataTrack1\IMG\right_2024_11_20_20_20_17_580.jpg, 0, 0.3157581, 0, 25.60696
C:\Users\Owner\Downloads\simulator-windows-64\dataTrack1\IMG\center_2024_11_20_20_20_17_686.jpg, C:\Users\Owner\Downloads\simulator-windows-64\dataTrack1\IMG\left_2024_11_20_20_20_17_686.jpg, C:\Users\Owner\Downloads\simulator-windows-64\dataTrack1\IMG\right_2024_11_20_20_20_17_686.jpg, 0, 0.05019447, 0, 25.57349
C:\Users\Owner\Downloads\simulator-windows-64\dataTrack1\IMG\center_2024_11_20_20_20_17_793.jpg, C:\Users\Owner\Downloads\simulator-windows-64\dataTrack1\IMG\left_2024_11_20_20_20_17_793.jpg, C:\Users\Owner\Downloads\simulator-windows-64\dataTrack1\IMG\right_2024_11_20_20_20_17_793.jpg, 0, 0.4211406, 0, 25.62708
C:\Users\Owner\Downloads\simulator-windows-64\dataTrack1\IMG\center_2024_11_20_20_20_17_898.jpg, C:\Users\Owner\Downloads\simulator-windows-64\dataTrack1\IMG\left_2024_11_20_20_20_17_898.jpg, C:\Users\Owner\Downloads\simulator-windows-64\dataTrack1\IMG\right_2024_11_20_20_20_17_898.jpg, 0, 0.1066791, 0, 25.68843
C:\Users\Owner\Downloads\simulator-windows-64\dataTrack1\IMG\center_2024_11_20_20_20_18_003.jpg, C:\Users\Owner\Downloads\simulator-windows-64\dataTrack1\IMG\left_2024_11_20_20_20_18_003.jpg, C:\Users\Owner\Downloads\simulator-windows-64\dataTrack1\IMG\right_2024_11_20_20_20_18_003.jpg, 0, 0.4236909, 0, 25.70407
C:\Users\Owner\Downloads\simulator-windows-64\dataTrack1\IMG\center_2024_11_20_20_20_18_106.jpg, C:\Users\Owner\Downloads\simulator-windows-64\dataTrack1\IMG\left_2024_11_20_20_20_18_106.jpg, C:\Users\Owner\Downloads\simulator-windows-64\dataTrack1\IMG\right_2024_11_20_20_20_18_106.jpg, 0, 0.1650465, 0, 25.82484
C:\Users\Owner\Downloads\simulator-windows-64\dataTrack1\IMG\center_2024_11_20_20_20_18_212.jpg, C:\Users\Owner\Downloads\simulator-windows-64\dataTrack1\IMG\left_2024_11_20_20_20_18_212.jpg, C:\Users\Owner\Downloads\simulator-windows-64\dataTrack1\IMG\right_2024_11_20_20_20_18_212.jpg, 0, 0.5345577, 0, 26.1445
C:\Users\Owner\Downloads\simulator-windows-64\dataTrack1\IMG\center_2024_11_20_20_20_18_318.jpg, C:\Users\Owner\Downloads\simulator-windows-64\dataTrack1\IMG\left_2024_11_20_20_20_18_318.jpg, C:\Users\Owner\Downloads\simulator-windows-64\dataTrack1\IMG\right_2024_11_20_20_20_18_318.jpg, 0, 0.217029, 0, 26.0493
C:\Users\Owner\Downloads\simulator-windows-64\dataTrack1\IMG\center_2024_11_20_20_20_18_422.jpg, C:\Users\Owner\Downloads\simulator-windows-64\dataTrack1\IMG\left_2024_11_20_20_20_18_422.jpg, C:\Users\Owner\Downloads\simulator-windows-64\dataTrack1\IMG\right_2024_11_20_20_20_18_422.jpg, 0, 0.5298693, 0, 26.30338
C:\Users\Owner\Downloads\simulator-windows-64\dataTrack1\IMG\center_2024_11_20_20_20_18_531.jpg, C:\Users\Owner\Downloads\simulator-windows-64\dataTrack1\IMG\left_2024_11_20_20_20_18_531.jpg, C:\Users\Owner\Downloads\simulator-windows-64\dataTrack1\IMG\right_2024_11_20_20_20_18_531.jpg, 0, 0.205179, 0, 26.64102
C:\Users\Owner\Downloads\simulator-windows-64\dataTrack1\IMG\center_2024_11_20_20_20_18_635.jpg, C:\Users\Owner\Downloads\simulator-windows-64\dataTrack1\IMG\left_2024_11_20_20_20_18_635.jpg, C:\Users\Owner\Downloads\simulator-windows-64\dataTrack1\IMG\right_2024_11_20_20_20_18_635.jpg, 0, 0.2064501, 0, 26.47108
C:\Users\Owner\Downloads\simulator-windows-64\dataTrack1\IMG\center_2024_11_20_20_20_18_739.jpg, C:\Users\Owner\Downloads\simulator-windows-64\dataTrack1\IMG\left_2024_11_20_20_20_18_739.jpg, C:\Users\Owner\Downloads\simulator-windows-64\dataTrack1\IMG\right_2024_11_20_20_20_18_739.jpg, 0, 0.2083008, 0, 26.55986
C:\Users\Owner\Downloads\simulator-windows-64\dataTrack1\IMG\center_2024_11_20_20_20_18_847.jpg, C:\Users\Owner\Downloads\simulator-windows-64\dataTrack1\IMG\left_2024_11_20_20_20_18_847.jpg, C:\Users\Owner\Downloads\simulator-windows-64\dataTrack1\IMG\right_2024_11_20_20_20_18_847.jpg, 0, 0.0539883, 0, 26.34233
C:\Users\Owner\Downloads\simulator-windows-64\dataTrack1\IMG\center_2024_11_20_20_20_18_953.jpg, C:\Users\Owner\Downloads\simulator-windows-64\dataTrack1\IMG\left_2024_11_20_20_20_18_953.jpg, C:\Users\Owner\Downloads\simulator-windows-64\dataTrack1\IMG\right_2024_11_20_20_20_18_953.jpg, 0, 0.265709, 0, 26.349
C:\Users\Owner\Downloads\simulator-windows-64\dataTrack1\IMG\center_2024_11_20_20_20_19_057.jpg, C:\Users\Owner\Downloads\simulator-windows-64\dataTrack1\IMG\left_2024_11_20_20_20_19_057.jpg, C:\Users\Owner\Downloads\simulator-windows-64\dataTrack1\IMG\right_2024_11_20_20_20_19_057.jpg, 0, 0, 0, 26.21494
C:\Users\Owner\Downloads\simulator-windows-64\dataTrack1\IMG\center_2024_11_20_20_20_19_164.jpg, C:\Users\Owner\Downloads\simulator-windows-64\dataTrack1\IMG\left_2024_11_20_20_20_19_164.jpg, C:\Users\Owner\Downloads\simulator-windows-64\dataTrack1\IMG\right_2024_11_20_20_20_19_164.jpg, 0, 0.1519146, 0, 25.99726
C:\Users\Owner\Downloads\simulator-windows-64\dataTrack1\IMG\center_2024_11_20_20_20_19_268.jpg, C:\Users\Owner\Downloads\simulator-windows-64\dataTrack1\IMG\left_2024_11_20_20_20_19_268.jpg, C:\Users\Owner\Downloads\simulator-windows-64\dataTrack1\IMG\right_2024_11_20_20_20_19_268.jpg, 0, 0.2065134, 0, 26.09903
C:\Users\Owner\Downloads\simulator-windows-64\dataTrack1\IMG\center_2024_11_20_20_20_19_374.jpg, C:\Users\Owner\Downloads\simulator-windows-64\dataTrack1\IMG\left_2024_11_20_20_20_19_374.jpg, C:\Users\Owner\Downloads\simulator-windows-64\dataTrack1\IMG\right_2024_11_20_20_20_19_374.jpg, -0.1074222, 0, 0, 25.9001
C:\Users\Owner\Downloads\simulator-windows-64\dataTrack1\IMG\center_2024_11_20_20_20_19_478.jpg, C:\Users\Owner\Downloads\simulator-windows-64\dataTrack1\IMG\left_2024_11_20_20_20_19_478.jpg, C:\Users\Owner\Downloads\simulator-windows-64\dataTrack1\IMG\right_2024_11_20_20_20_19_478.jpg, -0.418278, 0, 0, 25.53538
C:\Users\Owner\Downloads\simulator-windows-64\dataTrack1\IMG\center_2024_11_20_20_20_19_582.jpg, C:\Users\Owner\Downloads\simulator-windows-64\dataTrack1\IMG\left_2024_11_20_20_20_19_582.jpg, C:\Users\Owner\Downloads\simulator-windows-64\dataTrack1\IMG\right_2024_11_20_20_20_19_582.jpg, -0.1068768, 0.1549164, 0, 25.2889
C:\Users\Owner\Downloads\simulator-windows-64\dataTrack1\IMG\center_2024_11_20_20_20_19_686.jpg, C:\Users\Owner\Downloads\simulator-windows-64\dataTrack1\IMG\left_2024_11_20_20_20_19_686.jpg, C:\Users\Owner\Downloads\simulator-windows-64\dataTrack1\IMG\right_2024_11_20_20_20_19_686.jpg, 0, 0.3142821, 0, 25.36459
C:\Users\Owner\Downloads\simulator-windows-64\dataTrack1\IMG\center_2024_11_20_20_20_19_793.jpg, C:\Users\Owner\Downloads\simulator-windows-64\dataTrack1\IMG\left_2024_11_20_20_20_19_793.jpg, C:\Users\Owner\Downloads\simulator-windows-64\dataTrack1\IMG\right_2024_11_20_20_20_19_793.jpg, 0, 0, 0, 25.21807
C:\Users\Owner\Downloads\simulator-windows-64\dataTrack1\IMG\center_2024_11_20_20_20_19_898.jpg, C:\Users\Owner\Downloads\simulator-windows-64\dataTrack1\IMG\left_2024_11_20_20_20_19_898.jpg, C:\Users\Owner\Downloads\simulator-windows-64\dataTrack1\IMG\right_2024_11_20_20_20_19_898.jpg, 0, 0.0539637, 0, 24.96882
C:\Users\Owner\Downloads\simulator-windows-64\dataTrack1\IMG\center_2024_11_20_20_20_20_004.jpg, C:\Users\Owner\Downloads\simulator-windows-64\dataTrack1\IMG\left_2024_11_20_20_20_20_004.jpg, C:\Users\Owner\Downloads\simulator-windows-64\dataTrack1\IMG\right_2024_11_20_20_20_20_004.jpg, 0, 0.3180495, 0, 24.94062
C:\Users\Owner\Downloads\simulator-windows-64\dataTrack1\IMG\center_2024_11_20_20_20_20_107.jpg, C:\Users\Owner\Downloads\simulator-windows-64\dataTrack1\IMG\left_2024_11_20_20_20_20_107.jpg, C:\Users\Owner\Downloads\simulator-windows-64\dataTrack1\IMG\right_2024_11_20_20_20_20_107.jpg, 0, 0.1144353, 0, 24.99098
C:\Users\Owner\Downloads\simulator-windows-64\dataTrack1\IMG\center_2024_11_20_20_20_20_213.jpg, C:\Users\Owner\Downloads\simulator-windows-64\dataTrack1\IMG\left_2024_11_20_20_20_20_213.jpg, C:\Users\Owner\Downloads\simulator-windows-64\dataTrack1\IMG\right_2024_11_20_20_20_20_213.jpg, 0, 0.2757918, 0, 25.01337
C:\Users\Owner\Downloads\simulator-windows-64\dataTrack1\IMG\center_2024_11_20_20_20_20_316.jpg, C:\Users\Owner\Downloads\simulator-windows-64\dataTrack1\IMG\left_2024_11_20_20_20_20_316.jpg, C:\Users\Owner\Downloads\simulator-windows-64\dataTrack1\IMG\right_2024_11_20_20_20_20_316.jpg, 0, 0, 0, 24.90244
C:\Users\Owner\Downloads\simulator-windows-64\dataTrack1\IMG\center_2024_11_20_20_20_20_423.jpg, C:\Users\Owner\Downloads\simulator-windows-64\dataTrack1\IMG\left_2024_11_20_20_20_20_423.jpg, C:\Users\Owner\Downloads\simulator-windows-64\dataTrack1\IMG\right_2024_11_20_20_20_20_423.jpg, 0, 0.3180198, 0, 24.81046
C:\Users\Owner\Downloads\simulator-windows-64\dataTrack1\IMG\center_2024_11_20_20_20_20_528.jpg, C:\Users\Owner\Downloads\simulator-windows-64\dataTrack1\IMG\left_2024_11_20_20_20_20_528.jpg, C:\Users\Owner\Downloads\simulator-windows-64\dataTrack1\IMG\right_2024_11_20_20_20_20_528.jpg, 0, 0.002400015, 0, 24.75985
C:\Users\Owner\Downloads\simulator-windows-64\dataTrack1\IMG\center_2024_11_20_20_20_20_632.jpg, C:\Users\Owner\Downloads\simulator-windows-64\dataTrack1\IMG\left_2024_11_20_20_20_20_632.jpg, C:\Users\Owner\Downloads\simulator-windows-64\dataTrack1\IMG\right_2024_11_20_20_20_20_632.jpg, 0, 0.2261409, 0, 24.62244
C:\Users\Owner\Downloads\simulator-windows-64\dataTrack1\IMG\center_2024_11_20_20_20_20_737.jpg, C:\Users\Owner\Downloads\simulator-windows-64\dataTrack1\IMG\left_2024_11_20_20_20_20_737.jpg, C:\Users\Owner\Downloads\simulator-windows-64\dataTrack1\IMG\right_2024_11_20_20_20_20_737.jpg, 0, 0.1345044, 0, 24.68892
C:\Users\Owner\Downloads\simulator-windows-64\dataTrack1\IMG\center_2024_11_20_20_20_20_843.jpg, C:\Users\Owner\Downloads\simulator-windows-64\dataTrack1\IMG\left_2024_11_20_20_20_20_843.jpg, C:\Users\Owner\Downloads\simulator-windows-64\dataTrack1\IMG\right_2024_11_20_20_20_20_843.jpg, -0.2236476, 0, 0, 24.46354
C:\Users\Owner\Downloads\simulator-windows-64\dataTrack1\IMG\center_2024_11_20_20_20_20_948.jpg, C:\Users\Owner\Downloads\simulator-windows-64\dataTrack1\IMG\left_2024_11_20_20_20_20_948.jpg, C:\Users\Owner\Downloads\simulator-windows-64\dataTrack1\IMG\right_2024_11_20_20_20_20_948.jpg, -0.1313649, 0, 0, 24.10175
C:\Users\Owner\Downloads\simulator-windows-64\dataTrack1\IMG\center_2024_11_20_20_20_21_054.jpg, C:\Users\Owner\Downloads\simulator-windows-64\dataTrack1\IMG\left_2024_11_20_20_20_21_054.jpg, C:\Users\Owner\Downloads\simulator-windows-64\dataTrack1\IMG\right_2024_11_20_20_20_21_054.jpg, 0, 0, 0, 23.85349
C:\Users\Owner\Downloads\simulator-windows-64\dataTrack1\IMG\center_2024_11_20_20_20_21_158.jpg, C:\Users\Owner\Downloads\simulator-windows-64\dataTrack1\IMG\left_2024_11_20_20_20_21_158.jpg, C:\Users\Owner\Downloads\simulator-windows-64\dataTrack1\IMG\right_2024_11_20_20_20_21_158.jpg, 0, 0, 0, 23.61257
C:\Users\Owner\Downloads\simulator-windows-64\dataTrack1\IMG\center_2024_11_20_20_20_21_264.jpg, C:\Users\Owner\Downloads\simulator-windows-64\dataTrack1\IMG\left_2024_11_20_20_20_21_264.jpg, C:\Users\Owner\Downloads\simulator-windows-64\dataTrack1\IMG\right_2024_11_20_20_20_21_264.jpg, 0, 0, 0, 23.37495
C:\Users\Owner\Downloads\simulator-windows-64\dataTrack1\IMG\center_2024_11_20_20_20_21_371.jpg, C:\Users\Owner\Downloads\simulator-windows-64\dataTrack1\IMG\left_2024_11_20_20_20_21_371.jpg, C:\Users\Owner\Downloads\simulator-windows-64\dataTrack1\IMG\right_2024_11_20_20_20_21_371.jpg, 0, 0, 0, 23.09365
C:\Users\Owner\Downloads\simulator-windows-64\dataTrack1\IMG\center_2024_11_20_20_20_21_474.jpg, C:\Users\Owner\Downloads\simulator-windows-64\dataTrack1\IMG\left_2024_11_20_20_20_21_474.jpg, C:\Users\Owner\Downloads\simulator-windows-64\dataTrack1\IMG\right_2024_11_20_20_20_21_474.jpg, -0.1158939, 0, 0, 22.84722
C:\Users\Owner\Downloads\simulator-windows-64\dataTrack1\IMG\center_2024_11_20_20_20_21_580.jpg, C:\Users\Owner\Downloads\simulator-windows-64\dataTrack1\IMG\left_2024_11_20_20_20_21_580.jpg, C:\Users\Owner\Downloads\simulator-windows-64\dataTrack1\IMG\right_2024_11_20_20_20_21_580.jpg, 0, 0, 0, 22.61767
C:\Users\Owner\Downloads\simulator-windows-64\dataTrack1\IMG\center_2024_11_20_20_20_21_685.jpg, C:\Users\Owner\Downloads\simulator-windows-64\dataTrack1\IMG\left_2024_11_20_20_20_21_685.jpg, C:\Users\Owner\Downloads\simulator-windows-64\dataTrack1\IMG\right_2024_11_20_20_20_21_685.jpg, -0.051756, 0, 0, 22.38992
C:\Users\Owner\Downloads\simulator-windows-64\dataTrack1\IMG\center_2024_11_20_20_20_21_790.jpg, C:\Users\Owner\Downloads\simulator-windows-64\dataTrack1\IMG\left_2024_11_20_20_20_21_790.jpg, C:\Users\Owner\Downloads\simulator-windows-64\dataTrack1\IMG\right_2024_11_20_20_20_21_790.jpg, -0.2089962, 0, 0, 22.05598
C:\Users\Owner\Downloads\simulator-windows-64\dataTrack1\IMG\center_2024_11_20_20_20_21_896.jpg, C:\Users\Owner\Downloads\simulator-windows-64\dataTrack1\IMG\left_2024_11_20_20_20_21_896.jpg, C:\Users\Owner\Downloads\simulator-windows-64\dataTrack1\IMG\right_2024_11_20_20_20_21_896.jpg, 0, 0, 0, 21.83201
C:\Users\Owner\Downloads\simulator-windows-64\dataTrack1\IMG\center_2024_11_20_20_20_22_003.jpg, C:\Users\Owner\Downloads\simulator-windows-64\dataTrack1\IMG\left_2024_11_20_20_20_22_003.jpg, C:\Users\Owner\Downloads\simulator-windows-64\dataTrack1\IMG\right_2024_11_20_20_20_22_003.jpg, -0.0531504, 0, 0, 21.6097
C:\Users\Owner\Downloads\simulator-windows-64\dataTrack1\IMG\center_2024_11_20_20_20_22_107.jpg, C:\Users\Owner\Downloads\simulator-windows-64\dataTrack1\IMG\left_2024_11_20_20_20_22_107.jpg, C:\Users\Owner\Downloads\simulator-windows-64\dataTrack1\IMG\right_2024_11_20_20_20_22_107.jpg, -0.2616765, 0, 0, 21.29678
C:\Users\Owner\Downloads\simulator-windows-64\dataTrack1\IMG\center_2024_11_20_20_20_22_212.jpg, C:\Users\Owner\Downloads\simulator-windows-64\dataTrack1\IMG\left_2024_11_20_20_20_22_212.jpg, C:\Users\Owner\Downloads\simulator-windows-64\dataTrack1\IMG\right_2024_11_20_20_20_22_212.jpg, 0, 0, 0, 21.08269
C:\Users\Owner\Downloads\simulator-windows-64\dataTrack1\IMG\center_2024_11_20_20_20_22_317.jpg, C:\Users\Owner\Downloads\simulator-windows-64\dataTrack1\IMG\left_2024_11_20_20_20_22_317.jpg, C:\Users\Owner\Downloads\simulator-windows-64\dataTrack1\IMG\right_2024_11_20_20_20_22_317.jpg, -0.1559793, 0, 0, 20.86279
C:\Users\Owner\Downloads\simulator-windows-64\dataTrack1\IMG\center_2024_11_20_20_20_22_421.jpg, C:\Users\Owner\Downloads\simulator-windows-64\dataTrack1\IMG\left_2024_11_20_20_20_22_421.jpg, C:\Users\Owner\Downloads\simulator-windows-64\dataTrack1\IMG\right_2024_11_20_20_20_22_421.jpg, -0.2597967, 0, 0, 20.60376
C:\Users\Owner\Downloads\simulator-windows-64\dataTrack1\IMG\center_2024_11_20_20_20_22_523.jpg, C:\Users\Owner\Downloads\simulator-windows-64\dataTrack1\IMG\left_2024_11_20_20_20_22_523.jpg, C:\Users\Owner\Downloads\simulator-windows-64\dataTrack1\IMG\right_2024_11_20_20_20_22_523.jpg, 0, 0, 0, 20.39107
C:\Users\Owner\Downloads\simulator-windows-64\dataTrack1\IMG\center_2024_11_20_20_20_22_631.jpg, C:\Users\Owner\Downloads\simulator-windows-64\dataTrack1\IMG\left_2024_11_20_20_20_22_631.jpg, C:\Users\Owner\Downloads\simulator-windows-64\dataTrack1\IMG\right_2024_11_20_20_20_22_631.jpg, -0.3246381, 0, 0, 20.11634
C:\Users\Owner\Downloads\simulator-windows-64\dataTrack1\IMG\center_2024_11_20_20_20_22_736.jpg, C:\Users\Owner\Downloads\simulator-windows-64\dataTrack1\IMG\left_2024_11_20_20_20_22_736.jpg, C:\Users\Owner\Downloads\simulator-windows-64\dataTrack1\IMG\right_2024_11_20_20_20_22_736.jpg, -0.4295672, 0, 0, 19.80936
C:\Users\Owner\Downloads\simulator-windows-64\dataTrack1\IMG\center_2024_11_20_20_20_22_839.jpg, C:\Users\Owner\Downloads\simulator-windows-64\dataTrack1\IMG\left_2024_11_20_20_20_22_839.jpg, C:\Users\Owner\Downloads\simulator-windows-64\dataTrack1\IMG\right_2024_11_20_20_20_22_839.jpg, -0.1189296, 0, 0, 19.58134
C:\Users\Owner\Downloads\simulator-windows-64\dataTrack1\IMG\center_2024_11_20_20_20_22_946.jpg, C:\Users\Owner\Downloads\simulator-windows-64\dataTrack1\IMG\left_2024_11_20_20_20_22_946.jpg, C:\Users\Owner\Downloads\simulator-windows-64\dataTrack1\IMG\right_2024_11_20_20_20_22_946.jpg, -0.108756, 0, 0, 19.48396
C:\Users\Owner\Downloads\simulator-windows-64\dataTrack1\IMG\center_2024_11_20_20_20_23_050.jpg, C:\Users\Owner\Downloads\simulator-windows-64\dataTrack1\IMG\left_2024_11_20_20_20_23_050.jpg, C:\Users\Owner\Downloads\simulator-windows-64\dataTrack1\IMG\right_2024_11_20_20_20_23_050.jpg, 0, 0.1014822, 0, 19.47616
C:\Users\Owner\Downloads\simulator-windows-64\dataTrack1\IMG\center_2024_11_20_20_20_23_154.jpg, C:\Users\Owner\Downloads\simulator-windows-64\dataTrack1\IMG\left_2024_11_20_20_20_23_154.jpg, C:\Users\Owner\Downloads\simulator-windows-64\dataTrack1\IMG\right_2024_11_20_20_20_23_154.jpg, 0, 0, 0, 18.94561
C:\Users\Owner\Downloads\simulator-windows-64\dataTrack1\IMG\center_2024_11_20_20_20_23_257.jpg, C:\Users\Owner\Downloads\simulator-windows-64\dataTrack1\IMG\left_2024_11_20_20_20_23_257.jpg, C:\Users\Owner\Downloads\simulator-windows-64\dataTrack1\IMG\right_2024_11_20_20_20_23_257.jpg, 0, 0, 0, 19.13888
C:\Users\Owner\Downloads\simulator-windows-64\dataTrack1\IMG\center_2024_11_20_20_20_23_363.jpg, C:\Users\Owner\Downloads\simulator-windows-64\dataTrack1\IMG\left_2024_11_20_20_20_23_363.jpg, C:\Users\Owner\Downloads\simulator-windows-64\dataTrack1\IMG\right_2024_11_20_20_20_23_363.jpg, 0, 0, 0, 18.50922
C:\Users\Owner\Downloads\simulator-windows-64\dataTrack1\IMG\center_2024_11_20_20_20_23_468.jpg, C:\Users\Owner\Downloads\simulator-windows-64\dataTrack1\IMG\left_2024_11_20_20_20_23_468.jpg, C:\Users\Owner\Downloads\simulator-windows-64\dataTrack1\IMG\right_2024_11_20_20_20_23_468.jpg, 0, 0.2062554, 0, 18.38421
C:\Users\Owner\Downloads\simulator-windows-64\dataTrack1\IMG\center_2024_11_20_20_20_23_571.jpg, C:\Users\Owner\Downloads\simulator-windows-64\dataTrack1\IMG\left_2024_11_20_20_20_23_571.jpg, C:\Users\Owner\Downloads\simulator-windows-64\dataTrack1\IMG\right_2024_11_20_20_20_23_571.jpg, 0, 0.07370609, 0, 18.86951
C:\Users\Owner\Downloads\simulator-windows-64\dataTrack1\IMG\center_2024_11_20_20_20_23_674.jpg, C:\Users\Owner\Downloads\simulator-windows-64\dataTrack1\IMG\left_2024_11_20_20_20_23_674.jpg, C:\Users\Owner\Downloads\simulator-windows-64\dataTrack1\IMG\right_2024_11_20_20_20_23_674.jpg, 0, 0.205749, 0, 18.35021
C:\Users\Owner\Downloads\simulator-windows-64\dataTrack1\IMG\center_2024_11_20_20_20_23_780.jpg, C:\Users\Owner\Downloads\simulator-windows-64\dataTrack1\IMG\left_2024_11_20_20_20_23_780.jpg, C:\Users\Owner\Downloads\simulator-windows-64\dataTrack1\IMG\right_2024_11_20_20_20_23_780.jpg, -0.1619988, 0.09687513, 0, 18.86291
C:\Users\Owner\Downloads\simulator-windows-64\dataTrack1\IMG\center_2024_11_20_20_20_23_884.jpg, C:\Users\Owner\Downloads\simulator-windows-64\dataTrack1\IMG\left_2024_11_20_20_20_23_884.jpg, C:\Users\Owner\Downloads\simulator-windows-64\dataTrack1\IMG\right_2024_11_20_20_20_23_884.jpg, -0.4243416, 0, 0, 18.18515
C:\Users\Owner\Downloads\simulator-windows-64\dataTrack1\IMG\center_2024_11_20_20_20_23_990.jpg, C:\Users\Owner\Downloads\simulator-windows-64\dataTrack1\IMG\left_2024_11_20_20_20_23_990.jpg, C:\Users\Owner\Downloads\simulator-windows-64\dataTrack1\IMG\right_2024_11_20_20_20_23_990.jpg, -0.3848645, 0, 0, 17.78882
C:\Users\Owner\Downloads\simulator-windows-64\dataTrack1\IMG\center_2024_11_20_20_20_24_096.jpg, C:\Users\Owner\Downloads\simulator-windows-64\dataTrack1\IMG\left_2024_11_20_20_20_24_096.jpg, C:\Users\Owner\Downloads\simulator-windows-64\dataTrack1\IMG\right_2024_11_20_20_20_24_096.jpg, -0.06884244, 0, 0, 18.10338
C:\Users\Owner\Downloads\simulator-windows-64\dataTrack1\IMG\center_2024_11_20_20_20_24_199.jpg, C:\Users\Owner\Downloads\simulator-windows-64\dataTrack1\IMG\left_2024_11_20_20_20_24_199.jpg, C:\Users\Owner\Downloads\simulator-windows-64\dataTrack1\IMG\right_2024_11_20_20_20_24_199.jpg, 0, 0.311301, 0, 17.637
C:\Users\Owner\Downloads\simulator-windows-64\dataTrack1\IMG\center_2024_11_20_20_20_24_305.jpg, C:\Users\Owner\Downloads\simulator-windows-64\dataTrack1\IMG\left_2024_11_20_20_20_24_305.jpg, C:\Users\Owner\Downloads\simulator-windows-64\dataTrack1\IMG\right_2024_11_20_20_20_24_305.jpg, -0.1051995, 0.2235615, 0, 18.29412
C:\Users\Owner\Downloads\simulator-windows-64\dataTrack1\IMG\center_2024_11_20_20_20_24_408.jpg, C:\Users\Owner\Downloads\simulator-windows-64\dataTrack1\IMG\left_2024_11_20_20_20_24_408.jpg, C:\Users\Owner\Downloads\simulator-windows-64\dataTrack1\IMG\right_2024_11_20_20_20_24_408.jpg, -0.4620966, 0, 0, 18.0604
C:\Users\Owner\Downloads\simulator-windows-64\dataTrack1\IMG\center_2024_11_20_20_20_24_515.jpg, C:\Users\Owner\Downloads\simulator-windows-64\dataTrack1\IMG\left_2024_11_20_20_20_24_515.jpg, C:\Users\Owner\Downloads\simulator-windows-64\dataTrack1\IMG\right_2024_11_20_20_20_24_515.jpg, -0.1395483, 0, 0, 17.38998
C:\Users\Owner\Downloads\simulator-windows-64\dataTrack1\IMG\center_2024_11_20_20_20_24_618.jpg, C:\Users\Owner\Downloads\simulator-windows-64\dataTrack1\IMG\left_2024_11_20_20_20_24_618.jpg, C:\Users\Owner\Downloads\simulator-windows-64\dataTrack1\IMG\right_2024_11_20_20_20_24_618.jpg, -0.1497036, 0, 0, 17.71903
C:\Users\Owner\Downloads\simulator-windows-64\dataTrack1\IMG\center_2024_11_20_20_20_24_725.jpg, C:\Users\Owner\Downloads\simulator-windows-64\dataTrack1\IMG\left_2024_11_20_20_20_24_725.jpg, C:\Users\Owner\Downloads\simulator-windows-64\dataTrack1\IMG\right_2024_11_20_20_20_24_725.jpg, -0.3110733, 0, 0, 16.9791
C:\Users\Owner\Downloads\simulator-windows-64\dataTrack1\IMG\center_2024_11_20_20_20_24_833.jpg, C:\Users\Owner\Downloads\simulator-windows-64\dataTrack1\IMG\left_2024_11_20_20_20_24_833.jpg, C:\Users\Owner\Downloads\simulator-windows-64\dataTrack1\IMG\right_2024_11_20_20_20_24_833.jpg, 0, 0, 0, 16.76603
C:\Users\Owner\Downloads\simulator-windows-64\dataTrack1\IMG\center_2024_11_20_20_20_24_937.jpg, C:\Users\Owner\Downloads\simulator-windows-64\dataTrack1\IMG\left_2024_11_20_20_20_24_937.jpg, C:\Users\Owner\Downloads\simulator-windows-64\dataTrack1\IMG\right_2024_11_20_20_20_24_937.jpg, 0, 0.098829, 0, 17.13229
C:\Users\Owner\Downloads\simulator-windows-64\dataTrack1\IMG\center_2024_11_20_20_20_25_041.jpg, C:\Users\Owner\Downloads\simulator-windows-64\dataTrack1\IMG\left_2024_11_20_20_20_25_041.jpg, C:\Users\Owner\Downloads\simulator-windows-64\dataTrack1\IMG\right_2024_11_20_20_20_25_041.jpg, 0, 0.4097202, 0, 16.75213
C:\Users\Owner\Downloads\simulator-windows-64\dataTrack1\IMG\center_2024_11_20_20_20_25_147.jpg, C:\Users\Owner\Downloads\simulator-windows-64\dataTrack1\IMG\left_2024_11_20_20_20_25_147.jpg, C:\Users\Owner\Downloads\simulator-windows-64\dataTrack1\IMG\right_2024_11_20_20_20_25_147.jpg, -0.223962, 0.09139799, 0, 16.9107
C:\Users\Owner\Downloads\simulator-windows-64\dataTrack1\IMG\center_2024_11_20_20_20_25_251.jpg, C:\Users\Owner\Downloads\simulator-windows-64\dataTrack1\IMG\left_2024_11_20_20_20_25_251.jpg, C:\Users\Owner\Downloads\simulator-windows-64\dataTrack1\IMG\right_2024_11_20_20_20_25_251.jpg, -0.5357463, 0, 0, 17.09696
C:\Users\Owner\Downloads\simulator-windows-64\dataTrack1\IMG\center_2024_11_20_20_20_25_358.jpg, C:\Users\Owner\Downloads\simulator-windows-64\dataTrack1\IMG\left_2024_11_20_20_20_25_358.jpg, C:\Users\Owner\Downloads\simulator-windows-64\dataTrack1\IMG\right_2024_11_20_20_20_25_358.jpg, -0.7537506, 0, 0, 16.23184
C:\Users\Owner\Downloads\simulator-windows-64\dataTrack1\IMG\center_2024_11_20_20_20_25_466.jpg, C:\Users\Owner\Downloads\simulator-windows-64\dataTrack1\IMG\left_2024_11_20_20_20_25_466.jpg, C:\Users\Owner\Downloads\simulator-windows-64\dataTrack1\IMG\right_2024_11_20_20_20_25_466.jpg, -0.5885199, 0, 0, 16.55553
C:\Users\Owner\Downloads\simulator-windows-64\dataTrack1\IMG\center_2024_11_20_20_20_25_574.jpg, C:\Users\Owner\Downloads\simulator-windows-64\dataTrack1\IMG\left_2024_11_20_20_20_25_574.jpg, C:\Users\Owner\Downloads\simulator-windows-64\dataTrack1\IMG\right_2024_11_20_20_20_25_574.jpg, -0.9632835, 0, 0, 16.16061
C:\Users\Owner\Downloads\simulator-windows-64\dataTrack1\IMG\center_2024_11_20_20_20_25_683.jpg, C:\Users\Owner\Downloads\simulator-windows-64\dataTrack1\IMG\left_2024_11_20_20_20_25_683.jpg, C:\Users\Owner\Downloads\simulator-windows-64\dataTrack1\IMG\right_2024_11_20_20_20_25_683.jpg, -0.9490084, 0, 0, 15.36733
C:\Users\Owner\Downloads\simulator-windows-64\dataTrack1\IMG\center_2024_11_20_20_20_25_789.jpg, C:\Users\Owner\Downloads\simulator-windows-64\dataTrack1\IMG\left_2024_11_20_20_20_25_789.jpg, C:\Users\Owner\Downloads\simulator-windows-64\dataTrack1\IMG\right_2024_11_20_20_20_25_789.jpg, -0.631762, 0, 0, 15.21745
C:\Users\Owner\Downloads\simulator-windows-64\dataTrack1\IMG\center_2024_11_20_20_20_25_903.jpg, C:\Users\Owner\Downloads\simulator-windows-64\dataTrack1\IMG\left_2024_11_20_20_20_25_903.jpg, C:\Users\Owner\Downloads\simulator-windows-64\dataTrack1\IMG\right_2024_11_20_20_20_25_903.jpg, -0.2910979, 0.1522191, 0, 15.59875
C:\Users\Owner\Downloads\simulator-windows-64\dataTrack1\IMG\center_2024_11_20_20_20_26_008.jpg, C:\Users\Owner\Downloads\simulator-windows-64\dataTrack1\IMG\left_2024_11_20_20_20_26_008.jpg, C:\Users\Owner\Downloads\simulator-windows-64\dataTrack1\IMG\right_2024_11_20_20_20_26_008.jpg, 0, 0.1460544, 0, 15.76411
C:\Users\Owner\Downloads\simulator-windows-64\dataTrack1\IMG\center_2024_11_20_20_20_26_112.jpg, C:\Users\Owner\Downloads\simulator-windows-64\dataTrack1\IMG\left_2024_11_20_20_20_26_112.jpg, C:\Users\Owner\Downloads\simulator-windows-64\dataTrack1\IMG\right_2024_11_20_20_20_26_112.jpg, 0, 0.1532784, 0, 15.13142
C:\Users\Owner\Downloads\simulator-windows-64\dataTrack1\IMG\center_2024_11_20_20_20_26_215.jpg, C:\Users\Owner\Downloads\simulator-windows-64\dataTrack1\IMG\left_2024_11_20_20_20_26_215.jpg, C:\Users\Owner\Downloads\simulator-windows-64\dataTrack1\IMG\right_2024_11_20_20_20_26_215.jpg, 0, 0.2559783, 0, 15.85014
C:\Users\Owner\Downloads\simulator-windows-64\dataTrack1\IMG\center_2024_11_20_20_20_26_321.jpg, C:\Users\Owner\Downloads\simulator-windows-64\dataTrack1\IMG\left_2024_11_20_20_20_26_321.jpg, C:\Users\Owner\Downloads\simulator-windows-64\dataTrack1\IMG\right_2024_11_20_20_20_26_321.jpg, 0, 0.2481079, 0, 15.37053
C:\Users\Owner\Downloads\simulator-windows-64\dataTrack1\IMG\center_2024_11_20_20_20_26_424.jpg, C:\Users\Owner\Downloads\simulator-windows-64\dataTrack1\IMG\left_2024_11_20_20_20_26_424.jpg, C:\Users\Owner\Downloads\simulator-windows-64\dataTrack1\IMG\right_2024_11_20_20_20_26_424.jpg, 0, 0.3569379, 0, 16.17649
C:\Users\Owner\Downloads\simulator-windows-64\dataTrack1\IMG\center_2024_11_20_20_20_26_536.jpg, C:\Users\Owner\Downloads\simulator-windows-64\dataTrack1\IMG\left_2024_11_20_20_20_26_536.jpg, C:\Users\Owner\Downloads\simulator-windows-64\dataTrack1\IMG\right_2024_11_20_20_20_26_536.jpg, 0, 0.642982, 0, 16.77125
C:\Users\Owner\Downloads\simulator-windows-64\dataTrack1\IMG\center_2024_11_20_20_20_26_643.jpg, C:\Users\Owner\Downloads\simulator-windows-64\dataTrack1\IMG\left_2024_11_20_20_20_26_643.jpg, C:\Users\Owner\Downloads\simulator-windows-64\dataTrack1\IMG\right_2024_11_20_20_20_26_643.jpg, -0.3212319, 0.3217501, 0, 16.79223
C:\Users\Owner\Downloads\simulator-windows-64\dataTrack1\IMG\center_2024_11_20_20_20_26_751.jpg, C:\Users\Owner\Downloads\simulator-windows-64\dataTrack1\IMG\left_2024_11_20_20_20_26_751.jpg, C:\Users\Owner\Downloads\simulator-windows-64\dataTrack1\IMG\right_2024_11_20_20_20_26_751.jpg, -0.6450478, 0, 0, 16.51026
C:\Users\Owner\Downloads\simulator-windows-64\dataTrack1\IMG\center_2024_11_20_20_20_26_858.jpg, C:\Users\Owner\Downloads\simulator-windows-64\dataTrack1\IMG\left_2024_11_20_20_20_26_858.jpg, C:\Users\Owner\Downloads\simulator-windows-64\dataTrack1\IMG\right_2024_11_20_20_20_26_858.jpg, -0.3216492, 0.3233985, 0, 16.97321
C:\Users\Owner\Downloads\simulator-windows-64\dataTrack1\IMG\center_2024_11_20_20_20_26_976.jpg, C:\Users\Owner\Downloads\simulator-windows-64\dataTrack1\IMG\left_2024_11_20_20_20_26_976.jpg, C:\Users\Owner\Downloads\simulator-windows-64\dataTrack1\IMG\right_2024_11_20_20_20_26_976.jpg, 0, 0.2777889, 0, 17.37042
C:\Users\Owner\Downloads\simulator-windows-64\dataTrack1\IMG\center_2024_11_20_20_20_27_082.jpg, C:\Users\Owner\Downloads\simulator-windows-64\dataTrack1\IMG\left_2024_11_20_20_20_27_082.jpg, C:\Users\Owner\Downloads\simulator-windows-64\dataTrack1\IMG\right_2024_11_20_20_20_27_082.jpg, 0, 0.3684807, 0, 17.0049
C:\Users\Owner\Downloads\simulator-windows-64\dataTrack1\IMG\center_2024_11_20_20_20_27_198.jpg, C:\Users\Owner\Downloads\simulator-windows-64\dataTrack1\IMG\left_2024_11_20_20_20_27_198.jpg, C:\Users\Owner\Downloads\simulator-windows-64\dataTrack1\IMG\right_2024_11_20_20_20_27_198.jpg, 0, 0.6121973, 0, 17.73412
C:\Users\Owner\Downloads\simulator-windows-64\dataTrack1\IMG\center_2024_11_20_20_20_27_307.jpg, C:\Users\Owner\Downloads\simulator-windows-64\dataTrack1\IMG\left_2024_11_20_20_20_27_307.jpg, C:\Users\Owner\Downloads\simulator-windows-64\dataTrack1\IMG\right_2024_11_20_20_20_27_307.jpg, 0, 0.532865, 0, 18.11021
C:\Users\Owner\Downloads\simulator-windows-64\dataTrack1\IMG\center_2024_11_20_20_20_27_416.jpg, C:\Users\Owner\Downloads\simulator-windows-64\dataTrack1\IMG\left_2024_11_20_20_20_27_416.jpg, C:\Users\Owner\Downloads\simulator-windows-64\dataTrack1\IMG\right_2024_11_20_20_20_27_416.jpg, 0, 0.7544316, 0, 19.10278
C:\Users\Owner\Downloads\simulator-windows-64\dataTrack1\IMG\center_2024_11_20_20_20_27_532.jpg, C:\Users\Owner\Downloads\simulator-windows-64\dataTrack1\IMG\left_2024_11_20_20_20_27_532.jpg, C:\Users\Owner\Downloads\simulator-windows-64\dataTrack1\IMG\right_2024_11_20_20_20_27_532.jpg, 0, 0.4051722, 0, 19.70533
C:\Users\Owner\Downloads\simulator-windows-64\dataTrack1\IMG\center_2024_11_20_20_20_27_635.jpg, C:\Users\Owner\Downloads\simulator-windows-64\dataTrack1\IMG\left_2024_11_20_20_20_27_635.jpg, C:\Users\Owner\Downloads\simulator-windows-64\dataTrack1\IMG\right_2024_11_20_20_20_27_635.jpg, -0.1019688, 0.4900398, 0, 19.67698
C:\Users\Owner\Downloads\simulator-windows-64\dataTrack1\IMG\center_2024_11_20_20_20_27_739.jpg, C:\Users\Owner\Downloads\simulator-windows-64\dataTrack1\IMG\left_2024_11_20_20_20_27_739.jpg, C:\Users\Owner\Downloads\simulator-windows-64\dataTrack1\IMG\right_2024_11_20_20_20_27_739.jpg, 0, 0.1752375, 0, 20.14652
C:\Users\Owner\Downloads\simulator-windows-64\dataTrack1\IMG\center_2024_11_20_20_20_27_855.jpg, C:\Users\Owner\Downloads\simulator-windows-64\dataTrack1\IMG\left_2024_11_20_20_20_27_855.jpg, C:\Users\Owner\Downloads\simulator-windows-64\dataTrack1\IMG\right_2024_11_20_20_20_27_855.jpg, 0, 0.2485926, 0, 20.07982
C:\Users\Owner\Downloads\simulator-windows-64\dataTrack1\IMG\center_2024_11_20_20_20_27_958.jpg, C:\Users\Owner\Downloads\simulator-windows-64\dataTrack1\IMG\left_2024_11_20_20_20_27_958.jpg, C:\Users\Owner\Downloads\simulator-windows-64\dataTrack1\IMG\right_2024_11_20_20_20_27_958.jpg, -0.3131196, 0.3559566, 0, 20.02043
C:\Users\Owner\Downloads\simulator-windows-64\dataTrack1\IMG\center_2024_11_20_20_20_28_064.jpg, C:\Users\Owner\Downloads\simulator-windows-64\dataTrack1\IMG\left_2024_11_20_20_20_28_064.jpg, C:\Users\Owner\Downloads\simulator-windows-64\dataTrack1\IMG\right_2024_11_20_20_20_28_064.jpg, -0.04663438, 0.08947144, 0, 20.32742
C:\Users\Owner\Downloads\simulator-windows-64\dataTrack1\IMG\center_2024_11_20_20_20_28_168.jpg, C:\Users\Owner\Downloads\simulator-windows-64\dataTrack1\IMG\left_2024_11_20_20_20_28_168.jpg, C:\Users\Owner\Downloads\simulator-windows-64\dataTrack1\IMG\right_2024_11_20_20_20_28_168.jpg, -0.2063145, 0, 0, 20.0944
C:\Users\Owner\Downloads\simulator-windows-64\dataTrack1\IMG\center_2024_11_20_20_20_28_276.jpg, C:\Users\Owner\Downloads\simulator-windows-64\dataTrack1\IMG\left_2024_11_20_20_20_28_276.jpg, C:\Users\Owner\Downloads\simulator-windows-64\dataTrack1\IMG\right_2024_11_20_20_20_28_276.jpg, -0.3231621, 0.1033071, 0, 19.48796
C:\Users\Owner\Downloads\simulator-windows-64\dataTrack1\IMG\center_2024_11_20_20_20_28_386.jpg, C:\Users\Owner\Downloads\simulator-windows-64\dataTrack1\IMG\left_2024_11_20_20_20_28_386.jpg, C:\Users\Owner\Downloads\simulator-windows-64\dataTrack1\IMG\right_2024_11_20_20_20_28_386.jpg, -0.04738502, 0.3790842, 0, 19.94263
C:\Users\Owner\Downloads\simulator-windows-64\dataTrack1\IMG\center_2024_11_20_20_20_28_490.jpg, C:\Users\Owner\Downloads\simulator-windows-64\dataTrack1\IMG\left_2024_11_20_20_20_28_490.jpg, C:\Users\Owner\Downloads\simulator-windows-64\dataTrack1\IMG\right_2024_11_20_20_20_28_490.jpg, 0, 0.01181701, 0, 19.96986
C:\Users\Owner\Downloads\simulator-windows-64\dataTrack1\IMG\center_2024_11_20_20_20_28_600.jpg, C:\Users\Owner\Downloads\simulator-windows-64\dataTrack1\IMG\left_2024_11_20_20_20_28_600.jpg, C:\Users\Owner\Downloads\simulator-windows-64\dataTrack1\IMG\right_2024_11_20_20_20_28_600.jpg, -0.3288, 0, 0, 19.41336
C:\Users\Owner\Downloads\simulator-windows-64\dataTrack1\IMG\center_2024_11_20_20_20_28_707.jpg, C:\Users\Owner\Downloads\simulator-windows-64\dataTrack1\IMG\left_2024_11_20_20_20_28_707.jpg, C:\Users\Owner\Downloads\simulator-windows-64\dataTrack1\IMG\right_2024_11_20_20_20_28_707.jpg, -0.005770203, 0.3230298, 0, 19.44308
C:\Users\Owner\Downloads\simulator-windows-64\dataTrack1\IMG\center_2024_11_20_20_20_28_817.jpg, C:\Users\Owner\Downloads\simulator-windows-64\dataTrack1\IMG\left_2024_11_20_20_20_28_817.jpg, C:\Users\Owner\Downloads\simulator-windows-64\dataTrack1\IMG\right_2024_11_20_20_20_28_817.jpg, -0.2064771, 0.4434351, 0, 20.08037
C:\Users\Owner\Downloads\simulator-windows-64\dataTrack1\IMG\center_2024_11_20_20_20_28_924.jpg, C:\Users\Owner\Downloads\simulator-windows-64\dataTrack1\IMG\left_2024_11_20_20_20_28_924.jpg, C:\Users\Owner\Downloads\simulator-windows-64\dataTrack1\IMG\right_2024_11_20_20_20_28_924.jpg, -0.3777969, 0.1688421, 0, 19.88624
C:\Users\Owner\Downloads\simulator-windows-64\dataTrack1\IMG\center_2024_11_20_20_20_29_036.jpg, C:\Users\Owner\Downloads\simulator-windows-64\dataTrack1\IMG\left_2024_11_20_20_20_29_036.jpg, C:\Users\Owner\Downloads\simulator-windows-64\dataTrack1\IMG\right_2024_11_20_20_20_29_036.jpg, 0, 0.1029798, 0, 19.64801
C:\Users\Owner\Downloads\simulator-windows-64\dataTrack1\IMG\center_2024_11_20_20_20_29_144.jpg, C:\Users\Owner\Downloads\simulator-windows-64\dataTrack1\IMG\left_2024_11_20_20_20_29_144.jpg, C:\Users\Owner\Downloads\simulator-windows-64\dataTrack1\IMG\right_2024_11_20_20_20_29_144.jpg, 0, 0.3772338, 0, 20.08469
C:\Users\Owner\Downloads\simulator-windows-64\dataTrack1\IMG\center_2024_11_20_20_20_29_258.jpg, C:\Users\Owner\Downloads\simulator-windows-64\dataTrack1\IMG\left_2024_11_20_20_20_29_258.jpg, C:\Users\Owner\Downloads\simulator-windows-64\dataTrack1\IMG\right_2024_11_20_20_20_29_258.jpg, -0.3427914, 0.0864201, 0, 20.18364
C:\Users\Owner\Downloads\simulator-windows-64\dataTrack1\IMG\center_2024_11_20_20_20_29_375.jpg, C:\Users\Owner\Downloads\simulator-windows-64\dataTrack1\IMG\left_2024_11_20_20_20_29_375.jpg, C:\Users\Owner\Downloads\simulator-windows-64\dataTrack1\IMG\right_2024_11_20_20_20_29_375.jpg, -0.3832141, 0, 0, 19.8387
C:\Users\Owner\Downloads\simulator-windows-64\dataTrack1\IMG\center_2024_11_20_20_20_29_481.jpg, C:\Users\Owner\Downloads\simulator-windows-64\dataTrack1\IMG\left_2024_11_20_20_20_29_481.jpg, C:\Users\Owner\Downloads\simulator-windows-64\dataTrack1\IMG\right_2024_11_20_20_20_29_481.jpg, -0.06376175, 0.0515985, 0, 19.30407
C:\Users\Owner\Downloads\simulator-windows-64\dataTrack1\IMG\center_2024_11_20_20_20_29_586.jpg, C:\Users\Owner\Downloads\simulator-windows-64\dataTrack1\IMG\left_2024_11_20_20_20_29_586.jpg, C:\Users\Owner\Downloads\simulator-windows-64\dataTrack1\IMG\right_2024_11_20_20_20_29_586.jpg, 0, 0.3085119, 0, 19.64795
C:\Users\Owner\Downloads\simulator-windows-64\dataTrack1\IMG\center_2024_11_20_20_20_29_690.jpg, C:\Users\Owner\Downloads\simulator-windows-64\dataTrack1\IMG\left_2024_11_20_20_20_29_690.jpg, C:\Users\Owner\Downloads\simulator-windows-64\dataTrack1\IMG\right_2024_11_20_20_20_29_690.jpg, 0, 0, 0, 19.58599
C:\Users\Owner\Downloads\simulator-windows-64\dataTrack1\IMG\center_2024_11_20_20_20_29_792.jpg, C:\Users\Owner\Downloads\simulator-windows-64\dataTrack1\IMG\left_2024_11_20_20_20_29_792.jpg, C:\Users\Owner\Downloads\simulator-windows-64\dataTrack1\IMG\right_2024_11_20_20_20_29_792.jpg, 0, 0.1551309, 0, 19.07479
C:\Users\Owner\Downloads\simulator-windows-64\dataTrack1\IMG\center_2024_11_20_20_20_29_963.jpg, C:\Users\Owner\Downloads\simulator-windows-64\dataTrack1\IMG\left_2024_11_20_20_20_29_963.jpg, C:\Users\Owner\Downloads\simulator-windows-64\dataTrack1\IMG\right_2024_11_20_20_20_29_963.jpg, 0, 0.6666915, 0, 20.11056
C:\Users\Owner\Downloads\simulator-windows-64\dataTrack1\IMG\center_2024_11_20_20_20_30_083.jpg, C:\Users\Owner\Downloads\simulator-windows-64\dataTrack1\IMG\left_2024_11_20_20_20_30_083.jpg, C:\Users\Owner\Downloads\simulator-windows-64\dataTrack1\IMG\right_2024_11_20_20_20_30_083.jpg, -0.3616449, 0.3050466, 0, 20.16091
C:\Users\Owner\Downloads\simulator-windows-64\dataTrack1\IMG\center_2024_11_20_20_20_30_192.jpg, C:\Users\Owner\Downloads\simulator-windows-64\dataTrack1\IMG\left_2024_11_20_20_20_30_192.jpg, C:\Users\Owner\Downloads\simulator-windows-64\dataTrack1\IMG\right_2024_11_20_20_20_30_192.jpg, -0.1791435, 0, 0, 20.06956
C:\Users\Owner\Downloads\simulator-windows-64\dataTrack1\IMG\center_2024_11_20_20_20_30_293.jpg, C:\Users\Owner\Downloads\simulator-windows-64\dataTrack1\IMG\left_2024_11_20_20_20_30_293.jpg, C:\Users\Owner\Downloads\simulator-windows-64\dataTrack1\IMG\right_2024_11_20_20_20_30_293.jpg, 0, 0.3054693, 0, 20.35272
C:\Users\Owner\Downloads\simulator-windows-64\dataTrack1\IMG\center_2024_11_20_20_20_30_409.jpg, C:\Users\Owner\Downloads\simulator-windows-64\dataTrack1\IMG\left_2024_11_20_20_20_30_409.jpg, C:\Users\Owner\Downloads\simulator-windows-64\dataTrack1\IMG\right_2024_11_20_20_20_30_409.jpg, 0, 0, 0, 20.30185
C:\Users\Owner\Downloads\simulator-windows-64\dataTrack1\IMG\center_2024_11_20_20_20_30_520.jpg, C:\Users\Owner\Downloads\simulator-windows-64\dataTrack1\IMG\left_2024_11_20_20_20_30_520.jpg, C:\Users\Owner\Downloads\simulator-windows-64\dataTrack1\IMG\right_2024_11_20_20_20_30_520.jpg, 0, 0, 0, 19.76843
C:\Users\Owner\Downloads\simulator-windows-64\dataTrack1\IMG\center_2024_11_20_20_20_30_622.jpg, C:\Users\Owner\Downloads\simulator-windows-64\dataTrack1\IMG\left_2024_11_20_20_20_30_622.jpg, C:\Users\Owner\Downloads\simulator-windows-64\dataTrack1\IMG\right_2024_11_20_20_20_30_622.jpg, 0, 0, 0, 19.91117
C:\Users\Owner\Downloads\simulator-windows-64\dataTrack1\IMG\center_2024_11_20_20_20_30_736.jpg, C:\Users\Owner\Downloads\simulator-windows-64\dataTrack1\IMG\left_2024_11_20_20_20_30_736.jpg, C:\Users\Owner\Downloads\simulator-windows-64\dataTrack1\IMG\right_2024_11_20_20_20_30_736.jpg, 0.3390708, 0, 0, 19.60866
C:\Users\Owner\Downloads\simulator-windows-64\dataTrack1\IMG\center_2024_11_20_20_20_30_842.jpg, C:\Users\Owner\Downloads\simulator-windows-64\dataTrack1\IMG\left_2024_11_20_20_20_30_842.jpg, C:\Users\Owner\Downloads\simulator-windows-64\dataTrack1\IMG\right_2024_11_20_20_20_30_842.jpg, 0.01876589, 0, 0, 19.02445
C:\Users\Owner\Downloads\simulator-windows-64\dataTrack1\IMG\center_2024_11_20_20_20_30_955.jpg, C:\Users\Owner\Downloads\simulator-windows-64\dataTrack1\IMG\left_2024_11_20_20_20_30_955.jpg, C:\Users\Owner\Downloads\simulator-windows-64\dataTrack1\IMG\right_2024_11_20_20_20_30_955.jpg, 0, 0, 0, 18.76031
C:\Users\Owner\Downloads\simulator-windows-64\dataTrack1\IMG\center_2024_11_20_20_20_31_058.jpg, C:\Users\Owner\Downloads\simulator-windows-64\dataTrack1\IMG\left_2024_11_20_20_20_31_058.jpg, C:\Users\Owner\Downloads\simulator-windows-64\dataTrack1\IMG\right_2024_11_20_20_20_31_058.jpg, 0, 0.3131454, 0, 19.17577
C:\Users\Owner\Downloads\simulator-windows-64\dataTrack1\IMG\center_2024_11_20_20_20_31_176.jpg, C:\Users\Owner\Downloads\simulator-windows-64\dataTrack1\IMG\left_2024_11_20_20_20_31_176.jpg, C:\Users\Owner\Downloads\simulator-windows-64\dataTrack1\IMG\right_2024_11_20_20_20_31_176.jpg, 0, 0, 0, 19.13097
C:\Users\Owner\Downloads\simulator-windows-64\dataTrack1\IMG\center_2024_11_20_20_20_31_293.jpg, C:\Users\Owner\Downloads\simulator-windows-64\dataTrack1\IMG\left_2024_11_20_20_20_31_293.jpg, C:\Users\Owner\Downloads\simulator-windows-64\dataTrack1\IMG\right_2024_11_20_20_20_31_293.jpg, 0, 0.3517593, 0, 19.17172
C:\Users\Owner\Downloads\simulator-windows-64\dataTrack1\IMG\center_2024_11_20_20_20_31_406.jpg, C:\Users\Owner\Downloads\simulator-windows-64\dataTrack1\IMG\left_2024_11_20_20_20_31_406.jpg, C:\Users\Owner\Downloads\simulator-windows-64\dataTrack1\IMG\right_2024_11_20_20_20_31_406.jpg, 0, 0.1775937, 0, 18.80647
C:\Users\Owner\Downloads\simulator-windows-64\dataTrack1\IMG\center_2024_11_20_20_20_31_508.jpg, C:\Users\Owner\Downloads\simulator-windows-64\dataTrack1\IMG\left_2024_11_20_20_20_31_508.jpg, C:\Users\Owner\Downloads\simulator-windows-64\dataTrack1\IMG\right_2024_11_20_20_20_31_508.jpg, 0, 0.3339888, 0, 19.13611
C:\Users\Owner\Downloads\simulator-windows-64\dataTrack1\IMG\center_2024_11_20_20_20_31_609.jpg, C:\Users\Owner\Downloads\simulator-windows-64\dataTrack1\IMG\left_2024_11_20_20_20_31_609.jpg, C:\Users\Owner\Downloads\simulator-windows-64\dataTrack1\IMG\right_2024_11_20_20_20_31_609.jpg, 0, 0.2264355, 0, 19.47386
C:\Users\Owner\Downloads\simulator-windows-64\dataTrack1\IMG\center_2024_11_20_20_20_31_721.jpg, C:\Users\Owner\Downloads\simulator-windows-64\dataTrack1\IMG\left_2024_11_20_20_20_31_721.jpg, C:\Users\Owner\Downloads\simulator-windows-64\dataTrack1\IMG\right_2024_11_20_20_20_31_721.jpg, 0, 0.3554553, 0, 19.45884
C:\Users\Owner\Downloads\simulator-windows-64\dataTrack1\IMG\center_2024_11_20_20_20_31_824.jpg, C:\Users\Owner\Downloads\simulator-windows-64\dataTrack1\IMG\left_2024_11_20_20_20_31_824.jpg, C:\Users\Owner\Downloads\simulator-windows-64\dataTrack1\IMG\right_2024_11_20_20_20_31_824.jpg, 0, 0.6174345, 0, 20.197
C:\Users\Owner\Downloads\simulator-windows-64\dataTrack1\IMG\center_2024_11_20_20_20_31_926.jpg, C:\Users\Owner\Downloads\simulator-windows-64\dataTrack1\IMG\left_2024_11_20_20_20_31_926.jpg, C:\Users\Owner\Downloads\simulator-windows-64\dataTrack1\IMG\right_2024_11_20_20_20_31_926.jpg, 0, 0.7168899, 0, 20.732
C:\Users\Owner\Downloads\simulator-windows-64\dataTrack1\IMG\center_2024_11_20_20_20_32_043.jpg, C:\Users\Owner\Downloads\simulator-windows-64\dataTrack1\IMG\left_2024_11_20_20_20_32_043.jpg, C:\Users\Owner\Downloads\simulator-windows-64\dataTrack1\IMG\right_2024_11_20_20_20_32_043.jpg, 0, 0.4241309, 0, 21.16194
C:\Users\Owner\Downloads\simulator-windows-64\dataTrack1\IMG\center_2024_11_20_20_20_32_143.jpg, C:\Users\Owner\Downloads\simulator-windows-64\dataTrack1\IMG\left_2024_11_20_20_20_32_143.jpg, C:\Users\Owner\Downloads\simulator-windows-64\dataTrack1\IMG\right_2024_11_20_20_20_32_143.jpg, 0, 0.6252012, 0, 21.83555
C:\Users\Owner\Downloads\simulator-windows-64\dataTrack1\IMG\center_2024_11_20_20_20_32_246.jpg, C:\Users\Owner\Downloads\simulator-windows-64\dataTrack1\IMG\left_2024_11_20_20_20_32_246.jpg, C:\Users\Owner\Downloads\simulator-windows-64\dataTrack1\IMG\right_2024_11_20_20_20_32_246.jpg, 0, 0.3340815, 0, 21.96721
C:\Users\Owner\Downloads\simulator-windows-64\dataTrack1\IMG\center_2024_11_20_20_20_32_349.jpg, C:\Users\Owner\Downloads\simulator-windows-64\dataTrack1\IMG\left_2024_11_20_20_20_32_349.jpg, C:\Users\Owner\Downloads\simulator-windows-64\dataTrack1\IMG\right_2024_11_20_20_20_32_349.jpg, 0, 0.4179423, 0, 22.12384
C:\Users\Owner\Downloads\simulator-windows-64\dataTrack1\IMG\center_2024_11_20_20_20_32_453.jpg, C:\Users\Owner\Downloads\simulator-windows-64\dataTrack1\IMG\left_2024_11_20_20_20_32_453.jpg, C:\Users\Owner\Downloads\simulator-windows-64\dataTrack1\IMG\right_2024_11_20_20_20_32_453.jpg, 0, 0.3180558, 0, 22.49822
C:\Users\Owner\Downloads\simulator-windows-64\dataTrack1\IMG\center_2024_11_20_20_20_32_558.jpg, C:\Users\Owner\Downloads\simulator-windows-64\dataTrack1\IMG\left_2024_11_20_20_20_32_558.jpg, C:\Users\Owner\Downloads\simulator-windows-64\dataTrack1\IMG\right_2024_11_20_20_20_32_558.jpg, 0, 0.3005289, 0, 22.50668
C:\Users\Owner\Downloads\simulator-windows-64\dataTrack1\IMG\center_2024_11_20_20_20_32_658.jpg, C:\Users\Owner\Downloads\simulator-windows-64\dataTrack1\IMG\left_2024_11_20_20_20_32_658.jpg, C:\Users\Owner\Downloads\simulator-windows-64\dataTrack1\IMG\right_2024_11_20_20_20_32_658.jpg, 0, 0.4055484, 0, 22.80859
C:\Users\Owner\Downloads\simulator-windows-64\dataTrack1\IMG\center_2024_11_20_20_20_32_762.jpg, C:\Users\Owner\Downloads\simulator-windows-64\dataTrack1\IMG\left_2024_11_20_20_20_32_762.jpg, C:\Users\Owner\Downloads\simulator-windows-64\dataTrack1\IMG\right_2024_11_20_20_20_32_762.jpg, 0, 0.09541199, 0, 22.91736
C:\Users\Owner\Downloads\simulator-windows-64\dataTrack1\IMG\center_2024_11_20_20_20_32_872.jpg, C:\Users\Owner\Downloads\simulator-windows-64\dataTrack1\IMG\left_2024_11_20_20_20_32_872.jpg, C:\Users\Owner\Downloads\simulator-windows-64\dataTrack1\IMG\right_2024_11_20_20_20_32_872.jpg, 0, 0.4248189, 0, 23.04686
C:\Users\Owner\Downloads\simulator-windows-64\dataTrack1\IMG\center_2024_11_20_20_20_32_976.jpg, C:\Users\Owner\Downloads\simulator-windows-64\dataTrack1\IMG\left_2024_11_20_20_20_32_976.jpg, C:\Users\Owner\Downloads\simulator-windows-64\dataTrack1\IMG\right_2024_11_20_20_20_32_976.jpg, 0, 0.418658, 0, 23.41518
C:\Users\Owner\Downloads\simulator-windows-64\dataTrack1\IMG\center_2024_11_20_20_20_33_092.jpg, C:\Users\Owner\Downloads\simulator-windows-64\dataTrack1\IMG\left_2024_11_20_20_20_33_092.jpg, C:\Users\Owner\Downloads\simulator-windows-64\dataTrack1\IMG\right_2024_11_20_20_20_33_092.jpg, 0, 0.06987445, 0, 23.44625
C:\Users\Owner\Downloads\simulator-windows-64\dataTrack1\IMG\center_2024_11_20_20_20_33_196.jpg, C:\Users\Owner\Downloads\simulator-windows-64\dataTrack1\IMG\left_2024_11_20_20_20_33_196.jpg, C:\Users\Owner\Downloads\simulator-windows-64\dataTrack1\IMG\right_2024_11_20_20_20_33_196.jpg, 0, 0.2256231, 0, 23.32396
C:\Users\Owner\Downloads\simulator-windows-64\dataTrack1\IMG\center_2024_11_20_20_20_33_299.jpg, C:\Users\Owner\Downloads\simulator-windows-64\dataTrack1\IMG\left_2024_11_20_20_20_33_299.jpg, C:\Users\Owner\Downloads\simulator-windows-64\dataTrack1\IMG\right_2024_11_20_20_20_33_299.jpg, 0, 0, 0, 23.18301
C:\Users\Owner\Downloads\simulator-windows-64\dataTrack1\IMG\center_2024_11_20_20_20_33_408.jpg, C:\Users\Owner\Downloads\simulator-windows-64\dataTrack1\IMG\left_2024_11_20_20_20_33_408.jpg, C:\Users\Owner\Downloads\simulator-windows-64\dataTrack1\IMG\right_2024_11_20_20_20_33_408.jpg, 0, 0.1024584, 0, 22.92561
C:\Users\Owner\Downloads\simulator-windows-64\dataTrack1\IMG\center_2024_11_20_20_20_33_520.jpg, C:\Users\Owner\Downloads\simulator-windows-64\dataTrack1\IMG\left_2024_11_20_20_20_33_520.jpg, C:\Users\Owner\Downloads\simulator-windows-64\dataTrack1\IMG\right_2024_11_20_20_20_33_520.jpg, 0, 0, 0, 22.71521
C:\Users\Owner\Downloads\simulator-windows-64\dataTrack1\IMG\center_2024_11_20_20_20_33_624.jpg, C:\Users\Owner\Downloads\simulator-windows-64\dataTrack1\IMG\left_2024_11_20_20_20_33_624.jpg, C:\Users\Owner\Downloads\simulator-windows-64\dataTrack1\IMG\right_2024_11_20_20_20_33_624.jpg, 0, 0, 0, 22.4811
C:\Users\Owner\Downloads\simulator-windows-64\dataTrack1\IMG\center_2024_11_20_20_20_33_736.jpg, C:\Users\Owner\Downloads\simulator-windows-64\dataTrack1\IMG\left_2024_11_20_20_20_33_736.jpg, C:\Users\Owner\Downloads\simulator-windows-64\dataTrack1\IMG\right_2024_11_20_20_20_33_736.jpg, 0, 0, 0, 22.2116
C:\Users\Owner\Downloads\simulator-windows-64\dataTrack1\IMG\center_2024_11_20_20_20_33_847.jpg, C:\Users\Owner\Downloads\simulator-windows-64\dataTrack1\IMG\left_2024_11_20_20_20_33_847.jpg, C:\Users\Owner\Downloads\simulator-windows-64\dataTrack1\IMG\right_2024_11_20_20_20_33_847.jpg, -0.3319608, 0, 0, 21.87781
C:\Users\Owner\Downloads\simulator-windows-64\dataTrack1\IMG\center_2024_11_20_20_20_33_990.jpg, C:\Users\Owner\Downloads\simulator-windows-64\dataTrack1\IMG\left_2024_11_20_20_20_33_990.jpg, C:\Users\Owner\Downloads\simulator-windows-64\dataTrack1\IMG\right_2024_11_20_20_20_33_990.jpg, 0, 0, 0, 21.51086
C:\Users\Owner\Downloads\simulator-windows-64\dataTrack1\IMG\center_2024_11_20_20_20_34_105.jpg, C:\Users\Owner\Downloads\simulator-windows-64\dataTrack1\IMG\left_2024_11_20_20_20_34_105.jpg, C:\Users\Owner\Downloads\simulator-windows-64\dataTrack1\IMG\right_2024_11_20_20_20_34_105.jpg, 0, 0.2945994, 0, 21.47089
C:\Users\Owner\Downloads\simulator-windows-64\dataTrack1\IMG\center_2024_11_20_20_20_34_616.jpg, C:\Users\Owner\Downloads\simulator-windows-64\dataTrack1\IMG\left_2024_11_20_20_20_34_616.jpg, C:\Users\Owner\Downloads\simulator-windows-64\dataTrack1\IMG\right_2024_11_20_20_20_34_616.jpg, 0, 0, 0, 20.93542
C:\Users\Owner\Downloads\simulator-windows-64\dataTrack1\IMG\center_2024_11_20_20_20_34_794.jpg, C:\Users\Owner\Downloads\simulator-windows-64\dataTrack1\IMG\left_2024_11_20_20_20_34_794.jpg, C:\Users\Owner\Downloads\simulator-windows-64\dataTrack1\IMG\right_2024_11_20_20_20_34_794.jpg, 0, 0, 0, 20.24392
C:\Users\Owner\Downloads\simulator-windows-64\dataTrack1\IMG\center_2024_11_20_20_20_35_608.jpg, C:\Users\Owner\Downloads\simulator-windows-64\dataTrack1\IMG\left_2024_11_20_20_20_35_608.jpg, C:\Users\Owner\Downloads\simulator-windows-64\dataTrack1\IMG\right_2024_11_20_20_20_35_608.jpg, 0, 0, 0, 19.8939
C:\Users\Owner\Downloads\simulator-windows-64\dataTrack1\IMG\center_2024_11_20_20_20_35_713.jpg, C:\Users\Owner\Downloads\simulator-windows-64\dataTrack1\IMG\left_2024_11_20_20_20_35_713.jpg, C:\Users\Owner\Downloads\simulator-windows-64\dataTrack1\IMG\right_2024_11_20_20_20_35_713.jpg, 0, 0, 0, 19.31964
C:\Users\Owner\Downloads\simulator-windows-64\dataTrack1\IMG\center_2024_11_20_20_20_35_828.jpg, C:\Users\Owner\Downloads\simulator-windows-64\dataTrack1\IMG\left_2024_11_20_20_20_35_828.jpg, C:\Users\Owner\Downloads\simulator-windows-64\dataTrack1\IMG\right_2024_11_20_20_20_35_828.jpg, 0, 0, 0, 19.06389
C:\Users\Owner\Downloads\simulator-windows-64\dataTrack1\IMG\center_2024_11_20_20_20_35_944.jpg, C:\Users\Owner\Downloads\simulator-windows-64\dataTrack1\IMG\left_2024_11_20_20_20_35_944.jpg, C:\Users\Owner\Downloads\simulator-windows-64\dataTrack1\IMG\right_2024_11_20_20_20_35_944.jpg, 0, 0, 0, 18.81025
C:\Users\Owner\Downloads\simulator-windows-64\dataTrack1\IMG\center_2024_11_20_20_20_36_050.jpg, C:\Users\Owner\Downloads\simulator-windows-64\dataTrack1\IMG\left_2024_11_20_20_20_36_050.jpg, C:\Users\Owner\Downloads\simulator-windows-64\dataTrack1\IMG\right_2024_11_20_20_20_36_050.jpg, 0, 0, 0, 19.08023
C:\Users\Owner\Downloads\simulator-windows-64\dataTrack1\IMG\center_2024_11_20_20_20_36_153.jpg, C:\Users\Owner\Downloads\simulator-windows-64\dataTrack1\IMG\left_2024_11_20_20_20_36_153.jpg, C:\Users\Owner\Downloads\simulator-windows-64\dataTrack1\IMG\right_2024_11_20_20_20_36_153.jpg, 0, 0, 0, 18.40963
C:\Users\Owner\Downloads\simulator-windows-64\dataTrack1\IMG\center_2024_11_20_20_20_36_269.jpg, C:\Users\Owner\Downloads\simulator-windows-64\dataTrack1\IMG\left_2024_11_20_20_20_36_269.jpg, C:\Users\Owner\Downloads\simulator-windows-64\dataTrack1\IMG\right_2024_11_20_20_20_36_269.jpg, 0, 0, 0, 18.17726
C:\Users\Owner\Downloads\simulator-windows-64\dataTrack1\IMG\center_2024_11_20_20_20_36_384.jpg, C:\Users\Owner\Downloads\simulator-windows-64\dataTrack1\IMG\left_2024_11_20_20_20_36_384.jpg, C:\Users\Owner\Downloads\simulator-windows-64\dataTrack1\IMG\right_2024_11_20_20_20_36_384.jpg, 0, 0, 0, 17.94854
C:\Users\Owner\Downloads\simulator-windows-64\dataTrack1\IMG\center_2024_11_20_20_20_36_487.jpg, C:\Users\Owner\Downloads\simulator-windows-64\dataTrack1\IMG\left_2024_11_20_20_20_36_487.jpg, C:\Users\Owner\Downloads\simulator-windows-64\dataTrack1\IMG\right_2024_11_20_20_20_36_487.jpg, 0, 0, 0, 18.27149
C:\Users\Owner\Downloads\simulator-windows-64\dataTrack1\IMG\center_2024_11_20_20_20_36_591.jpg, C:\Users\Owner\Downloads\simulator-windows-64\dataTrack1\IMG\left_2024_11_20_20_20_36_591.jpg, C:\Users\Owner\Downloads\simulator-windows-64\dataTrack1\IMG\right_2024_11_20_20_20_36_591.jpg, 0, 0, 0, 17.57475
C:\Users\Owner\Downloads\simulator-windows-64\dataTrack1\IMG\center_2024_11_20_20_20_36_692.jpg, C:\Users\Owner\Downloads\simulator-windows-64\dataTrack1\IMG\left_2024_11_20_20_20_36_692.jpg, C:\Users\Owner\Downloads\simulator-windows-64\dataTrack1\IMG\right_2024_11_20_20_20_36_692.jpg, 0.1981863, 0, 0, 17.89138
C:\Users\Owner\Downloads\simulator-windows-64\dataTrack1\IMG\center_2024_11_20_20_20_36_797.jpg, C:\Users\Owner\Downloads\simulator-windows-64\dataTrack1\IMG\left_2024_11_20_20_20_36_797.jpg, C:\Users\Owner\Downloads\simulator-windows-64\dataTrack1\IMG\right_2024_11_20_20_20_36_797.jpg, 0.09423389, 0, 0, 17.15877
C:\Users\Owner\Downloads\simulator-windows-64\dataTrack1\IMG\center_2024_11_20_20_20_36_903.jpg, C:\Users\Owner\Downloads\simulator-windows-64\dataTrack1\IMG\left_2024_11_20_20_20_36_903.jpg, C:\Users\Owner\Downloads\simulator-windows-64\dataTrack1\IMG\right_2024_11_20_20_20_36_903.jpg, 0, 0.2079456, 0, 17.0485
C:\Users\Owner\Downloads\simulator-windows-64\dataTrack1\IMG\center_2024_11_20_20_20_37_008.jpg, C:\Users\Owner\Downloads\simulator-windows-64\dataTrack1\IMG\left_2024_11_20_20_20_37_008.jpg, C:\Users\Owner\Downloads\simulator-windows-64\dataTrack1\IMG\right_2024_11_20_20_20_37_008.jpg, 0, 0, 0, 17.46009
C:\Users\Owner\Downloads\simulator-windows-64\dataTrack1\IMG\center_2024_11_20_20_20_37_113.jpg, C:\Users\Owner\Downloads\simulator-windows-64\dataTrack1\IMG\left_2024_11_20_20_20_37_113.jpg, C:\Users\Owner\Downloads\simulator-windows-64\dataTrack1\IMG\right_2024_11_20_20_20_37_113.jpg, 0, 0, 0, 16.74988
C:\Users\Owner\Downloads\simulator-windows-64\dataTrack1\IMG\center_2024_11_20_20_20_37_218.jpg, C:\Users\Owner\Downloads\simulator-windows-64\dataTrack1\IMG\left_2024_11_20_20_20_37_218.jpg, C:\Users\Owner\Downloads\simulator-windows-64\dataTrack1\IMG\right_2024_11_20_20_20_37_218.jpg, 0, 0, 0, 17.11736
C:\Users\Owner\Downloads\simulator-windows-64\dataTrack1\IMG\center_2024_11_20_20_20_37_324.jpg, C:\Users\Owner\Downloads\simulator-windows-64\dataTrack1\IMG\left_2024_11_20_20_20_37_324.jpg, C:\Users\Owner\Downloads\simulator-windows-64\dataTrack1\IMG\right_2024_11_20_20_20_37_324.jpg, 0.3202638, 0, 0, 16.85892
C:\Users\Owner\Downloads\simulator-windows-64\dataTrack1\IMG\center_2024_11_20_20_20_37_428.jpg, C:\Users\Owner\Downloads\simulator-windows-64\dataTrack1\IMG\left_2024_11_20_20_20_37_428.jpg, C:\Users\Owner\Downloads\simulator-windows-64\dataTrack1\IMG\right_2024_11_20_20_20_37_428.jpg, 0.00677998, 0, 0, 16.15791
C:\Users\Owner\Downloads\simulator-windows-64\dataTrack1\IMG\center_2024_11_20_20_20_37_530.jpg, C:\Users\Owner\Downloads\simulator-windows-64\dataTrack1\IMG\left_2024_11_20_20_20_37_530.jpg, C:\Users\Owner\Downloads\simulator-windows-64\dataTrack1\IMG\right_2024_11_20_20_20_37_530.jpg, 0, 0, 0, 16.53636
C:\Users\Owner\Downloads\simulator-windows-64\dataTrack1\IMG\center_2024_11_20_20_20_37_636.jpg, C:\Users\Owner\Downloads\simulator-windows-64\dataTrack1\IMG\left_2024_11_20_20_20_37_636.jpg, C:\Users\Owner\Downloads\simulator-windows-64\dataTrack1\IMG\right_2024_11_20_20_20_37_636.jpg, 0, 0.3171327, 0, 16.01062
C:\Users\Owner\Downloads\simulator-windows-64\dataTrack1\IMG\center_2024_11_20_20_20_37_739.jpg, C:\Users\Owner\Downloads\simulator-windows-64\dataTrack1\IMG\left_2024_11_20_20_20_37_739.jpg, C:\Users\Owner\Downloads\simulator-windows-64\dataTrack1\IMG\right_2024_11_20_20_20_37_739.jpg, 0, 0.3402756, 0, 16.83268
C:\Users\Owner\Downloads\simulator-windows-64\dataTrack1\IMG\center_2024_11_20_20_20_37_856.jpg, C:\Users\Owner\Downloads\simulator-windows-64\dataTrack1\IMG\left_2024_11_20_20_20_37_856.jpg, C:\Users\Owner\Downloads\simulator-windows-64\dataTrack1\IMG\right_2024_11_20_20_20_37_856.jpg, 0, 0, 0, 16.92748
C:\Users\Owner\Downloads\simulator-windows-64\dataTrack1\IMG\center_2024_11_20_20_20_37_960.jpg, C:\Users\Owner\Downloads\simulator-windows-64\dataTrack1\IMG\left_2024_11_20_20_20_37_960.jpg, C:\Users\Owner\Downloads\simulator-windows-64\dataTrack1\IMG\right_2024_11_20_20_20_37_960.jpg, 0, 0, 0, 16.21192
C:\Users\Owner\Downloads\simulator-windows-64\dataTrack1\IMG\center_2024_11_20_20_20_38_062.jpg, C:\Users\Owner\Downloads\simulator-windows-64\dataTrack1\IMG\left_2024_11_20_20_20_38_062.jpg, C:\Users\Owner\Downloads\simulator-windows-64\dataTrack1\IMG\right_2024_11_20_20_20_38_062.jpg, 0.3059541, 0, 0, 15.98653
C:\Users\Owner\Downloads\simulator-windows-64\dataTrack1\IMG\center_2024_11_20_20_20_38_168.jpg, C:\Users\Owner\Downloads\simulator-windows-64\dataTrack1\IMG\left_2024_11_20_20_20_38_168.jpg, C:\Users\Owner\Downloads\simulator-windows-64\dataTrack1\IMG\right_2024_11_20_20_20_38_168.jpg, 0, 0, 0, 16.3637
C:\Users\Owner\Downloads\simulator-windows-64\dataTrack1\IMG\center_2024_11_20_20_20_38_272.jpg, C:\Users\Owner\Downloads\simulator-windows-64\dataTrack1\IMG\left_2024_11_20_20_20_38_272.jpg, C:\Users\Owner\Downloads\simulator-windows-64\dataTrack1\IMG\right_2024_11_20_20_20_38_272.jpg, 0.2048226, 0, 0, 15.6613
C:\Users\Owner\Downloads\simulator-windows-64\dataTrack1\IMG\center_2024_11_20_20_20_38_375.jpg, C:\Users\Owner\Downloads\simulator-windows-64\dataTrack1\IMG\left_2024_11_20_20_20_38_375.jpg, C:\Users\Owner\Downloads\simulator-windows-64\dataTrack1\IMG\right_2024_11_20_20_20_38_375.jpg, 0, 0, 0, 16.03735
C:\Users\Owner\Downloads\simulator-windows-64\dataTrack1\IMG\center_2024_11_20_20_20_38_477.jpg, C:\Users\Owner\Downloads\simulator-windows-64\dataTrack1\IMG\left_2024_11_20_20_20_38_477.jpg, C:\Users\Owner\Downloads\simulator-windows-64\dataTrack1\IMG\right_2024_11_20_20_20_38_477.jpg, 0, 0, 0, 15.35131
C:\Users\Owner\Downloads\simulator-windows-64\dataTrack1\IMG\center_2024_11_20_20_20_38_581.jpg, C:\Users\Owner\Downloads\simulator-windows-64\dataTrack1\IMG\left_2024_11_20_20_20_38_581.jpg, C:\Users\Owner\Downloads\simulator-windows-64\dataTrack1\IMG\right_2024_11_20_20_20_38_581.jpg, 0, 0, 0, 15.72626
C:\Users\Owner\Downloads\simulator-windows-64\dataTrack1\IMG\center_2024_11_20_20_20_38_684.jpg, C:\Users\Owner\Downloads\simulator-windows-64\dataTrack1\IMG\left_2024_11_20_20_20_38_684.jpg, C:\Users\Owner\Downloads\simulator-windows-64\dataTrack1\IMG\right_2024_11_20_20_20_38_684.jpg, 0.1504629, 0, 0, 15.53418
C:\Users\Owner\Downloads\simulator-windows-64\dataTrack1\IMG\center_2024_11_20_20_20_38_788.jpg, C:\Users\Owner\Downloads\simulator-windows-64\dataTrack1\IMG\left_2024_11_20_20_20_38_788.jpg, C:\Users\Owner\Downloads\simulator-windows-64\dataTrack1\IMG\right_2024_11_20_20_20_38_788.jpg, 0.2559687, 0, 0, 14.80788
C:\Users\Owner\Downloads\simulator-windows-64\dataTrack1\IMG\center_2024_11_20_20_20_38_892.jpg, C:\Users\Owner\Downloads\simulator-windows-64\dataTrack1\IMG\left_2024_11_20_20_20_38_892.jpg, C:\Users\Owner\Downloads\simulator-windows-64\dataTrack1\IMG\right_2024_11_20_20_20_38_892.jpg, 0.1467948, 0, 0, 15.16852
C:\Users\Owner\Downloads\simulator-windows-64\dataTrack1\IMG\center_2024_11_20_20_20_38_997.jpg, C:\Users\Owner\Downloads\simulator-windows-64\dataTrack1\IMG\left_2024_11_20_20_20_38_997.jpg, C:\Users\Owner\Downloads\simulator-windows-64\dataTrack1\IMG\right_2024_11_20_20_20_38_997.jpg, 0.2504568, 0, 0, 14.46607
C:\Users\Owner\Downloads\simulator-windows-64\dataTrack1\IMG\center_2024_11_20_20_20_39_103.jpg, C:\Users\Owner\Downloads\simulator-windows-64\dataTrack1\IMG\left_2024_11_20_20_20_39_103.jpg, C:\Users\Owner\Downloads\simulator-windows-64\dataTrack1\IMG\right_2024_11_20_20_20_39_103.jpg, 0, 0, 0, 14.28645
C:\Users\Owner\Downloads\simulator-windows-64\dataTrack1\IMG\center_2024_11_20_20_20_39_208.jpg, C:\Users\Owner\Downloads\simulator-windows-64\dataTrack1\IMG\left_2024_11_20_20_20_39_208.jpg, C:\Users\Owner\Downloads\simulator-windows-64\dataTrack1\IMG\right_2024_11_20_20_20_39_208.jpg, 0, 0, 0, 14.65943
C:\Users\Owner\Downloads\simulator-windows-64\dataTrack1\IMG\center_2024_11_20_20_20_39_312.jpg, C:\Users\Owner\Downloads\simulator-windows-64\dataTrack1\IMG\left_2024_11_20_20_20_39_312.jpg, C:\Users\Owner\Downloads\simulator-windows-64\dataTrack1\IMG\right_2024_11_20_20_20_39_312.jpg, 0, 0, 0, 14.00486
C:\Users\Owner\Downloads\simulator-windows-64\dataTrack1\IMG\center_2024_11_20_20_20_39_415.jpg, C:\Users\Owner\Downloads\simulator-windows-64\dataTrack1\IMG\left_2024_11_20_20_20_39_415.jpg, C:\Users\Owner\Downloads\simulator-windows-64\dataTrack1\IMG\right_2024_11_20_20_20_39_415.jpg, 0, 0.2004516, 0, 14.395
C:\Users\Owner\Downloads\simulator-windows-64\dataTrack1\IMG\center_2024_11_20_20_20_39_520.jpg, C:\Users\Owner\Downloads\simulator-windows-64\dataTrack1\IMG\left_2024_11_20_20_20_39_520.jpg, C:\Users\Owner\Downloads\simulator-windows-64\dataTrack1\IMG\right_2024_11_20_20_20_39_520.jpg, 0, 0.2567676, 0, 14.1613
C:\Users\Owner\Downloads\simulator-windows-64\dataTrack1\IMG\center_2024_11_20_20_20_39_624.jpg, C:\Users\Owner\Downloads\simulator-windows-64\dataTrack1\IMG\left_2024_11_20_20_20_39_624.jpg, C:\Users\Owner\Downloads\simulator-windows-64\dataTrack1\IMG\right_2024_11_20_20_20_39_624.jpg, 0, 0.0509949, 0, 13.98555
C:\Users\Owner\Downloads\simulator-windows-64\dataTrack1\IMG\center_2024_11_20_20_20_39_726.jpg, C:\Users\Owner\Downloads\simulator-windows-64\dataTrack1\IMG\left_2024_11_20_20_20_39_726.jpg, C:\Users\Owner\Downloads\simulator-windows-64\dataTrack1\IMG\right_2024_11_20_20_20_39_726.jpg, 0, 0.3585216, 0, 14.66799
C:\Users\Owner\Downloads\simulator-windows-64\dataTrack1\IMG\center_2024_11_20_20_20_39_830.jpg, C:\Users\Owner\Downloads\simulator-windows-64\dataTrack1\IMG\left_2024_11_20_20_20_39_830.jpg, C:\Users\Owner\Downloads\simulator-windows-64\dataTrack1\IMG\right_2024_11_20_20_20_39_830.jpg, 0, 0.2620608, 0, 14.55611
C:\Users\Owner\Downloads\simulator-windows-64\dataTrack1\IMG\center_2024_11_20_20_20_39_937.jpg, C:\Users\Owner\Downloads\simulator-windows-64\dataTrack1\IMG\left_2024_11_20_20_20_39_937.jpg, C:\Users\Owner\Downloads\simulator-windows-64\dataTrack1\IMG\right_2024_11_20_20_20_39_937.jpg, 0, 0.1586055, 0, 15.03222
C:\Users\Owner\Downloads\simulator-windows-64\dataTrack1\IMG\center_2024_11_20_20_20_40_040.jpg, C:\Users\Owner\Downloads\simulator-windows-64\dataTrack1\IMG\left_2024_11_20_20_20_40_040.jpg, C:\Users\Owner\Downloads\simulator-windows-64\dataTrack1\IMG\right_2024_11_20_20_20_40_040.jpg, 0, 0.4254087, 0, 14.74091
C:\Users\Owner\Downloads\simulator-windows-64\dataTrack1\IMG\center_2024_11_20_20_20_40_144.jpg, C:\Users\Owner\Downloads\simulator-windows-64\dataTrack1\IMG\left_2024_11_20_20_20_40_144.jpg, C:\Users\Owner\Downloads\simulator-windows-64\dataTrack1\IMG\right_2024_11_20_20_20_40_144.jpg, 0.2057208, 0.3214035, 0, 15.26425
C:\Users\Owner\Downloads\simulator-windows-64\dataTrack1\IMG\center_2024_11_20_20_20_40_246.jpg, C:\Users\Owner\Downloads\simulator-windows-64\dataTrack1\IMG\left_2024_11_20_20_20_40_246.jpg, C:\Users\Owner\Downloads\simulator-windows-64\dataTrack1\IMG\right_2024_11_20_20_20_40_246.jpg, 0.511617, 0.01550729, 0, 15.60957
C:\Users\Owner\Downloads\simulator-windows-64\dataTrack1\IMG\center_2024_11_20_20_20_40_352.jpg, C:\Users\Owner\Downloads\simulator-windows-64\dataTrack1\IMG\left_2024_11_20_20_20_40_352.jpg, C:\Users\Owner\Downloads\simulator-windows-64\dataTrack1\IMG\right_2024_11_20_20_20_40_352.jpg, 0.4178472, 0, 0, 14.85088
C:\Users\Owner\Downloads\simulator-windows-64\dataTrack1\IMG\center_2024_11_20_20_20_40_457.jpg, C:\Users\Owner\Downloads\simulator-windows-64\dataTrack1\IMG\left_2024_11_20_20_20_40_457.jpg, C:\Users\Owner\Downloads\simulator-windows-64\dataTrack1\IMG\right_2024_11_20_20_20_40_457.jpg, 0.1042635, 0, 0, 15.26459
C:\Users\Owner\Downloads\simulator-windows-64\dataTrack1\IMG\center_2024_11_20_20_20_40_559.jpg, C:\Users\Owner\Downloads\simulator-windows-64\dataTrack1\IMG\left_2024_11_20_20_20_40_559.jpg, C:\Users\Owner\Downloads\simulator-windows-64\dataTrack1\IMG\right_2024_11_20_20_20_40_559.jpg, 0.412297, 0, 0, 14.57902
C:\Users\Owner\Downloads\simulator-windows-64\dataTrack1\IMG\center_2024_11_20_20_20_40_663.jpg, C:\Users\Owner\Downloads\simulator-windows-64\dataTrack1\IMG\left_2024_11_20_20_20_40_663.jpg, C:\Users\Owner\Downloads\simulator-windows-64\dataTrack1\IMG\right_2024_11_20_20_20_40_663.jpg, 0.1009578, 0, 0, 14.44619
C:\Users\Owner\Downloads\simulator-windows-64\dataTrack1\IMG\center_2024_11_20_20_20_40_770.jpg, C:\Users\Owner\Downloads\simulator-windows-64\dataTrack1\IMG\left_2024_11_20_20_20_40_770.jpg, C:\Users\Owner\Downloads\simulator-windows-64\dataTrack1\IMG\right_2024_11_20_20_20_40_770.jpg, 0, 0.2054991, 0, 14.82266
C:\Users\Owner\Downloads\simulator-windows-64\dataTrack1\IMG\center_2024_11_20_20_20_40_874.jpg, C:\Users\Owner\Downloads\simulator-windows-64\dataTrack1\IMG\left_2024_11_20_20_20_40_874.jpg, C:\Users\Owner\Downloads\simulator-windows-64\dataTrack1\IMG\right_2024_11_20_20_20_40_874.jpg, 0, 0.402066, 0, 14.58406
C:\Users\Owner\Downloads\simulator-windows-64\dataTrack1\IMG\center_2024_11_20_20_20_40_975.jpg, C:\Users\Owner\Downloads\simulator-windows-64\dataTrack1\IMG\left_2024_11_20_20_20_40_975.jpg, C:\Users\Owner\Downloads\simulator-windows-64\dataTrack1\IMG\right_2024_11_20_20_20_40_975.jpg, 0, 0.09596369, 0, 15.27167
C:\Users\Owner\Downloads\simulator-windows-64\dataTrack1\IMG\center_2024_11_20_20_20_41_078.jpg, C:\Users\Owner\Downloads\simulator-windows-64\dataTrack1\IMG\left_2024_11_20_20_20_41_078.jpg, C:\Users\Owner\Downloads\simulator-windows-64\dataTrack1\IMG\right_2024_11_20_20_20_41_078.jpg, 0.0559275, 0, 0, 14.59617
C:\Users\Owner\Downloads\simulator-windows-64\dataTrack1\IMG\center_2024_11_20_20_20_41_180.jpg, C:\Users\Owner\Downloads\simulator-windows-64\dataTrack1\IMG\left_2024_11_20_20_20_41_180.jpg, C:\Users\Owner\Downloads\simulator-windows-64\dataTrack1\IMG\right_2024_11_20_20_20_41_180.jpg, 0.3615072, 0, 0, 14.91973
C:\Users\Owner\Downloads\simulator-windows-64\dataTrack1\IMG\center_2024_11_20_20_20_41_286.jpg, C:\Users\Owner\Downloads\simulator-windows-64\dataTrack1\IMG\left_2024_11_20_20_20_41_286.jpg, C:\Users\Owner\Downloads\simulator-windows-64\dataTrack1\IMG\right_2024_11_20_20_20_41_286.jpg, 0.3081015, 0, 0, 14.71457
C:\Users\Owner\Downloads\simulator-windows-64\dataTrack1\IMG\center_2024_11_20_20_20_41_390.jpg, C:\Users\Owner\Downloads\simulator-windows-64\dataTrack1\IMG\left_2024_11_20_20_20_41_390.jpg, C:\Users\Owner\Downloads\simulator-windows-64\dataTrack1\IMG\right_2024_11_20_20_20_41_390.jpg, 0.4142901, 0, 0, 14.01672
C:\Users\Owner\Downloads\simulator-windows-64\dataTrack1\IMG\center_2024_11_20_20_20_41_493.jpg, C:\Users\Owner\Downloads\simulator-windows-64\dataTrack1\IMG\left_2024_11_20_20_20_41_493.jpg, C:\Users\Owner\Downloads\simulator-windows-64\dataTrack1\IMG\right_2024_11_20_20_20_41_493.jpg, 0.1049874, 0, 0, 14.42888
C:\Users\Owner\Downloads\simulator-windows-64\dataTrack1\IMG\center_2024_11_20_20_20_41_597.jpg, C:\Users\Owner\Downloads\simulator-windows-64\dataTrack1\IMG\left_2024_11_20_20_20_41_597.jpg, C:\Users\Owner\Downloads\simulator-windows-64\dataTrack1\IMG\right_2024_11_20_20_20_41_597.jpg, 0.1541334, 0, 0, 13.75602
C:\Users\Owner\Downloads\simulator-windows-64\dataTrack1\IMG\center_2024_11_20_20_20_41_699.jpg, C:\Users\Owner\Downloads\simulator-windows-64\dataTrack1\IMG\left_2024_11_20_20_20_41_699.jpg, C:\Users\Owner\Downloads\simulator-windows-64\dataTrack1\IMG\right_2024_11_20_20_20_41_699.jpg, 0.2015157, 0, 0, 14.12727
C:\Users\Owner\Downloads\simulator-windows-64\dataTrack1\IMG\center_2024_11_20_20_20_41_805.jpg, C:\Users\Owner\Downloads\simulator-windows-64\dataTrack1\IMG\left_2024_11_20_20_20_41_805.jpg, C:\Users\Owner\Downloads\simulator-windows-64\dataTrack1\IMG\right_2024_11_20_20_20_41_805.jpg, 0.0499482, 0, 0, 13.93229
C:\Users\Owner\Downloads\simulator-windows-64\dataTrack1\IMG\center_2024_11_20_20_20_41_908.jpg, C:\Users\Owner\Downloads\simulator-windows-64\dataTrack1\IMG\left_2024_11_20_20_20_41_908.jpg, C:\Users\Owner\Downloads\simulator-windows-64\dataTrack1\IMG\right_2024_11_20_20_20_41_908.jpg, 0.3602622, 0, 0, 13.1925
C:\Users\Owner\Downloads\simulator-windows-64\dataTrack1\IMG\center_2024_11_20_20_20_42_011.jpg, C:\Users\Owner\Downloads\simulator-windows-64\dataTrack1\IMG\left_2024_11_20_20_20_42_011.jpg, C:\Users\Owner\Downloads\simulator-windows-64\dataTrack1\IMG\right_2024_11_20_20_20_42_011.jpg, 0.6681059, 0, 0, 13.43365
C:\Users\Owner\Downloads\simulator-windows-64\dataTrack1\IMG\center_2024_11_20_20_20_42_114.jpg, C:\Users\Owner\Downloads\simulator-windows-64\dataTrack1\IMG\left_2024_11_20_20_20_42_114.jpg, C:\Users\Owner\Downloads\simulator-windows-64\dataTrack1\IMG\right_2024_11_20_20_20_42_114.jpg, 0.767561, 0, 0, 12.64603
C:\Users\Owner\Downloads\simulator-windows-64\dataTrack1\IMG\center_2024_11_20_20_20_42_218.jpg, C:\Users\Owner\Downloads\simulator-windows-64\dataTrack1\IMG\left_2024_11_20_20_20_42_218.jpg, C:\Users\Owner\Downloads\simulator-windows-64\dataTrack1\IMG\right_2024_11_20_20_20_42_218.jpg, 0.4548084, 0, 0, 12.90857
C:\Users\Owner\Downloads\simulator-windows-64\dataTrack1\IMG\center_2024_11_20_20_20_42_323.jpg, C:\Users\Owner\Downloads\simulator-windows-64\dataTrack1\IMG\left_2024_11_20_20_20_42_323.jpg, C:\Users\Owner\Downloads\simulator-windows-64\dataTrack1\IMG\right_2024_11_20_20_20_42_323.jpg, 0.3506892, 0, 0, 12.79604
C:\Users\Owner\Downloads\simulator-windows-64\dataTrack1\IMG\center_2024_11_20_20_20_42_426.jpg, C:\Users\Owner\Downloads\simulator-windows-64\dataTrack1\IMG\left_2024_11_20_20_20_42_426.jpg, C:\Users\Owner\Downloads\simulator-windows-64\dataTrack1\IMG\right_2024_11_20_20_20_42_426.jpg, 0.5599608, 0, 0, 12.38615
C:\Users\Owner\Downloads\simulator-windows-64\dataTrack1\IMG\center_2024_11_20_20_20_42_530.jpg, C:\Users\Owner\Downloads\simulator-windows-64\dataTrack1\IMG\left_2024_11_20_20_20_42_530.jpg, C:\Users\Owner\Downloads\simulator-windows-64\dataTrack1\IMG\right_2024_11_20_20_20_42_530.jpg, 0.2485678, 0, 0, 12.67184
C:\Users\Owner\Downloads\simulator-windows-64\dataTrack1\IMG\center_2024_11_20_20_20_42_632.jpg, C:\Users\Owner\Downloads\simulator-windows-64\dataTrack1\IMG\left_2024_11_20_20_20_42_632.jpg, C:\Users\Owner\Downloads\simulator-windows-64\dataTrack1\IMG\right_2024_11_20_20_20_42_632.jpg, 0, 0.1539282, 0, 12.11489
C:\Users\Owner\Downloads\simulator-windows-64\dataTrack1\IMG\center_2024_11_20_20_20_42_738.jpg, C:\Users\Owner\Downloads\simulator-windows-64\dataTrack1\IMG\left_2024_11_20_20_20_42_738.jpg, C:\Users\Owner\Downloads\simulator-windows-64\dataTrack1\IMG\right_2024_11_20_20_20_42_738.jpg, 0.0546759, 0.2651241, 0, 12.57744
C:\Users\Owner\Downloads\simulator-windows-64\dataTrack1\IMG\center_2024_11_20_20_20_42_839.jpg, C:\Users\Owner\Downloads\simulator-windows-64\dataTrack1\IMG\left_2024_11_20_20_20_42_839.jpg, C:\Users\Owner\Downloads\simulator-windows-64\dataTrack1\IMG\right_2024_11_20_20_20_42_839.jpg, 0.3088449, 0.01095508, 0, 12.3854
C:\Users\Owner\Downloads\simulator-windows-64\dataTrack1\IMG\center_2024_11_20_20_20_42_944.jpg, C:\Users\Owner\Downloads\simulator-windows-64\dataTrack1\IMG\left_2024_11_20_20_20_42_944.jpg, C:\Users\Owner\Downloads\simulator-windows-64\dataTrack1\IMG\right_2024_11_20_20_20_42_944.jpg, 0.2773779, 0, 0, 12.17431
C:\Users\Owner\Downloads\simulator-windows-64\dataTrack1\IMG\center_2024_11_20_20_20_43_051.jpg, C:\Users\Owner\Downloads\simulator-windows-64\dataTrack1\IMG\left_2024_11_20_20_20_43_051.jpg, C:\Users\Owner\Downloads\simulator-windows-64\dataTrack1\IMG\right_2024_11_20_20_20_43_051.jpg, 0.07151069, 0.106917, 0, 12.44561
C:\Users\Owner\Downloads\simulator-windows-64\dataTrack1\IMG\center_2024_11_20_20_20_43_154.jpg, C:\Users\Owner\Downloads\simulator-windows-64\dataTrack1\IMG\left_2024_11_20_20_20_43_154.jpg, C:\Users\Owner\Downloads\simulator-windows-64\dataTrack1\IMG\right_2024_11_20_20_20_43_154.jpg, 0.3839355, 0.1063944, 0, 12.13782
C:\Users\Owner\Downloads\simulator-windows-64\dataTrack1\IMG\center_2024_11_20_20_20_43_257.jpg, C:\Users\Owner\Downloads\simulator-windows-64\dataTrack1\IMG\left_2024_11_20_20_20_43_257.jpg, C:\Users\Owner\Downloads\simulator-windows-64\dataTrack1\IMG\right_2024_11_20_20_20_43_257.jpg, 0.6935616, 0, 0, 12.27649
C:\Users\Owner\Downloads\simulator-windows-64\dataTrack1\IMG\center_2024_11_20_20_20_43_362.jpg, C:\Users\Owner\Downloads\simulator-windows-64\dataTrack1\IMG\left_2024_11_20_20_20_43_362.jpg, C:\Users\Owner\Downloads\simulator-windows-64\dataTrack1\IMG\right_2024_11_20_20_20_43_362.jpg, 0.3794172, 0, 0, 12.10265
C:\Users\Owner\Downloads\simulator-windows-64\dataTrack1\IMG\center_2024_11_20_20_20_43_465.jpg, C:\Users\Owner\Downloads\simulator-windows-64\dataTrack1\IMG\left_2024_11_20_20_20_43_465.jpg, C:\Users\Owner\Downloads\simulator-windows-64\dataTrack1\IMG\right_2024_11_20_20_20_43_465.jpg, 0.4677519, 0, 0, 11.48089
C:\Users\Owner\Downloads\simulator-windows-64\dataTrack1\IMG\center_2024_11_20_20_20_43_569.jpg, C:\Users\Owner\Downloads\simulator-windows-64\dataTrack1\IMG\left_2024_11_20_20_20_43_569.jpg, C:\Users\Owner\Downloads\simulator-windows-64\dataTrack1\IMG\right_2024_11_20_20_20_43_569.jpg, 0.7813566, 0, 0, 11.70759
C:\Users\Owner\Downloads\simulator-windows-64\dataTrack1\IMG\center_2024_11_20_20_20_43_673.jpg, C:\Users\Owner\Downloads\simulator-windows-64\dataTrack1\IMG\left_2024_11_20_20_20_43_673.jpg, C:\Users\Owner\Downloads\simulator-windows-64\dataTrack1\IMG\right_2024_11_20_20_20_43_673.jpg, 0.7862946, 0.1047582, 0, 11.48204
C:\Users\Owner\Downloads\simulator-windows-64\dataTrack1\IMG\center_2024_11_20_20_20_43_775.jpg, C:\Users\Owner\Downloads\simulator-windows-64\dataTrack1\IMG\left_2024_11_20_20_20_43_775.jpg, C:\Users\Owner\Downloads\simulator-windows-64\dataTrack1\IMG\right_2024_11_20_20_20_43_775.jpg, 0.4812471, 0, 0, 11.41141
C:\Users\Owner\Downloads\simulator-windows-64\dataTrack1\IMG\center_2024_11_20_20_20_43_878.jpg, C:\Users\Owner\Downloads\simulator-windows-64\dataTrack1\IMG\left_2024_11_20_20_20_43_878.jpg, C:\Users\Owner\Downloads\simulator-windows-64\dataTrack1\IMG\right_2024_11_20_20_20_43_878.jpg, 0.2202777, 0, 0, 11.31397
C:\Users\Owner\Downloads\simulator-windows-64\dataTrack1\IMG\center_2024_11_20_20_20_43_984.jpg, C:\Users\Owner\Downloads\simulator-windows-64\dataTrack1\IMG\left_2024_11_20_20_20_43_984.jpg, C:\Users\Owner\Downloads\simulator-windows-64\dataTrack1\IMG\right_2024_11_20_20_20_43_984.jpg, 0, 0.2030637, 0, 11.27511
C:\Users\Owner\Downloads\simulator-windows-64\dataTrack1\IMG\center_2024_11_20_20_20_44_091.jpg, C:\Users\Owner\Downloads\simulator-windows-64\dataTrack1\IMG\left_2024_11_20_20_20_44_091.jpg, C:\Users\Owner\Downloads\simulator-windows-64\dataTrack1\IMG\right_2024_11_20_20_20_44_091.jpg, 0, 0.3197985, 0, 11.37022
C:\Users\Owner\Downloads\simulator-windows-64\dataTrack1\IMG\center_2024_11_20_20_20_44_195.jpg, C:\Users\Owner\Downloads\simulator-windows-64\dataTrack1\IMG\left_2024_11_20_20_20_44_195.jpg, C:\Users\Owner\Downloads\simulator-windows-64\dataTrack1\IMG\right_2024_11_20_20_20_44_195.jpg, 0, 0.007422596, 0, 11.75446
C:\Users\Owner\Downloads\simulator-windows-64\dataTrack1\IMG\center_2024_11_20_20_20_44_298.jpg, C:\Users\Owner\Downloads\simulator-windows-64\dataTrack1\IMG\left_2024_11_20_20_20_44_298.jpg, C:\Users\Owner\Downloads\simulator-windows-64\dataTrack1\IMG\right_2024_11_20_20_20_44_298.jpg, 0, 0.3162795, 0, 11.45948
C:\Users\Owner\Downloads\simulator-windows-64\dataTrack1\IMG\center_2024_11_20_20_20_44_403.jpg, C:\Users\Owner\Downloads\simulator-windows-64\dataTrack1\IMG\left_2024_11_20_20_20_44_403.jpg, C:\Users\Owner\Downloads\simulator-windows-64\dataTrack1\IMG\right_2024_11_20_20_20_44_403.jpg, 0, 0.0003638938, 0, 11.53945
C:\Users\Owner\Downloads\simulator-windows-64\dataTrack1\IMG\center_2024_11_20_20_20_44_507.jpg, C:\Users\Owner\Downloads\simulator-windows-64\dataTrack1\IMG\left_2024_11_20_20_20_44_507.jpg, C:\Users\Owner\Downloads\simulator-windows-64\dataTrack1\IMG\right_2024_11_20_20_20_44_507.jpg, 0, 0.2039064, 0, 11.91239
C:\Users\Owner\Downloads\simulator-windows-64\dataTrack1\IMG\center_2024_11_20_20_20_44_611.jpg, C:\Users\Owner\Downloads\simulator-windows-64\dataTrack1\IMG\left_2024_11_20_20_20_44_611.jpg, C:\Users\Owner\Downloads\simulator-windows-64\dataTrack1\IMG\right_2024_11_20_20_20_44_611.jpg, 0, 0.5161518, 0, 12.10941
C:\Users\Owner\Downloads\simulator-windows-64\dataTrack1\IMG\center_2024_11_20_20_20_44_716.jpg, C:\Users\Owner\Downloads\simulator-windows-64\dataTrack1\IMG\left_2024_11_20_20_20_44_716.jpg, C:\Users\Owner\Downloads\simulator-windows-64\dataTrack1\IMG\right_2024_11_20_20_20_44_716.jpg, 0, 0.8310388, 0, 12.70809
C:\Users\Owner\Downloads\simulator-windows-64\dataTrack1\IMG\center_2024_11_20_20_20_44_821.jpg, C:\Users\Owner\Downloads\simulator-windows-64\dataTrack1\IMG\left_2024_11_20_20_20_44_821.jpg, C:\Users\Owner\Downloads\simulator-windows-64\dataTrack1\IMG\right_2024_11_20_20_20_44_821.jpg, 0, 0.745873, 0, 13.66084
C:\Users\Owner\Downloads\simulator-windows-64\dataTrack1\IMG\center_2024_11_20_20_20_44_928.jpg, C:\Users\Owner\Downloads\simulator-windows-64\dataTrack1\IMG\left_2024_11_20_20_20_44_928.jpg, C:\Users\Owner\Downloads\simulator-windows-64\dataTrack1\IMG\right_2024_11_20_20_20_44_928.jpg, 0.3170979, 0.3771262, 0, 14.2736
C:\Users\Owner\Downloads\simulator-windows-64\dataTrack1\IMG\center_2024_11_20_20_20_45_032.jpg, C:\Users\Owner\Downloads\simulator-windows-64\dataTrack1\IMG\left_2024_11_20_20_20_45_032.jpg, C:\Users\Owner\Downloads\simulator-windows-64\dataTrack1\IMG\right_2024_11_20_20_20_45_032.jpg, 0.6309204, 0.2725453, 0, 14.08274
C:\Users\Owner\Downloads\simulator-windows-64\dataTrack1\IMG\center_2024_11_20_20_20_45_134.jpg, C:\Users\Owner\Downloads\simulator-windows-64\dataTrack1\IMG\left_2024_11_20_20_20_45_134.jpg, C:\Users\Owner\Downloads\simulator-windows-64\dataTrack1\IMG\right_2024_11_20_20_20_45_134.jpg, 0.93606, 0.5776849, 0, 14.44591
C:\Users\Owner\Downloads\simulator-windows-64\dataTrack1\IMG\center_2024_11_20_20_20_45_240.jpg, C:\Users\Owner\Downloads\simulator-windows-64\dataTrack1\IMG\left_2024_11_20_20_20_45_240.jpg, C:\Users\Owner\Downloads\simulator-windows-64\dataTrack1\IMG\right_2024_11_20_20_20_45_240.jpg, 0.6184304, 0.2600554, 0, 14.85203
C:\Users\Owner\Downloads\simulator-windows-64\dataTrack1\IMG\center_2024_11_20_20_20_45_345.jpg, C:\Users\Owner\Downloads\simulator-windows-64\dataTrack1\IMG\left_2024_11_20_20_20_45_345.jpg, C:\Users\Owner\Downloads\simulator-windows-64\dataTrack1\IMG\right_2024_11_20_20_20_45_345.jpg, 0.3041807, 0, 0, 14.74691
C:\Users\Owner\Downloads\simulator-windows-64\dataTrack1\IMG\center_2024_11_20_20_20_45_448.jpg, C:\Users\Owner\Downloads\simulator-windows-64\dataTrack1\IMG\left_2024_11_20_20_20_45_448.jpg, C:\Users\Owner\Downloads\simulator-windows-64\dataTrack1\IMG\right_2024_11_20_20_20_45_448.jpg, 0, 0, 0, 14.55749
C:\Users\Owner\Downloads\simulator-windows-64\dataTrack1\IMG\center_2024_11_20_20_20_45_554.jpg, C:\Users\Owner\Downloads\simulator-windows-64\dataTrack1\IMG\left_2024_11_20_20_20_45_554.jpg, C:\Users\Owner\Downloads\simulator-windows-64\dataTrack1\IMG\right_2024_11_20_20_20_45_554.jpg, 0, 0, 0, 14.41267
C:\Users\Owner\Downloads\simulator-windows-64\dataTrack1\IMG\center_2024_11_20_20_20_45_658.jpg, C:\Users\Owner\Downloads\simulator-windows-64\dataTrack1\IMG\left_2024_11_20_20_20_45_658.jpg, C:\Users\Owner\Downloads\simulator-windows-64\dataTrack1\IMG\right_2024_11_20_20_20_45_658.jpg, -0.2030652, 0, 0, 14.25084
C:\Users\Owner\Downloads\simulator-windows-64\dataTrack1\IMG\center_2024_11_20_20_20_45_760.jpg, C:\Users\Owner\Downloads\simulator-windows-64\dataTrack1\IMG\left_2024_11_20_20_20_45_760.jpg, C:\Users\Owner\Downloads\simulator-windows-64\dataTrack1\IMG\right_2024_11_20_20_20_45_760.jpg, -0.457053, 0, 0, 14.04295
C:\Users\Owner\Downloads\simulator-windows-64\dataTrack1\IMG\center_2024_11_20_20_20_45_865.jpg, C:\Users\Owner\Downloads\simulator-windows-64\dataTrack1\IMG\left_2024_11_20_20_20_45_865.jpg, C:\Users\Owner\Downloads\simulator-windows-64\dataTrack1\IMG\right_2024_11_20_20_20_45_865.jpg, -0.4143192, 0, 0, 13.74238
C:\Users\Owner\Downloads\simulator-windows-64\dataTrack1\IMG\center_2024_11_20_20_20_45_973.jpg, C:\Users\Owner\Downloads\simulator-windows-64\dataTrack1\IMG\left_2024_11_20_20_20_45_973.jpg, C:\Users\Owner\Downloads\simulator-windows-64\dataTrack1\IMG\right_2024_11_20_20_20_45_973.jpg, -0.0904908, 0, 0, 13.60613
C:\Users\Owner\Downloads\simulator-windows-64\dataTrack1\IMG\center_2024_11_20_20_20_46_079.jpg, C:\Users\Owner\Downloads\simulator-windows-64\dataTrack1\IMG\left_2024_11_20_20_20_46_079.jpg, C:\Users\Owner\Downloads\simulator-windows-64\dataTrack1\IMG\right_2024_11_20_20_20_46_079.jpg, 0, 0.0560244, 0, 13.45139
C:\Users\Owner\Downloads\simulator-windows-64\dataTrack1\IMG\center_2024_11_20_20_20_46_180.jpg, C:\Users\Owner\Downloads\simulator-windows-64\dataTrack1\IMG\left_2024_11_20_20_20_46_180.jpg, C:\Users\Owner\Downloads\simulator-windows-64\dataTrack1\IMG\right_2024_11_20_20_20_46_180.jpg, 0, 0.3111102, 0, 13.53775
C:\Users\Owner\Downloads\simulator-windows-64\dataTrack1\IMG\center_2024_11_20_20_20_46_286.jpg, C:\Users\Owner\Downloads\simulator-windows-64\dataTrack1\IMG\left_2024_11_20_20_20_46_286.jpg, C:\Users\Owner\Downloads\simulator-windows-64\dataTrack1\IMG\right_2024_11_20_20_20_46_286.jpg, 0.1099068, 0.04413181, 0, 13.71343
C:\Users\Owner\Downloads\simulator-windows-64\dataTrack1\IMG\center_2024_11_20_20_20_46_389.jpg, C:\Users\Owner\Downloads\simulator-windows-64\dataTrack1\IMG\left_2024_11_20_20_20_46_389.jpg, C:\Users\Owner\Downloads\simulator-windows-64\dataTrack1\IMG\right_2024_11_20_20_20_46_389.jpg, 0.4184616, 0.3526866, 0, 13.72025
C:\Users\Owner\Downloads\simulator-windows-64\dataTrack1\IMG\center_2024_11_20_20_20_46_495.jpg, C:\Users\Owner\Downloads\simulator-windows-64\dataTrack1\IMG\left_2024_11_20_20_20_46_495.jpg, C:\Users\Owner\Downloads\simulator-windows-64\dataTrack1\IMG\right_2024_11_20_20_20_46_495.jpg, 0.3242856, 0.0366288, 0, 13.74892
C:\Users\Owner\Downloads\simulator-windows-64\dataTrack1\IMG\center_2024_11_20_20_20_46_599.jpg, C:\Users\Owner\Downloads\simulator-windows-64\dataTrack1\IMG\left_2024_11_20_20_20_46_599.jpg, C:\Users\Owner\Downloads\simulator-windows-64\dataTrack1\IMG\right_2024_11_20_20_20_46_599.jpg, 0.06154769, 0.0524964, 0, 13.63673
C:\Users\Owner\Downloads\simulator-windows-64\dataTrack1\IMG\center_2024_11_20_20_20_46_705.jpg, C:\Users\Owner\Downloads\simulator-windows-64\dataTrack1\IMG\left_2024_11_20_20_20_46_705.jpg, C:\Users\Owner\Downloads\simulator-windows-64\dataTrack1\IMG\right_2024_11_20_20_20_46_705.jpg, 0, 0.2063049, 0, 13.81607
C:\Users\Owner\Downloads\simulator-windows-64\dataTrack1\IMG\center_2024_11_20_20_20_46_808.jpg, C:\Users\Owner\Downloads\simulator-windows-64\dataTrack1\IMG\left_2024_11_20_20_20_46_808.jpg, C:\Users\Owner\Downloads\simulator-windows-64\dataTrack1\IMG\right_2024_11_20_20_20_46_808.jpg, 0, 0, 0, 13.69022
C:\Users\Owner\Downloads\simulator-windows-64\dataTrack1\IMG\center_2024_11_20_20_20_46_913.jpg, C:\Users\Owner\Downloads\simulator-windows-64\dataTrack1\IMG\left_2024_11_20_20_20_46_913.jpg, C:\Users\Owner\Downloads\simulator-windows-64\dataTrack1\IMG\right_2024_11_20_20_20_46_913.jpg, 0, 0.3137787, 0, 13.80397
C:\Users\Owner\Downloads\simulator-windows-64\dataTrack1\IMG\center_2024_11_20_20_20_47_018.jpg, C:\Users\Owner\Downloads\simulator-windows-64\dataTrack1\IMG\left_2024_11_20_20_20_47_018.jpg, C:\Users\Owner\Downloads\simulator-windows-64\dataTrack1\IMG\right_2024_11_20_20_20_47_018.jpg, 0, 0.0006626882, 0, 13.81693
C:\Users\Owner\Downloads\simulator-windows-64\dataTrack1\IMG\center_2024_11_20_20_20_47_125.jpg, C:\Users\Owner\Downloads\simulator-windows-64\dataTrack1\IMG\left_2024_11_20_20_20_47_125.jpg, C:\Users\Owner\Downloads\simulator-windows-64\dataTrack1\IMG\right_2024_11_20_20_20_47_125.jpg, 0, 0.3229887, 0, 13.89427
C:\Users\Owner\Downloads\simulator-windows-64\dataTrack1\IMG\center_2024_11_20_20_20_47_229.jpg, C:\Users\Owner\Downloads\simulator-windows-64\dataTrack1\IMG\left_2024_11_20_20_20_47_229.jpg, C:\Users\Owner\Downloads\simulator-windows-64\dataTrack1\IMG\right_2024_11_20_20_20_47_229.jpg, 0, 0.4295352, 0, 14.28781
C:\Users\Owner\Downloads\simulator-windows-64\dataTrack1\IMG\center_2024_11_20_20_20_47_332.jpg, C:\Users\Owner\Downloads\simulator-windows-64\dataTrack1\IMG\left_2024_11_20_20_20_47_332.jpg, C:\Users\Owner\Downloads\simulator-windows-64\dataTrack1\IMG\right_2024_11_20_20_20_47_332.jpg, 0, 0.4267722, 0, 14.72602
C:\Users\Owner\Downloads\simulator-windows-64\dataTrack1\IMG\center_2024_11_20_20_20_47_438.jpg, C:\Users\Owner\Downloads\simulator-windows-64\dataTrack1\IMG\left_2024_11_20_20_20_47_438.jpg, C:\Users\Owner\Downloads\simulator-windows-64\dataTrack1\IMG\right_2024_11_20_20_20_47_438.jpg, 0, 0.7454361, 0, 15.05159
C:\Users\Owner\Downloads\simulator-windows-64\dataTrack1\IMG\center_2024_11_20_20_20_47_544.jpg, C:\Users\Owner\Downloads\simulator-windows-64\dataTrack1\IMG\left_2024_11_20_20_20_47_544.jpg, C:\Users\Owner\Downloads\simulator-windows-64\dataTrack1\IMG\right_2024_11_20_20_20_47_544.jpg, 0.1558116, 0.6036845, 0, 16.07965
C:\Users\Owner\Downloads\simulator-windows-64\dataTrack1\IMG\center_2024_11_20_20_20_47_648.jpg, C:\Users\Owner\Downloads\simulator-windows-64\dataTrack1\IMG\left_2024_11_20_20_20_47_648.jpg, C:\Users\Owner\Downloads\simulator-windows-64\dataTrack1\IMG\right_2024_11_20_20_20_47_648.jpg, 0.4691376, 0.4963656, 0, 16.41136
C:\Users\Owner\Downloads\simulator-windows-64\dataTrack1\IMG\center_2024_11_20_20_20_47_751.jpg, C:\Users\Owner\Downloads\simulator-windows-64\dataTrack1\IMG\left_2024_11_20_20_20_47_751.jpg, C:\Users\Owner\Downloads\simulator-windows-64\dataTrack1\IMG\right_2024_11_20_20_20_47_751.jpg, 0.1613949, 0.6994599, 0, 17.05867
C:\Users\Owner\Downloads\simulator-windows-64\dataTrack1\IMG\center_2024_11_20_20_20_47_855.jpg, C:\Users\Owner\Downloads\simulator-windows-64\dataTrack1\IMG\left_2024_11_20_20_20_47_855.jpg, C:\Users\Owner\Downloads\simulator-windows-64\dataTrack1\IMG\right_2024_11_20_20_20_47_855.jpg, 0, 0.3848704, 0, 17.46459
C:\Users\Owner\Downloads\simulator-windows-64\dataTrack1\IMG\center_2024_11_20_20_20_47_960.jpg, C:\Users\Owner\Downloads\simulator-windows-64\dataTrack1\IMG\left_2024_11_20_20_20_47_960.jpg, C:\Users\Owner\Downloads\simulator-windows-64\dataTrack1\IMG\right_2024_11_20_20_20_47_960.jpg, 0, 0.3186933, 0, 17.66692
C:\Users\Owner\Downloads\simulator-windows-64\dataTrack1\IMG\center_2024_11_20_20_20_48_065.jpg, C:\Users\Owner\Downloads\simulator-windows-64\dataTrack1\IMG\left_2024_11_20_20_20_48_065.jpg, C:\Users\Owner\Downloads\simulator-windows-64\dataTrack1\IMG\right_2024_11_20_20_20_48_065.jpg, 0, 0.3682227, 0, 18.11728
C:\Users\Owner\Downloads\simulator-windows-64\dataTrack1\IMG\center_2024_11_20_20_20_48_172.jpg, C:\Users\Owner\Downloads\simulator-windows-64\dataTrack1\IMG\left_2024_11_20_20_20_48_172.jpg, C:\Users\Owner\Downloads\simulator-windows-64\dataTrack1\IMG\right_2024_11_20_20_20_48_172.jpg, 0, 0.04930983, 0, 18.12534
C:\Users\Owner\Downloads\simulator-windows-64\dataTrack1\IMG\center_2024_11_20_20_20_48_276.jpg, C:\Users\Owner\Downloads\simulator-windows-64\dataTrack1\IMG\left_2024_11_20_20_20_48_276.jpg, C:\Users\Owner\Downloads\simulator-windows-64\dataTrack1\IMG\right_2024_11_20_20_20_48_276.jpg, 0, 0.153699, 0, 18.00154
C:\Users\Owner\Downloads\simulator-windows-64\dataTrack1\IMG\center_2024_11_20_20_20_48_382.jpg, C:\Users\Owner\Downloads\simulator-windows-64\dataTrack1\IMG\left_2024_11_20_20_20_48_382.jpg, C:\Users\Owner\Downloads\simulator-windows-64\dataTrack1\IMG\right_2024_11_20_20_20_48_382.jpg, 0, 0.2628042, 0, 18.21303
C:\Users\Owner\Downloads\simulator-windows-64\dataTrack1\IMG\center_2024_11_20_20_20_48_488.jpg, C:\Users\Owner\Downloads\simulator-windows-64\dataTrack1\IMG\left_2024_11_20_20_20_48_488.jpg, C:\Users\Owner\Downloads\simulator-windows-64\dataTrack1\IMG\right_2024_11_20_20_20_48_488.jpg, 0, 0.0534795, 0, 18.09562
C:\Users\Owner\Downloads\simulator-windows-64\dataTrack1\IMG\center_2024_11_20_20_20_48_591.jpg, C:\Users\Owner\Downloads\simulator-windows-64\dataTrack1\IMG\left_2024_11_20_20_20_48_591.jpg, C:\Users\Owner\Downloads\simulator-windows-64\dataTrack1\IMG\right_2024_11_20_20_20_48_591.jpg, 0, 0.3619452, 0, 18.20006
C:\Users\Owner\Downloads\simulator-windows-64\dataTrack1\IMG\center_2024_11_20_20_20_48_695.jpg, C:\Users\Owner\Downloads\simulator-windows-64\dataTrack1\IMG\left_2024_11_20_20_20_48_695.jpg, C:\Users\Owner\Downloads\simulator-windows-64\dataTrack1\IMG\right_2024_11_20_20_20_48_695.jpg, 0, 0.4581092, 0, 18.59892
C:\Users\Owner\Downloads\simulator-windows-64\dataTrack1\IMG\center_2024_11_20_20_20_48_799.jpg, C:\Users\Owner\Downloads\simulator-windows-64\dataTrack1\IMG\left_2024_11_20_20_20_48_799.jpg, C:\Users\Owner\Downloads\simulator-windows-64\dataTrack1\IMG\right_2024_11_20_20_20_48_799.jpg, 0, 0.2511392, 0, 18.80236
C:\Users\Owner\Downloads\simulator-windows-64\dataTrack1\IMG\center_2024_11_20_20_20_48_904.jpg, C:\Users\Owner\Downloads\simulator-windows-64\dataTrack1\IMG\left_2024_11_20_20_20_48_904.jpg, C:\Users\Owner\Downloads\simulator-windows-64\dataTrack1\IMG\right_2024_11_20_20_20_48_904.jpg, 0, 0.5633144, 0, 19.18394
C:\Users\Owner\Downloads\simulator-windows-64\dataTrack1\IMG\center_2024_11_20_20_20_49_011.jpg, C:\Users\Owner\Downloads\simulator-windows-64\dataTrack1\IMG\left_2024_11_20_20_20_49_011.jpg, C:\Users\Owner\Downloads\simulator-windows-64\dataTrack1\IMG\right_2024_11_20_20_20_49_011.jpg, 0, 0.6729974, 0, 19.85129
C:\Users\Owner\Downloads\simulator-windows-64\dataTrack1\IMG\center_2024_11_20_20_20_49_115.jpg, C:\Users\Owner\Downloads\simulator-windows-64\dataTrack1\IMG\left_2024_11_20_20_20_49_115.jpg, C:\Users\Owner\Downloads\simulator-windows-64\dataTrack1\IMG\right_2024_11_20_20_20_49_115.jpg, 0, 0.4658084, 0, 20.27968
C:\Users\Owner\Downloads\simulator-windows-64\dataTrack1\IMG\center_2024_11_20_20_20_49_216.jpg, C:\Users\Owner\Downloads\simulator-windows-64\dataTrack1\IMG\left_2024_11_20_20_20_49_216.jpg, C:\Users\Owner\Downloads\simulator-windows-64\dataTrack1\IMG\right_2024_11_20_20_20_49_216.jpg, 0, 0.7677722, 0, 20.805
C:\Users\Owner\Downloads\simulator-windows-64\dataTrack1\IMG\center_2024_11_20_20_20_49_321.jpg, C:\Users\Owner\Downloads\simulator-windows-64\dataTrack1\IMG\left_2024_11_20_20_20_49_321.jpg, C:\Users\Owner\Downloads\simulator-windows-64\dataTrack1\IMG\right_2024_11_20_20_20_49_321.jpg, 0, 0.8190917, 0, 21.64396
C:\Users\Owner\Downloads\simulator-windows-64\dataTrack1\IMG\center_2024_11_20_20_20_49_425.jpg, C:\Users\Owner\Downloads\simulator-windows-64\dataTrack1\IMG\left_2024_11_20_20_20_49_425.jpg, C:\Users\Owner\Downloads\simulator-windows-64\dataTrack1\IMG\right_2024_11_20_20_20_49_425.jpg, 0, 0.5541233, 0, 22.26684
C:\Users\Owner\Downloads\simulator-windows-64\dataTrack1\IMG\center_2024_11_20_20_20_49_528.jpg, C:\Users\Owner\Downloads\simulator-windows-64\dataTrack1\IMG\left_2024_11_20_20_20_49_528.jpg, C:\Users\Owner\Downloads\simulator-windows-64\dataTrack1\IMG\right_2024_11_20_20_20_49_528.jpg, 0, 0.8640618, 0, 22.94407
C:\Users\Owner\Downloads\simulator-windows-64\dataTrack1\IMG\center_2024_11_20_20_20_49_632.jpg, C:\Users\Owner\Downloads\simulator-windows-64\dataTrack1\IMG\left_2024_11_20_20_20_49_632.jpg, C:\Users\Owner\Downloads\simulator-windows-64\dataTrack1\IMG\right_2024_11_20_20_20_49_632.jpg, 0, 0.7655072, 0, 23.78147
C:\Users\Owner\Downloads\simulator-windows-64\dataTrack1\IMG\center_2024_11_20_20_20_49_734.jpg, C:\Users\Owner\Downloads\simulator-windows-64\dataTrack1\IMG\left_2024_11_20_20_20_49_734.jpg, C:\Users\Owner\Downloads\simulator-windows-64\dataTrack1\IMG\right_2024_11_20_20_20_49_734.jpg, 0.2024463, 0.4599536, 0, 24.27559
C:\Users\Owner\Downloads\simulator-windows-64\dataTrack1\IMG\center_2024_11_20_20_20_49_838.jpg, C:\Users\Owner\Downloads\simulator-windows-64\dataTrack1\IMG\left_2024_11_20_20_20_49_838.jpg, C:\Users\Owner\Downloads\simulator-windows-64\dataTrack1\IMG\right_2024_11_20_20_20_49_838.jpg, 0.2507094, 0.1957781, 0, 24.35659
C:\Users\Owner\Downloads\simulator-windows-64\dataTrack1\IMG\center_2024_11_20_20_20_49_943.jpg, C:\Users\Owner\Downloads\simulator-windows-64\dataTrack1\IMG\left_2024_11_20_20_20_49_943.jpg, C:\Users\Owner\Downloads\simulator-windows-64\dataTrack1\IMG\right_2024_11_20_20_20_49_943.jpg, 0, 0.4590722, 0, 24.49796
C:\Users\Owner\Downloads\simulator-windows-64\dataTrack1\IMG\center_2024_11_20_20_20_50_048.jpg, C:\Users\Owner\Downloads\simulator-windows-64\dataTrack1\IMG\left_2024_11_20_20_20_50_048.jpg, C:\Users\Owner\Downloads\simulator-windows-64\dataTrack1\IMG\right_2024_11_20_20_20_50_048.jpg, 0, 0.463719, 0, 24.90748
C:\Users\Owner\Downloads\simulator-windows-64\dataTrack1\IMG\center_2024_11_20_20_20_50_152.jpg, C:\Users\Owner\Downloads\simulator-windows-64\dataTrack1\IMG\left_2024_11_20_20_20_50_152.jpg, C:\Users\Owner\Downloads\simulator-windows-64\dataTrack1\IMG\right_2024_11_20_20_20_50_152.jpg, 0, 0.3292001, 0, 25.04433
C:\Users\Owner\Downloads\simulator-windows-64\dataTrack1\IMG\center_2024_11_20_20_20_50_258.jpg, C:\Users\Owner\Downloads\simulator-windows-64\dataTrack1\IMG\left_2024_11_20_20_20_50_258.jpg, C:\Users\Owner\Downloads\simulator-windows-64\dataTrack1\IMG\right_2024_11_20_20_20_50_258.jpg, 0, 0.6475734, 0, 25.3481
C:\Users\Owner\Downloads\simulator-windows-64\dataTrack1\IMG\center_2024_11_20_20_20_50_363.jpg, C:\Users\Owner\Downloads\simulator-windows-64\dataTrack1\IMG\left_2024_11_20_20_20_50_363.jpg, C:\Users\Owner\Downloads\simulator-windows-64\dataTrack1\IMG\right_2024_11_20_20_20_50_363.jpg, 0, 0.4380597, 0, 25.76983
C:\Users\Owner\Downloads\simulator-windows-64\dataTrack1\IMG\center_2024_11_20_20_20_50_466.jpg, C:\Users\Owner\Downloads\simulator-windows-64\dataTrack1\IMG\left_2024_11_20_20_20_50_466.jpg, C:\Users\Owner\Downloads\simulator-windows-64\dataTrack1\IMG\right_2024_11_20_20_20_50_466.jpg, 0, 0.6459926, 0, 26.25118
C:\Users\Owner\Downloads\simulator-windows-64\dataTrack1\IMG\center_2024_11_20_20_20_50_570.jpg, C:\Users\Owner\Downloads\simulator-windows-64\dataTrack1\IMG\left_2024_11_20_20_20_50_570.jpg, C:\Users\Owner\Downloads\simulator-windows-64\dataTrack1\IMG\right_2024_11_20_20_20_50_570.jpg, 0, 0.4389677, 0, 26.58024
C:\Users\Owner\Downloads\simulator-windows-64\dataTrack1\IMG\center_2024_11_20_20_20_50_674.jpg, C:\Users\Owner\Downloads\simulator-windows-64\dataTrack1\IMG\left_2024_11_20_20_20_50_674.jpg, C:\Users\Owner\Downloads\simulator-windows-64\dataTrack1\IMG\right_2024_11_20_20_20_50_674.jpg, 0, 0.7528967, 0, 27.02264
C:\Users\Owner\Downloads\simulator-windows-64\dataTrack1\IMG\center_2024_11_20_20_20_50_778.jpg, C:\Users\Owner\Downloads\simulator-windows-64\dataTrack1\IMG\left_2024_11_20_20_20_50_778.jpg, C:\Users\Owner\Downloads\simulator-windows-64\dataTrack1\IMG\right_2024_11_20_20_20_50_778.jpg, 0, 0.7511376, 0, 27.77013
C:\Users\Owner\Downloads\simulator-windows-64\dataTrack1\IMG\center_2024_11_20_20_20_50_879.jpg, C:\Users\Owner\Downloads\simulator-windows-64\dataTrack1\IMG\left_2024_11_20_20_20_50_879.jpg, C:\Users\Owner\Downloads\simulator-windows-64\dataTrack1\IMG\right_2024_11_20_20_20_50_879.jpg, 0, 0.4971794, 0, 28.25481
C:\Users\Owner\Downloads\simulator-windows-64\dataTrack1\IMG\center_2024_11_20_20_20_50_985.jpg, C:\Users\Owner\Downloads\simulator-windows-64\dataTrack1\IMG\left_2024_11_20_20_20_50_985.jpg, C:\Users\Owner\Downloads\simulator-windows-64\dataTrack1\IMG\right_2024_11_20_20_20_50_985.jpg, 0, 0.444203, 0, 28.44016
C:\Users\Owner\Downloads\simulator-windows-64\dataTrack1\IMG\center_2024_11_20_20_20_51_091.jpg, C:\Users\Owner\Downloads\simulator-windows-64\dataTrack1\IMG\left_2024_11_20_20_20_51_091.jpg, C:\Users\Owner\Downloads\simulator-windows-64\dataTrack1\IMG\right_2024_11_20_20_20_51_091.jpg, 0, 0.6601365, 0, 28.8831
C:\Users\Owner\Downloads\simulator-windows-64\dataTrack1\IMG\center_2024_11_20_20_20_51_194.jpg, C:\Users\Owner\Downloads\simulator-windows-64\dataTrack1\IMG\left_2024_11_20_20_20_51_194.jpg, C:\Users\Owner\Downloads\simulator-windows-64\dataTrack1\IMG\right_2024_11_20_20_20_51_194.jpg, 0, 0.4531502, 0, 29.21101
C:\Users\Owner\Downloads\simulator-windows-64\dataTrack1\IMG\center_2024_11_20_20_20_51_297.jpg, C:\Users\Owner\Downloads\simulator-windows-64\dataTrack1\IMG\left_2024_11_20_20_20_51_297.jpg, C:\Users\Owner\Downloads\simulator-windows-64\dataTrack1\IMG\right_2024_11_20_20_20_51_297.jpg, 0, 0.7616909, 0, 29.61716
C:\Users\Owner\Downloads\simulator-windows-64\dataTrack1\IMG\center_2024_11_20_20_20_51_401.jpg, C:\Users\Owner\Downloads\simulator-windows-64\dataTrack1\IMG\left_2024_11_20_20_20_51_401.jpg, C:\Users\Owner\Downloads\simulator-windows-64\dataTrack1\IMG\right_2024_11_20_20_20_51_401.jpg, 0, 0.5025056, 0, 30.07567
C:\Users\Owner\Downloads\simulator-windows-64\dataTrack1\IMG\center_2024_11_20_20_20_51_505.jpg, C:\Users\Owner\Downloads\simulator-windows-64\dataTrack1\IMG\left_2024_11_20_20_20_51_505.jpg, C:\Users\Owner\Downloads\simulator-windows-64\dataTrack1\IMG\right_2024_11_20_20_20_51_505.jpg, 0, 0.7559459, 0, 30.11797
C:\Users\Owner\Downloads\simulator-windows-64\dataTrack1\IMG\center_2024_11_20_20_20_51_609.jpg, C:\Users\Owner\Downloads\simulator-windows-64\dataTrack1\IMG\left_2024_11_20_20_20_51_609.jpg, C:\Users\Owner\Downloads\simulator-windows-64\dataTrack1\IMG\right_2024_11_20_20_20_51_609.jpg, 0, 0.4387903, 0, 30.05834
C:\Users\Owner\Downloads\simulator-windows-64\dataTrack1\IMG\center_2024_11_20_20_20_51_713.jpg, C:\Users\Owner\Downloads\simulator-windows-64\dataTrack1\IMG\left_2024_11_20_20_20_51_713.jpg, C:\Users\Owner\Downloads\simulator-windows-64\dataTrack1\IMG\right_2024_11_20_20_20_51_713.jpg, 0, 0.1281688, 0, 29.96836
C:\Users\Owner\Downloads\simulator-windows-64\dataTrack1\IMG\center_2024_11_20_20_20_51_815.jpg, C:\Users\Owner\Downloads\simulator-windows-64\dataTrack1\IMG\left_2024_11_20_20_20_51_815.jpg, C:\Users\Owner\Downloads\simulator-windows-64\dataTrack1\IMG\right_2024_11_20_20_20_51_815.jpg, 0, 0.4344157, 0, 29.96496
C:\Users\Owner\Downloads\simulator-windows-64\dataTrack1\IMG\center_2024_11_20_20_20_51_919.jpg, C:\Users\Owner\Downloads\simulator-windows-64\dataTrack1\IMG\left_2024_11_20_20_20_51_919.jpg, C:\Users\Owner\Downloads\simulator-windows-64\dataTrack1\IMG\right_2024_11_20_20_20_51_919.jpg, 0, 0.1730234, 0, 29.99253
C:\Users\Owner\Downloads\simulator-windows-64\dataTrack1\IMG\center_2024_11_20_20_20_52_023.jpg, C:\Users\Owner\Downloads\simulator-windows-64\dataTrack1\IMG\left_2024_11_20_20_20_52_023.jpg, C:\Users\Owner\Downloads\simulator-windows-64\dataTrack1\IMG\right_2024_11_20_20_20_52_023.jpg, 0, 0, 0, 29.67443
C:\Users\Owner\Downloads\simulator-windows-64\dataTrack1\IMG\center_2024_11_20_20_20_52_128.jpg, C:\Users\Owner\Downloads\simulator-windows-64\dataTrack1\IMG\left_2024_11_20_20_20_52_128.jpg, C:\Users\Owner\Downloads\simulator-windows-64\dataTrack1\IMG\right_2024_11_20_20_20_52_128.jpg, -0.2076618, 0, 0, 29.35584
C:\Users\Owner\Downloads\simulator-windows-64\dataTrack1\IMG\center_2024_11_20_20_20_52_232.jpg, C:\Users\Owner\Downloads\simulator-windows-64\dataTrack1\IMG\left_2024_11_20_20_20_52_232.jpg, C:\Users\Owner\Downloads\simulator-windows-64\dataTrack1\IMG\right_2024_11_20_20_20_52_232.jpg, 0, 0, 0, 29.05534
C:\Users\Owner\Downloads\simulator-windows-64\dataTrack1\IMG\center_2024_11_20_20_20_52_334.jpg, C:\Users\Owner\Downloads\simulator-windows-64\dataTrack1\IMG\left_2024_11_20_20_20_52_334.jpg, C:\Users\Owner\Downloads\simulator-windows-64\dataTrack1\IMG\right_2024_11_20_20_20_52_334.jpg, 0, 0, 0, 28.76299
C:\Users\Owner\Downloads\simulator-windows-64\dataTrack1\IMG\center_2024_11_20_20_20_52_437.jpg, C:\Users\Owner\Downloads\simulator-windows-64\dataTrack1\IMG\left_2024_11_20_20_20_52_437.jpg, C:\Users\Owner\Downloads\simulator-windows-64\dataTrack1\IMG\right_2024_11_20_20_20_52_437.jpg, 0, 0.0502752, 0, 28.47407
C:\Users\Owner\Downloads\simulator-windows-64\dataTrack1\IMG\center_2024_11_20_20_20_52_543.jpg, C:\Users\Owner\Downloads\simulator-windows-64\dataTrack1\IMG\left_2024_11_20_20_20_52_543.jpg, C:\Users\Owner\Downloads\simulator-windows-64\dataTrack1\IMG\right_2024_11_20_20_20_52_543.jpg, 0, 0.2576535, 0, 28.42707
C:\Users\Owner\Downloads\simulator-windows-64\dataTrack1\IMG\center_2024_11_20_20_20_52_647.jpg, C:\Users\Owner\Downloads\simulator-windows-64\dataTrack1\IMG\left_2024_11_20_20_20_52_647.jpg, C:\Users\Owner\Downloads\simulator-windows-64\dataTrack1\IMG\right_2024_11_20_20_20_52_647.jpg, -0.1046889, 0, 0, 28.25322
C:\Users\Owner\Downloads\simulator-windows-64\dataTrack1\IMG\center_2024_11_20_20_20_52_751.jpg, C:\Users\Owner\Downloads\simulator-windows-64\dataTrack1\IMG\left_2024_11_20_20_20_52_751.jpg, C:\Users\Owner\Downloads\simulator-windows-64\dataTrack1\IMG\right_2024_11_20_20_20_52_751.jpg, -0.3068487, 0, 0, 27.87638
C:\Users\Owner\Downloads\simulator-windows-64\dataTrack1\IMG\center_2024_11_20_20_20_52_852.jpg, C:\Users\Owner\Downloads\simulator-windows-64\dataTrack1\IMG\left_2024_11_20_20_20_52_852.jpg, C:\Users\Owner\Downloads\simulator-windows-64\dataTrack1\IMG\right_2024_11_20_20_20_52_852.jpg, -0.002298594, 0, 0, 27.59014
C:\Users\Owner\Downloads\simulator-windows-64\dataTrack1\IMG\center_2024_11_20_20_20_52_958.jpg, C:\Users\Owner\Downloads\simulator-windows-64\dataTrack1\IMG\left_2024_11_20_20_20_52_958.jpg, C:\Users\Owner\Downloads\simulator-windows-64\dataTrack1\IMG\right_2024_11_20_20_20_52_958.jpg, -0.1042722, 0, 0, 27.30752
C:\Users\Owner\Downloads\simulator-windows-64\dataTrack1\IMG\center_2024_11_20_20_20_53_062.jpg, C:\Users\Owner\Downloads\simulator-windows-64\dataTrack1\IMG\left_2024_11_20_20_20_53_062.jpg, C:\Users\Owner\Downloads\simulator-windows-64\dataTrack1\IMG\right_2024_11_20_20_20_53_062.jpg, -0.3593823, 0, 0, 26.97252
C:\Users\Owner\Downloads\simulator-windows-64\dataTrack1\IMG\center_2024_11_20_20_20_53_165.jpg, C:\Users\Owner\Downloads\simulator-windows-64\dataTrack1\IMG\left_2024_11_20_20_20_53_165.jpg, C:\Users\Owner\Downloads\simulator-windows-64\dataTrack1\IMG\right_2024_11_20_20_20_53_165.jpg, 0, 0, 0, 26.64184
C:\Users\Owner\Downloads\simulator-windows-64\dataTrack1\IMG\center_2024_11_20_20_20_53_267.jpg, C:\Users\Owner\Downloads\simulator-windows-64\dataTrack1\IMG\left_2024_11_20_20_20_53_267.jpg, C:\Users\Owner\Downloads\simulator-windows-64\dataTrack1\IMG\right_2024_11_20_20_20_53_267.jpg, 0, 0, 0, 26.36975
C:\Users\Owner\Downloads\simulator-windows-64\dataTrack1\IMG\center_2024_11_20_20_20_53_373.jpg, C:\Users\Owner\Downloads\simulator-windows-64\dataTrack1\IMG\left_2024_11_20_20_20_53_373.jpg, C:\Users\Owner\Downloads\simulator-windows-64\dataTrack1\IMG\right_2024_11_20_20_20_53_373.jpg, 0, 0, 0, 26.1044
C:\Users\Owner\Downloads\simulator-windows-64\dataTrack1\IMG\center_2024_11_20_20_20_53_477.jpg, C:\Users\Owner\Downloads\simulator-windows-64\dataTrack1\IMG\left_2024_11_20_20_20_53_477.jpg, C:\Users\Owner\Downloads\simulator-windows-64\dataTrack1\IMG\right_2024_11_20_20_20_53_477.jpg, 0, 0, 0, 25.84136
C:\Users\Owner\Downloads\simulator-windows-64\dataTrack1\IMG\center_2024_11_20_20_20_53_581.jpg, C:\Users\Owner\Downloads\simulator-windows-64\dataTrack1\IMG\left_2024_11_20_20_20_53_581.jpg, C:\Users\Owner\Downloads\simulator-windows-64\dataTrack1\IMG\right_2024_11_20_20_20_53_581.jpg, 0, 0, 0, 25.58093
C:\Users\Owner\Downloads\simulator-windows-64\dataTrack1\IMG\center_2024_11_20_20_20_53_685.jpg, C:\Users\Owner\Downloads\simulator-windows-64\dataTrack1\IMG\left_2024_11_20_20_20_53_685.jpg, C:\Users\Owner\Downloads\simulator-windows-64\dataTrack1\IMG\right_2024_11_20_20_20_53_685.jpg, 0, 0, 0, 25.27191
C:\Users\Owner\Downloads\simulator-windows-64\dataTrack1\IMG\center_2024_11_20_20_20_53_787.jpg, C:\Users\Owner\Downloads\simulator-windows-64\dataTrack1\IMG\left_2024_11_20_20_20_53_787.jpg, C:\Users\Owner\Downloads\simulator-windows-64\dataTrack1\IMG\right_2024_11_20_20_20_53_787.jpg, 0, 0, 0, 25.01728
C:\Users\Owner\Downloads\simulator-windows-64\dataTrack1\IMG\center_2024_11_20_20_20_53_891.jpg, C:\Users\Owner\Downloads\simulator-windows-64\dataTrack1\IMG\left_2024_11_20_20_20_53_891.jpg, C:\Users\Owner\Downloads\simulator-windows-64\dataTrack1\IMG\right_2024_11_20_20_20_53_891.jpg, 0, 0, 0, 24.76513
C:\Users\Owner\Downloads\simulator-windows-64\dataTrack1\IMG\center_2024_11_20_20_20_53_994.jpg, C:\Users\Owner\Downloads\simulator-windows-64\dataTrack1\IMG\left_2024_11_20_20_20_53_994.jpg, C:\Users\Owner\Downloads\simulator-windows-64\dataTrack1\IMG\right_2024_11_20_20_20_53_994.jpg, 0, 0, 0, 24.51593
C:\Users\Owner\Downloads\simulator-windows-64\dataTrack1\IMG\center_2024_11_20_20_20_54_097.jpg, C:\Users\Owner\Downloads\simulator-windows-64\dataTrack1\IMG\left_2024_11_20_20_20_54_097.jpg, C:\Users\Owner\Downloads\simulator-windows-64\dataTrack1\IMG\right_2024_11_20_20_20_54_097.jpg, 0, 0, 0, 24.26937
C:\Users\Owner\Downloads\simulator-windows-64\dataTrack1\IMG\center_2024_11_20_20_20_54_201.jpg, C:\Users\Owner\Downloads\simulator-windows-64\dataTrack1\IMG\left_2024_11_20_20_20_54_201.jpg, C:\Users\Owner\Downloads\simulator-windows-64\dataTrack1\IMG\right_2024_11_20_20_20_54_201.jpg, 0, 0.2605971, 0, 24.17925
C:\Users\Owner\Downloads\simulator-windows-64\dataTrack1\IMG\center_2024_11_20_20_20_54_306.jpg, C:\Users\Owner\Downloads\simulator-windows-64\dataTrack1\IMG\left_2024_11_20_20_20_54_306.jpg, C:\Users\Owner\Downloads\simulator-windows-64\dataTrack1\IMG\right_2024_11_20_20_20_54_306.jpg, 0, 0.002057698, 0, 24.11613
C:\Users\Owner\Downloads\simulator-windows-64\dataTrack1\IMG\center_2024_11_20_20_20_54_410.jpg, C:\Users\Owner\Downloads\simulator-windows-64\dataTrack1\IMG\left_2024_11_20_20_20_54_410.jpg, C:\Users\Owner\Downloads\simulator-windows-64\dataTrack1\IMG\right_2024_11_20_20_20_54_410.jpg, 0, 0.2098668, 0, 24.07832
C:\Users\Owner\Downloads\simulator-windows-64\dataTrack1\IMG\center_2024_11_20_20_20_54_514.jpg, C:\Users\Owner\Downloads\simulator-windows-64\dataTrack1\IMG\left_2024_11_20_20_20_54_514.jpg, C:\Users\Owner\Downloads\simulator-windows-64\dataTrack1\IMG\right_2024_11_20_20_20_54_514.jpg, 0, 0, 0, 23.92259
C:\Users\Owner\Downloads\simulator-windows-64\dataTrack1\IMG\center_2024_11_20_20_20_54_617.jpg, C:\Users\Owner\Downloads\simulator-windows-64\dataTrack1\IMG\left_2024_11_20_20_20_54_617.jpg, C:\Users\Owner\Downloads\simulator-windows-64\dataTrack1\IMG\right_2024_11_20_20_20_54_617.jpg, 0, 0, 0, 23.67774
C:\Users\Owner\Downloads\simulator-windows-64\dataTrack1\IMG\center_2024_11_20_20_20_54_718.jpg, C:\Users\Owner\Downloads\simulator-windows-64\dataTrack1\IMG\left_2024_11_20_20_20_54_718.jpg, C:\Users\Owner\Downloads\simulator-windows-64\dataTrack1\IMG\right_2024_11_20_20_20_54_718.jpg, 0, 0, 0, 23.44266
C:\Users\Owner\Downloads\simulator-windows-64\dataTrack1\IMG\center_2024_11_20_20_20_54_822.jpg, C:\Users\Owner\Downloads\simulator-windows-64\dataTrack1\IMG\left_2024_11_20_20_20_54_822.jpg, C:\Users\Owner\Downloads\simulator-windows-64\dataTrack1\IMG\right_2024_11_20_20_20_54_822.jpg, -0.2261037, 0, 0, 23.13717
C:\Users\Owner\Downloads\simulator-windows-64\dataTrack1\IMG\center_2024_11_20_20_20_54_925.jpg, C:\Users\Owner\Downloads\simulator-windows-64\dataTrack1\IMG\left_2024_11_20_20_20_54_925.jpg, C:\Users\Owner\Downloads\simulator-windows-64\dataTrack1\IMG\right_2024_11_20_20_20_54_925.jpg, -0.3341433, 0, 0, 22.78936
C:\Users\Owner\Downloads\simulator-windows-64\dataTrack1\IMG\center_2024_11_20_20_20_55_030.jpg, C:\Users\Owner\Downloads\simulator-windows-64\dataTrack1\IMG\left_2024_11_20_20_20_55_030.jpg, C:\Users\Owner\Downloads\simulator-windows-64\dataTrack1\IMG\right_2024_11_20_20_20_55_030.jpg, -0.02051342, 0, 0, 22.55945
C:\Users\Owner\Downloads\simulator-windows-64\dataTrack1\IMG\center_2024_11_20_20_20_55_133.jpg, C:\Users\Owner\Downloads\simulator-windows-64\dataTrack1\IMG\left_2024_11_20_20_20_55_133.jpg, C:\Users\Owner\Downloads\simulator-windows-64\dataTrack1\IMG\right_2024_11_20_20_20_55_133.jpg, -0.3299883, 0, 0, 22.30919
C:\Users\Owner\Downloads\simulator-windows-64\dataTrack1\IMG\center_2024_11_20_20_20_55_237.jpg, C:\Users\Owner\Downloads\simulator-windows-64\dataTrack1\IMG\left_2024_11_20_20_20_55_237.jpg, C:\Users\Owner\Downloads\simulator-windows-64\dataTrack1\IMG\right_2024_11_20_20_20_55_237.jpg, -0.4353442, 0, 0, 21.96428
C:\Users\Owner\Downloads\simulator-windows-64\dataTrack1\IMG\center_2024_11_20_20_20_55_343.jpg, C:\Users\Owner\Downloads\simulator-windows-64\dataTrack1\IMG\left_2024_11_20_20_20_55_343.jpg, C:\Users\Owner\Downloads\simulator-windows-64\dataTrack1\IMG\right_2024_11_20_20_20_55_343.jpg, -0.1205412, 0, 0, 21.70823
C:\Users\Owner\Downloads\simulator-windows-64\dataTrack1\IMG\center_2024_11_20_20_20_55_446.jpg, C:\Users\Owner\Downloads\simulator-windows-64\dataTrack1\IMG\left_2024_11_20_20_20_55_446.jpg, C:\Users\Owner\Downloads\simulator-windows-64\dataTrack1\IMG\right_2024_11_20_20_20_55_446.jpg, 0, 0, 0, 21.47351
C:\Users\Owner\Downloads\simulator-windows-64\dataTrack1\IMG\center_2024_11_20_20_20_55_548.jpg, C:\Users\Owner\Downloads\simulator-windows-64\dataTrack1\IMG\left_2024_11_20_20_20_55_548.jpg, C:\Users\Owner\Downloads\simulator-windows-64\dataTrack1\IMG\right_2024_11_20_20_20_55_548.jpg, 0, 0, 0, 21.25426
C:\Users\Owner\Downloads\simulator-windows-64\dataTrack1\IMG\center_2024_11_20_20_20_55_652.jpg, C:\Users\Owner\Downloads\simulator-windows-64\dataTrack1\IMG\left_2024_11_20_20_20_55_652.jpg, C:\Users\Owner\Downloads\simulator-windows-64\dataTrack1\IMG\right_2024_11_20_20_20_55_652.jpg, 0, 0, 0, 21.0408
C:\Users\Owner\Downloads\simulator-windows-64\dataTrack1\IMG\center_2024_11_20_20_20_55_755.jpg, C:\Users\Owner\Downloads\simulator-windows-64\dataTrack1\IMG\left_2024_11_20_20_20_55_755.jpg, C:\Users\Owner\Downloads\simulator-windows-64\dataTrack1\IMG\right_2024_11_20_20_20_55_755.jpg, 0, 0, 0, 20.82829
C:\Users\Owner\Downloads\simulator-windows-64\dataTrack1\IMG\center_2024_11_20_20_20_55_859.jpg, C:\Users\Owner\Downloads\simulator-windows-64\dataTrack1\IMG\left_2024_11_20_20_20_55_859.jpg, C:\Users\Owner\Downloads\simulator-windows-64\dataTrack1\IMG\right_2024_11_20_20_20_55_859.jpg, 0, 0, 0, 20.62043
C:\Users\Owner\Downloads\simulator-windows-64\dataTrack1\IMG\center_2024_11_20_20_20_55_962.jpg, C:\Users\Owner\Downloads\simulator-windows-64\dataTrack1\IMG\left_2024_11_20_20_20_55_962.jpg, C:\Users\Owner\Downloads\simulator-windows-64\dataTrack1\IMG\right_2024_11_20_20_20_55_962.jpg, -0.0523515, 0, 0, 20.37288
C:\Users\Owner\Downloads\simulator-windows-64\dataTrack1\IMG\center_2024_11_20_20_20_56_065.jpg, C:\Users\Owner\Downloads\simulator-windows-64\dataTrack1\IMG\left_2024_11_20_20_20_56_065.jpg, C:\Users\Owner\Downloads\simulator-windows-64\dataTrack1\IMG\right_2024_11_20_20_20_56_065.jpg, -0.3605109, 0, 0, 20.09639
C:\Users\Owner\Downloads\simulator-windows-64\dataTrack1\IMG\center_2024_11_20_20_20_56_176.jpg, C:\Users\Owner\Downloads\simulator-windows-64\dataTrack1\IMG\left_2024_11_20_20_20_56_176.jpg, C:\Users\Owner\Downloads\simulator-windows-64\dataTrack1\IMG\right_2024_11_20_20_20_56_176.jpg, -0.5451838, 0, 0, 19.70341
C:\Users\Owner\Downloads\simulator-windows-64\dataTrack1\IMG\center_2024_11_20_20_20_56_290.jpg, C:\Users\Owner\Downloads\simulator-windows-64\dataTrack1\IMG\left_2024_11_20_20_20_56_290.jpg, C:\Users\Owner\Downloads\simulator-windows-64\dataTrack1\IMG\right_2024_11_20_20_20_56_290.jpg, -0.2039497, 0, 0, 19.46507
C:\Users\Owner\Downloads\simulator-windows-64\dataTrack1\IMG\center_2024_11_20_20_20_56_394.jpg, C:\Users\Owner\Downloads\simulator-windows-64\dataTrack1\IMG\left_2024_11_20_20_20_56_394.jpg, C:\Users\Owner\Downloads\simulator-windows-64\dataTrack1\IMG\right_2024_11_20_20_20_56_394.jpg, 0, 0, 0, 19.25977
C:\Users\Owner\Downloads\simulator-windows-64\dataTrack1\IMG\center_2024_11_20_20_20_56_498.jpg, C:\Users\Owner\Downloads\simulator-windows-64\dataTrack1\IMG\left_2024_11_20_20_20_56_498.jpg, C:\Users\Owner\Downloads\simulator-windows-64\dataTrack1\IMG\right_2024_11_20_20_20_56_498.jpg, 0, 0.0546237, 0, 19.04474
C:\Users\Owner\Downloads\simulator-windows-64\dataTrack1\IMG\center_2024_11_20_20_20_56_602.jpg, C:\Users\Owner\Downloads\simulator-windows-64\dataTrack1\IMG\left_2024_11_20_20_20_56_602.jpg, C:\Users\Owner\Downloads\simulator-windows-64\dataTrack1\IMG\right_2024_11_20_20_20_56_602.jpg, 0, 0.3163695, 0, 19.13057
C:\Users\Owner\Downloads\simulator-windows-64\dataTrack1\IMG\center_2024_11_20_20_20_56_704.jpg, C:\Users\Owner\Downloads\simulator-windows-64\dataTrack1\IMG\left_2024_11_20_20_20_56_704.jpg, C:\Users\Owner\Downloads\simulator-windows-64\dataTrack1\IMG\right_2024_11_20_20_20_56_704.jpg, 0, 0.0611943, 0, 19.22752
C:\Users\Owner\Downloads\simulator-windows-64\dataTrack1\IMG\center_2024_11_20_20_20_56_806.jpg, C:\Users\Owner\Downloads\simulator-windows-64\dataTrack1\IMG\left_2024_11_20_20_20_56_806.jpg, C:\Users\Owner\Downloads\simulator-windows-64\dataTrack1\IMG\right_2024_11_20_20_20_56_806.jpg, -0.3092019, 0.3703962, 0, 19.16471
C:\Users\Owner\Downloads\simulator-windows-64\dataTrack1\IMG\center_2024_11_20_20_20_56_910.jpg, C:\Users\Owner\Downloads\simulator-windows-64\dataTrack1\IMG\left_2024_11_20_20_20_56_910.jpg, C:\Users\Owner\Downloads\simulator-windows-64\dataTrack1\IMG\right_2024_11_20_20_20_56_910.jpg, 0, 0.06012814, 0, 19.27064
C:\Users\Owner\Downloads\simulator-windows-64\dataTrack1\IMG\center_2024_11_20_20_20_57_014.jpg, C:\Users\Owner\Downloads\simulator-windows-64\dataTrack1\IMG\left_2024_11_20_20_20_57_014.jpg, C:\Users\Owner\Downloads\simulator-windows-64\dataTrack1\IMG\right_2024_11_20_20_20_57_014.jpg, -0.2060838, 0, 0, 19.02794
C:\Users\Owner\Downloads\simulator-windows-64\dataTrack1\IMG\center_2024_11_20_20_20_57_117.jpg, C:\Users\Owner\Downloads\simulator-windows-64\dataTrack1\IMG\left_2024_11_20_20_20_57_117.jpg, C:\Users\Owner\Downloads\simulator-windows-64\dataTrack1\IMG\right_2024_11_20_20_20_57_117.jpg, -0.2062464, 0, 0, 18.82038
C:\Users\Owner\Downloads\simulator-windows-64\dataTrack1\IMG\center_2024_11_20_20_20_57_224.jpg, C:\Users\Owner\Downloads\simulator-windows-64\dataTrack1\IMG\left_2024_11_20_20_20_57_224.jpg, C:\Users\Owner\Downloads\simulator-windows-64\dataTrack1\IMG\right_2024_11_20_20_20_57_224.jpg, -0.0535881, 0, 0, 18.60997
C:\Users\Owner\Downloads\simulator-windows-64\dataTrack1\IMG\center_2024_11_20_20_20_57_327.jpg, C:\Users\Owner\Downloads\simulator-windows-64\dataTrack1\IMG\left_2024_11_20_20_20_57_327.jpg, C:\Users\Owner\Downloads\simulator-windows-64\dataTrack1\IMG\right_2024_11_20_20_20_57_327.jpg, -0.3662454, 0, 0, 18.29363
C:\Users\Owner\Downloads\simulator-windows-64\dataTrack1\IMG\center_2024_11_20_20_20_57_430.jpg, C:\Users\Owner\Downloads\simulator-windows-64\dataTrack1\IMG\left_2024_11_20_20_20_57_430.jpg, C:\Users\Owner\Downloads\simulator-windows-64\dataTrack1\IMG\right_2024_11_20_20_20_57_430.jpg, -0.6754629, 0, 0, 18.03844
C:\Users\Owner\Downloads\simulator-windows-64\dataTrack1\IMG\center_2024_11_20_20_20_57_533.jpg, C:\Users\Owner\Downloads\simulator-windows-64\dataTrack1\IMG\left_2024_11_20_20_20_57_533.jpg, C:\Users\Owner\Downloads\simulator-windows-64\dataTrack1\IMG\right_2024_11_20_20_20_57_533.jpg, -0.3671271, 0, 0, 17.70862
C:\Users\Owner\Downloads\simulator-windows-64\dataTrack1\IMG\center_2024_11_20_20_20_57_636.jpg, C:\Users\Owner\Downloads\simulator-windows-64\dataTrack1\IMG\left_2024_11_20_20_20_57_636.jpg, C:\Users\Owner\Downloads\simulator-windows-64\dataTrack1\IMG\right_2024_11_20_20_20_57_636.jpg, -0.4693941, 0, 0, 17.64153
C:\Users\Owner\Downloads\simulator-windows-64\dataTrack1\IMG\center_2024_11_20_20_20_57_741.jpg, C:\Users\Owner\Downloads\simulator-windows-64\dataTrack1\IMG\left_2024_11_20_20_20_57_741.jpg, C:\Users\Owner\Downloads\simulator-windows-64\dataTrack1\IMG\right_2024_11_20_20_20_57_741.jpg, -0.6184428, 0, 0, 17.2697
C:\Users\Owner\Downloads\simulator-windows-64\dataTrack1\IMG\center_2024_11_20_20_20_57_845.jpg, C:\Users\Owner\Downloads\simulator-windows-64\dataTrack1\IMG\left_2024_11_20_20_20_57_845.jpg, C:\Users\Owner\Downloads\simulator-windows-64\dataTrack1\IMG\right_2024_11_20_20_20_57_845.jpg, -0.2593271, 0, 0, 17.06742
C:\Users\Owner\Downloads\simulator-windows-64\dataTrack1\IMG\center_2024_11_20_20_20_57_947.jpg, C:\Users\Owner\Downloads\simulator-windows-64\dataTrack1\IMG\left_2024_11_20_20_20_57_947.jpg, C:\Users\Owner\Downloads\simulator-windows-64\dataTrack1\IMG\right_2024_11_20_20_20_57_947.jpg, -0.4050263, 0, 0, 16.99979
C:\Users\Owner\Downloads\simulator-windows-64\dataTrack1\IMG\center_2024_11_20_20_20_58_051.jpg, C:\Users\Owner\Downloads\simulator-windows-64\dataTrack1\IMG\left_2024_11_20_20_20_58_051.jpg, C:\Users\Owner\Downloads\simulator-windows-64\dataTrack1\IMG\right_2024_11_20_20_20_58_051.jpg, -0.09230271, 0.1038423, 0, 16.76518
C:\Users\Owner\Downloads\simulator-windows-64\dataTrack1\IMG\center_2024_11_20_20_20_58_155.jpg, C:\Users\Owner\Downloads\simulator-windows-64\dataTrack1\IMG\left_2024_11_20_20_20_58_155.jpg, C:\Users\Owner\Downloads\simulator-windows-64\dataTrack1\IMG\right_2024_11_20_20_20_58_155.jpg, 0, 0.3097704, 0, 16.90895
C:\Users\Owner\Downloads\simulator-windows-64\dataTrack1\IMG\center_2024_11_20_20_20_58_259.jpg, C:\Users\Owner\Downloads\simulator-windows-64\dataTrack1\IMG\left_2024_11_20_20_20_58_259.jpg, C:\Users\Owner\Downloads\simulator-windows-64\dataTrack1\IMG\right_2024_11_20_20_20_58_259.jpg, 0, 0, 0, 16.95491
C:\Users\Owner\Downloads\simulator-windows-64\dataTrack1\IMG\center_2024_11_20_20_20_58_363.jpg, C:\Users\Owner\Downloads\simulator-windows-64\dataTrack1\IMG\left_2024_11_20_20_20_58_363.jpg, C:\Users\Owner\Downloads\simulator-windows-64\dataTrack1\IMG\right_2024_11_20_20_20_58_363.jpg, 0, 0.1970244, 0, 16.96509
C:\Users\Owner\Downloads\simulator-windows-64\dataTrack1\IMG\center_2024_11_20_20_20_58_467.jpg, C:\Users\Owner\Downloads\simulator-windows-64\dataTrack1\IMG\left_2024_11_20_20_20_58_467.jpg, C:\Users\Owner\Downloads\simulator-windows-64\dataTrack1\IMG\right_2024_11_20_20_20_58_467.jpg, 0, 0.0537696, 0, 16.84445
C:\Users\Owner\Downloads\simulator-windows-64\dataTrack1\IMG\center_2024_11_20_20_20_58_570.jpg, C:\Users\Owner\Downloads\simulator-windows-64\dataTrack1\IMG\left_2024_11_20_20_20_58_570.jpg, C:\Users\Owner\Downloads\simulator-windows-64\dataTrack1\IMG\right_2024_11_20_20_20_58_570.jpg, 0, 0.2619948, 0, 16.95155
C:\Users\Owner\Downloads\simulator-windows-64\dataTrack1\IMG\center_2024_11_20_20_20_58_671.jpg, C:\Users\Owner\Downloads\simulator-windows-64\dataTrack1\IMG\left_2024_11_20_20_20_58_671.jpg, C:\Users\Owner\Downloads\simulator-windows-64\dataTrack1\IMG\right_2024_11_20_20_20_58_671.jpg, -0.1542441, 0, 0, 16.89786
C:\Users\Owner\Downloads\simulator-windows-64\dataTrack1\IMG\center_2024_11_20_20_20_58_776.jpg, C:\Users\Owner\Downloads\simulator-windows-64\dataTrack1\IMG\left_2024_11_20_20_20_58_776.jpg, C:\Users\Owner\Downloads\simulator-windows-64\dataTrack1\IMG\right_2024_11_20_20_20_58_776.jpg, -0.4693452, 0.1033443, 0, 16.77749
C:\Users\Owner\Downloads\simulator-windows-64\dataTrack1\IMG\center_2024_11_20_20_20_58_879.jpg, C:\Users\Owner\Downloads\simulator-windows-64\dataTrack1\IMG\left_2024_11_20_20_20_58_879.jpg, C:\Users\Owner\Downloads\simulator-windows-64\dataTrack1\IMG\right_2024_11_20_20_20_58_879.jpg, -0.4731093, 0, 0, 16.50289
C:\Users\Owner\Downloads\simulator-windows-64\dataTrack1\IMG\center_2024_11_20_20_20_58_982.jpg, C:\Users\Owner\Downloads\simulator-windows-64\dataTrack1\IMG\left_2024_11_20_20_20_58_982.jpg, C:\Users\Owner\Downloads\simulator-windows-64\dataTrack1\IMG\right_2024_11_20_20_20_58_982.jpg, -0.1639737, 0, 0, 16.31015
C:\Users\Owner\Downloads\simulator-windows-64\dataTrack1\IMG\center_2024_11_20_20_20_59_086.jpg, C:\Users\Owner\Downloads\simulator-windows-64\dataTrack1\IMG\left_2024_11_20_20_20_59_086.jpg, C:\Users\Owner\Downloads\simulator-windows-64\dataTrack1\IMG\right_2024_11_20_20_20_59_086.jpg, -0.4738271, 0, 0, 16.09824
C:\Users\Owner\Downloads\simulator-windows-64\dataTrack1\IMG\center_2024_11_20_20_20_59_190.jpg, C:\Users\Owner\Downloads\simulator-windows-64\dataTrack1\IMG\left_2024_11_20_20_20_59_190.jpg, C:\Users\Owner\Downloads\simulator-windows-64\dataTrack1\IMG\right_2024_11_20_20_20_59_190.jpg, -0.1627064, 0.3111207, 0, 16.18255
C:\Users\Owner\Downloads\simulator-windows-64\dataTrack1\IMG\center_2024_11_20_20_20_59_294.jpg, C:\Users\Owner\Downloads\simulator-windows-64\dataTrack1\IMG\left_2024_11_20_20_20_59_294.jpg, C:\Users\Owner\Downloads\simulator-windows-64\dataTrack1\IMG\right_2024_11_20_20_20_59_294.jpg, 0, 0, 0, 16.17529
C:\Users\Owner\Downloads\simulator-windows-64\dataTrack1\IMG\center_2024_11_20_20_20_59_398.jpg, C:\Users\Owner\Downloads\simulator-windows-64\dataTrack1\IMG\left_2024_11_20_20_20_59_398.jpg, C:\Users\Owner\Downloads\simulator-windows-64\dataTrack1\IMG\right_2024_11_20_20_20_59_398.jpg, 0, 0.1030287, 0, 16.01146
C:\Users\Owner\Downloads\simulator-windows-64\dataTrack1\IMG\center_2024_11_20_20_20_59_501.jpg, C:\Users\Owner\Downloads\simulator-windows-64\dataTrack1\IMG\left_2024_11_20_20_20_59_501.jpg, C:\Users\Owner\Downloads\simulator-windows-64\dataTrack1\IMG\right_2024_11_20_20_20_59_501.jpg, 0, 0.2564745, 0, 16.13163
C:\Users\Owner\Downloads\simulator-windows-64\dataTrack1\IMG\center_2024_11_20_20_20_59_603.jpg, C:\Users\Owner\Downloads\simulator-windows-64\dataTrack1\IMG\left_2024_11_20_20_20_59_603.jpg, C:\Users\Owner\Downloads\simulator-windows-64\dataTrack1\IMG\right_2024_11_20_20_20_59_603.jpg, 0, 0.1087095, 0, 16.05239
C:\Users\Owner\Downloads\simulator-windows-64\dataTrack1\IMG\center_2024_11_20_20_20_59_708.jpg, C:\Users\Owner\Downloads\simulator-windows-64\dataTrack1\IMG\left_2024_11_20_20_20_59_708.jpg, C:\Users\Owner\Downloads\simulator-windows-64\dataTrack1\IMG\right_2024_11_20_20_20_59_708.jpg, 0, 0.3120141, 0, 16.23639
C:\Users\Owner\Downloads\simulator-windows-64\dataTrack1\IMG\center_2024_11_20_20_20_59_811.jpg, C:\Users\Owner\Downloads\simulator-windows-64\dataTrack1\IMG\left_2024_11_20_20_20_59_811.jpg, C:\Users\Owner\Downloads\simulator-windows-64\dataTrack1\IMG\right_2024_11_20_20_20_59_811.jpg, 0, 0.3132618, 0, 16.35713
C:\Users\Owner\Downloads\simulator-windows-64\dataTrack1\IMG\center_2024_11_20_20_20_59_914.jpg, C:\Users\Owner\Downloads\simulator-windows-64\dataTrack1\IMG\left_2024_11_20_20_20_59_914.jpg, C:\Users\Owner\Downloads\simulator-windows-64\dataTrack1\IMG\right_2024_11_20_20_20_59_914.jpg, -0.0525933, 0.5151393, 0, 16.82343
C:\Users\Owner\Downloads\simulator-windows-64\dataTrack1\IMG\center_2024_11_20_20_21_00_018.jpg, C:\Users\Owner\Downloads\simulator-windows-64\dataTrack1\IMG\left_2024_11_20_20_21_00_018.jpg, C:\Users\Owner\Downloads\simulator-windows-64\dataTrack1\IMG\right_2024_11_20_20_21_00_018.jpg, -0.3645825, 0.2031501, 0, 16.99281
C:\Users\Owner\Downloads\simulator-windows-64\dataTrack1\IMG\center_2024_11_20_20_21_00_122.jpg, C:\Users\Owner\Downloads\simulator-windows-64\dataTrack1\IMG\left_2024_11_20_20_21_00_122.jpg, C:\Users\Owner\Downloads\simulator-windows-64\dataTrack1\IMG\right_2024_11_20_20_21_00_122.jpg, -0.4692777, 0, 0, 16.7303
C:\Users\Owner\Downloads\simulator-windows-64\dataTrack1\IMG\center_2024_11_20_20_21_00_226.jpg, C:\Users\Owner\Downloads\simulator-windows-64\dataTrack1\IMG\left_2024_11_20_20_21_00_226.jpg, C:\Users\Owner\Downloads\simulator-windows-64\dataTrack1\IMG\right_2024_11_20_20_21_00_226.jpg, -0.1564668, 0.2054754, 0, 16.64602
C:\Users\Owner\Downloads\simulator-windows-64\dataTrack1\IMG\center_2024_11_20_20_21_00_330.jpg, C:\Users\Owner\Downloads\simulator-windows-64\dataTrack1\IMG\left_2024_11_20_20_21_00_330.jpg, C:\Users\Owner\Downloads\simulator-windows-64\dataTrack1\IMG\right_2024_11_20_20_21_00_330.jpg, 0, 0.2066403, 0, 16.82968
C:\Users\Owner\Downloads\simulator-windows-64\dataTrack1\IMG\center_2024_11_20_20_21_00_433.jpg, C:\Users\Owner\Downloads\simulator-windows-64\dataTrack1\IMG\left_2024_11_20_20_21_00_433.jpg, C:\Users\Owner\Downloads\simulator-windows-64\dataTrack1\IMG\right_2024_11_20_20_21_00_433.jpg, 0, 0.0528072, 0, 16.73931
C:\Users\Owner\Downloads\simulator-windows-64\dataTrack1\IMG\center_2024_11_20_20_21_00_538.jpg, C:\Users\Owner\Downloads\simulator-windows-64\dataTrack1\IMG\left_2024_11_20_20_21_00_538.jpg, C:\Users\Owner\Downloads\simulator-windows-64\dataTrack1\IMG\right_2024_11_20_20_21_00_538.jpg, 0, 0.3646749, 0, 16.78308
C:\Users\Owner\Downloads\simulator-windows-64\dataTrack1\IMG\center_2024_11_20_20_21_00_643.jpg, C:\Users\Owner\Downloads\simulator-windows-64\dataTrack1\IMG\left_2024_11_20_20_21_00_643.jpg, C:\Users\Owner\Downloads\simulator-windows-64\dataTrack1\IMG\right_2024_11_20_20_21_00_643.jpg, -0.3150666, 0.04960835, 0, 16.87039
C:\Users\Owner\Downloads\simulator-windows-64\dataTrack1\IMG\center_2024_11_20_20_21_00_747.jpg, C:\Users\Owner\Downloads\simulator-windows-64\dataTrack1\IMG\left_2024_11_20_20_21_00_747.jpg, C:\Users\Owner\Downloads\simulator-windows-64\dataTrack1\IMG\right_2024_11_20_20_21_00_747.jpg, -0.0005111881, 0.1580436, 0, 16.71891
C:\Users\Owner\Downloads\simulator-windows-64\dataTrack1\IMG\center_2024_11_20_20_21_00_851.jpg, C:\Users\Owner\Downloads\simulator-windows-64\dataTrack1\IMG\left_2024_11_20_20_21_00_851.jpg, C:\Users\Owner\Downloads\simulator-windows-64\dataTrack1\IMG\right_2024_11_20_20_21_00_851.jpg, 0, 0.4687611, 0, 16.97963
C:\Users\Owner\Downloads\simulator-windows-64\dataTrack1\IMG\center_2024_11_20_20_21_00_952.jpg, C:\Users\Owner\Downloads\simulator-windows-64\dataTrack1\IMG\left_2024_11_20_20_21_00_952.jpg, C:\Users\Owner\Downloads\simulator-windows-64\dataTrack1\IMG\right_2024_11_20_20_21_00_952.jpg, -0.1029165, 0.1645941, 0, 17.18491
C:\Users\Owner\Downloads\simulator-windows-64\dataTrack1\IMG\center_2024_11_20_20_21_01_056.jpg, C:\Users\Owner\Downloads\simulator-windows-64\dataTrack1\IMG\left_2024_11_20_20_21_01_056.jpg, C:\Users\Owner\Downloads\simulator-windows-64\dataTrack1\IMG\right_2024_11_20_20_21_01_056.jpg, -0.4123905, 0, 0, 16.96769
C:\Users\Owner\Downloads\simulator-windows-64\dataTrack1\IMG\center_2024_11_20_20_21_01_161.jpg, C:\Users\Owner\Downloads\simulator-windows-64\dataTrack1\IMG\left_2024_11_20_20_21_01_161.jpg, C:\Users\Owner\Downloads\simulator-windows-64\dataTrack1\IMG\right_2024_11_20_20_21_01_161.jpg, -0.6764225, 0, 0, 16.65522
C:\Users\Owner\Downloads\simulator-windows-64\dataTrack1\IMG\center_2024_11_20_20_21_01_265.jpg, C:\Users\Owner\Downloads\simulator-windows-64\dataTrack1\IMG\left_2024_11_20_20_21_01_265.jpg, C:\Users\Owner\Downloads\simulator-windows-64\dataTrack1\IMG\right_2024_11_20_20_21_01_265.jpg, -0.4172114, 0.2246664, 0, 16.49153
C:\Users\Owner\Downloads\simulator-windows-64\dataTrack1\IMG\center_2024_11_20_20_21_01_369.jpg, C:\Users\Owner\Downloads\simulator-windows-64\dataTrack1\IMG\left_2024_11_20_20_21_01_369.jpg, C:\Users\Owner\Downloads\simulator-windows-64\dataTrack1\IMG\right_2024_11_20_20_21_01_369.jpg, -0.1042368, 0.1221699, 0, 16.62634
C:\Users\Owner\Downloads\simulator-windows-64\dataTrack1\IMG\center_2024_11_20_20_21_01_471.jpg, C:\Users\Owner\Downloads\simulator-windows-64\dataTrack1\IMG\left_2024_11_20_20_21_01_471.jpg, C:\Users\Owner\Downloads\simulator-windows-64\dataTrack1\IMG\right_2024_11_20_20_21_01_471.jpg, 0, 0.1493946, 0, 16.50207
C:\Users\Owner\Downloads\simulator-windows-64\dataTrack1\IMG\center_2024_11_20_20_21_01_578.jpg, C:\Users\Owner\Downloads\simulator-windows-64\dataTrack1\IMG\left_2024_11_20_20_21_01_578.jpg, C:\Users\Owner\Downloads\simulator-windows-64\dataTrack1\IMG\right_2024_11_20_20_21_01_578.jpg, 0, 0.1602411, 0, 16.66502
C:\Users\Owner\Downloads\simulator-windows-64\dataTrack1\IMG\center_2024_11_20_20_21_01_681.jpg, C:\Users\Owner\Downloads\simulator-windows-64\dataTrack1\IMG\left_2024_11_20_20_21_01_681.jpg, C:\Users\Owner\Downloads\simulator-windows-64\dataTrack1\IMG\right_2024_11_20_20_21_01_681.jpg, 0, 0.1145754, 0, 16.54407
C:\Users\Owner\Downloads\simulator-windows-64\dataTrack1\IMG\center_2024_11_20_20_21_01_784.jpg, C:\Users\Owner\Downloads\simulator-windows-64\dataTrack1\IMG\left_2024_11_20_20_21_01_784.jpg, C:\Users\Owner\Downloads\simulator-windows-64\dataTrack1\IMG\right_2024_11_20_20_21_01_784.jpg, 0, 0.07130458, 0, 16.62433
C:\Users\Owner\Downloads\simulator-windows-64\dataTrack1\IMG\center_2024_11_20_20_21_01_887.jpg, C:\Users\Owner\Downloads\simulator-windows-64\dataTrack1\IMG\left_2024_11_20_20_21_01_887.jpg, C:\Users\Owner\Downloads\simulator-windows-64\dataTrack1\IMG\right_2024_11_20_20_21_01_887.jpg, 0, 0.2063577, 0, 16.55429
C:\Users\Owner\Downloads\simulator-windows-64\dataTrack1\IMG\center_2024_11_20_20_21_01_991.jpg, C:\Users\Owner\Downloads\simulator-windows-64\dataTrack1\IMG\left_2024_11_20_20_21_01_991.jpg, C:\Users\Owner\Downloads\simulator-windows-64\dataTrack1\IMG\right_2024_11_20_20_21_01_991.jpg, 0, 0.1034616, 0, 16.6562
C:\Users\Owner\Downloads\simulator-windows-64\dataTrack1\IMG\center_2024_11_20_20_21_02_096.jpg, C:\Users\Owner\Downloads\simulator-windows-64\dataTrack1\IMG\left_2024_11_20_20_21_02_096.jpg, C:\Users\Owner\Downloads\simulator-windows-64\dataTrack1\IMG\right_2024_11_20_20_21_02_096.jpg, 0, 0.4197486, 0, 16.80043
C:\Users\Owner\Downloads\simulator-windows-64\dataTrack1\IMG\center_2024_11_20_20_21_02_199.jpg, C:\Users\Owner\Downloads\simulator-windows-64\dataTrack1\IMG\left_2024_11_20_20_21_02_199.jpg, C:\Users\Owner\Downloads\simulator-windows-64\dataTrack1\IMG\right_2024_11_20_20_21_02_199.jpg, 0, 0.4204818, 0, 17.29465
C:\Users\Owner\Downloads\simulator-windows-64\dataTrack1\IMG\center_2024_11_20_20_21_02_303.jpg, C:\Users\Owner\Downloads\simulator-windows-64\dataTrack1\IMG\left_2024_11_20_20_21_02_303.jpg, C:\Users\Owner\Downloads\simulator-windows-64\dataTrack1\IMG\right_2024_11_20_20_21_02_303.jpg, -0.3131751, 0.1073067, 0, 17.38683
C:\Users\Owner\Downloads\simulator-windows-64\dataTrack1\IMG\center_2024_11_20_20_21_02_405.jpg, C:\Users\Owner\Downloads\simulator-windows-64\dataTrack1\IMG\left_2024_11_20_20_21_02_405.jpg, C:\Users\Owner\Downloads\simulator-windows-64\dataTrack1\IMG\right_2024_11_20_20_21_02_405.jpg, -0.5153778, 0, 0, 17.09464
C:\Users\Owner\Downloads\simulator-windows-64\dataTrack1\IMG\center_2024_11_20_20_21_02_512.jpg, C:\Users\Owner\Downloads\simulator-windows-64\dataTrack1\IMG\left_2024_11_20_20_21_02_512.jpg, C:\Users\Owner\Downloads\simulator-windows-64\dataTrack1\IMG\right_2024_11_20_20_21_02_512.jpg, -0.1955298, 0.0544932, 0, 16.92386
C:\Users\Owner\Downloads\simulator-windows-64\dataTrack1\IMG\center_2024_11_20_20_21_02_615.jpg, C:\Users\Owner\Downloads\simulator-windows-64\dataTrack1\IMG\left_2024_11_20_20_21_02_615.jpg, C:\Users\Owner\Downloads\simulator-windows-64\dataTrack1\IMG\right_2024_11_20_20_21_02_615.jpg, 0, 0.3638643, 0, 16.95061
C:\Users\Owner\Downloads\simulator-windows-64\dataTrack1\IMG\center_2024_11_20_20_21_02_718.jpg, C:\Users\Owner\Downloads\simulator-windows-64\dataTrack1\IMG\left_2024_11_20_20_21_02_718.jpg, C:\Users\Owner\Downloads\simulator-windows-64\dataTrack1\IMG\right_2024_11_20_20_21_02_718.jpg, 0, 0.05398861, 0, 17.10564
C:\Users\Owner\Downloads\simulator-windows-64\dataTrack1\IMG\center_2024_11_20_20_21_02_821.jpg, C:\Users\Owner\Downloads\simulator-windows-64\dataTrack1\IMG\left_2024_11_20_20_21_02_821.jpg, C:\Users\Owner\Downloads\simulator-windows-64\dataTrack1\IMG\right_2024_11_20_20_21_02_821.jpg, 0, 0.3127392, 0, 17.14293
C:\Users\Owner\Downloads\simulator-windows-64\dataTrack1\IMG\center_2024_11_20_20_21_02_926.jpg, C:\Users\Owner\Downloads\simulator-windows-64\dataTrack1\IMG\left_2024_11_20_20_21_02_926.jpg, C:\Users\Owner\Downloads\simulator-windows-64\dataTrack1\IMG\right_2024_11_20_20_21_02_926.jpg, 0, 0.2327619, 0, 17.46992
C:\Users\Owner\Downloads\simulator-windows-64\dataTrack1\IMG\center_2024_11_20_20_21_03_030.jpg, C:\Users\Owner\Downloads\simulator-windows-64\dataTrack1\IMG\left_2024_11_20_20_21_03_030.jpg, C:\Users\Owner\Downloads\simulator-windows-64\dataTrack1\IMG\right_2024_11_20_20_21_03_030.jpg, 0, 0.5433491, 0, 17.78913
C:\Users\Owner\Downloads\simulator-windows-64\dataTrack1\IMG\center_2024_11_20_20_21_03_134.jpg, C:\Users\Owner\Downloads\simulator-windows-64\dataTrack1\IMG\left_2024_11_20_20_21_03_134.jpg, C:\Users\Owner\Downloads\simulator-windows-64\dataTrack1\IMG\right_2024_11_20_20_21_03_134.jpg, 0, 0.2317125, 0, 18.09085
C:\Users\Owner\Downloads\simulator-windows-64\dataTrack1\IMG\center_2024_11_20_20_21_03_238.jpg, C:\Users\Owner\Downloads\simulator-windows-64\dataTrack1\IMG\left_2024_11_20_20_21_03_238.jpg, C:\Users\Owner\Downloads\simulator-windows-64\dataTrack1\IMG\right_2024_11_20_20_21_03_238.jpg, 0, 0.5439855, 0, 18.33398
C:\Users\Owner\Downloads\simulator-windows-64\dataTrack1\IMG\center_2024_11_20_20_21_03_342.jpg, C:\Users\Owner\Downloads\simulator-windows-64\dataTrack1\IMG\left_2024_11_20_20_21_03_342.jpg, C:\Users\Owner\Downloads\simulator-windows-64\dataTrack1\IMG\right_2024_11_20_20_21_03_342.jpg, 0, 0.2849259, 0, 18.68027
C:\Users\Owner\Downloads\simulator-windows-64\dataTrack1\IMG\center_2024_11_20_20_21_03_446.jpg, C:\Users\Owner\Downloads\simulator-windows-64\dataTrack1\IMG\left_2024_11_20_20_21_03_446.jpg, C:\Users\Owner\Downloads\simulator-windows-64\dataTrack1\IMG\right_2024_11_20_20_21_03_446.jpg, 0, 0.5466738, 0, 19.03144
C:\Users\Owner\Downloads\simulator-windows-64\dataTrack1\IMG\center_2024_11_20_20_21_03_550.jpg, C:\Users\Owner\Downloads\simulator-windows-64\dataTrack1\IMG\left_2024_11_20_20_21_03_550.jpg, C:\Users\Owner\Downloads\simulator-windows-64\dataTrack1\IMG\right_2024_11_20_20_21_03_550.jpg, 0, 0.2362658, 0, 19.29006
C:\Users\Owner\Downloads\simulator-windows-64\dataTrack1\IMG\center_2024_11_20_20_21_03_654.jpg, C:\Users\Owner\Downloads\simulator-windows-64\dataTrack1\IMG\left_2024_11_20_20_21_03_654.jpg, C:\Users\Owner\Downloads\simulator-windows-64\dataTrack1\IMG\right_2024_11_20_20_21_03_654.jpg, 0, 0.5483325, 0, 19.56834
C:\Users\Owner\Downloads\simulator-windows-64\dataTrack1\IMG\center_2024_11_20_20_21_03_755.jpg, C:\Users\Owner\Downloads\simulator-windows-64\dataTrack1\IMG\left_2024_11_20_20_21_03_755.jpg, C:\Users\Owner\Downloads\simulator-windows-64\dataTrack1\IMG\right_2024_11_20_20_21_03_755.jpg, 0, 0.4155303, 0, 20.05404
C:\Users\Owner\Downloads\simulator-windows-64\dataTrack1\IMG\center_2024_11_20_20_21_03_860.jpg, C:\Users\Owner\Downloads\simulator-windows-64\dataTrack1\IMG\left_2024_11_20_20_21_03_860.jpg, C:\Users\Owner\Downloads\simulator-windows-64\dataTrack1\IMG\right_2024_11_20_20_21_03_860.jpg, 0, 0.4967565, 0, 20.32031
C:\Users\Owner\Downloads\simulator-windows-64\dataTrack1\IMG\center_2024_11_20_20_21_03_964.jpg, C:\Users\Owner\Downloads\simulator-windows-64\dataTrack1\IMG\left_2024_11_20_20_21_03_964.jpg, C:\Users\Owner\Downloads\simulator-windows-64\dataTrack1\IMG\right_2024_11_20_20_21_03_964.jpg, 0, 0.4089645, 0, 20.88377
C:\Users\Owner\Downloads\simulator-windows-64\dataTrack1\IMG\center_2024_11_20_20_21_04_066.jpg, C:\Users\Owner\Downloads\simulator-windows-64\dataTrack1\IMG\left_2024_11_20_20_21_04_066.jpg, C:\Users\Owner\Downloads\simulator-windows-64\dataTrack1\IMG\right_2024_11_20_20_21_04_066.jpg, -0.3075903, 0.1013743, 0, 20.89668
C:\Users\Owner\Downloads\simulator-windows-64\dataTrack1\IMG\center_2024_11_20_20_21_04_171.jpg, C:\Users\Owner\Downloads\simulator-windows-64\dataTrack1\IMG\left_2024_11_20_20_21_04_171.jpg, C:\Users\Owner\Downloads\simulator-windows-64\dataTrack1\IMG\right_2024_11_20_20_21_04_171.jpg, -0.4138433, 0.1041375, 0, 20.58219
C:\Users\Owner\Downloads\simulator-windows-64\dataTrack1\IMG\center_2024_11_20_20_21_04_277.jpg, C:\Users\Owner\Downloads\simulator-windows-64\dataTrack1\IMG\left_2024_11_20_20_21_04_277.jpg, C:\Users\Owner\Downloads\simulator-windows-64\dataTrack1\IMG\right_2024_11_20_20_21_04_277.jpg, -0.09559796, 0.2036301, 0, 20.66675
C:\Users\Owner\Downloads\simulator-windows-64\dataTrack1\IMG\center_2024_11_20_20_21_04_380.jpg, C:\Users\Owner\Downloads\simulator-windows-64\dataTrack1\IMG\left_2024_11_20_20_21_04_380.jpg, C:\Users\Owner\Downloads\simulator-windows-64\dataTrack1\IMG\right_2024_11_20_20_21_04_380.jpg, 0, 0.0542421, 0, 20.50225
C:\Users\Owner\Downloads\simulator-windows-64\dataTrack1\IMG\center_2024_11_20_20_21_04_484.jpg, C:\Users\Owner\Downloads\simulator-windows-64\dataTrack1\IMG\left_2024_11_20_20_21_04_484.jpg, C:\Users\Owner\Downloads\simulator-windows-64\dataTrack1\IMG\right_2024_11_20_20_21_04_484.jpg, 0, 0.3104763, 0, 20.64391
C:\Users\Owner\Downloads\simulator-windows-64\dataTrack1\IMG\center_2024_11_20_20_21_04_587.jpg, C:\Users\Owner\Downloads\simulator-windows-64\dataTrack1\IMG\left_2024_11_20_20_21_04_587.jpg, C:\Users\Owner\Downloads\simulator-windows-64\dataTrack1\IMG\right_2024_11_20_20_21_04_587.jpg, 0, 0.001139436, 0, 20.59887
C:\Users\Owner\Downloads\simulator-windows-64\dataTrack1\IMG\center_2024_11_20_20_21_04_690.jpg, C:\Users\Owner\Downloads\simulator-windows-64\dataTrack1\IMG\left_2024_11_20_20_21_04_690.jpg, C:\Users\Owner\Downloads\simulator-windows-64\dataTrack1\IMG\right_2024_11_20_20_21_04_690.jpg, 0, 0, 0, 20.38588
C:\Users\Owner\Downloads\simulator-windows-64\dataTrack1\IMG\center_2024_11_20_20_21_04_796.jpg, C:\Users\Owner\Downloads\simulator-windows-64\dataTrack1\IMG\left_2024_11_20_20_21_04_796.jpg, C:\Users\Owner\Downloads\simulator-windows-64\dataTrack1\IMG\right_2024_11_20_20_21_04_796.jpg, 0, 0, 0, 20.17873
C:\Users\Owner\Downloads\simulator-windows-64\dataTrack1\IMG\center_2024_11_20_20_21_04_898.jpg, C:\Users\Owner\Downloads\simulator-windows-64\dataTrack1\IMG\left_2024_11_20_20_21_04_898.jpg, C:\Users\Owner\Downloads\simulator-windows-64\dataTrack1\IMG\right_2024_11_20_20_21_04_898.jpg, -0.053826, 0, 0, 19.9757
C:\Users\Owner\Downloads\simulator-windows-64\dataTrack1\IMG\center_2024_11_20_20_21_05_000.jpg, C:\Users\Owner\Downloads\simulator-windows-64\dataTrack1\IMG\left_2024_11_20_20_21_05_000.jpg, C:\Users\Owner\Downloads\simulator-windows-64\dataTrack1\IMG\right_2024_11_20_20_21_05_000.jpg, -0.3569955, 0.0533583, 0, 19.70854
C:\Users\Owner\Downloads\simulator-windows-64\dataTrack1\IMG\center_2024_11_20_20_21_05_105.jpg, C:\Users\Owner\Downloads\simulator-windows-64\dataTrack1\IMG\left_2024_11_20_20_21_05_105.jpg, C:\Users\Owner\Downloads\simulator-windows-64\dataTrack1\IMG\right_2024_11_20_20_21_05_105.jpg, -0.0954189, 0.3132531, 0, 19.84831
C:\Users\Owner\Downloads\simulator-windows-64\dataTrack1\IMG\center_2024_11_20_20_21_05_210.jpg, C:\Users\Owner\Downloads\simulator-windows-64\dataTrack1\IMG\left_2024_11_20_20_21_05_210.jpg, C:\Users\Owner\Downloads\simulator-windows-64\dataTrack1\IMG\right_2024_11_20_20_21_05_210.jpg, 0, 0.1087344, 0, 19.77718
C:\Users\Owner\Downloads\simulator-windows-64\dataTrack1\IMG\center_2024_11_20_20_21_05_314.jpg, C:\Users\Owner\Downloads\simulator-windows-64\dataTrack1\IMG\left_2024_11_20_20_21_05_314.jpg, C:\Users\Owner\Downloads\simulator-windows-64\dataTrack1\IMG\right_2024_11_20_20_21_05_314.jpg, 0, 0.4240056, 0, 19.92138
C:\Users\Owner\Downloads\simulator-windows-64\dataTrack1\IMG\center_2024_11_20_20_21_05_418.jpg, C:\Users\Owner\Downloads\simulator-windows-64\dataTrack1\IMG\left_2024_11_20_20_21_05_418.jpg, C:\Users\Owner\Downloads\simulator-windows-64\dataTrack1\IMG\right_2024_11_20_20_21_05_418.jpg, -0.0560967, 0.1142211, 0, 20.0763
C:\Users\Owner\Downloads\simulator-windows-64\dataTrack1\IMG\center_2024_11_20_20_21_05_521.jpg, C:\Users\Owner\Downloads\simulator-windows-64\dataTrack1\IMG\left_2024_11_20_20_21_05_521.jpg, C:\Users\Owner\Downloads\simulator-windows-64\dataTrack1\IMG\right_2024_11_20_20_21_05_521.jpg, -0.3152061, 0, 0, 19.84474
C:\Users\Owner\Downloads\simulator-windows-64\dataTrack1\IMG\center_2024_11_20_20_21_05_623.jpg, C:\Users\Owner\Downloads\simulator-windows-64\dataTrack1\IMG\left_2024_11_20_20_21_05_623.jpg, C:\Users\Owner\Downloads\simulator-windows-64\dataTrack1\IMG\right_2024_11_20_20_21_05_623.jpg, -0.5667263, 0, 0, 19.42085
C:\Users\Owner\Downloads\simulator-windows-64\dataTrack1\IMG\center_2024_11_20_20_21_05_728.jpg, C:\Users\Owner\Downloads\simulator-windows-64\dataTrack1\IMG\left_2024_11_20_20_21_05_728.jpg, C:\Users\Owner\Downloads\simulator-windows-64\dataTrack1\IMG\right_2024_11_20_20_21_05_728.jpg, -0.2535315, 0, 0, 19.18605
C:\Users\Owner\Downloads\simulator-windows-64\dataTrack1\IMG\center_2024_11_20_20_21_05_833.jpg, C:\Users\Owner\Downloads\simulator-windows-64\dataTrack1\IMG\left_2024_11_20_20_21_05_833.jpg, C:\Users\Owner\Downloads\simulator-windows-64\dataTrack1\IMG\right_2024_11_20_20_21_05_833.jpg, 0, 0.3153252, 0, 19.22435
C:\Users\Owner\Downloads\simulator-windows-64\dataTrack1\IMG\center_2024_11_20_20_21_05_935.jpg, C:\Users\Owner\Downloads\simulator-windows-64\dataTrack1\IMG\left_2024_11_20_20_21_05_935.jpg, C:\Users\Owner\Downloads\simulator-windows-64\dataTrack1\IMG\right_2024_11_20_20_21_05_935.jpg, 0, 0.008364603, 0, 19.21372
C:\Users\Owner\Downloads\simulator-windows-64\dataTrack1\IMG\center_2024_11_20_20_21_06_038.jpg, C:\Users\Owner\Downloads\simulator-windows-64\dataTrack1\IMG\left_2024_11_20_20_21_06_038.jpg, C:\Users\Owner\Downloads\simulator-windows-64\dataTrack1\IMG\right_2024_11_20_20_21_06_038.jpg, 0, 0.1550673, 0, 19.044
C:\Users\Owner\Downloads\simulator-windows-64\dataTrack1\IMG\center_2024_11_20_20_21_06_143.jpg, C:\Users\Owner\Downloads\simulator-windows-64\dataTrack1\IMG\left_2024_11_20_20_21_06_143.jpg, C:\Users\Owner\Downloads\simulator-windows-64\dataTrack1\IMG\right_2024_11_20_20_21_06_143.jpg, 0, 0.2557389, 0, 19.23875
C:\Users\Owner\Downloads\simulator-windows-64\dataTrack1\IMG\center_2024_11_20_20_21_06_248.jpg, C:\Users\Owner\Downloads\simulator-windows-64\dataTrack1\IMG\left_2024_11_20_20_21_06_248.jpg, C:\Users\Owner\Downloads\simulator-windows-64\dataTrack1\IMG\right_2024_11_20_20_21_06_248.jpg, 0, 0.3585828, 0, 19.33639
C:\Users\Owner\Downloads\simulator-windows-64\dataTrack1\IMG\center_2024_11_20_20_21_06_354.jpg, C:\Users\Owner\Downloads\simulator-windows-64\dataTrack1\IMG\left_2024_11_20_20_21_06_354.jpg, C:\Users\Owner\Downloads\simulator-windows-64\dataTrack1\IMG\right_2024_11_20_20_21_06_354.jpg, 0, 0.4677555, 0, 19.73939
C:\Users\Owner\Downloads\simulator-windows-64\dataTrack1\IMG\center_2024_11_20_20_21_06_455.jpg, C:\Users\Owner\Downloads\simulator-windows-64\dataTrack1\IMG\left_2024_11_20_20_21_06_455.jpg, C:\Users\Owner\Downloads\simulator-windows-64\dataTrack1\IMG\right_2024_11_20_20_21_06_455.jpg, 0, 0.469932, 0, 20.02038
C:\Users\Owner\Downloads\simulator-windows-64\dataTrack1\IMG\center_2024_11_20_20_21_06_562.jpg, C:\Users\Owner\Downloads\simulator-windows-64\dataTrack1\IMG\left_2024_11_20_20_21_06_562.jpg, C:\Users\Owner\Downloads\simulator-windows-64\dataTrack1\IMG\right_2024_11_20_20_21_06_562.jpg, 0, 0.6772224, 0, 20.70569
C:\Users\Owner\Downloads\simulator-windows-64\dataTrack1\IMG\center_2024_11_20_20_21_06_665.jpg, C:\Users\Owner\Downloads\simulator-windows-64\dataTrack1\IMG\left_2024_11_20_20_21_06_665.jpg, C:\Users\Owner\Downloads\simulator-windows-64\dataTrack1\IMG\right_2024_11_20_20_21_06_665.jpg, -0.3101118, 0.3671106, 0, 21.05038
C:\Users\Owner\Downloads\simulator-windows-64\dataTrack1\IMG\center_2024_11_20_20_21_06_770.jpg, C:\Users\Owner\Downloads\simulator-windows-64\dataTrack1\IMG\left_2024_11_20_20_21_06_770.jpg, C:\Users\Owner\Downloads\simulator-windows-64\dataTrack1\IMG\right_2024_11_20_20_21_06_770.jpg, 0, 0.05217027, 0, 21.05632
C:\Users\Owner\Downloads\simulator-windows-64\dataTrack1\IMG\center_2024_11_20_20_21_06_873.jpg, C:\Users\Owner\Downloads\simulator-windows-64\dataTrack1\IMG\left_2024_11_20_20_21_06_873.jpg, C:\Users\Owner\Downloads\simulator-windows-64\dataTrack1\IMG\right_2024_11_20_20_21_06_873.jpg, 0, 0.0473445, 0, 20.85512
C:\Users\Owner\Downloads\simulator-windows-64\dataTrack1\IMG\center_2024_11_20_20_21_06_979.jpg, C:\Users\Owner\Downloads\simulator-windows-64\dataTrack1\IMG\left_2024_11_20_20_21_06_979.jpg, C:\Users\Owner\Downloads\simulator-windows-64\dataTrack1\IMG\right_2024_11_20_20_21_06_979.jpg, 0, 0.3153792, 0, 20.85974
C:\Users\Owner\Downloads\simulator-windows-64\dataTrack1\IMG\center_2024_11_20_20_21_07_084.jpg, C:\Users\Owner\Downloads\simulator-windows-64\dataTrack1\IMG\left_2024_11_20_20_21_07_084.jpg, C:\Users\Owner\Downloads\simulator-windows-64\dataTrack1\IMG\right_2024_11_20_20_21_07_084.jpg, 0, 0.05288576, 0, 20.9143
C:\Users\Owner\Downloads\simulator-windows-64\dataTrack1\IMG\center_2024_11_20_20_21_07_188.jpg, C:\Users\Owner\Downloads\simulator-windows-64\dataTrack1\IMG\left_2024_11_20_20_21_07_188.jpg, C:\Users\Owner\Downloads\simulator-windows-64\dataTrack1\IMG\right_2024_11_20_20_21_07_188.jpg, -0.3144216, 0, 0, 20.65362
C:\Users\Owner\Downloads\simulator-windows-64\dataTrack1\IMG\center_2024_11_20_20_21_07_291.jpg, C:\Users\Owner\Downloads\simulator-windows-64\dataTrack1\IMG\left_2024_11_20_20_21_07_291.jpg, C:\Users\Owner\Downloads\simulator-windows-64\dataTrack1\IMG\right_2024_11_20_20_21_07_291.jpg, -0.006392423, 0, 0, 20.43129
C:\Users\Owner\Downloads\simulator-windows-64\dataTrack1\IMG\center_2024_11_20_20_21_07_397.jpg, C:\Users\Owner\Downloads\simulator-windows-64\dataTrack1\IMG\left_2024_11_20_20_21_07_397.jpg, C:\Users\Owner\Downloads\simulator-windows-64\dataTrack1\IMG\right_2024_11_20_20_21_07_397.jpg, 0, 0.3168798, 0, 20.42134
C:\Users\Owner\Downloads\simulator-windows-64\dataTrack1\IMG\center_2024_11_20_20_21_07_501.jpg, C:\Users\Owner\Downloads\simulator-windows-64\dataTrack1\IMG\left_2024_11_20_20_21_07_501.jpg, C:\Users\Owner\Downloads\simulator-windows-64\dataTrack1\IMG\right_2024_11_20_20_21_07_501.jpg, 0, 0.05873128, 0, 20.43879
C:\Users\Owner\Downloads\simulator-windows-64\dataTrack1\IMG\center_2024_11_20_20_21_07_605.jpg, C:\Users\Owner\Downloads\simulator-windows-64\dataTrack1\IMG\left_2024_11_20_20_21_07_605.jpg, C:\Users\Owner\Downloads\simulator-windows-64\dataTrack1\IMG\right_2024_11_20_20_21_07_605.jpg, 0, 0, 0, 20.19301
C:\Users\Owner\Downloads\simulator-windows-64\dataTrack1\IMG\center_2024_11_20_20_21_07_707.jpg, C:\Users\Owner\Downloads\simulator-windows-64\dataTrack1\IMG\left_2024_11_20_20_21_07_707.jpg, C:\Users\Owner\Downloads\simulator-windows-64\dataTrack1\IMG\right_2024_11_20_20_21_07_707.jpg, -0.3077034, 0, 0, 19.94365
C:\Users\Owner\Downloads\simulator-windows-64\dataTrack1\IMG\center_2024_11_20_20_21_07_814.jpg, C:\Users\Owner\Downloads\simulator-windows-64\dataTrack1\IMG\left_2024_11_20_20_21_07_814.jpg, C:\Users\Owner\Downloads\simulator-windows-64\dataTrack1\IMG\right_2024_11_20_20_21_07_814.jpg, -0.1714347, 0.2040735, 0, 19.74791
C:\Users\Owner\Downloads\simulator-windows-64\dataTrack1\IMG\center_2024_11_20_20_21_07_918.jpg, C:\Users\Owner\Downloads\simulator-windows-64\dataTrack1\IMG\left_2024_11_20_20_21_07_918.jpg, C:\Users\Owner\Downloads\simulator-windows-64\dataTrack1\IMG\right_2024_11_20_20_21_07_918.jpg, 0, 0.1124916, 0, 19.87602
C:\Users\Owner\Downloads\simulator-windows-64\dataTrack1\IMG\center_2024_11_20_20_21_08_020.jpg, C:\Users\Owner\Downloads\simulator-windows-64\dataTrack1\IMG\left_2024_11_20_20_21_08_020.jpg, C:\Users\Owner\Downloads\simulator-windows-64\dataTrack1\IMG\right_2024_11_20_20_21_08_020.jpg, 0, 0, 0, 19.66844
C:\Users\Owner\Downloads\simulator-windows-64\dataTrack1\IMG\center_2024_11_20_20_21_08_125.jpg, C:\Users\Owner\Downloads\simulator-windows-64\dataTrack1\IMG\left_2024_11_20_20_21_08_125.jpg, C:\Users\Owner\Downloads\simulator-windows-64\dataTrack1\IMG\right_2024_11_20_20_21_08_125.jpg, 0, 0, 0, 19.43166
C:\Users\Owner\Downloads\simulator-windows-64\dataTrack1\IMG\center_2024_11_20_20_21_08_231.jpg, C:\Users\Owner\Downloads\simulator-windows-64\dataTrack1\IMG\left_2024_11_20_20_21_08_231.jpg, C:\Users\Owner\Downloads\simulator-windows-64\dataTrack1\IMG\right_2024_11_20_20_21_08_231.jpg, 0, 0.316659, 0, 19.4406
C:\Users\Owner\Downloads\simulator-windows-64\dataTrack1\IMG\center_2024_11_20_20_21_08_335.jpg, C:\Users\Owner\Downloads\simulator-windows-64\dataTrack1\IMG\left_2024_11_20_20_21_08_335.jpg, C:\Users\Owner\Downloads\simulator-windows-64\dataTrack1\IMG\right_2024_11_20_20_21_08_335.jpg, 0, 0.2198985, 0, 19.67599
C:\Users\Owner\Downloads\simulator-windows-64\dataTrack1\IMG\center_2024_11_20_20_21_08_438.jpg, C:\Users\Owner\Downloads\simulator-windows-64\dataTrack1\IMG\left_2024_11_20_20_21_08_438.jpg, C:\Users\Owner\Downloads\simulator-windows-64\dataTrack1\IMG\right_2024_11_20_20_21_08_438.jpg, 0, 0.3228765, 0, 19.69345
C:\Users\Owner\Downloads\simulator-windows-64\dataTrack1\IMG\center_2024_11_20_20_21_08_541.jpg, C:\Users\Owner\Downloads\simulator-windows-64\dataTrack1\IMG\left_2024_11_20_20_21_08_541.jpg, C:\Users\Owner\Downloads\simulator-windows-64\dataTrack1\IMG\right_2024_11_20_20_21_08_541.jpg, 0, 0.4755717, 0, 20.06364
C:\Users\Owner\Downloads\simulator-windows-64\dataTrack1\IMG\center_2024_11_20_20_21_08_648.jpg, C:\Users\Owner\Downloads\simulator-windows-64\dataTrack1\IMG\left_2024_11_20_20_21_08_648.jpg, C:\Users\Owner\Downloads\simulator-windows-64\dataTrack1\IMG\right_2024_11_20_20_21_08_648.jpg, -0.2287125, 0.1063659, 0, 20.17336
C:\Users\Owner\Downloads\simulator-windows-64\dataTrack1\IMG\center_2024_11_20_20_21_08_754.jpg, C:\Users\Owner\Downloads\simulator-windows-64\dataTrack1\IMG\left_2024_11_20_20_21_08_754.jpg, C:\Users\Owner\Downloads\simulator-windows-64\dataTrack1\IMG\right_2024_11_20_20_21_08_754.jpg, -0.08823571, 0.1047096, 0, 19.96849
C:\Users\Owner\Downloads\simulator-windows-64\dataTrack1\IMG\center_2024_11_20_20_21_08_857.jpg, C:\Users\Owner\Downloads\simulator-windows-64\dataTrack1\IMG\left_2024_11_20_20_21_08_857.jpg, C:\Users\Owner\Downloads\simulator-windows-64\dataTrack1\IMG\right_2024_11_20_20_21_08_857.jpg, 0, 0.4133712, 0, 20.03815
C:\Users\Owner\Downloads\simulator-windows-64\dataTrack1\IMG\center_2024_11_20_20_21_08_963.jpg, C:\Users\Owner\Downloads\simulator-windows-64\dataTrack1\IMG\left_2024_11_20_20_21_08_963.jpg, C:\Users\Owner\Downloads\simulator-windows-64\dataTrack1\IMG\right_2024_11_20_20_21_08_963.jpg, 0, 0.09558688, 0, 20.17414
C:\Users\Owner\Downloads\simulator-windows-64\dataTrack1\IMG\center_2024_11_20_20_21_09_067.jpg, C:\Users\Owner\Downloads\simulator-windows-64\dataTrack1\IMG\left_2024_11_20_20_21_09_067.jpg, C:\Users\Owner\Downloads\simulator-windows-64\dataTrack1\IMG\right_2024_11_20_20_21_09_067.jpg, 0, 0.1048197, 0, 20.0118
C:\Users\Owner\Downloads\simulator-windows-64\dataTrack1\IMG\center_2024_11_20_20_21_09_170.jpg, C:\Users\Owner\Downloads\simulator-windows-64\dataTrack1\IMG\left_2024_11_20_20_21_09_170.jpg, C:\Users\Owner\Downloads\simulator-windows-64\dataTrack1\IMG\right_2024_11_20_20_21_09_170.jpg, -0.1546701, 0.4154157, 0, 20.12715
C:\Users\Owner\Downloads\simulator-windows-64\dataTrack1\IMG\center_2024_11_20_20_21_09_275.jpg, C:\Users\Owner\Downloads\simulator-windows-64\dataTrack1\IMG\left_2024_11_20_20_21_09_275.jpg, C:\Users\Owner\Downloads\simulator-windows-64\dataTrack1\IMG\right_2024_11_20_20_21_09_275.jpg, -0.4689237, 0.1011621, 0, 20.15013
C:\Users\Owner\Downloads\simulator-windows-64\dataTrack1\IMG\center_2024_11_20_20_21_09_383.jpg, C:\Users\Owner\Downloads\simulator-windows-64\dataTrack1\IMG\left_2024_11_20_20_21_09_383.jpg, C:\Users\Owner\Downloads\simulator-windows-64\dataTrack1\IMG\right_2024_11_20_20_21_09_383.jpg, -0.3326032, 0, 0, 19.81353
C:\Users\Owner\Downloads\simulator-windows-64\dataTrack1\IMG\center_2024_11_20_20_21_09_488.jpg, C:\Users\Owner\Downloads\simulator-windows-64\dataTrack1\IMG\left_2024_11_20_20_21_09_488.jpg, C:\Users\Owner\Downloads\simulator-windows-64\dataTrack1\IMG\right_2024_11_20_20_21_09_488.jpg, -0.01750294, 0.1541109, 0, 19.64214
C:\Users\Owner\Downloads\simulator-windows-64\dataTrack1\IMG\center_2024_11_20_20_21_09_592.jpg, C:\Users\Owner\Downloads\simulator-windows-64\dataTrack1\IMG\left_2024_11_20_20_21_09_592.jpg, C:\Users\Owner\Downloads\simulator-windows-64\dataTrack1\IMG\right_2024_11_20_20_21_09_592.jpg, 0, 0.258189, 0, 19.80147
C:\Users\Owner\Downloads\simulator-windows-64\dataTrack1\IMG\center_2024_11_20_20_21_09_699.jpg, C:\Users\Owner\Downloads\simulator-windows-64\dataTrack1\IMG\left_2024_11_20_20_21_09_699.jpg, C:\Users\Owner\Downloads\simulator-windows-64\dataTrack1\IMG\right_2024_11_20_20_21_09_699.jpg, 0, 0.0526854, 0, 19.72519
C:\Users\Owner\Downloads\simulator-windows-64\dataTrack1\IMG\center_2024_11_20_20_21_09_804.jpg, C:\Users\Owner\Downloads\simulator-windows-64\dataTrack1\IMG\left_2024_11_20_20_21_09_804.jpg, C:\Users\Owner\Downloads\simulator-windows-64\dataTrack1\IMG\right_2024_11_20_20_21_09_804.jpg, 0, 0.2602929, 0, 19.79931
C:\Users\Owner\Downloads\simulator-windows-64\dataTrack1\IMG\center_2024_11_20_20_21_09_909.jpg, C:\Users\Owner\Downloads\simulator-windows-64\dataTrack1\IMG\left_2024_11_20_20_21_09_909.jpg, C:\Users\Owner\Downloads\simulator-windows-64\dataTrack1\IMG\right_2024_11_20_20_21_09_909.jpg, 0, 0, 0, 19.71298
C:\Users\Owner\Downloads\simulator-windows-64\dataTrack1\IMG\center_2024_11_20_20_21_10_015.jpg, C:\Users\Owner\Downloads\simulator-windows-64\dataTrack1\IMG\left_2024_11_20_20_21_10_015.jpg, C:\Users\Owner\Downloads\simulator-windows-64\dataTrack1\IMG\right_2024_11_20_20_21_10_015.jpg, 0, 0.2137845, 0, 19.70111
C:\Users\Owner\Downloads\simulator-windows-64\dataTrack1\IMG\center_2024_11_20_20_21_10_120.jpg, C:\Users\Owner\Downloads\simulator-windows-64\dataTrack1\IMG\left_2024_11_20_20_21_10_120.jpg, C:\Users\Owner\Downloads\simulator-windows-64\dataTrack1\IMG\right_2024_11_20_20_21_10_120.jpg, 0, 0, 0, 19.59678
C:\Users\Owner\Downloads\simulator-windows-64\dataTrack1\IMG\center_2024_11_20_20_21_10_225.jpg, C:\Users\Owner\Downloads\simulator-windows-64\dataTrack1\IMG\left_2024_11_20_20_21_10_225.jpg, C:\Users\Owner\Downloads\simulator-windows-64\dataTrack1\IMG\right_2024_11_20_20_21_10_225.jpg, 0, 0.162696, 0, 19.62383
C:\Users\Owner\Downloads\simulator-windows-64\dataTrack1\IMG\center_2024_11_20_20_21_10_331.jpg, C:\Users\Owner\Downloads\simulator-windows-64\dataTrack1\IMG\left_2024_11_20_20_21_10_331.jpg, C:\Users\Owner\Downloads\simulator-windows-64\dataTrack1\IMG\right_2024_11_20_20_21_10_331.jpg, 0, 0.0509769, 0, 19.45856
C:\Users\Owner\Downloads\simulator-windows-64\dataTrack1\IMG\center_2024_11_20_20_21_10_434.jpg, C:\Users\Owner\Downloads\simulator-windows-64\dataTrack1\IMG\left_2024_11_20_20_21_10_434.jpg, C:\Users\Owner\Downloads\simulator-windows-64\dataTrack1\IMG\right_2024_11_20_20_21_10_434.jpg, 0, 0.2650851, 0, 19.52166
C:\Users\Owner\Downloads\simulator-windows-64\dataTrack1\IMG\center_2024_11_20_20_21_10_536.jpg, C:\Users\Owner\Downloads\simulator-windows-64\dataTrack1\IMG\left_2024_11_20_20_21_10_536.jpg, C:\Users\Owner\Downloads\simulator-windows-64\dataTrack1\IMG\right_2024_11_20_20_21_10_536.jpg, 0, 0.063795, 0, 19.46081
C:\Users\Owner\Downloads\simulator-windows-64\dataTrack1\IMG\center_2024_11_20_20_21_10_641.jpg, C:\Users\Owner\Downloads\simulator-windows-64\dataTrack1\IMG\left_2024_11_20_20_21_10_641.jpg, C:\Users\Owner\Downloads\simulator-windows-64\dataTrack1\IMG\right_2024_11_20_20_21_10_641.jpg, 0, 0.3255714, 0, 19.51441
C:\Users\Owner\Downloads\simulator-windows-64\dataTrack1\IMG\center_2024_11_20_20_21_10_746.jpg, C:\Users\Owner\Downloads\simulator-windows-64\dataTrack1\IMG\left_2024_11_20_20_21_10_746.jpg, C:\Users\Owner\Downloads\simulator-windows-64\dataTrack1\IMG\right_2024_11_20_20_21_10_746.jpg, 0, 0.05584443, 0, 19.44958
C:\Users\Owner\Downloads\simulator-windows-64\dataTrack1\IMG\center_2024_11_20_20_21_10_849.jpg, C:\Users\Owner\Downloads\simulator-windows-64\dataTrack1\IMG\left_2024_11_20_20_21_10_849.jpg, C:\Users\Owner\Downloads\simulator-windows-64\dataTrack1\IMG\right_2024_11_20_20_21_10_849.jpg, 0, 0.3657115, 0, 19.54496
C:\Users\Owner\Downloads\simulator-windows-64\dataTrack1\IMG\center_2024_11_20_20_21_10_953.jpg, C:\Users\Owner\Downloads\simulator-windows-64\dataTrack1\IMG\left_2024_11_20_20_21_10_953.jpg, C:\Users\Owner\Downloads\simulator-windows-64\dataTrack1\IMG\right_2024_11_20_20_21_10_953.jpg, 0, 0.05365926, 0, 19.59929
C:\Users\Owner\Downloads\simulator-windows-64\dataTrack1\IMG\center_2024_11_20_20_21_11_058.jpg, C:\Users\Owner\Downloads\simulator-windows-64\dataTrack1\IMG\left_2024_11_20_20_21_11_058.jpg, C:\Users\Owner\Downloads\simulator-windows-64\dataTrack1\IMG\right_2024_11_20_20_21_11_058.jpg, 0, 0.2055351, 0, 19.44775
C:\Users\Owner\Downloads\simulator-windows-64\dataTrack1\IMG\center_2024_11_20_20_21_11_164.jpg, C:\Users\Owner\Downloads\simulator-windows-64\dataTrack1\IMG\left_2024_11_20_20_21_11_164.jpg, C:\Users\Owner\Downloads\simulator-windows-64\dataTrack1\IMG\right_2024_11_20_20_21_11_164.jpg, 0, 0.1990392, 0, 19.65178
C:\Users\Owner\Downloads\simulator-windows-64\dataTrack1\IMG\center_2024_11_20_20_21_11_266.jpg, C:\Users\Owner\Downloads\simulator-windows-64\dataTrack1\IMG\left_2024_11_20_20_21_11_266.jpg, C:\Users\Owner\Downloads\simulator-windows-64\dataTrack1\IMG\right_2024_11_20_20_21_11_266.jpg, -0.1093632, 0, 0, 19.49244
C:\Users\Owner\Downloads\simulator-windows-64\dataTrack1\IMG\center_2024_11_20_20_21_11_369.jpg, C:\Users\Owner\Downloads\simulator-windows-64\dataTrack1\IMG\left_2024_11_20_20_21_11_369.jpg, C:\Users\Owner\Downloads\simulator-windows-64\dataTrack1\IMG\right_2024_11_20_20_21_11_369.jpg, 0, 0, 0, 19.29462
C:\Users\Owner\Downloads\simulator-windows-64\dataTrack1\IMG\center_2024_11_20_20_21_11_472.jpg, C:\Users\Owner\Downloads\simulator-windows-64\dataTrack1\IMG\left_2024_11_20_20_21_11_472.jpg, C:\Users\Owner\Downloads\simulator-windows-64\dataTrack1\IMG\right_2024_11_20_20_21_11_472.jpg, 0, 0.1542141, 0, 19.1521
C:\Users\Owner\Downloads\simulator-windows-64\dataTrack1\IMG\center_2024_11_20_20_21_11_576.jpg, C:\Users\Owner\Downloads\simulator-windows-64\dataTrack1\IMG\left_2024_11_20_20_21_11_576.jpg, C:\Users\Owner\Downloads\simulator-windows-64\dataTrack1\IMG\right_2024_11_20_20_21_11_576.jpg, 0, 0.3669246, 0, 19.31523
C:\Users\Owner\Downloads\simulator-windows-64\dataTrack1\IMG\center_2024_11_20_20_21_11_683.jpg, C:\Users\Owner\Downloads\simulator-windows-64\dataTrack1\IMG\left_2024_11_20_20_21_11_683.jpg, C:\Users\Owner\Downloads\simulator-windows-64\dataTrack1\IMG\right_2024_11_20_20_21_11_683.jpg, -0.1570518, 0.0460293, 0, 19.36319
C:\Users\Owner\Downloads\simulator-windows-64\dataTrack1\IMG\center_2024_11_20_20_21_11_786.jpg, C:\Users\Owner\Downloads\simulator-windows-64\dataTrack1\IMG\left_2024_11_20_20_21_11_786.jpg, C:\Users\Owner\Downloads\simulator-windows-64\dataTrack1\IMG\right_2024_11_20_20_21_11_786.jpg, -0.3659014, 0, 0, 19.091
C:\Users\Owner\Downloads\simulator-windows-64\dataTrack1\IMG\center_2024_11_20_20_21_11_891.jpg, C:\Users\Owner\Downloads\simulator-windows-64\dataTrack1\IMG\left_2024_11_20_20_21_11_891.jpg, C:\Users\Owner\Downloads\simulator-windows-64\dataTrack1\IMG\right_2024_11_20_20_21_11_891.jpg, -0.05075315, 0, 0, 18.86384
C:\Users\Owner\Downloads\simulator-windows-64\dataTrack1\IMG\center_2024_11_20_20_21_11_996.jpg, C:\Users\Owner\Downloads\simulator-windows-64\dataTrack1\IMG\left_2024_11_20_20_21_11_996.jpg, C:\Users\Owner\Downloads\simulator-windows-64\dataTrack1\IMG\right_2024_11_20_20_21_11_996.jpg, 0, 0.3136341, 0, 18.87492
C:\Users\Owner\Downloads\simulator-windows-64\dataTrack1\IMG\center_2024_11_20_20_21_12_100.jpg, C:\Users\Owner\Downloads\simulator-windows-64\dataTrack1\IMG\left_2024_11_20_20_21_12_100.jpg, C:\Users\Owner\Downloads\simulator-windows-64\dataTrack1\IMG\right_2024_11_20_20_21_12_100.jpg, -0.1035171, 0.3673887, 0, 19.16493
C:\Users\Owner\Downloads\simulator-windows-64\dataTrack1\IMG\center_2024_11_20_20_21_12_203.jpg, C:\Users\Owner\Downloads\simulator-windows-64\dataTrack1\IMG\left_2024_11_20_20_21_12_203.jpg, C:\Users\Owner\Downloads\simulator-windows-64\dataTrack1\IMG\right_2024_11_20_20_21_12_203.jpg, -0.06163231, 0.005794462, 0, 19.12434
C:\Users\Owner\Downloads\simulator-windows-64\dataTrack1\IMG\center_2024_11_20_20_21_12_306.jpg, C:\Users\Owner\Downloads\simulator-windows-64\dataTrack1\IMG\left_2024_11_20_20_21_12_306.jpg, C:\Users\Owner\Downloads\simulator-windows-64\dataTrack1\IMG\right_2024_11_20_20_21_12_306.jpg, 0, 0, 0, 18.95861
C:\Users\Owner\Downloads\simulator-windows-64\dataTrack1\IMG\center_2024_11_20_20_21_12_416.jpg, C:\Users\Owner\Downloads\simulator-windows-64\dataTrack1\IMG\left_2024_11_20_20_21_12_416.jpg, C:\Users\Owner\Downloads\simulator-windows-64\dataTrack1\IMG\right_2024_11_20_20_21_12_416.jpg, 0, 0, 0, 18.71817
C:\Users\Owner\Downloads\simulator-windows-64\dataTrack1\IMG\center_2024_11_20_20_21_12_520.jpg, C:\Users\Owner\Downloads\simulator-windows-64\dataTrack1\IMG\left_2024_11_20_20_21_12_520.jpg, C:\Users\Owner\Downloads\simulator-windows-64\dataTrack1\IMG\right_2024_11_20_20_21_12_520.jpg, 0, 0.0542094, 0, 18.58425
C:\Users\Owner\Downloads\simulator-windows-64\dataTrack1\IMG\center_2024_11_20_20_21_12_623.jpg, C:\Users\Owner\Downloads\simulator-windows-64\dataTrack1\IMG\left_2024_11_20_20_21_12_623.jpg, C:\Users\Owner\Downloads\simulator-windows-64\dataTrack1\IMG\right_2024_11_20_20_21_12_623.jpg, 0, 0.05700571, 0, 18.56323
C:\Users\Owner\Downloads\simulator-windows-64\dataTrack1\IMG\center_2024_11_20_20_21_12_725.jpg, C:\Users\Owner\Downloads\simulator-windows-64\dataTrack1\IMG\left_2024_11_20_20_21_12_725.jpg, C:\Users\Owner\Downloads\simulator-windows-64\dataTrack1\IMG\right_2024_11_20_20_21_12_725.jpg, 0, 0, 0, 18.31822
C:\Users\Owner\Downloads\simulator-windows-64\dataTrack1\IMG\center_2024_11_20_20_21_12_832.jpg, C:\Users\Owner\Downloads\simulator-windows-64\dataTrack1\IMG\left_2024_11_20_20_21_12_832.jpg, C:\Users\Owner\Downloads\simulator-windows-64\dataTrack1\IMG\right_2024_11_20_20_21_12_832.jpg, 0, 0.2026503, 0, 18.26465
C:\Users\Owner\Downloads\simulator-windows-64\dataTrack1\IMG\center_2024_11_20_20_21_12_935.jpg, C:\Users\Owner\Downloads\simulator-windows-64\dataTrack1\IMG\left_2024_11_20_20_21_12_935.jpg, C:\Users\Owner\Downloads\simulator-windows-64\dataTrack1\IMG\right_2024_11_20_20_21_12_935.jpg, 0, 0.1035675, 0, 18.33242
C:\Users\Owner\Downloads\simulator-windows-64\dataTrack1\IMG\center_2024_11_20_20_21_13_039.jpg, C:\Users\Owner\Downloads\simulator-windows-64\dataTrack1\IMG\left_2024_11_20_20_21_13_039.jpg, C:\Users\Owner\Downloads\simulator-windows-64\dataTrack1\IMG\right_2024_11_20_20_21_13_039.jpg, 0, 0.153108, 0, 18.25164
C:\Users\Owner\Downloads\simulator-windows-64\dataTrack1\IMG\center_2024_11_20_20_21_13_144.jpg, C:\Users\Owner\Downloads\simulator-windows-64\dataTrack1\IMG\left_2024_11_20_20_21_13_144.jpg, C:\Users\Owner\Downloads\simulator-windows-64\dataTrack1\IMG\right_2024_11_20_20_21_13_144.jpg, -0.0528432, 0.2061357, 0, 18.45385
C:\Users\Owner\Downloads\simulator-windows-64\dataTrack1\IMG\center_2024_11_20_20_21_13_251.jpg, C:\Users\Owner\Downloads\simulator-windows-64\dataTrack1\IMG\left_2024_11_20_20_21_13_251.jpg, C:\Users\Owner\Downloads\simulator-windows-64\dataTrack1\IMG\right_2024_11_20_20_21_13_251.jpg, -0.3716349, 0.2002572, 0, 18.31586
C:\Users\Owner\Downloads\simulator-windows-64\dataTrack1\IMG\center_2024_11_20_20_21_13_355.jpg, C:\Users\Owner\Downloads\simulator-windows-64\dataTrack1\IMG\left_2024_11_20_20_21_13_355.jpg, C:\Users\Owner\Downloads\simulator-windows-64\dataTrack1\IMG\right_2024_11_20_20_21_13_355.jpg, -0.3740613, 0.3046626, 0, 18.4497
C:\Users\Owner\Downloads\simulator-windows-64\dataTrack1\IMG\center_2024_11_20_20_21_13_458.jpg, C:\Users\Owner\Downloads\simulator-windows-64\dataTrack1\IMG\left_2024_11_20_20_21_13_458.jpg, C:\Users\Owner\Downloads\simulator-windows-64\dataTrack1\IMG\right_2024_11_20_20_21_13_458.jpg, -0.06574649, 0, 0, 18.4201
C:\Users\Owner\Downloads\simulator-windows-64\dataTrack1\IMG\center_2024_11_20_20_21_13_561.jpg, C:\Users\Owner\Downloads\simulator-windows-64\dataTrack1\IMG\left_2024_11_20_20_21_13_561.jpg, C:\Users\Owner\Downloads\simulator-windows-64\dataTrack1\IMG\right_2024_11_20_20_21_13_561.jpg, 0, 0.2597742, 0, 18.42789
C:\Users\Owner\Downloads\simulator-windows-64\dataTrack1\IMG\center_2024_11_20_20_21_13_667.jpg, C:\Users\Owner\Downloads\simulator-windows-64\dataTrack1\IMG\left_2024_11_20_20_21_13_667.jpg, C:\Users\Owner\Downloads\simulator-windows-64\dataTrack1\IMG\right_2024_11_20_20_21_13_667.jpg, 0, 0.2097822, 0, 18.68671
C:\Users\Owner\Downloads\simulator-windows-64\dataTrack1\IMG\center_2024_11_20_20_21_13_770.jpg, C:\Users\Owner\Downloads\simulator-windows-64\dataTrack1\IMG\left_2024_11_20_20_21_13_770.jpg, C:\Users\Owner\Downloads\simulator-windows-64\dataTrack1\IMG\right_2024_11_20_20_21_13_770.jpg, 0, 0.315291, 0, 18.70652
C:\Users\Owner\Downloads\simulator-windows-64\dataTrack1\IMG\center_2024_11_20_20_21_13_876.jpg, C:\Users\Owner\Downloads\simulator-windows-64\dataTrack1\IMG\left_2024_11_20_20_21_13_876.jpg, C:\Users\Owner\Downloads\simulator-windows-64\dataTrack1\IMG\right_2024_11_20_20_21_13_876.jpg, 0, 0.6322503, 0, 19.12105
C:\Users\Owner\Downloads\simulator-windows-64\dataTrack1\IMG\center_2024_11_20_20_21_13_977.jpg, C:\Users\Owner\Downloads\simulator-windows-64\dataTrack1\IMG\left_2024_11_20_20_21_13_977.jpg, C:\Users\Owner\Downloads\simulator-windows-64\dataTrack1\IMG\right_2024_11_20_20_21_13_977.jpg, 0, 0.9375396, 0, 19.85458
C:\Users\Owner\Downloads\simulator-windows-64\dataTrack1\IMG\center_2024_11_20_20_21_14_082.jpg, C:\Users\Owner\Downloads\simulator-windows-64\dataTrack1\IMG\left_2024_11_20_20_21_14_082.jpg, C:\Users\Owner\Downloads\simulator-windows-64\dataTrack1\IMG\right_2024_11_20_20_21_14_082.jpg, 0, 1, 0, 21.07547
C:\Users\Owner\Downloads\simulator-windows-64\dataTrack1\IMG\center_2024_11_20_20_21_14_185.jpg, C:\Users\Owner\Downloads\simulator-windows-64\dataTrack1\IMG\left_2024_11_20_20_21_14_185.jpg, C:\Users\Owner\Downloads\simulator-windows-64\dataTrack1\IMG\right_2024_11_20_20_21_14_185.jpg, 0, 0.6902221, 0, 21.87444
C:\Users\Owner\Downloads\simulator-windows-64\dataTrack1\IMG\center_2024_11_20_20_21_14_291.jpg, C:\Users\Owner\Downloads\simulator-windows-64\dataTrack1\IMG\left_2024_11_20_20_21_14_291.jpg, C:\Users\Owner\Downloads\simulator-windows-64\dataTrack1\IMG\right_2024_11_20_20_21_14_291.jpg, -0.3184272, 0.3717949, 0, 22.24561
C:\Users\Owner\Downloads\simulator-windows-64\dataTrack1\IMG\center_2024_11_20_20_21_14_397.jpg, C:\Users\Owner\Downloads\simulator-windows-64\dataTrack1\IMG\left_2024_11_20_20_21_14_397.jpg, C:\Users\Owner\Downloads\simulator-windows-64\dataTrack1\IMG\right_2024_11_20_20_21_14_397.jpg, -0.3146454, 0.1720843, 0, 22.16888
C:\Users\Owner\Downloads\simulator-windows-64\dataTrack1\IMG\center_2024_11_20_20_21_14_500.jpg, C:\Users\Owner\Downloads\simulator-windows-64\dataTrack1\IMG\left_2024_11_20_20_21_14_500.jpg, C:\Users\Owner\Downloads\simulator-windows-64\dataTrack1\IMG\right_2024_11_20_20_21_14_500.jpg, -0.05879101, 0.4279387, 0, 22.31257
C:\Users\Owner\Downloads\simulator-windows-64\dataTrack1\IMG\center_2024_11_20_20_21_14_604.jpg, C:\Users\Owner\Downloads\simulator-windows-64\dataTrack1\IMG\left_2024_11_20_20_21_14_604.jpg, C:\Users\Owner\Downloads\simulator-windows-64\dataTrack1\IMG\right_2024_11_20_20_21_14_604.jpg, 0, 0.1607758, 0, 22.33616
C:\Users\Owner\Downloads\simulator-windows-64\dataTrack1\IMG\center_2024_11_20_20_21_14_708.jpg, C:\Users\Owner\Downloads\simulator-windows-64\dataTrack1\IMG\left_2024_11_20_20_21_14_708.jpg, C:\Users\Owner\Downloads\simulator-windows-64\dataTrack1\IMG\right_2024_11_20_20_21_14_708.jpg, 0, 0.472588, 0, 22.58323
C:\Users\Owner\Downloads\simulator-windows-64\dataTrack1\IMG\center_2024_11_20_20_21_14_811.jpg, C:\Users\Owner\Downloads\simulator-windows-64\dataTrack1\IMG\left_2024_11_20_20_21_14_811.jpg, C:\Users\Owner\Downloads\simulator-windows-64\dataTrack1\IMG\right_2024_11_20_20_21_14_811.jpg, 0, 0.2701366, 0, 22.69491
C:\Users\Owner\Downloads\simulator-windows-64\dataTrack1\IMG\center_2024_11_20_20_21_14_916.jpg, C:\Users\Owner\Downloads\simulator-windows-64\dataTrack1\IMG\left_2024_11_20_20_21_14_916.jpg, C:\Users\Owner\Downloads\simulator-windows-64\dataTrack1\IMG\right_2024_11_20_20_21_14_916.jpg, 0, 0.585292, 0, 22.99042
C:\Users\Owner\Downloads\simulator-windows-64\dataTrack1\IMG\center_2024_11_20_20_21_15_021.jpg, C:\Users\Owner\Downloads\simulator-windows-64\dataTrack1\IMG\left_2024_11_20_20_21_15_021.jpg, C:\Users\Owner\Downloads\simulator-windows-64\dataTrack1\IMG\right_2024_11_20_20_21_15_021.jpg, 0, 0.3245113, 0, 23.3121
C:\Users\Owner\Downloads\simulator-windows-64\dataTrack1\IMG\center_2024_11_20_20_21_15_127.jpg, C:\Users\Owner\Downloads\simulator-windows-64\dataTrack1\IMG\left_2024_11_20_20_21_15_127.jpg, C:\Users\Owner\Downloads\simulator-windows-64\dataTrack1\IMG\right_2024_11_20_20_21_15_127.jpg, 0, 0.6932941, 0, 23.80607
C:\Users\Owner\Downloads\simulator-windows-64\dataTrack1\IMG\center_2024_11_20_20_21_15_235.jpg, C:\Users\Owner\Downloads\simulator-windows-64\dataTrack1\IMG\left_2024_11_20_20_21_15_235.jpg, C:\Users\Owner\Downloads\simulator-windows-64\dataTrack1\IMG\right_2024_11_20_20_21_15_235.jpg, 0, 0.368714, 0, 24.20015
C:\Users\Owner\Downloads\simulator-windows-64\dataTrack1\IMG\center_2024_11_20_20_21_15_337.jpg, C:\Users\Owner\Downloads\simulator-windows-64\dataTrack1\IMG\left_2024_11_20_20_21_15_337.jpg, C:\Users\Owner\Downloads\simulator-windows-64\dataTrack1\IMG\right_2024_11_20_20_21_15_337.jpg, 0, 0.6750964, 0, 24.54027
C:\Users\Owner\Downloads\simulator-windows-64\dataTrack1\IMG\center_2024_11_20_20_21_15_442.jpg, C:\Users\Owner\Downloads\simulator-windows-64\dataTrack1\IMG\left_2024_11_20_20_21_15_442.jpg, C:\Users\Owner\Downloads\simulator-windows-64\dataTrack1\IMG\right_2024_11_20_20_21_15_442.jpg, 0, 0.3595285, 0, 25.00604
C:\Users\Owner\Downloads\simulator-windows-64\dataTrack1\IMG\center_2024_11_20_20_21_15_544.jpg, C:\Users\Owner\Downloads\simulator-windows-64\dataTrack1\IMG\left_2024_11_20_20_21_15_544.jpg, C:\Users\Owner\Downloads\simulator-windows-64\dataTrack1\IMG\right_2024_11_20_20_21_15_544.jpg, 0, 0.6663778, 0, 25.38846
C:\Users\Owner\Downloads\simulator-windows-64\dataTrack1\IMG\center_2024_11_20_20_21_15_649.jpg, C:\Users\Owner\Downloads\simulator-windows-64\dataTrack1\IMG\left_2024_11_20_20_21_15_649.jpg, C:\Users\Owner\Downloads\simulator-windows-64\dataTrack1\IMG\right_2024_11_20_20_21_15_649.jpg, 0, 0.5656396, 0, 25.95881
C:\Users\Owner\Downloads\simulator-windows-64\dataTrack1\IMG\center_2024_11_20_20_21_15_754.jpg, C:\Users\Owner\Downloads\simulator-windows-64\dataTrack1\IMG\left_2024_11_20_20_21_15_754.jpg, C:\Users\Owner\Downloads\simulator-windows-64\dataTrack1\IMG\right_2024_11_20_20_21_15_754.jpg, 0, 0.8819404, 0, 26.55792
C:\Users\Owner\Downloads\simulator-windows-64\dataTrack1\IMG\center_2024_11_20_20_21_15_859.jpg, C:\Users\Owner\Downloads\simulator-windows-64\dataTrack1\IMG\left_2024_11_20_20_21_15_859.jpg, C:\Users\Owner\Downloads\simulator-windows-64\dataTrack1\IMG\right_2024_11_20_20_21_15_859.jpg, 0, 0.7482508, 0, 27.39631
C:\Users\Owner\Downloads\simulator-windows-64\dataTrack1\IMG\center_2024_11_20_20_21_15_965.jpg, C:\Users\Owner\Downloads\simulator-windows-64\dataTrack1\IMG\left_2024_11_20_20_21_15_965.jpg, C:\Users\Owner\Downloads\simulator-windows-64\dataTrack1\IMG\right_2024_11_20_20_21_15_965.jpg, 0, 1, 0, 28.36116
C:\Users\Owner\Downloads\simulator-windows-64\dataTrack1\IMG\center_2024_11_20_20_21_16_070.jpg, C:\Users\Owner\Downloads\simulator-windows-64\dataTrack1\IMG\left_2024_11_20_20_21_16_070.jpg, C:\Users\Owner\Downloads\simulator-windows-64\dataTrack1\IMG\right_2024_11_20_20_21_16_070.jpg, 0, 0.797452, 0, 29.21221
C:\Users\Owner\Downloads\simulator-windows-64\dataTrack1\IMG\center_2024_11_20_20_21_16_173.jpg, C:\Users\Owner\Downloads\simulator-windows-64\dataTrack1\IMG\left_2024_11_20_20_21_16_173.jpg, C:\Users\Owner\Downloads\simulator-windows-64\dataTrack1\IMG\right_2024_11_20_20_21_16_173.jpg, 0, 1, 0, 30.03658
C:\Users\Owner\Downloads\simulator-windows-64\dataTrack1\IMG\center_2024_11_20_20_21_16_278.jpg, C:\Users\Owner\Downloads\simulator-windows-64\dataTrack1\IMG\left_2024_11_20_20_21_16_278.jpg, C:\Users\Owner\Downloads\simulator-windows-64\dataTrack1\IMG\right_2024_11_20_20_21_16_278.jpg, 0, 0.843913, 0, 30.17309
C:\Users\Owner\Downloads\simulator-windows-64\dataTrack1\IMG\center_2024_11_20_20_21_16_386.jpg, C:\Users\Owner\Downloads\simulator-windows-64\dataTrack1\IMG\left_2024_11_20_20_21_16_386.jpg, C:\Users\Owner\Downloads\simulator-windows-64\dataTrack1\IMG\right_2024_11_20_20_21_16_386.jpg, 0, 0.9788632, 0, 30.17835
C:\Users\Owner\Downloads\simulator-windows-64\dataTrack1\IMG\center_2024_11_20_20_21_16_490.jpg, C:\Users\Owner\Downloads\simulator-windows-64\dataTrack1\IMG\left_2024_11_20_20_21_16_490.jpg, C:\Users\Owner\Downloads\simulator-windows-64\dataTrack1\IMG\right_2024_11_20_20_21_16_490.jpg, 0, 0.845368, 0, 30.16138
C:\Users\Owner\Downloads\simulator-windows-64\dataTrack1\IMG\center_2024_11_20_20_21_16_593.jpg, C:\Users\Owner\Downloads\simulator-windows-64\dataTrack1\IMG\left_2024_11_20_20_21_16_593.jpg, C:\Users\Owner\Downloads\simulator-windows-64\dataTrack1\IMG\right_2024_11_20_20_21_16_593.jpg, 0, 0.7387468, 0, 30.1198
C:\Users\Owner\Downloads\simulator-windows-64\dataTrack1\IMG\center_2024_11_20_20_21_16_696.jpg, C:\Users\Owner\Downloads\simulator-windows-64\dataTrack1\IMG\left_2024_11_20_20_21_16_696.jpg, C:\Users\Owner\Downloads\simulator-windows-64\dataTrack1\IMG\right_2024_11_20_20_21_16_696.jpg, 0, 0.8426957, 0, 30.16204
C:\Users\Owner\Downloads\simulator-windows-64\dataTrack1\IMG\center_2024_11_20_20_21_16_802.jpg, C:\Users\Owner\Downloads\simulator-windows-64\dataTrack1\IMG\left_2024_11_20_20_21_16_802.jpg, C:\Users\Owner\Downloads\simulator-windows-64\dataTrack1\IMG\right_2024_11_20_20_21_16_802.jpg, 0, 0.5241464, 0, 30.07861
C:\Users\Owner\Downloads\simulator-windows-64\dataTrack1\IMG\center_2024_11_20_20_21_16_905.jpg, C:\Users\Owner\Downloads\simulator-windows-64\dataTrack1\IMG\left_2024_11_20_20_21_16_905.jpg, C:\Users\Owner\Downloads\simulator-windows-64\dataTrack1\IMG\right_2024_11_20_20_21_16_905.jpg, 0, 0.6285078, 0, 30.10279
C:\Users\Owner\Downloads\simulator-windows-64\dataTrack1\IMG\center_2024_11_20_20_21_17_011.jpg, C:\Users\Owner\Downloads\simulator-windows-64\dataTrack1\IMG\left_2024_11_20_20_21_17_011.jpg, C:\Users\Owner\Downloads\simulator-windows-64\dataTrack1\IMG\right_2024_11_20_20_21_17_011.jpg, 0, 0.3104043, 0, 30.0257
C:\Users\Owner\Downloads\simulator-windows-64\dataTrack1\IMG\center_2024_11_20_20_21_17_117.jpg, C:\Users\Owner\Downloads\simulator-windows-64\dataTrack1\IMG\left_2024_11_20_20_21_17_117.jpg, C:\Users\Owner\Downloads\simulator-windows-64\dataTrack1\IMG\right_2024_11_20_20_21_17_117.jpg, 0, 0, 0, 29.90571
C:\Users\Owner\Downloads\simulator-windows-64\dataTrack1\IMG\center_2024_11_20_20_21_17_222.jpg, C:\Users\Owner\Downloads\simulator-windows-64\dataTrack1\IMG\left_2024_11_20_20_21_17_222.jpg, C:\Users\Owner\Downloads\simulator-windows-64\dataTrack1\IMG\right_2024_11_20_20_21_17_222.jpg, -0.1025745, 0, 0, 29.53771
C:\Users\Owner\Downloads\simulator-windows-64\dataTrack1\IMG\center_2024_11_20_20_21_17_328.jpg, C:\Users\Owner\Downloads\simulator-windows-64\dataTrack1\IMG\left_2024_11_20_20_21_17_328.jpg, C:\Users\Owner\Downloads\simulator-windows-64\dataTrack1\IMG\right_2024_11_20_20_21_17_328.jpg, -0.4198869, 0, 0, 29.12357
C:\Users\Owner\Downloads\simulator-windows-64\dataTrack1\IMG\center_2024_11_20_20_21_17_437.jpg, C:\Users\Owner\Downloads\simulator-windows-64\dataTrack1\IMG\left_2024_11_20_20_21_17_437.jpg, C:\Users\Owner\Downloads\simulator-windows-64\dataTrack1\IMG\right_2024_11_20_20_21_17_437.jpg, -0.09323488, 0, 0, 28.80331
C:\Users\Owner\Downloads\simulator-windows-64\dataTrack1\IMG\center_2024_11_20_20_21_17_538.jpg, C:\Users\Owner\Downloads\simulator-windows-64\dataTrack1\IMG\left_2024_11_20_20_21_17_538.jpg, C:\Users\Owner\Downloads\simulator-windows-64\dataTrack1\IMG\right_2024_11_20_20_21_17_538.jpg, -0.1989615, 0, 0, 28.50653
C:\Users\Owner\Downloads\simulator-windows-64\dataTrack1\IMG\center_2024_11_20_20_21_17_645.jpg, C:\Users\Owner\Downloads\simulator-windows-64\dataTrack1\IMG\left_2024_11_20_20_21_17_645.jpg, C:\Users\Owner\Downloads\simulator-windows-64\dataTrack1\IMG\right_2024_11_20_20_21_17_645.jpg, -0.2097162, 0, 0, 28.10238
C:\Users\Owner\Downloads\simulator-windows-64\dataTrack1\IMG\center_2024_11_20_20_21_17_754.jpg, C:\Users\Owner\Downloads\simulator-windows-64\dataTrack1\IMG\left_2024_11_20_20_21_17_754.jpg, C:\Users\Owner\Downloads\simulator-windows-64\dataTrack1\IMG\right_2024_11_20_20_21_17_754.jpg, 0, 0.052854, 0, 27.81682
C:\Users\Owner\Downloads\simulator-windows-64\dataTrack1\IMG\center_2024_11_20_20_21_17_861.jpg, C:\Users\Owner\Downloads\simulator-windows-64\dataTrack1\IMG\left_2024_11_20_20_21_17_861.jpg, C:\Users\Owner\Downloads\simulator-windows-64\dataTrack1\IMG\right_2024_11_20_20_21_17_861.jpg, 0, 0.3217422, 0, 27.75846
C:\Users\Owner\Downloads\simulator-windows-64\dataTrack1\IMG\center_2024_11_20_20_21_17_965.jpg, C:\Users\Owner\Downloads\simulator-windows-64\dataTrack1\IMG\left_2024_11_20_20_21_17_965.jpg, C:\Users\Owner\Downloads\simulator-windows-64\dataTrack1\IMG\right_2024_11_20_20_21_17_965.jpg, 0, 0.0609069, 0, 27.74068
C:\Users\Owner\Downloads\simulator-windows-64\dataTrack1\IMG\center_2024_11_20_20_21_18_070.jpg, C:\Users\Owner\Downloads\simulator-windows-64\dataTrack1\IMG\left_2024_11_20_20_21_18_070.jpg, C:\Users\Owner\Downloads\simulator-windows-64\dataTrack1\IMG\right_2024_11_20_20_21_18_070.jpg, 0, 0.3775746, 0, 27.72452
C:\Users\Owner\Downloads\simulator-windows-64\dataTrack1\IMG\center_2024_11_20_20_21_18_178.jpg, C:\Users\Owner\Downloads\simulator-windows-64\dataTrack1\IMG\left_2024_11_20_20_21_18_178.jpg, C:\Users\Owner\Downloads\simulator-windows-64\dataTrack1\IMG\right_2024_11_20_20_21_18_178.jpg, 0, 0.05534393, 0, 27.74777
C:\Users\Owner\Downloads\simulator-windows-64\dataTrack1\IMG\center_2024_11_20_20_21_18_284.jpg, C:\Users\Owner\Downloads\simulator-windows-64\dataTrack1\IMG\left_2024_11_20_20_21_18_284.jpg, C:\Users\Owner\Downloads\simulator-windows-64\dataTrack1\IMG\right_2024_11_20_20_21_18_284.jpg, 0, 0.373001, 0, 27.70671
C:\Users\Owner\Downloads\simulator-windows-64\dataTrack1\IMG\center_2024_11_20_20_21_18_388.jpg, C:\Users\Owner\Downloads\simulator-windows-64\dataTrack1\IMG\left_2024_11_20_20_21_18_388.jpg, C:\Users\Owner\Downloads\simulator-windows-64\dataTrack1\IMG\right_2024_11_20_20_21_18_388.jpg, 0, 0.06059659, 0, 27.68932
C:\Users\Owner\Downloads\simulator-windows-64\dataTrack1\IMG\center_2024_11_20_20_21_18_491.jpg, C:\Users\Owner\Downloads\simulator-windows-64\dataTrack1\IMG\left_2024_11_20_20_21_18_491.jpg, C:\Users\Owner\Downloads\simulator-windows-64\dataTrack1\IMG\right_2024_11_20_20_21_18_491.jpg, 0, 0.3717032, 0, 27.66154
C:\Users\Owner\Downloads\simulator-windows-64\dataTrack1\IMG\center_2024_11_20_20_21_18_596.jpg, C:\Users\Owner\Downloads\simulator-windows-64\dataTrack1\IMG\left_2024_11_20_20_21_18_596.jpg, C:\Users\Owner\Downloads\simulator-windows-64\dataTrack1\IMG\right_2024_11_20_20_21_18_596.jpg, 0, 0.05909689, 0, 27.67218
C:\Users\Owner\Downloads\simulator-windows-64\dataTrack1\IMG\center_2024_11_20_20_21_18_702.jpg, C:\Users\Owner\Downloads\simulator-windows-64\dataTrack1\IMG\left_2024_11_20_20_21_18_702.jpg, C:\Users\Owner\Downloads\simulator-windows-64\dataTrack1\IMG\right_2024_11_20_20_21_18_702.jpg, 0, 0, 0, 27.34672
C:\Users\Owner\Downloads\simulator-windows-64\dataTrack1\IMG\center_2024_11_20_20_21_18_806.jpg, C:\Users\Owner\Downloads\simulator-windows-64\dataTrack1\IMG\left_2024_11_20_20_21_18_806.jpg, C:\Users\Owner\Downloads\simulator-windows-64\dataTrack1\IMG\right_2024_11_20_20_21_18_806.jpg, 0, 0.1532145, 0, 27.11763
C:\Users\Owner\Downloads\simulator-windows-64\dataTrack1\IMG\center_2024_11_20_20_21_18_912.jpg, C:\Users\Owner\Downloads\simulator-windows-64\dataTrack1\IMG\left_2024_11_20_20_21_18_912.jpg, C:\Users\Owner\Downloads\simulator-windows-64\dataTrack1\IMG\right_2024_11_20_20_21_18_912.jpg, 0, 0.1594861, 0, 27.12705
C:\Users\Owner\Downloads\simulator-windows-64\dataTrack1\IMG\center_2024_11_20_20_21_19_018.jpg, C:\Users\Owner\Downloads\simulator-windows-64\dataTrack1\IMG\left_2024_11_20_20_21_19_018.jpg, C:\Users\Owner\Downloads\simulator-windows-64\dataTrack1\IMG\right_2024_11_20_20_21_19_018.jpg, 0, 0, 0, 26.91374
C:\Users\Owner\Downloads\simulator-windows-64\dataTrack1\IMG\center_2024_11_20_20_21_19_122.jpg, C:\Users\Owner\Downloads\simulator-windows-64\dataTrack1\IMG\left_2024_11_20_20_21_19_122.jpg, C:\Users\Owner\Downloads\simulator-windows-64\dataTrack1\IMG\right_2024_11_20_20_21_19_122.jpg, 0, 0, 0, 26.58798
C:\Users\Owner\Downloads\simulator-windows-64\dataTrack1\IMG\center_2024_11_20_20_21_19_226.jpg, C:\Users\Owner\Downloads\simulator-windows-64\dataTrack1\IMG\left_2024_11_20_20_21_19_226.jpg, C:\Users\Owner\Downloads\simulator-windows-64\dataTrack1\IMG\right_2024_11_20_20_21_19_226.jpg, 0, 0, 0, 26.32095
C:\Users\Owner\Downloads\simulator-windows-64\dataTrack1\IMG\center_2024_11_20_20_21_19_330.jpg, C:\Users\Owner\Downloads\simulator-windows-64\dataTrack1\IMG\left_2024_11_20_20_21_19_330.jpg, C:\Users\Owner\Downloads\simulator-windows-64\dataTrack1\IMG\right_2024_11_20_20_21_19_330.jpg, 0, 0.3099237, 0, 26.23941
C:\Users\Owner\Downloads\simulator-windows-64\dataTrack1\IMG\center_2024_11_20_20_21_19_437.jpg, C:\Users\Owner\Downloads\simulator-windows-64\dataTrack1\IMG\left_2024_11_20_20_21_19_437.jpg, C:\Users\Owner\Downloads\simulator-windows-64\dataTrack1\IMG\right_2024_11_20_20_21_19_437.jpg, 0, 0.3203658, 0, 26.47978
C:\Users\Owner\Downloads\simulator-windows-64\dataTrack1\IMG\center_2024_11_20_20_21_19_539.jpg, C:\Users\Owner\Downloads\simulator-windows-64\dataTrack1\IMG\left_2024_11_20_20_21_19_539.jpg, C:\Users\Owner\Downloads\simulator-windows-64\dataTrack1\IMG\right_2024_11_20_20_21_19_539.jpg, 0, 0.1711317, 0, 26.45277
C:\Users\Owner\Downloads\simulator-windows-64\dataTrack1\IMG\center_2024_11_20_20_21_19_645.jpg, C:\Users\Owner\Downloads\simulator-windows-64\dataTrack1\IMG\left_2024_11_20_20_21_19_645.jpg, C:\Users\Owner\Downloads\simulator-windows-64\dataTrack1\IMG\right_2024_11_20_20_21_19_645.jpg, 0, 0.2293851, 0, 26.58405
C:\Users\Owner\Downloads\simulator-windows-64\dataTrack1\IMG\center_2024_11_20_20_21_19_753.jpg, C:\Users\Owner\Downloads\simulator-windows-64\dataTrack1\IMG\left_2024_11_20_20_21_19_753.jpg, C:\Users\Owner\Downloads\simulator-windows-64\dataTrack1\IMG\right_2024_11_20_20_21_19_753.jpg, 0, 0.2213212, 0, 26.49393
C:\Users\Owner\Downloads\simulator-windows-64\dataTrack1\IMG\center_2024_11_20_20_21_19_856.jpg, C:\Users\Owner\Downloads\simulator-windows-64\dataTrack1\IMG\left_2024_11_20_20_21_19_856.jpg, C:\Users\Owner\Downloads\simulator-windows-64\dataTrack1\IMG\right_2024_11_20_20_21_19_856.jpg, 0, 0.3265033, 0, 26.64664
C:\Users\Owner\Downloads\simulator-windows-64\dataTrack1\IMG\center_2024_11_20_20_21_19_960.jpg, C:\Users\Owner\Downloads\simulator-windows-64\dataTrack1\IMG\left_2024_11_20_20_21_19_960.jpg, C:\Users\Owner\Downloads\simulator-windows-64\dataTrack1\IMG\right_2024_11_20_20_21_19_960.jpg, 0, 0.2683363, 0, 26.65187
C:\Users\Owner\Downloads\simulator-windows-64\dataTrack1\IMG\center_2024_11_20_20_21_20_066.jpg, C:\Users\Owner\Downloads\simulator-windows-64\dataTrack1\IMG\left_2024_11_20_20_21_20_066.jpg, C:\Users\Owner\Downloads\simulator-windows-64\dataTrack1\IMG\right_2024_11_20_20_21_20_066.jpg, 0, 0.4195432, 0, 26.96663
C:\Users\Owner\Downloads\simulator-windows-64\dataTrack1\IMG\center_2024_11_20_20_21_20_172.jpg, C:\Users\Owner\Downloads\simulator-windows-64\dataTrack1\IMG\left_2024_11_20_20_21_20_172.jpg, C:\Users\Owner\Downloads\simulator-windows-64\dataTrack1\IMG\right_2024_11_20_20_21_20_172.jpg, 0, 0.3071812, 0, 27.05393
C:\Users\Owner\Downloads\simulator-windows-64\dataTrack1\IMG\center_2024_11_20_20_21_20_277.jpg, C:\Users\Owner\Downloads\simulator-windows-64\dataTrack1\IMG\left_2024_11_20_20_21_20_277.jpg, C:\Users\Owner\Downloads\simulator-windows-64\dataTrack1\IMG\right_2024_11_20_20_21_20_277.jpg, 0, 0.5220386, 0, 27.30827
C:\Users\Owner\Downloads\simulator-windows-64\dataTrack1\IMG\center_2024_11_20_20_21_20_383.jpg, C:\Users\Owner\Downloads\simulator-windows-64\dataTrack1\IMG\left_2024_11_20_20_21_20_383.jpg, C:\Users\Owner\Downloads\simulator-windows-64\dataTrack1\IMG\right_2024_11_20_20_21_20_383.jpg, 0, 0.3034226, 0, 27.51276
C:\Users\Owner\Downloads\simulator-windows-64\dataTrack1\IMG\center_2024_11_20_20_21_20_497.jpg, C:\Users\Owner\Downloads\simulator-windows-64\dataTrack1\IMG\left_2024_11_20_20_21_20_497.jpg, C:\Users\Owner\Downloads\simulator-windows-64\dataTrack1\IMG\right_2024_11_20_20_21_20_497.jpg, 0, 0.4378409, 0, 27.79038
C:\Users\Owner\Downloads\simulator-windows-64\dataTrack1\IMG\center_2024_11_20_20_21_20_603.jpg, C:\Users\Owner\Downloads\simulator-windows-64\dataTrack1\IMG\left_2024_11_20_20_21_20_603.jpg, C:\Users\Owner\Downloads\simulator-windows-64\dataTrack1\IMG\right_2024_11_20_20_21_20_603.jpg, 0, 0.222221, 0, 27.86086
C:\Users\Owner\Downloads\simulator-windows-64\dataTrack1\IMG\center_2024_11_20_20_21_20_711.jpg, C:\Users\Owner\Downloads\simulator-windows-64\dataTrack1\IMG\left_2024_11_20_20_21_20_711.jpg, C:\Users\Owner\Downloads\simulator-windows-64\dataTrack1\IMG\right_2024_11_20_20_21_20_711.jpg, 0, 0.4198923, 0, 28.05331
C:\Users\Owner\Downloads\simulator-windows-64\dataTrack1\IMG\center_2024_11_20_20_21_20_814.jpg, C:\Users\Owner\Downloads\simulator-windows-64\dataTrack1\IMG\left_2024_11_20_20_21_20_814.jpg, C:\Users\Owner\Downloads\simulator-windows-64\dataTrack1\IMG\right_2024_11_20_20_21_20_814.jpg, 0, 0.1107329, 0, 28.09748
C:\Users\Owner\Downloads\simulator-windows-64\dataTrack1\IMG\center_2024_11_20_20_21_20_920.jpg, C:\Users\Owner\Downloads\simulator-windows-64\dataTrack1\IMG\left_2024_11_20_20_21_20_920.jpg, C:\Users\Owner\Downloads\simulator-windows-64\dataTrack1\IMG\right_2024_11_20_20_21_20_920.jpg, 0, 0.3794945, 0, 28.10594
C:\Users\Owner\Downloads\simulator-windows-64\dataTrack1\IMG\center_2024_11_20_20_21_21_024.jpg, C:\Users\Owner\Downloads\simulator-windows-64\dataTrack1\IMG\left_2024_11_20_20_21_21_024.jpg, C:\Users\Owner\Downloads\simulator-windows-64\dataTrack1\IMG\right_2024_11_20_20_21_21_024.jpg, 0, 0.1198062, 0, 28.17414
C:\Users\Owner\Downloads\simulator-windows-64\dataTrack1\IMG\center_2024_11_20_20_21_21_129.jpg, C:\Users\Owner\Downloads\simulator-windows-64\dataTrack1\IMG\left_2024_11_20_20_21_21_129.jpg, C:\Users\Owner\Downloads\simulator-windows-64\dataTrack1\IMG\right_2024_11_20_20_21_21_129.jpg, 0, 0.4335543, 0, 28.23151
C:\Users\Owner\Downloads\simulator-windows-64\dataTrack1\IMG\center_2024_11_20_20_21_21_233.jpg, C:\Users\Owner\Downloads\simulator-windows-64\dataTrack1\IMG\left_2024_11_20_20_21_21_233.jpg, C:\Users\Owner\Downloads\simulator-windows-64\dataTrack1\IMG\right_2024_11_20_20_21_21_233.jpg, 0, 0.3034644, 0, 28.48313
C:\Users\Owner\Downloads\simulator-windows-64\dataTrack1\IMG\center_2024_11_20_20_21_21_340.jpg, C:\Users\Owner\Downloads\simulator-windows-64\dataTrack1\IMG\left_2024_11_20_20_21_21_340.jpg, C:\Users\Owner\Downloads\simulator-windows-64\dataTrack1\IMG\right_2024_11_20_20_21_21_340.jpg, 0, 0.02668259, 0, 28.40758
C:\Users\Owner\Downloads\simulator-windows-64\dataTrack1\IMG\center_2024_11_20_20_21_21_446.jpg, C:\Users\Owner\Downloads\simulator-windows-64\dataTrack1\IMG\left_2024_11_20_20_21_21_446.jpg, C:\Users\Owner\Downloads\simulator-windows-64\dataTrack1\IMG\right_2024_11_20_20_21_21_446.jpg, 0, 0, 0, 28.06648
C:\Users\Owner\Downloads\simulator-windows-64\dataTrack1\IMG\center_2024_11_20_20_21_21_553.jpg, C:\Users\Owner\Downloads\simulator-windows-64\dataTrack1\IMG\left_2024_11_20_20_21_21_553.jpg, C:\Users\Owner\Downloads\simulator-windows-64\dataTrack1\IMG\right_2024_11_20_20_21_21_553.jpg, 0, 0, 0, 27.78466
C:\Users\Owner\Downloads\simulator-windows-64\dataTrack1\IMG\center_2024_11_20_20_21_21_656.jpg, C:\Users\Owner\Downloads\simulator-windows-64\dataTrack1\IMG\left_2024_11_20_20_21_21_656.jpg, C:\Users\Owner\Downloads\simulator-windows-64\dataTrack1\IMG\right_2024_11_20_20_21_21_656.jpg, -0.153969, 0, 0, 27.49888
C:\Users\Owner\Downloads\simulator-windows-64\dataTrack1\IMG\center_2024_11_20_20_21_21_760.jpg, C:\Users\Owner\Downloads\simulator-windows-64\dataTrack1\IMG\left_2024_11_20_20_21_21_760.jpg, C:\Users\Owner\Downloads\simulator-windows-64\dataTrack1\IMG\right_2024_11_20_20_21_21_760.jpg, -0.4141269, 0, 0, 27.11221
C:\Users\Owner\Downloads\simulator-windows-64\dataTrack1\IMG\center_2024_11_20_20_21_21_866.jpg, C:\Users\Owner\Downloads\simulator-windows-64\dataTrack1\IMG\left_2024_11_20_20_21_21_866.jpg, C:\Users\Owner\Downloads\simulator-windows-64\dataTrack1\IMG\right_2024_11_20_20_21_21_866.jpg, -0.1495821, 0, 0, 26.74206
C:\Users\Owner\Downloads\simulator-windows-64\dataTrack1\IMG\center_2024_11_20_20_21_21_972.jpg, C:\Users\Owner\Downloads\simulator-windows-64\dataTrack1\IMG\left_2024_11_20_20_21_21_972.jpg, C:\Users\Owner\Downloads\simulator-windows-64\dataTrack1\IMG\right_2024_11_20_20_21_21_972.jpg, 0, 0.1529433, 0, 26.51134
C:\Users\Owner\Downloads\simulator-windows-64\dataTrack1\IMG\center_2024_11_20_20_21_22_077.jpg, C:\Users\Owner\Downloads\simulator-windows-64\dataTrack1\IMG\left_2024_11_20_20_21_22_077.jpg, C:\Users\Owner\Downloads\simulator-windows-64\dataTrack1\IMG\right_2024_11_20_20_21_22_077.jpg, 0, 0.156504, 0, 26.54294
C:\Users\Owner\Downloads\simulator-windows-64\dataTrack1\IMG\center_2024_11_20_20_21_22_183.jpg, C:\Users\Owner\Downloads\simulator-windows-64\dataTrack1\IMG\left_2024_11_20_20_21_22_183.jpg, C:\Users\Owner\Downloads\simulator-windows-64\dataTrack1\IMG\right_2024_11_20_20_21_22_183.jpg, 0, 0.0497793, 0, 26.27613
C:\Users\Owner\Downloads\simulator-windows-64\dataTrack1\IMG\center_2024_11_20_20_21_22_289.jpg, C:\Users\Owner\Downloads\simulator-windows-64\dataTrack1\IMG\left_2024_11_20_20_21_22_289.jpg, C:\Users\Owner\Downloads\simulator-windows-64\dataTrack1\IMG\right_2024_11_20_20_21_22_289.jpg, 0, 0.36963, 0, 26.28562
C:\Users\Owner\Downloads\simulator-windows-64\dataTrack1\IMG\center_2024_11_20_20_21_22_394.jpg, C:\Users\Owner\Downloads\simulator-windows-64\dataTrack1\IMG\left_2024_11_20_20_21_22_394.jpg, C:\Users\Owner\Downloads\simulator-windows-64\dataTrack1\IMG\right_2024_11_20_20_21_22_394.jpg, 0, 0.05659254, 0, 26.29637
C:\Users\Owner\Downloads\simulator-windows-64\dataTrack1\IMG\center_2024_11_20_20_21_22_506.jpg, C:\Users\Owner\Downloads\simulator-windows-64\dataTrack1\IMG\left_2024_11_20_20_21_22_506.jpg, C:\Users\Owner\Downloads\simulator-windows-64\dataTrack1\IMG\right_2024_11_20_20_21_22_506.jpg, 0, 0.3938856, 0, 26.31638
C:\Users\Owner\Downloads\simulator-windows-64\dataTrack1\IMG\center_2024_11_20_20_21_22_611.jpg, C:\Users\Owner\Downloads\simulator-windows-64\dataTrack1\IMG\left_2024_11_20_20_21_22_611.jpg, C:\Users\Owner\Downloads\simulator-windows-64\dataTrack1\IMG\right_2024_11_20_20_21_22_611.jpg, 0, 0.3015669, 0, 26.56757
C:\Users\Owner\Downloads\simulator-windows-64\dataTrack1\IMG\center_2024_11_20_20_21_22_715.jpg, C:\Users\Owner\Downloads\simulator-windows-64\dataTrack1\IMG\left_2024_11_20_20_21_22_715.jpg, C:\Users\Owner\Downloads\simulator-windows-64\dataTrack1\IMG\right_2024_11_20_20_21_22_715.jpg, 0, 0.6131142, 0, 26.83533
C:\Users\Owner\Downloads\simulator-windows-64\dataTrack1\IMG\center_2024_11_20_20_21_22_820.jpg, C:\Users\Owner\Downloads\simulator-windows-64\dataTrack1\IMG\left_2024_11_20_20_21_22_820.jpg, C:\Users\Owner\Downloads\simulator-windows-64\dataTrack1\IMG\right_2024_11_20_20_21_22_820.jpg, 0, 0.6658413, 0, 27.41933
C:\Users\Owner\Downloads\simulator-windows-64\dataTrack1\IMG\center_2024_11_20_20_21_22_928.jpg, C:\Users\Owner\Downloads\simulator-windows-64\dataTrack1\IMG\left_2024_11_20_20_21_22_928.jpg, C:\Users\Owner\Downloads\simulator-windows-64\dataTrack1\IMG\right_2024_11_20_20_21_22_928.jpg, 0, 0.7024379, 0, 27.93466
C:\Users\Owner\Downloads\simulator-windows-64\dataTrack1\IMG\center_2024_11_20_20_21_23_032.jpg, C:\Users\Owner\Downloads\simulator-windows-64\dataTrack1\IMG\left_2024_11_20_20_21_23_032.jpg, C:\Users\Owner\Downloads\simulator-windows-64\dataTrack1\IMG\right_2024_11_20_20_21_23_032.jpg, 0, 0.7069467, 0, 28.59753
C:\Users\Owner\Downloads\simulator-windows-64\dataTrack1\IMG\center_2024_11_20_20_21_23_138.jpg, C:\Users\Owner\Downloads\simulator-windows-64\dataTrack1\IMG\left_2024_11_20_20_21_23_138.jpg, C:\Users\Owner\Downloads\simulator-windows-64\dataTrack1\IMG\right_2024_11_20_20_21_23_138.jpg, 0, 1, 0, 29.31496
C:\Users\Owner\Downloads\simulator-windows-64\dataTrack1\IMG\center_2024_11_20_20_21_23_243.jpg, C:\Users\Owner\Downloads\simulator-windows-64\dataTrack1\IMG\left_2024_11_20_20_21_23_243.jpg, C:\Users\Owner\Downloads\simulator-windows-64\dataTrack1\IMG\right_2024_11_20_20_21_23_243.jpg, 0, 0.8444518, 0, 30.1632
C:\Users\Owner\Downloads\simulator-windows-64\dataTrack1\IMG\center_2024_11_20_20_21_23_348.jpg, C:\Users\Owner\Downloads\simulator-windows-64\dataTrack1\IMG\left_2024_11_20_20_21_23_348.jpg, C:\Users\Owner\Downloads\simulator-windows-64\dataTrack1\IMG\right_2024_11_20_20_21_23_348.jpg, 0, 0.9436393, 0, 30.16601
C:\Users\Owner\Downloads\simulator-windows-64\dataTrack1\IMG\center_2024_11_20_20_21_23_454.jpg, C:\Users\Owner\Downloads\simulator-windows-64\dataTrack1\IMG\left_2024_11_20_20_21_23_454.jpg, C:\Users\Owner\Downloads\simulator-windows-64\dataTrack1\IMG\right_2024_11_20_20_21_23_454.jpg, 0, 0.7904383, 0, 30.14388
C:\Users\Owner\Downloads\simulator-windows-64\dataTrack1\IMG\center_2024_11_20_20_21_23_558.jpg, C:\Users\Owner\Downloads\simulator-windows-64\dataTrack1\IMG\left_2024_11_20_20_21_23_558.jpg, C:\Users\Owner\Downloads\simulator-windows-64\dataTrack1\IMG\right_2024_11_20_20_21_23_558.jpg, 0, 0.8841058, 0, 30.13863
C:\Users\Owner\Downloads\simulator-windows-64\dataTrack1\IMG\center_2024_11_20_20_21_23_663.jpg, C:\Users\Owner\Downloads\simulator-windows-64\dataTrack1\IMG\left_2024_11_20_20_21_23_663.jpg, C:\Users\Owner\Downloads\simulator-windows-64\dataTrack1\IMG\right_2024_11_20_20_21_23_663.jpg, 0, 0.8454259, 0, 30.16197
C:\Users\Owner\Downloads\simulator-windows-64\dataTrack1\IMG\center_2024_11_20_20_21_23_770.jpg, C:\Users\Owner\Downloads\simulator-windows-64\dataTrack1\IMG\left_2024_11_20_20_21_23_770.jpg, C:\Users\Owner\Downloads\simulator-windows-64\dataTrack1\IMG\right_2024_11_20_20_21_23_770.jpg, 0, 0.8447931, 0, 30.13976
C:\Users\Owner\Downloads\simulator-windows-64\dataTrack1\IMG\center_2024_11_20_20_21_23_876.jpg, C:\Users\Owner\Downloads\simulator-windows-64\dataTrack1\IMG\left_2024_11_20_20_21_23_876.jpg, C:\Users\Owner\Downloads\simulator-windows-64\dataTrack1\IMG\right_2024_11_20_20_21_23_876.jpg, 0, 0.8443225, 0, 30.15581
C:\Users\Owner\Downloads\simulator-windows-64\dataTrack1\IMG\center_2024_11_20_20_21_23_981.jpg, C:\Users\Owner\Downloads\simulator-windows-64\dataTrack1\IMG\left_2024_11_20_20_21_23_981.jpg, C:\Users\Owner\Downloads\simulator-windows-64\dataTrack1\IMG\right_2024_11_20_20_21_23_981.jpg, 0, 0.7869725, 0, 30.1307
C:\Users\Owner\Downloads\simulator-windows-64\dataTrack1\IMG\center_2024_11_20_20_21_24_087.jpg, C:\Users\Owner\Downloads\simulator-windows-64\dataTrack1\IMG\left_2024_11_20_20_21_24_087.jpg, C:\Users\Owner\Downloads\simulator-windows-64\dataTrack1\IMG\right_2024_11_20_20_21_24_087.jpg, 0, 0.8922265, 0, 30.17282
C:\Users\Owner\Downloads\simulator-windows-64\dataTrack1\IMG\center_2024_11_20_20_21_24_191.jpg, C:\Users\Owner\Downloads\simulator-windows-64\dataTrack1\IMG\left_2024_11_20_20_21_24_191.jpg, C:\Users\Owner\Downloads\simulator-windows-64\dataTrack1\IMG\right_2024_11_20_20_21_24_191.jpg, 0, 0.5804603, 0, 30.0959
C:\Users\Owner\Downloads\simulator-windows-64\dataTrack1\IMG\center_2024_11_20_20_21_24_297.jpg, C:\Users\Owner\Downloads\simulator-windows-64\dataTrack1\IMG\left_2024_11_20_20_21_24_297.jpg, C:\Users\Owner\Downloads\simulator-windows-64\dataTrack1\IMG\right_2024_11_20_20_21_24_297.jpg, 0, 0.2618048, 0, 30.02781
C:\Users\Owner\Downloads\simulator-windows-64\dataTrack1\IMG\center_2024_11_20_20_21_24_405.jpg, C:\Users\Owner\Downloads\simulator-windows-64\dataTrack1\IMG\left_2024_11_20_20_21_24_405.jpg, C:\Users\Owner\Downloads\simulator-windows-64\dataTrack1\IMG\right_2024_11_20_20_21_24_405.jpg, 0, 0.3570749, 0, 29.96735
C:\Users\Owner\Downloads\simulator-windows-64\dataTrack1\IMG\center_2024_11_20_20_21_24_510.jpg, C:\Users\Owner\Downloads\simulator-windows-64\dataTrack1\IMG\left_2024_11_20_20_21_24_510.jpg, C:\Users\Owner\Downloads\simulator-windows-64\dataTrack1\IMG\right_2024_11_20_20_21_24_510.jpg, 0, 0.2294161, 0, 30.00457
C:\Users\Owner\Downloads\simulator-windows-64\dataTrack1\IMG\center_2024_11_20_20_21_24_614.jpg, C:\Users\Owner\Downloads\simulator-windows-64\dataTrack1\IMG\left_2024_11_20_20_21_24_614.jpg, C:\Users\Owner\Downloads\simulator-windows-64\dataTrack1\IMG\right_2024_11_20_20_21_24_614.jpg, 0, 0.1233946, 0, 29.84067
C:\Users\Owner\Downloads\simulator-windows-64\dataTrack1\IMG\center_2024_11_20_20_21_24_721.jpg, C:\Users\Owner\Downloads\simulator-windows-64\dataTrack1\IMG\left_2024_11_20_20_21_24_721.jpg, C:\Users\Owner\Downloads\simulator-windows-64\dataTrack1\IMG\right_2024_11_20_20_21_24_721.jpg, -0.1055505, 0.07438485, 0, 29.74824
C:\Users\Owner\Downloads\simulator-windows-64\dataTrack1\IMG\center_2024_11_20_20_21_24_824.jpg, C:\Users\Owner\Downloads\simulator-windows-64\dataTrack1\IMG\left_2024_11_20_20_21_24_824.jpg, C:\Users\Owner\Downloads\simulator-windows-64\dataTrack1\IMG\right_2024_11_20_20_21_24_824.jpg, 0, 0, 0, 29.40078
C:\Users\Owner\Downloads\simulator-windows-64\dataTrack1\IMG\center_2024_11_20_20_21_24_929.jpg, C:\Users\Owner\Downloads\simulator-windows-64\dataTrack1\IMG\left_2024_11_20_20_21_24_929.jpg, C:\Users\Owner\Downloads\simulator-windows-64\dataTrack1\IMG\right_2024_11_20_20_21_24_929.jpg, 0, 0.1555803, 0, 29.15135
C:\Users\Owner\Downloads\simulator-windows-64\dataTrack1\IMG\center_2024_11_20_20_21_25_033.jpg, C:\Users\Owner\Downloads\simulator-windows-64\dataTrack1\IMG\left_2024_11_20_20_21_25_033.jpg, C:\Users\Owner\Downloads\simulator-windows-64\dataTrack1\IMG\right_2024_11_20_20_21_25_033.jpg, 0, 0.3604737, 0, 29.22886
C:\Users\Owner\Downloads\simulator-windows-64\dataTrack1\IMG\center_2024_11_20_20_21_25_139.jpg, C:\Users\Owner\Downloads\simulator-windows-64\dataTrack1\IMG\left_2024_11_20_20_21_25_139.jpg, C:\Users\Owner\Downloads\simulator-windows-64\dataTrack1\IMG\right_2024_11_20_20_21_25_139.jpg, 0, 0.090687, 0, 29.21506
C:\Users\Owner\Downloads\simulator-windows-64\dataTrack1\IMG\center_2024_11_20_20_21_25_244.jpg, C:\Users\Owner\Downloads\simulator-windows-64\dataTrack1\IMG\left_2024_11_20_20_21_25_244.jpg, C:\Users\Owner\Downloads\simulator-windows-64\dataTrack1\IMG\right_2024_11_20_20_21_25_244.jpg, -0.3125013, 0, 0, 28.81794
C:\Users\Owner\Downloads\simulator-windows-64\dataTrack1\IMG\center_2024_11_20_20_21_25_350.jpg, C:\Users\Owner\Downloads\simulator-windows-64\dataTrack1\IMG\left_2024_11_20_20_21_25_350.jpg, C:\Users\Owner\Downloads\simulator-windows-64\dataTrack1\IMG\right_2024_11_20_20_21_25_350.jpg, 0, 0.0546714, 0, 28.51891
C:\Users\Owner\Downloads\simulator-windows-64\dataTrack1\IMG\center_2024_11_20_20_21_25_457.jpg, C:\Users\Owner\Downloads\simulator-windows-64\dataTrack1\IMG\left_2024_11_20_20_21_25_457.jpg, C:\Users\Owner\Downloads\simulator-windows-64\dataTrack1\IMG\right_2024_11_20_20_21_25_457.jpg, 0, 0.3754872, 0, 28.45665
C:\Users\Owner\Downloads\simulator-windows-64\dataTrack1\IMG\center_2024_11_20_20_21_25_561.jpg, C:\Users\Owner\Downloads\simulator-windows-64\dataTrack1\IMG\left_2024_11_20_20_21_25_561.jpg, C:\Users\Owner\Downloads\simulator-windows-64\dataTrack1\IMG\right_2024_11_20_20_21_25_561.jpg, 0, 0.1140468, 0, 28.48385
C:\Users\Owner\Downloads\simulator-windows-64\dataTrack1\IMG\center_2024_11_20_20_21_25_666.jpg, C:\Users\Owner\Downloads\simulator-windows-64\dataTrack1\IMG\left_2024_11_20_20_21_25_666.jpg, C:\Users\Owner\Downloads\simulator-windows-64\dataTrack1\IMG\right_2024_11_20_20_21_25_666.jpg, 0, 0.3765711, 0, 28.45693
C:\Users\Owner\Downloads\simulator-windows-64\dataTrack1\IMG\center_2024_11_20_20_21_25_773.jpg, C:\Users\Owner\Downloads\simulator-windows-64\dataTrack1\IMG\left_2024_11_20_20_21_25_773.jpg, C:\Users\Owner\Downloads\simulator-windows-64\dataTrack1\IMG\right_2024_11_20_20_21_25_773.jpg, 0, 0.05561763, 0, 28.44997
C:\Users\Owner\Downloads\simulator-windows-64\dataTrack1\IMG\center_2024_11_20_20_21_25_877.jpg, C:\Users\Owner\Downloads\simulator-windows-64\dataTrack1\IMG\left_2024_11_20_20_21_25_877.jpg, C:\Users\Owner\Downloads\simulator-windows-64\dataTrack1\IMG\right_2024_11_20_20_21_25_877.jpg, 0, 0.3673744, 0, 28.37919
C:\Users\Owner\Downloads\simulator-windows-64\dataTrack1\IMG\center_2024_11_20_20_21_25_981.jpg, C:\Users\Owner\Downloads\simulator-windows-64\dataTrack1\IMG\left_2024_11_20_20_21_25_981.jpg, C:\Users\Owner\Downloads\simulator-windows-64\dataTrack1\IMG\right_2024_11_20_20_21_25_981.jpg, 0, 0.1046272, 0, 28.39457
C:\Users\Owner\Downloads\simulator-windows-64\dataTrack1\IMG\center_2024_11_20_20_21_26_088.jpg, C:\Users\Owner\Downloads\simulator-windows-64\dataTrack1\IMG\left_2024_11_20_20_21_26_088.jpg, C:\Users\Owner\Downloads\simulator-windows-64\dataTrack1\IMG\right_2024_11_20_20_21_26_088.jpg, 0, 0, 0, 28.06715
C:\Users\Owner\Downloads\simulator-windows-64\dataTrack1\IMG\center_2024_11_20_20_21_26_191.jpg, C:\Users\Owner\Downloads\simulator-windows-64\dataTrack1\IMG\left_2024_11_20_20_21_26_191.jpg, C:\Users\Owner\Downloads\simulator-windows-64\dataTrack1\IMG\right_2024_11_20_20_21_26_191.jpg, 0, 0.1019064, 0, 27.8034
C:\Users\Owner\Downloads\simulator-windows-64\dataTrack1\IMG\center_2024_11_20_20_21_26_297.jpg, C:\Users\Owner\Downloads\simulator-windows-64\dataTrack1\IMG\left_2024_11_20_20_21_26_297.jpg, C:\Users\Owner\Downloads\simulator-windows-64\dataTrack1\IMG\right_2024_11_20_20_21_26_297.jpg, 0, 0.3114417, 0, 27.82514
C:\Users\Owner\Downloads\simulator-windows-64\dataTrack1\IMG\center_2024_11_20_20_21_26_403.jpg, C:\Users\Owner\Downloads\simulator-windows-64\dataTrack1\IMG\left_2024_11_20_20_21_26_403.jpg, C:\Users\Owner\Downloads\simulator-windows-64\dataTrack1\IMG\right_2024_11_20_20_21_26_403.jpg, 0, 0, 0, 27.71814
C:\Users\Owner\Downloads\simulator-windows-64\dataTrack1\IMG\center_2024_11_20_20_21_26_508.jpg, C:\Users\Owner\Downloads\simulator-windows-64\dataTrack1\IMG\left_2024_11_20_20_21_26_508.jpg, C:\Users\Owner\Downloads\simulator-windows-64\dataTrack1\IMG\right_2024_11_20_20_21_26_508.jpg, 0, 0, 0, 27.43785
C:\Users\Owner\Downloads\simulator-windows-64\dataTrack1\IMG\center_2024_11_20_20_21_26_609.jpg, C:\Users\Owner\Downloads\simulator-windows-64\dataTrack1\IMG\left_2024_11_20_20_21_26_609.jpg, C:\Users\Owner\Downloads\simulator-windows-64\dataTrack1\IMG\right_2024_11_20_20_21_26_609.jpg, -0.2231016, 0, 0, 27.13857
C:\Users\Owner\Downloads\simulator-windows-64\dataTrack1\IMG\center_2024_11_20_20_21_26_716.jpg, C:\Users\Owner\Downloads\simulator-windows-64\dataTrack1\IMG\left_2024_11_20_20_21_26_716.jpg, C:\Users\Owner\Downloads\simulator-windows-64\dataTrack1\IMG\right_2024_11_20_20_21_26_716.jpg, 0, 0.0548124, 0, 26.86044
C:\Users\Owner\Downloads\simulator-windows-64\dataTrack1\IMG\center_2024_11_20_20_21_26_821.jpg, C:\Users\Owner\Downloads\simulator-windows-64\dataTrack1\IMG\left_2024_11_20_20_21_26_821.jpg, C:\Users\Owner\Downloads\simulator-windows-64\dataTrack1\IMG\right_2024_11_20_20_21_26_821.jpg, 0, 0.3179934, 0, 26.80837
C:\Users\Owner\Downloads\simulator-windows-64\dataTrack1\IMG\center_2024_11_20_20_21_26_925.jpg, C:\Users\Owner\Downloads\simulator-windows-64\dataTrack1\IMG\left_2024_11_20_20_21_26_925.jpg, C:\Users\Owner\Downloads\simulator-windows-64\dataTrack1\IMG\right_2024_11_20_20_21_26_925.jpg, 0, 0.05920804, 0, 26.80009
C:\Users\Owner\Downloads\simulator-windows-64\dataTrack1\IMG\center_2024_11_20_20_21_27_031.jpg, C:\Users\Owner\Downloads\simulator-windows-64\dataTrack1\IMG\left_2024_11_20_20_21_27_031.jpg, C:\Users\Owner\Downloads\simulator-windows-64\dataTrack1\IMG\right_2024_11_20_20_21_27_031.jpg, 0, 0.2065281, 0, 26.61333
C:\Users\Owner\Downloads\simulator-windows-64\dataTrack1\IMG\center_2024_11_20_20_21_27_136.jpg, C:\Users\Owner\Downloads\simulator-windows-64\dataTrack1\IMG\left_2024_11_20_20_21_27_136.jpg, C:\Users\Owner\Downloads\simulator-windows-64\dataTrack1\IMG\right_2024_11_20_20_21_27_136.jpg, 0, 0.2111955, 0, 26.71637
C:\Users\Owner\Downloads\simulator-windows-64\dataTrack1\IMG\center_2024_11_20_20_21_27_242.jpg, C:\Users\Owner\Downloads\simulator-windows-64\dataTrack1\IMG\left_2024_11_20_20_21_27_242.jpg, C:\Users\Owner\Downloads\simulator-windows-64\dataTrack1\IMG\right_2024_11_20_20_21_27_242.jpg, 0, 0, 0, 26.49331
C:\Users\Owner\Downloads\simulator-windows-64\dataTrack1\IMG\center_2024_11_20_20_21_27_347.jpg, C:\Users\Owner\Downloads\simulator-windows-64\dataTrack1\IMG\left_2024_11_20_20_21_27_347.jpg, C:\Users\Owner\Downloads\simulator-windows-64\dataTrack1\IMG\right_2024_11_20_20_21_27_347.jpg, -0.2033346, 0.1102572, 0, 26.372
C:\Users\Owner\Downloads\simulator-windows-64\dataTrack1\IMG\center_2024_11_20_20_21_27_453.jpg, C:\Users\Owner\Downloads\simulator-windows-64\dataTrack1\IMG\left_2024_11_20_20_21_27_453.jpg, C:\Users\Owner\Downloads\simulator-windows-64\dataTrack1\IMG\right_2024_11_20_20_21_27_453.jpg, 0, 0, 0, 26.12499
C:\Users\Owner\Downloads\simulator-windows-64\dataTrack1\IMG\center_2024_11_20_20_21_27_559.jpg, C:\Users\Owner\Downloads\simulator-windows-64\dataTrack1\IMG\left_2024_11_20_20_21_27_559.jpg, C:\Users\Owner\Downloads\simulator-windows-64\dataTrack1\IMG\right_2024_11_20_20_21_27_559.jpg, 0, 0, 0, 25.86162
C:\Users\Owner\Downloads\simulator-windows-64\dataTrack1\IMG\center_2024_11_20_20_21_27_665.jpg, C:\Users\Owner\Downloads\simulator-windows-64\dataTrack1\IMG\left_2024_11_20_20_21_27_665.jpg, C:\Users\Owner\Downloads\simulator-windows-64\dataTrack1\IMG\right_2024_11_20_20_21_27_665.jpg, 0, 0, 0, 25.55029
C:\Users\Owner\Downloads\simulator-windows-64\dataTrack1\IMG\center_2024_11_20_20_21_27_771.jpg, C:\Users\Owner\Downloads\simulator-windows-64\dataTrack1\IMG\left_2024_11_20_20_21_27_771.jpg, C:\Users\Owner\Downloads\simulator-windows-64\dataTrack1\IMG\right_2024_11_20_20_21_27_771.jpg, 0, 0.2086953, 0, 25.38462
C:\Users\Owner\Downloads\simulator-windows-64\dataTrack1\IMG\center_2024_11_20_20_21_27_875.jpg, C:\Users\Owner\Downloads\simulator-windows-64\dataTrack1\IMG\left_2024_11_20_20_21_27_875.jpg, C:\Users\Owner\Downloads\simulator-windows-64\dataTrack1\IMG\right_2024_11_20_20_21_27_875.jpg, 0, 0.1183086, 0, 25.42971
C:\Users\Owner\Downloads\simulator-windows-64\dataTrack1\IMG\center_2024_11_20_20_21_27_980.jpg, C:\Users\Owner\Downloads\simulator-windows-64\dataTrack1\IMG\left_2024_11_20_20_21_27_980.jpg, C:\Users\Owner\Downloads\simulator-windows-64\dataTrack1\IMG\right_2024_11_20_20_21_27_980.jpg, -0.2645637, 0, 0, 25.1702
C:\Users\Owner\Downloads\simulator-windows-64\dataTrack1\IMG\center_2024_11_20_20_21_28_087.jpg, C:\Users\Owner\Downloads\simulator-windows-64\dataTrack1\IMG\left_2024_11_20_20_21_28_087.jpg, C:\Users\Owner\Downloads\simulator-windows-64\dataTrack1\IMG\right_2024_11_20_20_21_28_087.jpg, -0.1792331, 0.057819, 0, 24.77349
C:\Users\Owner\Downloads\simulator-windows-64\dataTrack1\IMG\center_2024_11_20_20_21_28_193.jpg, C:\Users\Owner\Downloads\simulator-windows-64\dataTrack1\IMG\left_2024_11_20_20_21_28_193.jpg, C:\Users\Owner\Downloads\simulator-windows-64\dataTrack1\IMG\right_2024_11_20_20_21_28_193.jpg, 0, 0.2712603, 0, 24.7953
C:\Users\Owner\Downloads\simulator-windows-64\dataTrack1\IMG\center_2024_11_20_20_21_28_294.jpg, C:\Users\Owner\Downloads\simulator-windows-64\dataTrack1\IMG\left_2024_11_20_20_21_28_294.jpg, C:\Users\Owner\Downloads\simulator-windows-64\dataTrack1\IMG\right_2024_11_20_20_21_28_294.jpg, 0, 0, 0, 24.69247
C:\Users\Owner\Downloads\simulator-windows-64\dataTrack1\IMG\center_2024_11_20_20_21_28_402.jpg, C:\Users\Owner\Downloads\simulator-windows-64\dataTrack1\IMG\left_2024_11_20_20_21_28_402.jpg, C:\Users\Owner\Downloads\simulator-windows-64\dataTrack1\IMG\right_2024_11_20_20_21_28_402.jpg, 0, 0.2678811, 0, 24.60485
C:\Users\Owner\Downloads\simulator-windows-64\dataTrack1\IMG\center_2024_11_20_20_21_28_509.jpg, C:\Users\Owner\Downloads\simulator-windows-64\dataTrack1\IMG\left_2024_11_20_20_21_28_509.jpg, C:\Users\Owner\Downloads\simulator-windows-64\dataTrack1\IMG\right_2024_11_20_20_21_28_509.jpg, 0, 0.1022787, 0, 24.53755
C:\Users\Owner\Downloads\simulator-windows-64\dataTrack1\IMG\center_2024_11_20_20_21_28_615.jpg, C:\Users\Owner\Downloads\simulator-windows-64\dataTrack1\IMG\left_2024_11_20_20_21_28_615.jpg, C:\Users\Owner\Downloads\simulator-windows-64\dataTrack1\IMG\right_2024_11_20_20_21_28_615.jpg, 0, 0.4184706, 0, 24.60756
C:\Users\Owner\Downloads\simulator-windows-64\dataTrack1\IMG\center_2024_11_20_20_21_28_719.jpg, C:\Users\Owner\Downloads\simulator-windows-64\dataTrack1\IMG\left_2024_11_20_20_21_28_719.jpg, C:\Users\Owner\Downloads\simulator-windows-64\dataTrack1\IMG\right_2024_11_20_20_21_28_719.jpg, 0, 0.1508544, 0, 24.71523
C:\Users\Owner\Downloads\simulator-windows-64\dataTrack1\IMG\center_2024_11_20_20_21_28_825.jpg, C:\Users\Owner\Downloads\simulator-windows-64\dataTrack1\IMG\left_2024_11_20_20_21_28_825.jpg, C:\Users\Owner\Downloads\simulator-windows-64\dataTrack1\IMG\right_2024_11_20_20_21_28_825.jpg, 0, 0.4153575, 0, 24.92684
C:\Users\Owner\Downloads\simulator-windows-64\dataTrack1\IMG\center_2024_11_20_20_21_28_932.jpg, C:\Users\Owner\Downloads\simulator-windows-64\dataTrack1\IMG\left_2024_11_20_20_21_28_932.jpg, C:\Users\Owner\Downloads\simulator-windows-64\dataTrack1\IMG\right_2024_11_20_20_21_28_932.jpg, 0, 0.30753, 0, 25.01558
C:\Users\Owner\Downloads\simulator-windows-64\dataTrack1\IMG\center_2024_11_20_20_21_29_039.jpg, C:\Users\Owner\Downloads\simulator-windows-64\dataTrack1\IMG\left_2024_11_20_20_21_29_039.jpg, C:\Users\Owner\Downloads\simulator-windows-64\dataTrack1\IMG\right_2024_11_20_20_21_29_039.jpg, 0, 0.3163759, 0, 25.2487
C:\Users\Owner\Downloads\simulator-windows-64\dataTrack1\IMG\center_2024_11_20_20_21_29_145.jpg, C:\Users\Owner\Downloads\simulator-windows-64\dataTrack1\IMG\left_2024_11_20_20_21_29_145.jpg, C:\Users\Owner\Downloads\simulator-windows-64\dataTrack1\IMG\right_2024_11_20_20_21_29_145.jpg, 0, 6.036088E-05, 0, 25.17848
C:\Users\Owner\Downloads\simulator-windows-64\dataTrack1\IMG\center_2024_11_20_20_21_29_255.jpg, C:\Users\Owner\Downloads\simulator-windows-64\dataTrack1\IMG\left_2024_11_20_20_21_29_255.jpg, C:\Users\Owner\Downloads\simulator-windows-64\dataTrack1\IMG\right_2024_11_20_20_21_29_255.jpg, 0.1616118, 0, 0, 24.91531
C:\Users\Owner\Downloads\simulator-windows-64\dataTrack1\IMG\center_2024_11_20_20_21_29_359.jpg, C:\Users\Owner\Downloads\simulator-windows-64\dataTrack1\IMG\left_2024_11_20_20_21_29_359.jpg, C:\Users\Owner\Downloads\simulator-windows-64\dataTrack1\IMG\right_2024_11_20_20_21_29_359.jpg, 0.2278554, 0, 0, 24.59926
C:\Users\Owner\Downloads\simulator-windows-64\dataTrack1\IMG\center_2024_11_20_20_21_29_461.jpg, C:\Users\Owner\Downloads\simulator-windows-64\dataTrack1\IMG\left_2024_11_20_20_21_29_461.jpg, C:\Users\Owner\Downloads\simulator-windows-64\dataTrack1\IMG\right_2024_11_20_20_21_29_461.jpg, 0, 0, 0, 24.34846
C:\Users\Owner\Downloads\simulator-windows-64\dataTrack1\IMG\center_2024_11_20_20_21_29_565.jpg, C:\Users\Owner\Downloads\simulator-windows-64\dataTrack1\IMG\left_2024_11_20_20_21_29_565.jpg, C:\Users\Owner\Downloads\simulator-windows-64\dataTrack1\IMG\right_2024_11_20_20_21_29_565.jpg, 0, 0.3129171, 0, 24.28176
C:\Users\Owner\Downloads\simulator-windows-64\dataTrack1\IMG\center_2024_11_20_20_21_29_673.jpg, C:\Users\Owner\Downloads\simulator-windows-64\dataTrack1\IMG\left_2024_11_20_20_21_29_673.jpg, C:\Users\Owner\Downloads\simulator-windows-64\dataTrack1\IMG\right_2024_11_20_20_21_29_673.jpg, 0, 0.21102, 0, 24.45089
C:\Users\Owner\Downloads\simulator-windows-64\dataTrack1\IMG\center_2024_11_20_20_21_29_776.jpg, C:\Users\Owner\Downloads\simulator-windows-64\dataTrack1\IMG\left_2024_11_20_20_21_29_776.jpg, C:\Users\Owner\Downloads\simulator-windows-64\dataTrack1\IMG\right_2024_11_20_20_21_29_776.jpg, 0, 0.5210022, 0, 24.61357
C:\Users\Owner\Downloads\simulator-windows-64\dataTrack1\IMG\center_2024_11_20_20_21_29_883.jpg, C:\Users\Owner\Downloads\simulator-windows-64\dataTrack1\IMG\left_2024_11_20_20_21_29_883.jpg, C:\Users\Owner\Downloads\simulator-windows-64\dataTrack1\IMG\right_2024_11_20_20_21_29_883.jpg, 0, 0.2004477, 0, 24.84723
C:\Users\Owner\Downloads\simulator-windows-64\dataTrack1\IMG\center_2024_11_20_20_21_29_992.jpg, C:\Users\Owner\Downloads\simulator-windows-64\dataTrack1\IMG\left_2024_11_20_20_21_29_992.jpg, C:\Users\Owner\Downloads\simulator-windows-64\dataTrack1\IMG\right_2024_11_20_20_21_29_992.jpg, 0, 0.5287257, 0, 25.03975
C:\Users\Owner\Downloads\simulator-windows-64\dataTrack1\IMG\center_2024_11_20_20_21_30_096.jpg, C:\Users\Owner\Downloads\simulator-windows-64\dataTrack1\IMG\left_2024_11_20_20_21_30_096.jpg, C:\Users\Owner\Downloads\simulator-windows-64\dataTrack1\IMG\right_2024_11_20_20_21_30_096.jpg, 0, 0.2160157, 0, 25.28866
C:\Users\Owner\Downloads\simulator-windows-64\dataTrack1\IMG\center_2024_11_20_20_21_30_203.jpg, C:\Users\Owner\Downloads\simulator-windows-64\dataTrack1\IMG\left_2024_11_20_20_21_30_203.jpg, C:\Users\Owner\Downloads\simulator-windows-64\dataTrack1\IMG\right_2024_11_20_20_21_30_203.jpg, 0, 0, 0, 25.07475
C:\Users\Owner\Downloads\simulator-windows-64\dataTrack1\IMG\center_2024_11_20_20_21_30_309.jpg, C:\Users\Owner\Downloads\simulator-windows-64\dataTrack1\IMG\left_2024_11_20_20_21_30_309.jpg, C:\Users\Owner\Downloads\simulator-windows-64\dataTrack1\IMG\right_2024_11_20_20_21_30_309.jpg, -0.0472806, 0, 0, 24.82198
C:\Users\Owner\Downloads\simulator-windows-64\dataTrack1\IMG\center_2024_11_20_20_21_30_416.jpg, C:\Users\Owner\Downloads\simulator-windows-64\dataTrack1\IMG\left_2024_11_20_20_21_30_416.jpg, C:\Users\Owner\Downloads\simulator-windows-64\dataTrack1\IMG\right_2024_11_20_20_21_30_416.jpg, -0.2591313, 0.0539934, 0, 24.51505
C:\Users\Owner\Downloads\simulator-windows-64\dataTrack1\IMG\center_2024_11_20_20_21_30_520.jpg, C:\Users\Owner\Downloads\simulator-windows-64\dataTrack1\IMG\left_2024_11_20_20_21_30_520.jpg, C:\Users\Owner\Downloads\simulator-windows-64\dataTrack1\IMG\right_2024_11_20_20_21_30_520.jpg, 0, 0.324129, 0, 24.49072
C:\Users\Owner\Downloads\simulator-windows-64\dataTrack1\IMG\center_2024_11_20_20_21_30_627.jpg, C:\Users\Owner\Downloads\simulator-windows-64\dataTrack1\IMG\left_2024_11_20_20_21_30_627.jpg, C:\Users\Owner\Downloads\simulator-windows-64\dataTrack1\IMG\right_2024_11_20_20_21_30_627.jpg, 0, 0, 0, 24.37598
C:\Users\Owner\Downloads\simulator-windows-64\dataTrack1\IMG\center_2024_11_20_20_21_30_731.jpg, C:\Users\Owner\Downloads\simulator-windows-64\dataTrack1\IMG\left_2024_11_20_20_21_30_731.jpg, C:\Users\Owner\Downloads\simulator-windows-64\dataTrack1\IMG\right_2024_11_20_20_21_30_731.jpg, 0, 0.2062896, 0, 24.2152
C:\Users\Owner\Downloads\simulator-windows-64\dataTrack1\IMG\center_2024_11_20_20_21_30_839.jpg, C:\Users\Owner\Downloads\simulator-windows-64\dataTrack1\IMG\left_2024_11_20_20_21_30_839.jpg, C:\Users\Owner\Downloads\simulator-windows-64\dataTrack1\IMG\right_2024_11_20_20_21_30_839.jpg, 0, 0.2565117, 0, 24.33827
C:\Users\Owner\Downloads\simulator-windows-64\dataTrack1\IMG\center_2024_11_20_20_21_30_942.jpg, C:\Users\Owner\Downloads\simulator-windows-64\dataTrack1\IMG\left_2024_11_20_20_21_30_942.jpg, C:\Users\Owner\Downloads\simulator-windows-64\dataTrack1\IMG\right_2024_11_20_20_21_30_942.jpg, 0, 0.2049363, 0, 24.23309
C:\Users\Owner\Downloads\simulator-windows-64\dataTrack1\IMG\center_2024_11_20_20_21_31_048.jpg, C:\Users\Owner\Downloads\simulator-windows-64\dataTrack1\IMG\left_2024_11_20_20_21_31_048.jpg, C:\Users\Owner\Downloads\simulator-windows-64\dataTrack1\IMG\right_2024_11_20_20_21_31_048.jpg, 0, 0.2082501, 0, 24.35772
C:\Users\Owner\Downloads\simulator-windows-64\dataTrack1\IMG\center_2024_11_20_20_21_31_157.jpg, C:\Users\Owner\Downloads\simulator-windows-64\dataTrack1\IMG\left_2024_11_20_20_21_31_157.jpg, C:\Users\Owner\Downloads\simulator-windows-64\dataTrack1\IMG\right_2024_11_20_20_21_31_157.jpg, 0, 0.2089872, 0, 24.23949
C:\Users\Owner\Downloads\simulator-windows-64\dataTrack1\IMG\center_2024_11_20_20_21_31_261.jpg, C:\Users\Owner\Downloads\simulator-windows-64\dataTrack1\IMG\left_2024_11_20_20_21_31_261.jpg, C:\Users\Owner\Downloads\simulator-windows-64\dataTrack1\IMG\right_2024_11_20_20_21_31_261.jpg, 0, 0.2562012, 0, 24.35649
C:\Users\Owner\Downloads\simulator-windows-64\dataTrack1\IMG\center_2024_11_20_20_21_31_366.jpg, C:\Users\Owner\Downloads\simulator-windows-64\dataTrack1\IMG\left_2024_11_20_20_21_31_366.jpg, C:\Users\Owner\Downloads\simulator-windows-64\dataTrack1\IMG\right_2024_11_20_20_21_31_366.jpg, 0, 0.2884059, 0, 24.31616
C:\Users\Owner\Downloads\simulator-windows-64\dataTrack1\IMG\center_2024_11_20_20_21_31_474.jpg, C:\Users\Owner\Downloads\simulator-windows-64\dataTrack1\IMG\left_2024_11_20_20_21_31_474.jpg, C:\Users\Owner\Downloads\simulator-windows-64\dataTrack1\IMG\right_2024_11_20_20_21_31_474.jpg, 0, 0.2849954, 0, 24.51545
C:\Users\Owner\Downloads\simulator-windows-64\dataTrack1\IMG\center_2024_11_20_20_21_31_577.jpg, C:\Users\Owner\Downloads\simulator-windows-64\dataTrack1\IMG\left_2024_11_20_20_21_31_577.jpg, C:\Users\Owner\Downloads\simulator-windows-64\dataTrack1\IMG\right_2024_11_20_20_21_31_577.jpg, 0, 0.3717095, 0, 24.55188
C:\Users\Owner\Downloads\simulator-windows-64\dataTrack1\IMG\center_2024_11_20_20_21_31_686.jpg, C:\Users\Owner\Downloads\simulator-windows-64\dataTrack1\IMG\left_2024_11_20_20_21_31_686.jpg, C:\Users\Owner\Downloads\simulator-windows-64\dataTrack1\IMG\right_2024_11_20_20_21_31_686.jpg, 0, 0.3811091, 0, 24.94038
C:\Users\Owner\Downloads\simulator-windows-64\dataTrack1\IMG\center_2024_11_20_20_21_31_794.jpg, C:\Users\Owner\Downloads\simulator-windows-64\dataTrack1\IMG\left_2024_11_20_20_21_31_794.jpg, C:\Users\Owner\Downloads\simulator-windows-64\dataTrack1\IMG\right_2024_11_20_20_21_31_794.jpg, 0, 0.5208554, 0, 25.13472
C:\Users\Owner\Downloads\simulator-windows-64\dataTrack1\IMG\center_2024_11_20_20_21_31_900.jpg, C:\Users\Owner\Downloads\simulator-windows-64\dataTrack1\IMG\left_2024_11_20_20_21_31_900.jpg, C:\Users\Owner\Downloads\simulator-windows-64\dataTrack1\IMG\right_2024_11_20_20_21_31_900.jpg, 0, 0.5815172, 0, 25.62828
C:\Users\Owner\Downloads\simulator-windows-64\dataTrack1\IMG\center_2024_11_20_20_21_32_009.jpg, C:\Users\Owner\Downloads\simulator-windows-64\dataTrack1\IMG\left_2024_11_20_20_21_32_009.jpg, C:\Users\Owner\Downloads\simulator-windows-64\dataTrack1\IMG\right_2024_11_20_20_21_32_009.jpg, 0, 0.5159567, 0, 25.9597
C:\Users\Owner\Downloads\simulator-windows-64\dataTrack1\IMG\center_2024_11_20_20_21_32_115.jpg, C:\Users\Owner\Downloads\simulator-windows-64\dataTrack1\IMG\left_2024_11_20_20_21_32_115.jpg, C:\Users\Owner\Downloads\simulator-windows-64\dataTrack1\IMG\right_2024_11_20_20_21_32_115.jpg, 0, 0.7309382, 0, 26.51408
C:\Users\Owner\Downloads\simulator-windows-64\dataTrack1\IMG\center_2024_11_20_20_21_32_221.jpg, C:\Users\Owner\Downloads\simulator-windows-64\dataTrack1\IMG\left_2024_11_20_20_21_32_221.jpg, C:\Users\Owner\Downloads\simulator-windows-64\dataTrack1\IMG\right_2024_11_20_20_21_32_221.jpg, 0, 0.5718107, 0, 26.97306
C:\Users\Owner\Downloads\simulator-windows-64\dataTrack1\IMG\center_2024_11_20_20_21_32_327.jpg, C:\Users\Owner\Downloads\simulator-windows-64\dataTrack1\IMG\left_2024_11_20_20_21_32_327.jpg, C:\Users\Owner\Downloads\simulator-windows-64\dataTrack1\IMG\right_2024_11_20_20_21_32_327.jpg, 0, 0.9424583, 0, 27.77221
C:\Users\Owner\Downloads\simulator-windows-64\dataTrack1\IMG\center_2024_11_20_20_21_32_431.jpg, C:\Users\Owner\Downloads\simulator-windows-64\dataTrack1\IMG\left_2024_11_20_20_21_32_431.jpg, C:\Users\Owner\Downloads\simulator-windows-64\dataTrack1\IMG\right_2024_11_20_20_21_32_431.jpg, 0, 0.6303614, 0, 28.45268
C:\Users\Owner\Downloads\simulator-windows-64\dataTrack1\IMG\center_2024_11_20_20_21_32_538.jpg, C:\Users\Owner\Downloads\simulator-windows-64\dataTrack1\IMG\left_2024_11_20_20_21_32_538.jpg, C:\Users\Owner\Downloads\simulator-windows-64\dataTrack1\IMG\right_2024_11_20_20_21_32_538.jpg, 0, 0.3107144, 0, 28.76957
C:\Users\Owner\Downloads\simulator-windows-64\dataTrack1\IMG\center_2024_11_20_20_21_32_640.jpg, C:\Users\Owner\Downloads\simulator-windows-64\dataTrack1\IMG\left_2024_11_20_20_21_32_640.jpg, C:\Users\Owner\Downloads\simulator-windows-64\dataTrack1\IMG\right_2024_11_20_20_21_32_640.jpg, 0, 0.0410144, 0, 28.7026
C:\Users\Owner\Downloads\simulator-windows-64\dataTrack1\IMG\center_2024_11_20_20_21_32_747.jpg, C:\Users\Owner\Downloads\simulator-windows-64\dataTrack1\IMG\left_2024_11_20_20_21_32_747.jpg, C:\Users\Owner\Downloads\simulator-windows-64\dataTrack1\IMG\right_2024_11_20_20_21_32_747.jpg, 0, 0, 0, 28.36053
C:\Users\Owner\Downloads\simulator-windows-64\dataTrack1\IMG\center_2024_11_20_20_21_32_854.jpg, C:\Users\Owner\Downloads\simulator-windows-64\dataTrack1\IMG\left_2024_11_20_20_21_32_854.jpg, C:\Users\Owner\Downloads\simulator-windows-64\dataTrack1\IMG\right_2024_11_20_20_21_32_854.jpg, 0, 0.1063251, 0, 28.09358
C:\Users\Owner\Downloads\simulator-windows-64\dataTrack1\IMG\center_2024_11_20_20_21_32_961.jpg, C:\Users\Owner\Downloads\simulator-windows-64\dataTrack1\IMG\left_2024_11_20_20_21_32_961.jpg, C:\Users\Owner\Downloads\simulator-windows-64\dataTrack1\IMG\right_2024_11_20_20_21_32_961.jpg, -0.2694309, 0.1669452, 0, 28.01909
C:\Users\Owner\Downloads\simulator-windows-64\dataTrack1\IMG\center_2024_11_20_20_21_33_067.jpg, C:\Users\Owner\Downloads\simulator-windows-64\dataTrack1\IMG\left_2024_11_20_20_21_33_067.jpg, C:\Users\Owner\Downloads\simulator-windows-64\dataTrack1\IMG\right_2024_11_20_20_21_33_067.jpg, -0.006194085, 0, 0, 27.70078
C:\Users\Owner\Downloads\simulator-windows-64\dataTrack1\IMG\center_2024_11_20_20_21_33_174.jpg, C:\Users\Owner\Downloads\simulator-windows-64\dataTrack1\IMG\left_2024_11_20_20_21_33_174.jpg, C:\Users\Owner\Downloads\simulator-windows-64\dataTrack1\IMG\right_2024_11_20_20_21_33_174.jpg, 0, 0, 0, 27.41988
C:\Users\Owner\Downloads\simulator-windows-64\dataTrack1\IMG\center_2024_11_20_20_21_33_277.jpg, C:\Users\Owner\Downloads\simulator-windows-64\dataTrack1\IMG\left_2024_11_20_20_21_33_277.jpg, C:\Users\Owner\Downloads\simulator-windows-64\dataTrack1\IMG\right_2024_11_20_20_21_33_277.jpg, 0, 0.2012643, 0, 27.18921
C:\Users\Owner\Downloads\simulator-windows-64\dataTrack1\IMG\center_2024_11_20_20_21_33_384.jpg, C:\Users\Owner\Downloads\simulator-windows-64\dataTrack1\IMG\left_2024_11_20_20_21_33_384.jpg, C:\Users\Owner\Downloads\simulator-windows-64\dataTrack1\IMG\right_2024_11_20_20_21_33_384.jpg, 0, 0.0716745, 0, 27.18029
C:\Users\Owner\Downloads\simulator-windows-64\dataTrack1\IMG\center_2024_11_20_20_21_33_491.jpg, C:\Users\Owner\Downloads\simulator-windows-64\dataTrack1\IMG\left_2024_11_20_20_21_33_491.jpg, C:\Users\Owner\Downloads\simulator-windows-64\dataTrack1\IMG\right_2024_11_20_20_21_33_491.jpg, 0, 0.2106468, 0, 27.00747
C:\Users\Owner\Downloads\simulator-windows-64\dataTrack1\IMG\center_2024_11_20_20_21_33_595.jpg, C:\Users\Owner\Downloads\simulator-windows-64\dataTrack1\IMG\left_2024_11_20_20_21_33_595.jpg, C:\Users\Owner\Downloads\simulator-windows-64\dataTrack1\IMG\right_2024_11_20_20_21_33_595.jpg, 0, 0.1201386, 0, 27.04111
C:\Users\Owner\Downloads\simulator-windows-64\dataTrack1\IMG\center_2024_11_20_20_21_33_705.jpg, C:\Users\Owner\Downloads\simulator-windows-64\dataTrack1\IMG\left_2024_11_20_20_21_33_705.jpg, C:\Users\Owner\Downloads\simulator-windows-64\dataTrack1\IMG\right_2024_11_20_20_21_33_705.jpg, 0, 0.2088756, 0, 26.83151
C:\Users\Owner\Downloads\simulator-windows-64\dataTrack1\IMG\center_2024_11_20_20_21_33_811.jpg, C:\Users\Owner\Downloads\simulator-windows-64\dataTrack1\IMG\left_2024_11_20_20_21_33_811.jpg, C:\Users\Owner\Downloads\simulator-windows-64\dataTrack1\IMG\right_2024_11_20_20_21_33_811.jpg, 0, 0.1076082, 0, 26.83324
C:\Users\Owner\Downloads\simulator-windows-64\dataTrack1\IMG\center_2024_11_20_20_21_33_917.jpg, C:\Users\Owner\Downloads\simulator-windows-64\dataTrack1\IMG\left_2024_11_20_20_21_33_917.jpg, C:\Users\Owner\Downloads\simulator-windows-64\dataTrack1\IMG\right_2024_11_20_20_21_33_917.jpg, 0, 0.1556082, 0, 26.60629
C:\Users\Owner\Downloads\simulator-windows-64\dataTrack1\IMG\center_2024_11_20_20_21_34_024.jpg, C:\Users\Owner\Downloads\simulator-windows-64\dataTrack1\IMG\left_2024_11_20_20_21_34_024.jpg, C:\Users\Owner\Downloads\simulator-windows-64\dataTrack1\IMG\right_2024_11_20_20_21_34_024.jpg, 0, 0.1609428, 0, 26.64825
C:\Users\Owner\Downloads\simulator-windows-64\dataTrack1\IMG\center_2024_11_20_20_21_34_129.jpg, C:\Users\Owner\Downloads\simulator-windows-64\dataTrack1\IMG\left_2024_11_20_20_21_34_129.jpg, C:\Users\Owner\Downloads\simulator-windows-64\dataTrack1\IMG\right_2024_11_20_20_21_34_129.jpg, 0, 0, 0, 26.41806
C:\Users\Owner\Downloads\simulator-windows-64\dataTrack1\IMG\center_2024_11_20_20_21_34_234.jpg, C:\Users\Owner\Downloads\simulator-windows-64\dataTrack1\IMG\left_2024_11_20_20_21_34_234.jpg, C:\Users\Owner\Downloads\simulator-windows-64\dataTrack1\IMG\right_2024_11_20_20_21_34_234.jpg, 0, 0, 0, 26.15348
C:\Users\Owner\Downloads\simulator-windows-64\dataTrack1\IMG\center_2024_11_20_20_21_34_342.jpg, C:\Users\Owner\Downloads\simulator-windows-64\dataTrack1\IMG\left_2024_11_20_20_21_34_342.jpg, C:\Users\Owner\Downloads\simulator-windows-64\dataTrack1\IMG\right_2024_11_20_20_21_34_342.jpg, 0, 0, 0, 25.83865
C:\Users\Owner\Downloads\simulator-windows-64\dataTrack1\IMG\center_2024_11_20_20_21_34_446.jpg, C:\Users\Owner\Downloads\simulator-windows-64\dataTrack1\IMG\left_2024_11_20_20_21_34_446.jpg, C:\Users\Owner\Downloads\simulator-windows-64\dataTrack1\IMG\right_2024_11_20_20_21_34_446.jpg, 0, 0, 0, 25.57922
C:\Users\Owner\Downloads\simulator-windows-64\dataTrack1\IMG\center_2024_11_20_20_21_34_553.jpg, C:\Users\Owner\Downloads\simulator-windows-64\dataTrack1\IMG\left_2024_11_20_20_21_34_553.jpg, C:\Users\Owner\Downloads\simulator-windows-64\dataTrack1\IMG\right_2024_11_20_20_21_34_553.jpg, 0, 0.1556649, 0, 25.37423
C:\Users\Owner\Downloads\simulator-windows-64\dataTrack1\IMG\center_2024_11_20_20_21_34_660.jpg, C:\Users\Owner\Downloads\simulator-windows-64\dataTrack1\IMG\left_2024_11_20_20_21_34_660.jpg, C:\Users\Owner\Downloads\simulator-windows-64\dataTrack1\IMG\right_2024_11_20_20_21_34_660.jpg, 0, 0.3203688, 0, 25.46693
C:\Users\Owner\Downloads\simulator-windows-64\dataTrack1\IMG\center_2024_11_20_20_21_34_766.jpg, C:\Users\Owner\Downloads\simulator-windows-64\dataTrack1\IMG\left_2024_11_20_20_21_34_766.jpg, C:\Users\Owner\Downloads\simulator-windows-64\dataTrack1\IMG\right_2024_11_20_20_21_34_766.jpg, 0, 0.1675026, 0, 25.37448
C:\Users\Owner\Downloads\simulator-windows-64\dataTrack1\IMG\center_2024_11_20_20_21_34_871.jpg, C:\Users\Owner\Downloads\simulator-windows-64\dataTrack1\IMG\left_2024_11_20_20_21_34_871.jpg, C:\Users\Owner\Downloads\simulator-windows-64\dataTrack1\IMG\right_2024_11_20_20_21_34_871.jpg, 0, 0.4811577, 0, 25.51146
C:\Users\Owner\Downloads\simulator-windows-64\dataTrack1\IMG\center_2024_11_20_20_21_34_978.jpg, C:\Users\Owner\Downloads\simulator-windows-64\dataTrack1\IMG\left_2024_11_20_20_21_34_978.jpg, C:\Users\Owner\Downloads\simulator-windows-64\dataTrack1\IMG\right_2024_11_20_20_21_34_978.jpg, 0, 0.1587168, 0, 25.68043
C:\Users\Owner\Downloads\simulator-windows-64\dataTrack1\IMG\center_2024_11_20_20_21_35_084.jpg, C:\Users\Owner\Downloads\simulator-windows-64\dataTrack1\IMG\left_2024_11_20_20_21_35_084.jpg, C:\Users\Owner\Downloads\simulator-windows-64\dataTrack1\IMG\right_2024_11_20_20_21_35_084.jpg, 0, 0, 0, 25.41992
C:\Users\Owner\Downloads\simulator-windows-64\dataTrack1\IMG\center_2024_11_20_20_21_35_190.jpg, C:\Users\Owner\Downloads\simulator-windows-64\dataTrack1\IMG\left_2024_11_20_20_21_35_190.jpg, C:\Users\Owner\Downloads\simulator-windows-64\dataTrack1\IMG\right_2024_11_20_20_21_35_190.jpg, -0.3159042, 0, 0, 25.11068
C:\Users\Owner\Downloads\simulator-windows-64\dataTrack1\IMG\center_2024_11_20_20_21_35_296.jpg, C:\Users\Owner\Downloads\simulator-windows-64\dataTrack1\IMG\left_2024_11_20_20_21_35_296.jpg, C:\Users\Owner\Downloads\simulator-windows-64\dataTrack1\IMG\right_2024_11_20_20_21_35_296.jpg, 0, 0, 0, 24.84439
C:\Users\Owner\Downloads\simulator-windows-64\dataTrack1\IMG\center_2024_11_20_20_21_35_400.jpg, C:\Users\Owner\Downloads\simulator-windows-64\dataTrack1\IMG\left_2024_11_20_20_21_35_400.jpg, C:\Users\Owner\Downloads\simulator-windows-64\dataTrack1\IMG\right_2024_11_20_20_21_35_400.jpg, 0, 0, 0, 24.59147
C:\Users\Owner\Downloads\simulator-windows-64\dataTrack1\IMG\center_2024_11_20_20_21_35_505.jpg, C:\Users\Owner\Downloads\simulator-windows-64\dataTrack1\IMG\left_2024_11_20_20_21_35_505.jpg, C:\Users\Owner\Downloads\simulator-windows-64\dataTrack1\IMG\right_2024_11_20_20_21_35_505.jpg, 0, 0.3117897, 0, 24.51378
C:\Users\Owner\Downloads\simulator-windows-64\dataTrack1\IMG\center_2024_11_20_20_21_35_610.jpg, C:\Users\Owner\Downloads\simulator-windows-64\dataTrack1\IMG\left_2024_11_20_20_21_35_610.jpg, C:\Users\Owner\Downloads\simulator-windows-64\dataTrack1\IMG\right_2024_11_20_20_21_35_610.jpg, 0, 0, 0, 24.4577
C:\Users\Owner\Downloads\simulator-windows-64\dataTrack1\IMG\center_2024_11_20_20_21_35_718.jpg, C:\Users\Owner\Downloads\simulator-windows-64\dataTrack1\IMG\left_2024_11_20_20_21_35_718.jpg, C:\Users\Owner\Downloads\simulator-windows-64\dataTrack1\IMG\right_2024_11_20_20_21_35_718.jpg, 0, 0.2082171, 0, 24.25374
C:\Users\Owner\Downloads\simulator-windows-64\dataTrack1\IMG\center_2024_11_20_20_21_35_820.jpg, C:\Users\Owner\Downloads\simulator-windows-64\dataTrack1\IMG\left_2024_11_20_20_21_35_820.jpg, C:\Users\Owner\Downloads\simulator-windows-64\dataTrack1\IMG\right_2024_11_20_20_21_35_820.jpg, -0.0513915, 0.2517369, 0, 24.37517
C:\Users\Owner\Downloads\simulator-windows-64\dataTrack1\IMG\center_2024_11_20_20_21_35_927.jpg, C:\Users\Owner\Downloads\simulator-windows-64\dataTrack1\IMG\left_2024_11_20_20_21_35_927.jpg, C:\Users\Owner\Downloads\simulator-windows-64\dataTrack1\IMG\right_2024_11_20_20_21_35_927.jpg, -0.1135893, 0, 0, 24.1318
C:\Users\Owner\Downloads\simulator-windows-64\dataTrack1\IMG\center_2024_11_20_20_21_36_033.jpg, C:\Users\Owner\Downloads\simulator-windows-64\dataTrack1\IMG\left_2024_11_20_20_21_36_033.jpg, C:\Users\Owner\Downloads\simulator-windows-64\dataTrack1\IMG\right_2024_11_20_20_21_36_033.jpg, 0, 0, 0, 23.89331
C:\Users\Owner\Downloads\simulator-windows-64\dataTrack1\IMG\center_2024_11_20_20_21_36_138.jpg, C:\Users\Owner\Downloads\simulator-windows-64\dataTrack1\IMG\left_2024_11_20_20_21_36_138.jpg, C:\Users\Owner\Downloads\simulator-windows-64\dataTrack1\IMG\right_2024_11_20_20_21_36_138.jpg, 0, 0, 0, 23.65084
C:\Users\Owner\Downloads\simulator-windows-64\dataTrack1\IMG\center_2024_11_20_20_21_36_245.jpg, C:\Users\Owner\Downloads\simulator-windows-64\dataTrack1\IMG\left_2024_11_20_20_21_36_245.jpg, C:\Users\Owner\Downloads\simulator-windows-64\dataTrack1\IMG\right_2024_11_20_20_21_36_245.jpg, 0, 0.3230082, 0, 23.60239
C:\Users\Owner\Downloads\simulator-windows-64\dataTrack1\IMG\center_2024_11_20_20_21_36_349.jpg, C:\Users\Owner\Downloads\simulator-windows-64\dataTrack1\IMG\left_2024_11_20_20_21_36_349.jpg, C:\Users\Owner\Downloads\simulator-windows-64\dataTrack1\IMG\right_2024_11_20_20_21_36_349.jpg, 0, 0.1886262, 0, 23.73202
C:\Users\Owner\Downloads\simulator-windows-64\dataTrack1\IMG\center_2024_11_20_20_21_36_457.jpg, C:\Users\Owner\Downloads\simulator-windows-64\dataTrack1\IMG\left_2024_11_20_20_21_36_457.jpg, C:\Users\Owner\Downloads\simulator-windows-64\dataTrack1\IMG\right_2024_11_20_20_21_36_457.jpg, 0, 0.5128233, 0, 23.89252
C:\Users\Owner\Downloads\simulator-windows-64\dataTrack1\IMG\center_2024_11_20_20_21_36_563.jpg, C:\Users\Owner\Downloads\simulator-windows-64\dataTrack1\IMG\left_2024_11_20_20_21_36_563.jpg, C:\Users\Owner\Downloads\simulator-windows-64\dataTrack1\IMG\right_2024_11_20_20_21_36_563.jpg, -0.0592017, 0.4087743, 0, 24.39738
C:\Users\Owner\Downloads\simulator-windows-64\dataTrack1\IMG\center_2024_11_20_20_21_36_668.jpg, C:\Users\Owner\Downloads\simulator-windows-64\dataTrack1\IMG\left_2024_11_20_20_21_36_668.jpg, C:\Users\Owner\Downloads\simulator-windows-64\dataTrack1\IMG\right_2024_11_20_20_21_36_668.jpg, -0.3723282, 0.0956478, 0, 24.35848
C:\Users\Owner\Downloads\simulator-windows-64\dataTrack1\IMG\center_2024_11_20_20_21_36_771.jpg, C:\Users\Owner\Downloads\simulator-windows-64\dataTrack1\IMG\left_2024_11_20_20_21_36_771.jpg, C:\Users\Owner\Downloads\simulator-windows-64\dataTrack1\IMG\right_2024_11_20_20_21_36_771.jpg, -0.3712212, 0, 0, 24.00239
C:\Users\Owner\Downloads\simulator-windows-64\dataTrack1\IMG\center_2024_11_20_20_21_36_878.jpg, C:\Users\Owner\Downloads\simulator-windows-64\dataTrack1\IMG\left_2024_11_20_20_21_36_878.jpg, C:\Users\Owner\Downloads\simulator-windows-64\dataTrack1\IMG\right_2024_11_20_20_21_36_878.jpg, -0.04835968, 0.1046883, 0, 23.76442
C:\Users\Owner\Downloads\simulator-windows-64\dataTrack1\IMG\center_2024_11_20_20_21_36_983.jpg, C:\Users\Owner\Downloads\simulator-windows-64\dataTrack1\IMG\left_2024_11_20_20_21_36_983.jpg, C:\Users\Owner\Downloads\simulator-windows-64\dataTrack1\IMG\right_2024_11_20_20_21_36_983.jpg, 0, 0.3115617, 0, 23.84564
C:\Users\Owner\Downloads\simulator-windows-64\dataTrack1\IMG\center_2024_11_20_20_21_37_086.jpg, C:\Users\Owner\Downloads\simulator-windows-64\dataTrack1\IMG\left_2024_11_20_20_21_37_086.jpg, C:\Users\Owner\Downloads\simulator-windows-64\dataTrack1\IMG\right_2024_11_20_20_21_37_086.jpg, 0, 0.1059918, 0, 23.7725
C:\Users\Owner\Downloads\simulator-windows-64\dataTrack1\IMG\center_2024_11_20_20_21_37_194.jpg, C:\Users\Owner\Downloads\simulator-windows-64\dataTrack1\IMG\left_2024_11_20_20_21_37_194.jpg, C:\Users\Owner\Downloads\simulator-windows-64\dataTrack1\IMG\right_2024_11_20_20_21_37_194.jpg, 0, 0, 0, 23.67991
C:\Users\Owner\Downloads\simulator-windows-64\dataTrack1\IMG\center_2024_11_20_20_21_37_299.jpg, C:\Users\Owner\Downloads\simulator-windows-64\dataTrack1\IMG\left_2024_11_20_20_21_37_299.jpg, C:\Users\Owner\Downloads\simulator-windows-64\dataTrack1\IMG\right_2024_11_20_20_21_37_299.jpg, 0, 0, 0, 23.44715
C:\Users\Owner\Downloads\simulator-windows-64\dataTrack1\IMG\center_2024_11_20_20_21_37_404.jpg, C:\Users\Owner\Downloads\simulator-windows-64\dataTrack1\IMG\left_2024_11_20_20_21_37_404.jpg, C:\Users\Owner\Downloads\simulator-windows-64\dataTrack1\IMG\right_2024_11_20_20_21_37_404.jpg, 0.3143793, 0, 0, 23.10879
C:\Users\Owner\Downloads\simulator-windows-64\dataTrack1\IMG\center_2024_11_20_20_21_37_512.jpg, C:\Users\Owner\Downloads\simulator-windows-64\dataTrack1\IMG\left_2024_11_20_20_21_37_512.jpg, C:\Users\Owner\Downloads\simulator-windows-64\dataTrack1\IMG\right_2024_11_20_20_21_37_512.jpg, 0.3308761, 0, 0, 22.75941
C:\Users\Owner\Downloads\simulator-windows-64\dataTrack1\IMG\center_2024_11_20_20_21_37_617.jpg, C:\Users\Owner\Downloads\simulator-windows-64\dataTrack1\IMG\left_2024_11_20_20_21_37_617.jpg, C:\Users\Owner\Downloads\simulator-windows-64\dataTrack1\IMG\right_2024_11_20_20_21_37_617.jpg, 0.01286675, 0, 0, 22.53401
C:\Users\Owner\Downloads\simulator-windows-64\dataTrack1\IMG\center_2024_11_20_20_21_37_723.jpg, C:\Users\Owner\Downloads\simulator-windows-64\dataTrack1\IMG\left_2024_11_20_20_21_37_723.jpg, C:\Users\Owner\Downloads\simulator-windows-64\dataTrack1\IMG\right_2024_11_20_20_21_37_723.jpg, 0, 0.1533582, 0, 22.2963
C:\Users\Owner\Downloads\simulator-windows-64\dataTrack1\IMG\center_2024_11_20_20_21_37_834.jpg, C:\Users\Owner\Downloads\simulator-windows-64\dataTrack1\IMG\left_2024_11_20_20_21_37_834.jpg, C:\Users\Owner\Downloads\simulator-windows-64\dataTrack1\IMG\right_2024_11_20_20_21_37_834.jpg, 0, 0.1764519, 0, 22.37305
C:\Users\Owner\Downloads\simulator-windows-64\dataTrack1\IMG\center_2024_11_20_20_21_37_942.jpg, C:\Users\Owner\Downloads\simulator-windows-64\dataTrack1\IMG\left_2024_11_20_20_21_37_942.jpg, C:\Users\Owner\Downloads\simulator-windows-64\dataTrack1\IMG\right_2024_11_20_20_21_37_942.jpg, 0, 0.2699736, 0, 22.31352
C:\Users\Owner\Downloads\simulator-windows-64\dataTrack1\IMG\center_2024_11_20_20_21_38_047.jpg, C:\Users\Owner\Downloads\simulator-windows-64\dataTrack1\IMG\left_2024_11_20_20_21_38_047.jpg, C:\Users\Owner\Downloads\simulator-windows-64\dataTrack1\IMG\right_2024_11_20_20_21_38_047.jpg, 0, 0.2743095, 0, 22.54547
C:\Users\Owner\Downloads\simulator-windows-64\dataTrack1\IMG\center_2024_11_20_20_21_38_150.jpg, C:\Users\Owner\Downloads\simulator-windows-64\dataTrack1\IMG\left_2024_11_20_20_21_38_150.jpg, C:\Users\Owner\Downloads\simulator-windows-64\dataTrack1\IMG\right_2024_11_20_20_21_38_150.jpg, 0, 0.4111686, 0, 22.62852
C:\Users\Owner\Downloads\simulator-windows-64\dataTrack1\IMG\center_2024_11_20_20_21_38_259.jpg, C:\Users\Owner\Downloads\simulator-windows-64\dataTrack1\IMG\left_2024_11_20_20_21_38_259.jpg, C:\Users\Owner\Downloads\simulator-windows-64\dataTrack1\IMG\right_2024_11_20_20_21_38_259.jpg, -0.1045035, 0.3067678, 0, 22.97668
C:\Users\Owner\Downloads\simulator-windows-64\dataTrack1\IMG\center_2024_11_20_20_21_38_365.jpg, C:\Users\Owner\Downloads\simulator-windows-64\dataTrack1\IMG\left_2024_11_20_20_21_38_365.jpg, C:\Users\Owner\Downloads\simulator-windows-64\dataTrack1\IMG\right_2024_11_20_20_21_38_365.jpg, 0, 0, 0, 22.89882
C:\Users\Owner\Downloads\simulator-windows-64\dataTrack1\IMG\center_2024_11_20_20_21_38_467.jpg, C:\Users\Owner\Downloads\simulator-windows-64\dataTrack1\IMG\left_2024_11_20_20_21_38_467.jpg, C:\Users\Owner\Downloads\simulator-windows-64\dataTrack1\IMG\right_2024_11_20_20_21_38_467.jpg, 0, 0.0513837, 0, 22.66619
C:\Users\Owner\Downloads\simulator-windows-64\dataTrack1\IMG\center_2024_11_20_20_21_38_576.jpg, C:\Users\Owner\Downloads\simulator-windows-64\dataTrack1\IMG\left_2024_11_20_20_21_38_576.jpg, C:\Users\Owner\Downloads\simulator-windows-64\dataTrack1\IMG\right_2024_11_20_20_21_38_576.jpg, 0, 0.2597403, 0, 22.69414
C:\Users\Owner\Downloads\simulator-windows-64\dataTrack1\IMG\center_2024_11_20_20_21_38_679.jpg, C:\Users\Owner\Downloads\simulator-windows-64\dataTrack1\IMG\left_2024_11_20_20_21_38_679.jpg, C:\Users\Owner\Downloads\simulator-windows-64\dataTrack1\IMG\right_2024_11_20_20_21_38_679.jpg, -0.1010595, 0.002183385, 0, 22.61551
C:\Users\Owner\Downloads\simulator-windows-64\dataTrack1\IMG\center_2024_11_20_20_21_38_786.jpg, C:\Users\Owner\Downloads\simulator-windows-64\dataTrack1\IMG\left_2024_11_20_20_21_38_786.jpg, C:\Users\Owner\Downloads\simulator-windows-64\dataTrack1\IMG\right_2024_11_20_20_21_38_786.jpg, 0, 0.1579992, 0, 22.39019
C:\Users\Owner\Downloads\simulator-windows-64\dataTrack1\IMG\center_2024_11_20_20_21_38_894.jpg, C:\Users\Owner\Downloads\simulator-windows-64\dataTrack1\IMG\left_2024_11_20_20_21_38_894.jpg, C:\Users\Owner\Downloads\simulator-windows-64\dataTrack1\IMG\right_2024_11_20_20_21_38_894.jpg, 0, 0.1720671, 0, 22.46084
C:\Users\Owner\Downloads\simulator-windows-64\dataTrack1\IMG\center_2024_11_20_20_21_39_001.jpg, C:\Users\Owner\Downloads\simulator-windows-64\dataTrack1\IMG\left_2024_11_20_20_21_39_001.jpg, C:\Users\Owner\Downloads\simulator-windows-64\dataTrack1\IMG\right_2024_11_20_20_21_39_001.jpg, 0, 0, 0, 22.33045
C:\Users\Owner\Downloads\simulator-windows-64\dataTrack1\IMG\center_2024_11_20_20_21_39_100.jpg, C:\Users\Owner\Downloads\simulator-windows-64\dataTrack1\IMG\left_2024_11_20_20_21_39_100.jpg, C:\Users\Owner\Downloads\simulator-windows-64\dataTrack1\IMG\right_2024_11_20_20_21_39_100.jpg, 0, 0, 0, 22.08049
C:\Users\Owner\Downloads\simulator-windows-64\dataTrack1\IMG\center_2024_11_20_20_21_39_209.jpg, C:\Users\Owner\Downloads\simulator-windows-64\dataTrack1\IMG\left_2024_11_20_20_21_39_209.jpg, C:\Users\Owner\Downloads\simulator-windows-64\dataTrack1\IMG\right_2024_11_20_20_21_39_209.jpg, -0.052503, 0.1473186, 0, 22.07539
C:\Users\Owner\Downloads\simulator-windows-64\dataTrack1\IMG\center_2024_11_20_20_21_39_314.jpg, C:\Users\Owner\Downloads\simulator-windows-64\dataTrack1\IMG\left_2024_11_20_20_21_39_314.jpg, C:\Users\Owner\Downloads\simulator-windows-64\dataTrack1\IMG\right_2024_11_20_20_21_39_314.jpg, -0.0549366, 0, 0, 21.88483
C:\Users\Owner\Downloads\simulator-windows-64\dataTrack1\IMG\center_2024_11_20_20_21_39_417.jpg, C:\Users\Owner\Downloads\simulator-windows-64\dataTrack1\IMG\left_2024_11_20_20_21_39_417.jpg, C:\Users\Owner\Downloads\simulator-windows-64\dataTrack1\IMG\right_2024_11_20_20_21_39_417.jpg, 0, 0, 0, 21.65049
C:\Users\Owner\Downloads\simulator-windows-64\dataTrack1\IMG\center_2024_11_20_20_21_39_525.jpg, C:\Users\Owner\Downloads\simulator-windows-64\dataTrack1\IMG\left_2024_11_20_20_21_39_525.jpg, C:\Users\Owner\Downloads\simulator-windows-64\dataTrack1\IMG\right_2024_11_20_20_21_39_525.jpg, 0, 0.1610727, 0, 21.44114
C:\Users\Owner\Downloads\simulator-windows-64\dataTrack1\IMG\center_2024_11_20_20_21_39_631.jpg, C:\Users\Owner\Downloads\simulator-windows-64\dataTrack1\IMG\left_2024_11_20_20_21_39_631.jpg, C:\Users\Owner\Downloads\simulator-windows-64\dataTrack1\IMG\right_2024_11_20_20_21_39_631.jpg, 0, 0.4800789, 0, 21.62587
C:\Users\Owner\Downloads\simulator-windows-64\dataTrack1\IMG\center_2024_11_20_20_21_39_735.jpg, C:\Users\Owner\Downloads\simulator-windows-64\dataTrack1\IMG\left_2024_11_20_20_21_39_735.jpg, C:\Users\Owner\Downloads\simulator-windows-64\dataTrack1\IMG\right_2024_11_20_20_21_39_735.jpg, 0, 0.1709991, 0, 21.8273
C:\Users\Owner\Downloads\simulator-windows-64\dataTrack1\IMG\center_2024_11_20_20_21_39_839.jpg, C:\Users\Owner\Downloads\simulator-windows-64\dataTrack1\IMG\left_2024_11_20_20_21_39_839.jpg, C:\Users\Owner\Downloads\simulator-windows-64\dataTrack1\IMG\right_2024_11_20_20_21_39_839.jpg, -0.2673402, 0, 0, 21.62948
C:\Users\Owner\Downloads\simulator-windows-64\dataTrack1\IMG\center_2024_11_20_20_21_39_946.jpg, C:\Users\Owner\Downloads\simulator-windows-64\dataTrack1\IMG\left_2024_11_20_20_21_39_946.jpg, C:\Users\Owner\Downloads\simulator-windows-64\dataTrack1\IMG\right_2024_11_20_20_21_39_946.jpg, -0.318264, 0, 0, 21.23327
C:\Users\Owner\Downloads\simulator-windows-64\dataTrack1\IMG\center_2024_11_20_20_21_40_052.jpg, C:\Users\Owner\Downloads\simulator-windows-64\dataTrack1\IMG\left_2024_11_20_20_21_40_052.jpg, C:\Users\Owner\Downloads\simulator-windows-64\dataTrack1\IMG\right_2024_11_20_20_21_40_052.jpg, -0.0003449954, 0.0553656, 0, 21.02474
C:\Users\Owner\Downloads\simulator-windows-64\dataTrack1\IMG\center_2024_11_20_20_21_40_154.jpg, C:\Users\Owner\Downloads\simulator-windows-64\dataTrack1\IMG\left_2024_11_20_20_21_40_154.jpg, C:\Users\Owner\Downloads\simulator-windows-64\dataTrack1\IMG\right_2024_11_20_20_21_40_154.jpg, 0, 0.3607533, 0, 21.04281
C:\Users\Owner\Downloads\simulator-windows-64\dataTrack1\IMG\center_2024_11_20_20_21_40_262.jpg, C:\Users\Owner\Downloads\simulator-windows-64\dataTrack1\IMG\left_2024_11_20_20_21_40_262.jpg, C:\Users\Owner\Downloads\simulator-windows-64\dataTrack1\IMG\right_2024_11_20_20_21_40_262.jpg, 0, 0.03527039, 0, 21.05309
C:\Users\Owner\Downloads\simulator-windows-64\dataTrack1\IMG\center_2024_11_20_20_21_40_367.jpg, C:\Users\Owner\Downloads\simulator-windows-64\dataTrack1\IMG\left_2024_11_20_20_21_40_367.jpg, C:\Users\Owner\Downloads\simulator-windows-64\dataTrack1\IMG\right_2024_11_20_20_21_40_367.jpg, 0, 0.3513642, 0, 21.15604
C:\Users\Owner\Downloads\simulator-windows-64\dataTrack1\IMG\center_2024_11_20_20_21_40_474.jpg, C:\Users\Owner\Downloads\simulator-windows-64\dataTrack1\IMG\left_2024_11_20_20_21_40_474.jpg, C:\Users\Owner\Downloads\simulator-windows-64\dataTrack1\IMG\right_2024_11_20_20_21_40_474.jpg, 0, 0.2517813, 0, 21.31824
C:\Users\Owner\Downloads\simulator-windows-64\dataTrack1\IMG\center_2024_11_20_20_21_40_586.jpg, C:\Users\Owner\Downloads\simulator-windows-64\dataTrack1\IMG\left_2024_11_20_20_21_40_586.jpg, C:\Users\Owner\Downloads\simulator-windows-64\dataTrack1\IMG\right_2024_11_20_20_21_40_586.jpg, 0, 0.4066977, 0, 21.39498
C:\Users\Owner\Downloads\simulator-windows-64\dataTrack1\IMG\center_2024_11_20_20_21_40_703.jpg, C:\Users\Owner\Downloads\simulator-windows-64\dataTrack1\IMG\left_2024_11_20_20_21_40_703.jpg, C:\Users\Owner\Downloads\simulator-windows-64\dataTrack1\IMG\right_2024_11_20_20_21_40_703.jpg, 0, 0.1625856, 0, 21.44236
C:\Users\Owner\Downloads\simulator-windows-64\dataTrack1\IMG\center_2024_11_20_20_21_40_810.jpg, C:\Users\Owner\Downloads\simulator-windows-64\dataTrack1\IMG\left_2024_11_20_20_21_40_810.jpg, C:\Users\Owner\Downloads\simulator-windows-64\dataTrack1\IMG\right_2024_11_20_20_21_40_810.jpg, 0, 0.4833072, 0, 21.82552
C:\Users\Owner\Downloads\simulator-windows-64\dataTrack1\IMG\center_2024_11_20_20_21_40_917.jpg, C:\Users\Owner\Downloads\simulator-windows-64\dataTrack1\IMG\left_2024_11_20_20_21_40_917.jpg, C:\Users\Owner\Downloads\simulator-windows-64\dataTrack1\IMG\right_2024_11_20_20_21_40_917.jpg, 0, 0.2615753, 0, 21.85996
C:\Users\Owner\Downloads\simulator-windows-64\dataTrack1\IMG\center_2024_11_20_20_21_41_023.jpg, C:\Users\Owner\Downloads\simulator-windows-64\dataTrack1\IMG\left_2024_11_20_20_21_41_023.jpg, C:\Users\Owner\Downloads\simulator-windows-64\dataTrack1\IMG\right_2024_11_20_20_21_41_023.jpg, 0, 0.5761299, 0, 22.23077
C:\Users\Owner\Downloads\simulator-windows-64\dataTrack1\IMG\center_2024_11_20_20_21_41_129.jpg, C:\Users\Owner\Downloads\simulator-windows-64\dataTrack1\IMG\left_2024_11_20_20_21_41_129.jpg, C:\Users\Owner\Downloads\simulator-windows-64\dataTrack1\IMG\right_2024_11_20_20_21_41_129.jpg, 0, 0.2558084, 0, 22.60882
C:\Users\Owner\Downloads\simulator-windows-64\dataTrack1\IMG\center_2024_11_20_20_21_41_231.jpg, C:\Users\Owner\Downloads\simulator-windows-64\dataTrack1\IMG\left_2024_11_20_20_21_41_231.jpg, C:\Users\Owner\Downloads\simulator-windows-64\dataTrack1\IMG\right_2024_11_20_20_21_41_231.jpg, -0.3072324, 0, 0, 22.35835
C:\Users\Owner\Downloads\simulator-windows-64\dataTrack1\IMG\center_2024_11_20_20_21_41_338.jpg, C:\Users\Owner\Downloads\simulator-windows-64\dataTrack1\IMG\left_2024_11_20_20_21_41_338.jpg, C:\Users\Owner\Downloads\simulator-windows-64\dataTrack1\IMG\right_2024_11_20_20_21_41_338.jpg, -0.2168085, 0, 0, 22.20218
C:\Users\Owner\Downloads\simulator-windows-64\dataTrack1\IMG\center_2024_11_20_20_21_41_446.jpg, C:\Users\Owner\Downloads\simulator-windows-64\dataTrack1\IMG\left_2024_11_20_20_21_41_446.jpg, C:\Users\Owner\Downloads\simulator-windows-64\dataTrack1\IMG\right_2024_11_20_20_21_41_446.jpg, 0, 0.0528498, 0, 21.94998
C:\Users\Owner\Downloads\simulator-windows-64\dataTrack1\IMG\center_2024_11_20_20_21_41_551.jpg, C:\Users\Owner\Downloads\simulator-windows-64\dataTrack1\IMG\left_2024_11_20_20_21_41_551.jpg, C:\Users\Owner\Downloads\simulator-windows-64\dataTrack1\IMG\right_2024_11_20_20_21_41_551.jpg, 0, 0.3649938, 0, 21.77277
C:\Users\Owner\Downloads\simulator-windows-64\dataTrack1\IMG\center_2024_11_20_20_21_41_655.jpg, C:\Users\Owner\Downloads\simulator-windows-64\dataTrack1\IMG\left_2024_11_20_20_21_41_655.jpg, C:\Users\Owner\Downloads\simulator-windows-64\dataTrack1\IMG\right_2024_11_20_20_21_41_655.jpg, 0, 0.04971062, 0, 22.0287
C:\Users\Owner\Downloads\simulator-windows-64\dataTrack1\IMG\center_2024_11_20_20_21_41_762.jpg, C:\Users\Owner\Downloads\simulator-windows-64\dataTrack1\IMG\left_2024_11_20_20_21_41_762.jpg, C:\Users\Owner\Downloads\simulator-windows-64\dataTrack1\IMG\right_2024_11_20_20_21_41_762.jpg, 0, 0.3703497, 0, 22.06168
C:\Users\Owner\Downloads\simulator-windows-64\dataTrack1\IMG\center_2024_11_20_20_21_41_866.jpg, C:\Users\Owner\Downloads\simulator-windows-64\dataTrack1\IMG\left_2024_11_20_20_21_41_866.jpg, C:\Users\Owner\Downloads\simulator-windows-64\dataTrack1\IMG\right_2024_11_20_20_21_41_866.jpg, 0, 0.2659818, 0, 22.11869
C:\Users\Owner\Downloads\simulator-windows-64\dataTrack1\IMG\center_2024_11_20_20_21_41_969.jpg, C:\Users\Owner\Downloads\simulator-windows-64\dataTrack1\IMG\left_2024_11_20_20_21_41_969.jpg, C:\Users\Owner\Downloads\simulator-windows-64\dataTrack1\IMG\right_2024_11_20_20_21_41_969.jpg, 0, 0.5754408, 0, 22.55029
C:\Users\Owner\Downloads\simulator-windows-64\dataTrack1\IMG\center_2024_11_20_20_21_42_077.jpg, C:\Users\Owner\Downloads\simulator-windows-64\dataTrack1\IMG\left_2024_11_20_20_21_42_077.jpg, C:\Users\Owner\Downloads\simulator-windows-64\dataTrack1\IMG\right_2024_11_20_20_21_42_077.jpg, 0, 0.2524059, 0, 22.77382
C:\Users\Owner\Downloads\simulator-windows-64\dataTrack1\IMG\center_2024_11_20_20_21_42_181.jpg, C:\Users\Owner\Downloads\simulator-windows-64\dataTrack1\IMG\left_2024_11_20_20_21_42_181.jpg, C:\Users\Owner\Downloads\simulator-windows-64\dataTrack1\IMG\right_2024_11_20_20_21_42_181.jpg, 0, 0.5163987, 0, 23.03474
C:\Users\Owner\Downloads\simulator-windows-64\dataTrack1\IMG\center_2024_11_20_20_21_42_287.jpg, C:\Users\Owner\Downloads\simulator-windows-64\dataTrack1\IMG\left_2024_11_20_20_21_42_287.jpg, C:\Users\Owner\Downloads\simulator-windows-64\dataTrack1\IMG\right_2024_11_20_20_21_42_287.jpg, 0, 0.2491971, 0, 23.33623
C:\Users\Owner\Downloads\simulator-windows-64\dataTrack1\IMG\center_2024_11_20_20_21_42_395.jpg, C:\Users\Owner\Downloads\simulator-windows-64\dataTrack1\IMG\left_2024_11_20_20_21_42_395.jpg, C:\Users\Owner\Downloads\simulator-windows-64\dataTrack1\IMG\right_2024_11_20_20_21_42_395.jpg, 0, 0.3877236, 0, 23.40026
C:\Users\Owner\Downloads\simulator-windows-64\dataTrack1\IMG\center_2024_11_20_20_21_42_498.jpg, C:\Users\Owner\Downloads\simulator-windows-64\dataTrack1\IMG\left_2024_11_20_20_21_42_498.jpg, C:\Users\Owner\Downloads\simulator-windows-64\dataTrack1\IMG\right_2024_11_20_20_21_42_498.jpg, 0, 0.0798813, 0, 23.49468
C:\Users\Owner\Downloads\simulator-windows-64\dataTrack1\IMG\center_2024_11_20_20_21_42_604.jpg, C:\Users\Owner\Downloads\simulator-windows-64\dataTrack1\IMG\left_2024_11_20_20_21_42_604.jpg, C:\Users\Owner\Downloads\simulator-windows-64\dataTrack1\IMG\right_2024_11_20_20_21_42_604.jpg, 0, 0.396951, 0, 23.5532
C:\Users\Owner\Downloads\simulator-windows-64\dataTrack1\IMG\center_2024_11_20_20_21_42_712.jpg, C:\Users\Owner\Downloads\simulator-windows-64\dataTrack1\IMG\left_2024_11_20_20_21_42_712.jpg, C:\Users\Owner\Downloads\simulator-windows-64\dataTrack1\IMG\right_2024_11_20_20_21_42_712.jpg, 0, 0.1908087, 0, 23.59627
C:\Users\Owner\Downloads\simulator-windows-64\dataTrack1\IMG\center_2024_11_20_20_21_42_815.jpg, C:\Users\Owner\Downloads\simulator-windows-64\dataTrack1\IMG\left_2024_11_20_20_21_42_815.jpg, C:\Users\Owner\Downloads\simulator-windows-64\dataTrack1\IMG\right_2024_11_20_20_21_42_815.jpg, 0, 0.4995588, 0, 23.77227
C:\Users\Owner\Downloads\simulator-windows-64\dataTrack1\IMG\center_2024_11_20_20_21_42_922.jpg, C:\Users\Owner\Downloads\simulator-windows-64\dataTrack1\IMG\left_2024_11_20_20_21_42_922.jpg, C:\Users\Owner\Downloads\simulator-windows-64\dataTrack1\IMG\right_2024_11_20_20_21_42_922.jpg, 0, 0.2885757, 0, 23.97637
C:\Users\Owner\Downloads\simulator-windows-64\dataTrack1\IMG\center_2024_11_20_20_21_43_028.jpg, C:\Users\Owner\Downloads\simulator-windows-64\dataTrack1\IMG\left_2024_11_20_20_21_43_028.jpg, C:\Users\Owner\Downloads\simulator-windows-64\dataTrack1\IMG\right_2024_11_20_20_21_43_028.jpg, 0, 0.406554, 0, 24.26744
C:\Users\Owner\Downloads\simulator-windows-64\dataTrack1\IMG\center_2024_11_20_20_21_43_131.jpg, C:\Users\Owner\Downloads\simulator-windows-64\dataTrack1\IMG\left_2024_11_20_20_21_43_131.jpg, C:\Users\Owner\Downloads\simulator-windows-64\dataTrack1\IMG\right_2024_11_20_20_21_43_131.jpg, 0, 0.3985896, 0, 24.42692
C:\Users\Owner\Downloads\simulator-windows-64\dataTrack1\IMG\center_2024_11_20_20_21_43_237.jpg, C:\Users\Owner\Downloads\simulator-windows-64\dataTrack1\IMG\left_2024_11_20_20_21_43_237.jpg, C:\Users\Owner\Downloads\simulator-windows-64\dataTrack1\IMG\right_2024_11_20_20_21_43_237.jpg, -0.0522309, 0.4057047, 0, 24.77711
C:\Users\Owner\Downloads\simulator-windows-64\dataTrack1\IMG\center_2024_11_20_20_21_43_343.jpg, C:\Users\Owner\Downloads\simulator-windows-64\dataTrack1\IMG\left_2024_11_20_20_21_43_343.jpg, C:\Users\Owner\Downloads\simulator-windows-64\dataTrack1\IMG\right_2024_11_20_20_21_43_343.jpg, -0.2700438, 0.09087606, 0, 24.77053
C:\Users\Owner\Downloads\simulator-windows-64\dataTrack1\IMG\center_2024_11_20_20_21_43_447.jpg, C:\Users\Owner\Downloads\simulator-windows-64\dataTrack1\IMG\left_2024_11_20_20_21_43_447.jpg, C:\Users\Owner\Downloads\simulator-windows-64\dataTrack1\IMG\right_2024_11_20_20_21_43_447.jpg, 0, 0, 0, 24.53742
C:\Users\Owner\Downloads\simulator-windows-64\dataTrack1\IMG\center_2024_11_20_20_21_43_552.jpg, C:\Users\Owner\Downloads\simulator-windows-64\dataTrack1\IMG\left_2024_11_20_20_21_43_552.jpg, C:\Users\Owner\Downloads\simulator-windows-64\dataTrack1\IMG\right_2024_11_20_20_21_43_552.jpg, 0, 0, 0, 24.28596
C:\Users\Owner\Downloads\simulator-windows-64\dataTrack1\IMG\center_2024_11_20_20_21_43_655.jpg, C:\Users\Owner\Downloads\simulator-windows-64\dataTrack1\IMG\left_2024_11_20_20_21_43_655.jpg, C:\Users\Owner\Downloads\simulator-windows-64\dataTrack1\IMG\right_2024_11_20_20_21_43_655.jpg, -0.007088393, 0, 0, 24.03666
C:\Users\Owner\Downloads\simulator-windows-64\dataTrack1\IMG\center_2024_11_20_20_21_43_760.jpg, C:\Users\Owner\Downloads\simulator-windows-64\dataTrack1\IMG\left_2024_11_20_20_21_43_760.jpg, C:\Users\Owner\Downloads\simulator-windows-64\dataTrack1\IMG\right_2024_11_20_20_21_43_760.jpg, 0, 0, 0, 23.79363
C:\Users\Owner\Downloads\simulator-windows-64\dataTrack1\IMG\center_2024_11_20_20_21_43_865.jpg, C:\Users\Owner\Downloads\simulator-windows-64\dataTrack1\IMG\left_2024_11_20_20_21_43_865.jpg, C:\Users\Owner\Downloads\simulator-windows-64\dataTrack1\IMG\right_2024_11_20_20_21_43_865.jpg, 0, 0, 0, 23.5072
C:\Users\Owner\Downloads\simulator-windows-64\dataTrack1\IMG\center_2024_11_20_20_21_43_969.jpg, C:\Users\Owner\Downloads\simulator-windows-64\dataTrack1\IMG\left_2024_11_20_20_21_43_969.jpg, C:\Users\Owner\Downloads\simulator-windows-64\dataTrack1\IMG\right_2024_11_20_20_21_43_969.jpg, 0, 0, 0, 23.2712
C:\Users\Owner\Downloads\simulator-windows-64\dataTrack1\IMG\center_2024_11_20_20_21_44_073.jpg, C:\Users\Owner\Downloads\simulator-windows-64\dataTrack1\IMG\left_2024_11_20_20_21_44_073.jpg, C:\Users\Owner\Downloads\simulator-windows-64\dataTrack1\IMG\right_2024_11_20_20_21_44_073.jpg, 0, 0, 0, 23.03755
C:\Users\Owner\Downloads\simulator-windows-64\dataTrack1\IMG\center_2024_11_20_20_21_44_180.jpg, C:\Users\Owner\Downloads\simulator-windows-64\dataTrack1\IMG\left_2024_11_20_20_21_44_180.jpg, C:\Users\Owner\Downloads\simulator-windows-64\dataTrack1\IMG\right_2024_11_20_20_21_44_180.jpg, 0, 0, 0, 22.80626
C:\Users\Owner\Downloads\simulator-windows-64\dataTrack1\IMG\center_2024_11_20_20_21_44_281.jpg, C:\Users\Owner\Downloads\simulator-windows-64\dataTrack1\IMG\left_2024_11_20_20_21_44_281.jpg, C:\Users\Owner\Downloads\simulator-windows-64\dataTrack1\IMG\right_2024_11_20_20_21_44_281.jpg, 0, 0, 0, 22.57728
C:\Users\Owner\Downloads\simulator-windows-64\dataTrack1\IMG\center_2024_11_20_20_21_44_385.jpg, C:\Users\Owner\Downloads\simulator-windows-64\dataTrack1\IMG\left_2024_11_20_20_21_44_385.jpg, C:\Users\Owner\Downloads\simulator-windows-64\dataTrack1\IMG\right_2024_11_20_20_21_44_385.jpg, 0, 0.3651795, 0, 22.61454
C:\Users\Owner\Downloads\simulator-windows-64\dataTrack1\IMG\center_2024_11_20_20_21_44_489.jpg, C:\Users\Owner\Downloads\simulator-windows-64\dataTrack1\IMG\left_2024_11_20_20_21_44_489.jpg, C:\Users\Owner\Downloads\simulator-windows-64\dataTrack1\IMG\right_2024_11_20_20_21_44_489.jpg, -0.2070105, 0.05408673, 0, 22.59747
C:\Users\Owner\Downloads\simulator-windows-64\dataTrack1\IMG\center_2024_11_20_20_21_44_594.jpg, C:\Users\Owner\Downloads\simulator-windows-64\dataTrack1\IMG\left_2024_11_20_20_21_44_594.jpg, C:\Users\Owner\Downloads\simulator-windows-64\dataTrack1\IMG\right_2024_11_20_20_21_44_594.jpg, -0.0998226, 0, 0, 22.33606
C:\Users\Owner\Downloads\simulator-windows-64\dataTrack1\IMG\center_2024_11_20_20_21_44_700.jpg, C:\Users\Owner\Downloads\simulator-windows-64\dataTrack1\IMG\left_2024_11_20_20_21_44_700.jpg, C:\Users\Owner\Downloads\simulator-windows-64\dataTrack1\IMG\right_2024_11_20_20_21_44_700.jpg, 0, 0, 0, 22.10097
C:\Users\Owner\Downloads\simulator-windows-64\dataTrack1\IMG\center_2024_11_20_20_21_44_803.jpg, C:\Users\Owner\Downloads\simulator-windows-64\dataTrack1\IMG\left_2024_11_20_20_21_44_803.jpg, C:\Users\Owner\Downloads\simulator-windows-64\dataTrack1\IMG\right_2024_11_20_20_21_44_803.jpg, 0, 0.1556577, 0, 21.884
C:\Users\Owner\Downloads\simulator-windows-64\dataTrack1\IMG\center_2024_11_20_20_21_44_910.jpg, C:\Users\Owner\Downloads\simulator-windows-64\dataTrack1\IMG\left_2024_11_20_20_21_44_910.jpg, C:\Users\Owner\Downloads\simulator-windows-64\dataTrack1\IMG\right_2024_11_20_20_21_44_910.jpg, 0, 0.1521757, 0, 21.96583
C:\Users\Owner\Downloads\simulator-windows-64\dataTrack1\IMG\center_2024_11_20_20_21_45_013.jpg, C:\Users\Owner\Downloads\simulator-windows-64\dataTrack1\IMG\left_2024_11_20_20_21_45_013.jpg, C:\Users\Owner\Downloads\simulator-windows-64\dataTrack1\IMG\right_2024_11_20_20_21_45_013.jpg, 0, 0.1024827, 0, 21.80987
C:\Users\Owner\Downloads\simulator-windows-64\dataTrack1\IMG\center_2024_11_20_20_21_45_119.jpg, C:\Users\Owner\Downloads\simulator-windows-64\dataTrack1\IMG\left_2024_11_20_20_21_45_119.jpg, C:\Users\Owner\Downloads\simulator-windows-64\dataTrack1\IMG\right_2024_11_20_20_21_45_119.jpg, -0.04999529, 0.2084721, 0, 21.86011
C:\Users\Owner\Downloads\simulator-windows-64\dataTrack1\IMG\center_2024_11_20_20_21_45_220.jpg, C:\Users\Owner\Downloads\simulator-windows-64\dataTrack1\IMG\left_2024_11_20_20_21_45_220.jpg, C:\Users\Owner\Downloads\simulator-windows-64\dataTrack1\IMG\right_2024_11_20_20_21_45_220.jpg, -0.302853, 0, 0, 21.70365
C:\Users\Owner\Downloads\simulator-windows-64\dataTrack1\IMG\center_2024_11_20_20_21_45_325.jpg, C:\Users\Owner\Downloads\simulator-windows-64\dataTrack1\IMG\left_2024_11_20_20_21_45_325.jpg, C:\Users\Owner\Downloads\simulator-windows-64\dataTrack1\IMG\right_2024_11_20_20_21_45_325.jpg, -0.67013, 0, 0, 21.1898
C:\Users\Owner\Downloads\simulator-windows-64\dataTrack1\IMG\center_2024_11_20_20_21_45_430.jpg, C:\Users\Owner\Downloads\simulator-windows-64\dataTrack1\IMG\left_2024_11_20_20_21_45_430.jpg, C:\Users\Owner\Downloads\simulator-windows-64\dataTrack1\IMG\right_2024_11_20_20_21_45_430.jpg, -0.5357421, 0, 0, 20.83008
C:\Users\Owner\Downloads\simulator-windows-64\dataTrack1\IMG\center_2024_11_20_20_21_45_533.jpg, C:\Users\Owner\Downloads\simulator-windows-64\dataTrack1\IMG\left_2024_11_20_20_21_45_533.jpg, C:\Users\Owner\Downloads\simulator-windows-64\dataTrack1\IMG\right_2024_11_20_20_21_45_533.jpg, -0.2260269, 0.1046025, 0, 20.68137
C:\Users\Owner\Downloads\simulator-windows-64\dataTrack1\IMG\center_2024_11_20_20_21_45_636.jpg, C:\Users\Owner\Downloads\simulator-windows-64\dataTrack1\IMG\left_2024_11_20_20_21_45_636.jpg, C:\Users\Owner\Downloads\simulator-windows-64\dataTrack1\IMG\right_2024_11_20_20_21_45_636.jpg, 0, 0.3142728, 0, 20.71654
C:\Users\Owner\Downloads\simulator-windows-64\dataTrack1\IMG\center_2024_11_20_20_21_45_741.jpg, C:\Users\Owner\Downloads\simulator-windows-64\dataTrack1\IMG\left_2024_11_20_20_21_45_741.jpg, C:\Users\Owner\Downloads\simulator-windows-64\dataTrack1\IMG\right_2024_11_20_20_21_45_741.jpg, 0, 0.05037179, 0, 20.81944
C:\Users\Owner\Downloads\simulator-windows-64\dataTrack1\IMG\center_2024_11_20_20_21_45_847.jpg, C:\Users\Owner\Downloads\simulator-windows-64\dataTrack1\IMG\left_2024_11_20_20_21_45_847.jpg, C:\Users\Owner\Downloads\simulator-windows-64\dataTrack1\IMG\right_2024_11_20_20_21_45_847.jpg, 0, 0.2097378, 0, 20.8119
C:\Users\Owner\Downloads\simulator-windows-64\dataTrack1\IMG\center_2024_11_20_20_21_45_952.jpg, C:\Users\Owner\Downloads\simulator-windows-64\dataTrack1\IMG\left_2024_11_20_20_21_45_952.jpg, C:\Users\Owner\Downloads\simulator-windows-64\dataTrack1\IMG\right_2024_11_20_20_21_45_952.jpg, 0, 0, 0, 20.42674
C:\Users\Owner\Downloads\simulator-windows-64\dataTrack1\IMG\center_2024_11_20_20_21_46_053.jpg, C:\Users\Owner\Downloads\simulator-windows-64\dataTrack1\IMG\left_2024_11_20_20_21_46_053.jpg, C:\Users\Owner\Downloads\simulator-windows-64\dataTrack1\IMG\right_2024_11_20_20_21_46_053.jpg, 0, 0, 0, 20.52031
C:\Users\Owner\Downloads\simulator-windows-64\dataTrack1\IMG\center_2024_11_20_20_21_46_161.jpg, C:\Users\Owner\Downloads\simulator-windows-64\dataTrack1\IMG\left_2024_11_20_20_21_46_161.jpg, C:\Users\Owner\Downloads\simulator-windows-64\dataTrack1\IMG\right_2024_11_20_20_21_46_161.jpg, 0, 0, 0, 19.99579
C:\Users\Owner\Downloads\simulator-windows-64\dataTrack1\IMG\center_2024_11_20_20_21_46_263.jpg, C:\Users\Owner\Downloads\simulator-windows-64\dataTrack1\IMG\left_2024_11_20_20_21_46_263.jpg, C:\Users\Owner\Downloads\simulator-windows-64\dataTrack1\IMG\right_2024_11_20_20_21_46_263.jpg, 0, 0, 0, 19.74027
C:\Users\Owner\Downloads\simulator-windows-64\dataTrack1\IMG\center_2024_11_20_20_21_46_368.jpg, C:\Users\Owner\Downloads\simulator-windows-64\dataTrack1\IMG\left_2024_11_20_20_21_46_368.jpg, C:\Users\Owner\Downloads\simulator-windows-64\dataTrack1\IMG\right_2024_11_20_20_21_46_368.jpg, 0.3149394, 0, 0, 19.83109
C:\Users\Owner\Downloads\simulator-windows-64\dataTrack1\IMG\center_2024_11_20_20_21_46_472.jpg, C:\Users\Owner\Downloads\simulator-windows-64\dataTrack1\IMG\left_2024_11_20_20_21_46_472.jpg, C:\Users\Owner\Downloads\simulator-windows-64\dataTrack1\IMG\right_2024_11_20_20_21_46_472.jpg, 0.2210861, 0, 0, 19.20982
C:\Users\Owner\Downloads\simulator-windows-64\dataTrack1\IMG\center_2024_11_20_20_21_46_576.jpg, C:\Users\Owner\Downloads\simulator-windows-64\dataTrack1\IMG\left_2024_11_20_20_21_46_576.jpg, C:\Users\Owner\Downloads\simulator-windows-64\dataTrack1\IMG\right_2024_11_20_20_21_46_576.jpg, 0, 0, 0, 19.4068
C:\Users\Owner\Downloads\simulator-windows-64\dataTrack1\IMG\center_2024_11_20_20_21_46_679.jpg, C:\Users\Owner\Downloads\simulator-windows-64\dataTrack1\IMG\left_2024_11_20_20_21_46_679.jpg, C:\Users\Owner\Downloads\simulator-windows-64\dataTrack1\IMG\right_2024_11_20_20_21_46_679.jpg, 0, 0.2056368, 0, 18.84169
C:\Users\Owner\Downloads\simulator-windows-64\dataTrack1\IMG\center_2024_11_20_20_21_46_782.jpg, C:\Users\Owner\Downloads\simulator-windows-64\dataTrack1\IMG\left_2024_11_20_20_21_46_782.jpg, C:\Users\Owner\Downloads\simulator-windows-64\dataTrack1\IMG\right_2024_11_20_20_21_46_782.jpg, 0, 0.3224385, 0, 19.17132
C:\Users\Owner\Downloads\simulator-windows-64\dataTrack1\IMG\center_2024_11_20_20_21_46_885.jpg, C:\Users\Owner\Downloads\simulator-windows-64\dataTrack1\IMG\left_2024_11_20_20_21_46_885.jpg, C:\Users\Owner\Downloads\simulator-windows-64\dataTrack1\IMG\right_2024_11_20_20_21_46_885.jpg, 0, 0.01265401, 0, 19.49673
C:\Users\Owner\Downloads\simulator-windows-64\dataTrack1\IMG\center_2024_11_20_20_21_46_989.jpg, C:\Users\Owner\Downloads\simulator-windows-64\dataTrack1\IMG\left_2024_11_20_20_21_46_989.jpg, C:\Users\Owner\Downloads\simulator-windows-64\dataTrack1\IMG\right_2024_11_20_20_21_46_989.jpg, 0, 0, 0, 18.90155
C:\Users\Owner\Downloads\simulator-windows-64\dataTrack1\IMG\center_2024_11_20_20_21_47_094.jpg, C:\Users\Owner\Downloads\simulator-windows-64\dataTrack1\IMG\left_2024_11_20_20_21_47_094.jpg, C:\Users\Owner\Downloads\simulator-windows-64\dataTrack1\IMG\right_2024_11_20_20_21_47_094.jpg, 0, 0, 0, 19.14434
C:\Users\Owner\Downloads\simulator-windows-64\dataTrack1\IMG\center_2024_11_20_20_21_47_198.jpg, C:\Users\Owner\Downloads\simulator-windows-64\dataTrack1\IMG\left_2024_11_20_20_21_47_198.jpg, C:\Users\Owner\Downloads\simulator-windows-64\dataTrack1\IMG\right_2024_11_20_20_21_47_198.jpg, -0.3094641, 0, 0, 18.4784
C:\Users\Owner\Downloads\simulator-windows-64\dataTrack1\IMG\center_2024_11_20_20_21_47_299.jpg, C:\Users\Owner\Downloads\simulator-windows-64\dataTrack1\IMG\left_2024_11_20_20_21_47_299.jpg, C:\Users\Owner\Downloads\simulator-windows-64\dataTrack1\IMG\right_2024_11_20_20_21_47_299.jpg, -0.4627605, 0, 0, 18.61396
C:\Users\Owner\Downloads\simulator-windows-64\dataTrack1\IMG\center_2024_11_20_20_21_47_403.jpg, C:\Users\Owner\Downloads\simulator-windows-64\dataTrack1\IMG\left_2024_11_20_20_21_47_403.jpg, C:\Users\Owner\Downloads\simulator-windows-64\dataTrack1\IMG\right_2024_11_20_20_21_47_403.jpg, -0.1020333, 0, 0, 18.39161
C:\Users\Owner\Downloads\simulator-windows-64\dataTrack1\IMG\center_2024_11_20_20_21_47_507.jpg, C:\Users\Owner\Downloads\simulator-windows-64\dataTrack1\IMG\left_2024_11_20_20_21_47_507.jpg, C:\Users\Owner\Downloads\simulator-windows-64\dataTrack1\IMG\right_2024_11_20_20_21_47_507.jpg, -0.4128855, 0, 0, 17.6871
C:\Users\Owner\Downloads\simulator-windows-64\dataTrack1\IMG\center_2024_11_20_20_21_47_612.jpg, C:\Users\Owner\Downloads\simulator-windows-64\dataTrack1\IMG\left_2024_11_20_20_21_47_612.jpg, C:\Users\Owner\Downloads\simulator-windows-64\dataTrack1\IMG\right_2024_11_20_20_21_47_612.jpg, -0.09787376, 0, 0, 18.00292
C:\Users\Owner\Downloads\simulator-windows-64\dataTrack1\IMG\center_2024_11_20_20_21_47_715.jpg, C:\Users\Owner\Downloads\simulator-windows-64\dataTrack1\IMG\left_2024_11_20_20_21_47_715.jpg, C:\Users\Owner\Downloads\simulator-windows-64\dataTrack1\IMG\right_2024_11_20_20_21_47_715.jpg, 0, 0.3092076, 0, 17.51837
C:\Users\Owner\Downloads\simulator-windows-64\dataTrack1\IMG\center_2024_11_20_20_21_47_819.jpg, C:\Users\Owner\Downloads\simulator-windows-64\dataTrack1\IMG\left_2024_11_20_20_21_47_819.jpg, C:\Users\Owner\Downloads\simulator-windows-64\dataTrack1\IMG\right_2024_11_20_20_21_47_819.jpg, 0, 0.3080739, 0, 18.25041
C:\Users\Owner\Downloads\simulator-windows-64\dataTrack1\IMG\center_2024_11_20_20_21_47_921.jpg, C:\Users\Owner\Downloads\simulator-windows-64\dataTrack1\IMG\left_2024_11_20_20_21_47_921.jpg, C:\Users\Owner\Downloads\simulator-windows-64\dataTrack1\IMG\right_2024_11_20_20_21_47_921.jpg, 0, 0.2600613, 0, 17.90136
C:\Users\Owner\Downloads\simulator-windows-64\dataTrack1\IMG\center_2024_11_20_20_21_48_026.jpg, C:\Users\Owner\Downloads\simulator-windows-64\dataTrack1\IMG\left_2024_11_20_20_21_48_026.jpg, C:\Users\Owner\Downloads\simulator-windows-64\dataTrack1\IMG\right_2024_11_20_20_21_48_026.jpg, 0, 0.3092802, 0, 18.30587
C:\Users\Owner\Downloads\simulator-windows-64\dataTrack1\IMG\center_2024_11_20_20_21_48_130.jpg, C:\Users\Owner\Downloads\simulator-windows-64\dataTrack1\IMG\left_2024_11_20_20_21_48_130.jpg, C:\Users\Owner\Downloads\simulator-windows-64\dataTrack1\IMG\right_2024_11_20_20_21_48_130.jpg, 0, 0.4187349, 0, 18.83864
C:\Users\Owner\Downloads\simulator-windows-64\dataTrack1\IMG\center_2024_11_20_20_21_48_234.jpg, C:\Users\Owner\Downloads\simulator-windows-64\dataTrack1\IMG\left_2024_11_20_20_21_48_234.jpg, C:\Users\Owner\Downloads\simulator-windows-64\dataTrack1\IMG\right_2024_11_20_20_21_48_234.jpg, 0, 0.2976765, 0, 18.83706
C:\Users\Owner\Downloads\simulator-windows-64\dataTrack1\IMG\center_2024_11_20_20_21_48_338.jpg, C:\Users\Owner\Downloads\simulator-windows-64\dataTrack1\IMG\left_2024_11_20_20_21_48_338.jpg, C:\Users\Owner\Downloads\simulator-windows-64\dataTrack1\IMG\right_2024_11_20_20_21_48_338.jpg, 0, 0.5048523, 0, 19.47874
C:\Users\Owner\Downloads\simulator-windows-64\dataTrack1\IMG\center_2024_11_20_20_21_48_444.jpg, C:\Users\Owner\Downloads\simulator-windows-64\dataTrack1\IMG\left_2024_11_20_20_21_48_444.jpg, C:\Users\Owner\Downloads\simulator-windows-64\dataTrack1\IMG\right_2024_11_20_20_21_48_444.jpg, 0, 0.4038216, 0, 19.7929
C:\Users\Owner\Downloads\simulator-windows-64\dataTrack1\IMG\center_2024_11_20_20_21_48_546.jpg, C:\Users\Owner\Downloads\simulator-windows-64\dataTrack1\IMG\left_2024_11_20_20_21_48_546.jpg, C:\Users\Owner\Downloads\simulator-windows-64\dataTrack1\IMG\right_2024_11_20_20_21_48_546.jpg, 0, 0.7097484, 0, 20.06482
C:\Users\Owner\Downloads\simulator-windows-64\dataTrack1\IMG\center_2024_11_20_20_21_48_655.jpg, C:\Users\Owner\Downloads\simulator-windows-64\dataTrack1\IMG\left_2024_11_20_20_21_48_655.jpg, C:\Users\Owner\Downloads\simulator-windows-64\dataTrack1\IMG\right_2024_11_20_20_21_48_655.jpg, 0, 0.6169551, 0, 20.76186
C:\Users\Owner\Downloads\simulator-windows-64\dataTrack1\IMG\center_2024_11_20_20_21_48_770.jpg, C:\Users\Owner\Downloads\simulator-windows-64\dataTrack1\IMG\left_2024_11_20_20_21_48_770.jpg, C:\Users\Owner\Downloads\simulator-windows-64\dataTrack1\IMG\right_2024_11_20_20_21_48_770.jpg, 0, 0.8565897, 0, 21.61869
C:\Users\Owner\Downloads\simulator-windows-64\dataTrack1\IMG\center_2024_11_20_20_21_48_874.jpg, C:\Users\Owner\Downloads\simulator-windows-64\dataTrack1\IMG\left_2024_11_20_20_21_48_874.jpg, C:\Users\Owner\Downloads\simulator-windows-64\dataTrack1\IMG\right_2024_11_20_20_21_48_874.jpg, 0, 0.7573755, 0, 22.21009
C:\Users\Owner\Downloads\simulator-windows-64\dataTrack1\IMG\center_2024_11_20_20_21_48_979.jpg, C:\Users\Owner\Downloads\simulator-windows-64\dataTrack1\IMG\left_2024_11_20_20_21_48_979.jpg, C:\Users\Owner\Downloads\simulator-windows-64\dataTrack1\IMG\right_2024_11_20_20_21_48_979.jpg, 0, 1, 0, 23.09834
C:\Users\Owner\Downloads\simulator-windows-64\dataTrack1\IMG\center_2024_11_20_20_21_49_082.jpg, C:\Users\Owner\Downloads\simulator-windows-64\dataTrack1\IMG\left_2024_11_20_20_21_49_082.jpg, C:\Users\Owner\Downloads\simulator-windows-64\dataTrack1\IMG\right_2024_11_20_20_21_49_082.jpg, -0.1069443, 0.6894643, 0, 24.04381
C:\Users\Owner\Downloads\simulator-windows-64\dataTrack1\IMG\center_2024_11_20_20_21_49_186.jpg, C:\Users\Owner\Downloads\simulator-windows-64\dataTrack1\IMG\left_2024_11_20_20_21_49_186.jpg, C:\Users\Owner\Downloads\simulator-windows-64\dataTrack1\IMG\right_2024_11_20_20_21_49_186.jpg, -0.4183176, 0.378091, 0, 24.33514
C:\Users\Owner\Downloads\simulator-windows-64\dataTrack1\IMG\center_2024_11_20_20_21_49_287.jpg, C:\Users\Owner\Downloads\simulator-windows-64\dataTrack1\IMG\left_2024_11_20_20_21_49_287.jpg, C:\Users\Owner\Downloads\simulator-windows-64\dataTrack1\IMG\right_2024_11_20_20_21_49_287.jpg, -0.2767332, 0.07303482, 0, 24.26721
C:\Users\Owner\Downloads\simulator-windows-64\dataTrack1\IMG\center_2024_11_20_20_21_49_392.jpg, C:\Users\Owner\Downloads\simulator-windows-64\dataTrack1\IMG\left_2024_11_20_20_21_49_392.jpg, C:\Users\Owner\Downloads\simulator-windows-64\dataTrack1\IMG\right_2024_11_20_20_21_49_392.jpg, 0, 0, 0, 24.02839
C:\Users\Owner\Downloads\simulator-windows-64\dataTrack1\IMG\center_2024_11_20_20_21_49_496.jpg, C:\Users\Owner\Downloads\simulator-windows-64\dataTrack1\IMG\left_2024_11_20_20_21_49_496.jpg, C:\Users\Owner\Downloads\simulator-windows-64\dataTrack1\IMG\right_2024_11_20_20_21_49_496.jpg, 0, 0.311064, 0, 23.94897
C:\Users\Owner\Downloads\simulator-windows-64\dataTrack1\IMG\center_2024_11_20_20_21_49_600.jpg, C:\Users\Owner\Downloads\simulator-windows-64\dataTrack1\IMG\left_2024_11_20_20_21_49_600.jpg, C:\Users\Owner\Downloads\simulator-windows-64\dataTrack1\IMG\right_2024_11_20_20_21_49_600.jpg, 0, 0.2080168, 0, 24.14472
C:\Users\Owner\Downloads\simulator-windows-64\dataTrack1\IMG\center_2024_11_20_20_21_49_703.jpg, C:\Users\Owner\Downloads\simulator-windows-64\dataTrack1\IMG\left_2024_11_20_20_21_49_703.jpg, C:\Users\Owner\Downloads\simulator-windows-64\dataTrack1\IMG\right_2024_11_20_20_21_49_703.jpg, 0, 0, 0, 23.95084
C:\Users\Owner\Downloads\simulator-windows-64\dataTrack1\IMG\center_2024_11_20_20_21_49_805.jpg, C:\Users\Owner\Downloads\simulator-windows-64\dataTrack1\IMG\left_2024_11_20_20_21_49_805.jpg, C:\Users\Owner\Downloads\simulator-windows-64\dataTrack1\IMG\right_2024_11_20_20_21_49_805.jpg, 0, 0.3083076, 0, 23.90662
C:\Users\Owner\Downloads\simulator-windows-64\dataTrack1\IMG\center_2024_11_20_20_21_49_909.jpg, C:\Users\Owner\Downloads\simulator-windows-64\dataTrack1\IMG\left_2024_11_20_20_21_49_909.jpg, C:\Users\Owner\Downloads\simulator-windows-64\dataTrack1\IMG\right_2024_11_20_20_21_49_909.jpg, -0.1024428, 0.3078831, 0, 24.14285
C:\Users\Owner\Downloads\simulator-windows-64\dataTrack1\IMG\center_2024_11_20_20_21_50_015.jpg, C:\Users\Owner\Downloads\simulator-windows-64\dataTrack1\IMG\left_2024_11_20_20_21_50_015.jpg, C:\Users\Owner\Downloads\simulator-windows-64\dataTrack1\IMG\right_2024_11_20_20_21_50_015.jpg, -0.3145794, 0, 0, 23.99726
C:\Users\Owner\Downloads\simulator-windows-64\dataTrack1\IMG\center_2024_11_20_20_21_50_117.jpg, C:\Users\Owner\Downloads\simulator-windows-64\dataTrack1\IMG\left_2024_11_20_20_21_50_117.jpg, C:\Users\Owner\Downloads\simulator-windows-64\dataTrack1\IMG\right_2024_11_20_20_21_50_117.jpg, -0.01002601, 0, 0, 23.74294
C:\Users\Owner\Downloads\simulator-windows-64\dataTrack1\IMG\center_2024_11_20_20_21_50_221.jpg, C:\Users\Owner\Downloads\simulator-windows-64\dataTrack1\IMG\left_2024_11_20_20_21_50_221.jpg, C:\Users\Owner\Downloads\simulator-windows-64\dataTrack1\IMG\right_2024_11_20_20_21_50_221.jpg, 0, 0, 0, 23.49934
C:\Users\Owner\Downloads\simulator-windows-64\dataTrack1\IMG\center_2024_11_20_20_21_50_323.jpg, C:\Users\Owner\Downloads\simulator-windows-64\dataTrack1\IMG\left_2024_11_20_20_21_50_323.jpg, C:\Users\Owner\Downloads\simulator-windows-64\dataTrack1\IMG\right_2024_11_20_20_21_50_323.jpg, 0, 0.358503, 0, 23.50589
C:\Users\Owner\Downloads\simulator-windows-64\dataTrack1\IMG\center_2024_11_20_20_21_50_429.jpg, C:\Users\Owner\Downloads\simulator-windows-64\dataTrack1\IMG\left_2024_11_20_20_21_50_429.jpg, C:\Users\Owner\Downloads\simulator-windows-64\dataTrack1\IMG\right_2024_11_20_20_21_50_429.jpg, -0.3131262, 0.04537681, 0, 23.44613
C:\Users\Owner\Downloads\simulator-windows-64\dataTrack1\IMG\center_2024_11_20_20_21_50_533.jpg, C:\Users\Owner\Downloads\simulator-windows-64\dataTrack1\IMG\left_2024_11_20_20_21_50_533.jpg, C:\Users\Owner\Downloads\simulator-windows-64\dataTrack1\IMG\right_2024_11_20_20_21_50_533.jpg, -0.6267192, 0, 0, 23.01631
C:\Users\Owner\Downloads\simulator-windows-64\dataTrack1\IMG\center_2024_11_20_20_21_50_637.jpg, C:\Users\Owner\Downloads\simulator-windows-64\dataTrack1\IMG\left_2024_11_20_20_21_50_637.jpg, C:\Users\Owner\Downloads\simulator-windows-64\dataTrack1\IMG\right_2024_11_20_20_21_50_637.jpg, -0.3163884, 0, 0, 22.72528
C:\Users\Owner\Downloads\simulator-windows-64\dataTrack1\IMG\center_2024_11_20_20_21_50_741.jpg, C:\Users\Owner\Downloads\simulator-windows-64\dataTrack1\IMG\left_2024_11_20_20_21_50_741.jpg, C:\Users\Owner\Downloads\simulator-windows-64\dataTrack1\IMG\right_2024_11_20_20_21_50_741.jpg, -0.05140053, 0, 0, 22.50947
C:\Users\Owner\Downloads\simulator-windows-64\dataTrack1\IMG\center_2024_11_20_20_21_50_846.jpg, C:\Users\Owner\Downloads\simulator-windows-64\dataTrack1\IMG\left_2024_11_20_20_21_50_846.jpg, C:\Users\Owner\Downloads\simulator-windows-64\dataTrack1\IMG\right_2024_11_20_20_21_50_846.jpg, 0, 0.0559695, 0, 22.22014
C:\Users\Owner\Downloads\simulator-windows-64\dataTrack1\IMG\center_2024_11_20_20_21_50_951.jpg, C:\Users\Owner\Downloads\simulator-windows-64\dataTrack1\IMG\left_2024_11_20_20_21_50_951.jpg, C:\Users\Owner\Downloads\simulator-windows-64\dataTrack1\IMG\right_2024_11_20_20_21_50_951.jpg, 0, 0.2589504, 0, 22.26768
C:\Users\Owner\Downloads\simulator-windows-64\dataTrack1\IMG\center_2024_11_20_20_21_51_053.jpg, C:\Users\Owner\Downloads\simulator-windows-64\dataTrack1\IMG\left_2024_11_20_20_21_51_053.jpg, C:\Users\Owner\Downloads\simulator-windows-64\dataTrack1\IMG\right_2024_11_20_20_21_51_053.jpg, 0, 0, 0, 22.17269
C:\Users\Owner\Downloads\simulator-windows-64\dataTrack1\IMG\center_2024_11_20_20_21_51_155.jpg, C:\Users\Owner\Downloads\simulator-windows-64\dataTrack1\IMG\left_2024_11_20_20_21_51_155.jpg, C:\Users\Owner\Downloads\simulator-windows-64\dataTrack1\IMG\right_2024_11_20_20_21_51_155.jpg, 0, 0.2054304, 0, 22.1184
C:\Users\Owner\Downloads\simulator-windows-64\dataTrack1\IMG\center_2024_11_20_20_21_51_259.jpg, C:\Users\Owner\Downloads\simulator-windows-64\dataTrack1\IMG\left_2024_11_20_20_21_51_259.jpg, C:\Users\Owner\Downloads\simulator-windows-64\dataTrack1\IMG\right_2024_11_20_20_21_51_259.jpg, -0.309249, 0, 0, 21.95595
C:\Users\Owner\Downloads\simulator-windows-64\dataTrack1\IMG\center_2024_11_20_20_21_51_364.jpg, C:\Users\Owner\Downloads\simulator-windows-64\dataTrack1\IMG\left_2024_11_20_20_21_51_364.jpg, C:\Users\Owner\Downloads\simulator-windows-64\dataTrack1\IMG\right_2024_11_20_20_21_51_364.jpg, -0.1692216, 0, 0, 21.61654
C:\Users\Owner\Downloads\simulator-windows-64\dataTrack1\IMG\center_2024_11_20_20_21_51_465.jpg, C:\Users\Owner\Downloads\simulator-windows-64\dataTrack1\IMG\left_2024_11_20_20_21_51_465.jpg, C:\Users\Owner\Downloads\simulator-windows-64\dataTrack1\IMG\right_2024_11_20_20_21_51_465.jpg, 0, 0, 0, 21.38328
C:\Users\Owner\Downloads\simulator-windows-64\dataTrack1\IMG\center_2024_11_20_20_21_51_569.jpg, C:\Users\Owner\Downloads\simulator-windows-64\dataTrack1\IMG\left_2024_11_20_20_21_51_569.jpg, C:\Users\Owner\Downloads\simulator-windows-64\dataTrack1\IMG\right_2024_11_20_20_21_51_569.jpg, 0, 0.1549791, 0, 21.223
C:\Users\Owner\Downloads\simulator-windows-64\dataTrack1\IMG\center_2024_11_20_20_21_51_675.jpg, C:\Users\Owner\Downloads\simulator-windows-64\dataTrack1\IMG\left_2024_11_20_20_21_51_675.jpg, C:\Users\Owner\Downloads\simulator-windows-64\dataTrack1\IMG\right_2024_11_20_20_21_51_675.jpg, -0.0544818, 0.2586042, 0, 21.33017
C:\Users\Owner\Downloads\simulator-windows-64\dataTrack1\IMG\center_2024_11_20_20_21_51_778.jpg, C:\Users\Owner\Downloads\simulator-windows-64\dataTrack1\IMG\left_2024_11_20_20_21_51_778.jpg, C:\Users\Owner\Downloads\simulator-windows-64\dataTrack1\IMG\right_2024_11_20_20_21_51_778.jpg, -0.1586355, 0, 0, 21.26999
C:\Users\Owner\Downloads\simulator-windows-64\dataTrack1\IMG\center_2024_11_20_20_21_51_883.jpg, C:\Users\Owner\Downloads\simulator-windows-64\dataTrack1\IMG\left_2024_11_20_20_21_51_883.jpg, C:\Users\Owner\Downloads\simulator-windows-64\dataTrack1\IMG\right_2024_11_20_20_21_51_883.jpg, 0, 0.0548691, 0, 21.03606
C:\Users\Owner\Downloads\simulator-windows-64\dataTrack1\IMG\center_2024_11_20_20_21_51_987.jpg, C:\Users\Owner\Downloads\simulator-windows-64\dataTrack1\IMG\left_2024_11_20_20_21_51_987.jpg, C:\Users\Owner\Downloads\simulator-windows-64\dataTrack1\IMG\right_2024_11_20_20_21_51_987.jpg, -0.2218422, 0.2599059, 0, 20.95283
C:\Users\Owner\Downloads\simulator-windows-64\dataTrack1\IMG\center_2024_11_20_20_21_52_088.jpg, C:\Users\Owner\Downloads\simulator-windows-64\dataTrack1\IMG\left_2024_11_20_20_21_52_088.jpg, C:\Users\Owner\Downloads\simulator-windows-64\dataTrack1\IMG\right_2024_11_20_20_21_52_088.jpg, -0.120549, 0, 0, 21.00761
C:\Users\Owner\Downloads\simulator-windows-64\dataTrack1\IMG\center_2024_11_20_20_21_52_193.jpg, C:\Users\Owner\Downloads\simulator-windows-64\dataTrack1\IMG\left_2024_11_20_20_21_52_193.jpg, C:\Users\Owner\Downloads\simulator-windows-64\dataTrack1\IMG\right_2024_11_20_20_21_52_193.jpg, 0, 0, 0, 20.51446
C:\Users\Owner\Downloads\simulator-windows-64\dataTrack1\IMG\center_2024_11_20_20_21_52_297.jpg, C:\Users\Owner\Downloads\simulator-windows-64\dataTrack1\IMG\left_2024_11_20_20_21_52_297.jpg, C:\Users\Owner\Downloads\simulator-windows-64\dataTrack1\IMG\right_2024_11_20_20_21_52_297.jpg, 0, 0.3111066, 0, 20.75433
C:\Users\Owner\Downloads\simulator-windows-64\dataTrack1\IMG\center_2024_11_20_20_21_52_400.jpg, C:\Users\Owner\Downloads\simulator-windows-64\dataTrack1\IMG\left_2024_11_20_20_21_52_400.jpg, C:\Users\Owner\Downloads\simulator-windows-64\dataTrack1\IMG\right_2024_11_20_20_21_52_400.jpg, 0, 0.05165248, 0, 20.50108
C:\Users\Owner\Downloads\simulator-windows-64\dataTrack1\IMG\center_2024_11_20_20_21_52_504.jpg, C:\Users\Owner\Downloads\simulator-windows-64\dataTrack1\IMG\left_2024_11_20_20_21_52_504.jpg, C:\Users\Owner\Downloads\simulator-windows-64\dataTrack1\IMG\right_2024_11_20_20_21_52_504.jpg, 0, 0.1032261, 0, 20.26109
C:\Users\Owner\Downloads\simulator-windows-64\dataTrack1\IMG\center_2024_11_20_20_21_52_607.jpg, C:\Users\Owner\Downloads\simulator-windows-64\dataTrack1\IMG\left_2024_11_20_20_21_52_607.jpg, C:\Users\Owner\Downloads\simulator-windows-64\dataTrack1\IMG\right_2024_11_20_20_21_52_607.jpg, 0, 0.4140303, 0, 20.67509
C:\Users\Owner\Downloads\simulator-windows-64\dataTrack1\IMG\center_2024_11_20_20_21_52_712.jpg, C:\Users\Owner\Downloads\simulator-windows-64\dataTrack1\IMG\left_2024_11_20_20_21_52_712.jpg, C:\Users\Owner\Downloads\simulator-windows-64\dataTrack1\IMG\right_2024_11_20_20_21_52_712.jpg, -0.2054202, 0.1033332, 0, 20.49772
C:\Users\Owner\Downloads\simulator-windows-64\dataTrack1\IMG\center_2024_11_20_20_21_52_828.jpg, C:\Users\Owner\Downloads\simulator-windows-64\dataTrack1\IMG\left_2024_11_20_20_21_52_828.jpg, C:\Users\Owner\Downloads\simulator-windows-64\dataTrack1\IMG\right_2024_11_20_20_21_52_828.jpg, -0.4509972, 0, 0, 20.09421
C:\Users\Owner\Downloads\simulator-windows-64\dataTrack1\IMG\center_2024_11_20_20_21_52_931.jpg, C:\Users\Owner\Downloads\simulator-windows-64\dataTrack1\IMG\left_2024_11_20_20_21_52_931.jpg, C:\Users\Owner\Downloads\simulator-windows-64\dataTrack1\IMG\right_2024_11_20_20_21_52_931.jpg, -0.1431509, 0, 0, 20.19824
C:\Users\Owner\Downloads\simulator-windows-64\dataTrack1\IMG\center_2024_11_20_20_21_53_033.jpg, C:\Users\Owner\Downloads\simulator-windows-64\dataTrack1\IMG\left_2024_11_20_20_21_53_033.jpg, C:\Users\Owner\Downloads\simulator-windows-64\dataTrack1\IMG\right_2024_11_20_20_21_53_033.jpg, 0, 0.2187318, 0, 19.73731
C:\Users\Owner\Downloads\simulator-windows-64\dataTrack1\IMG\center_2024_11_20_20_21_53_139.jpg, C:\Users\Owner\Downloads\simulator-windows-64\dataTrack1\IMG\left_2024_11_20_20_21_53_139.jpg, C:\Users\Owner\Downloads\simulator-windows-64\dataTrack1\IMG\right_2024_11_20_20_21_53_139.jpg, 0, 0.1227033, 0, 20.17439
C:\Users\Owner\Downloads\simulator-windows-64\dataTrack1\IMG\center_2024_11_20_20_21_53_240.jpg, C:\Users\Owner\Downloads\simulator-windows-64\dataTrack1\IMG\left_2024_11_20_20_21_53_240.jpg, C:\Users\Owner\Downloads\simulator-windows-64\dataTrack1\IMG\right_2024_11_20_20_21_53_240.jpg, 0, 0.1034244, 0, 19.70202
C:\Users\Owner\Downloads\simulator-windows-64\dataTrack1\IMG\center_2024_11_20_20_21_53_348.jpg, C:\Users\Owner\Downloads\simulator-windows-64\dataTrack1\IMG\left_2024_11_20_20_21_53_348.jpg, C:\Users\Owner\Downloads\simulator-windows-64\dataTrack1\IMG\right_2024_11_20_20_21_53_348.jpg, -0.0540474, 0.2510727, 0, 19.89852
C:\Users\Owner\Downloads\simulator-windows-64\dataTrack1\IMG\center_2024_11_20_20_21_53_449.jpg, C:\Users\Owner\Downloads\simulator-windows-64\dataTrack1\IMG\left_2024_11_20_20_21_53_449.jpg, C:\Users\Owner\Downloads\simulator-windows-64\dataTrack1\IMG\right_2024_11_20_20_21_53_449.jpg, -0.3612996, 0, 0, 20.02123
C:\Users\Owner\Downloads\simulator-windows-64\dataTrack1\IMG\center_2024_11_20_20_21_53_551.jpg, C:\Users\Owner\Downloads\simulator-windows-64\dataTrack1\IMG\left_2024_11_20_20_21_53_551.jpg, C:\Users\Owner\Downloads\simulator-windows-64\dataTrack1\IMG\right_2024_11_20_20_21_53_551.jpg, -0.4606848, 0.3058284, 0, 19.57347
C:\Users\Owner\Downloads\simulator-windows-64\dataTrack1\IMG\center_2024_11_20_20_21_53_657.jpg, C:\Users\Owner\Downloads\simulator-windows-64\dataTrack1\IMG\left_2024_11_20_20_21_53_657.jpg, C:\Users\Owner\Downloads\simulator-windows-64\dataTrack1\IMG\right_2024_11_20_20_21_53_657.jpg, -0.143868, 0.19884, 0, 20.08566
C:\Users\Owner\Downloads\simulator-windows-64\dataTrack1\IMG\center_2024_11_20_20_21_53_758.jpg, C:\Users\Owner\Downloads\simulator-windows-64\dataTrack1\IMG\left_2024_11_20_20_21_53_758.jpg, C:\Users\Owner\Downloads\simulator-windows-64\dataTrack1\IMG\right_2024_11_20_20_21_53_758.jpg, 0, 0.1033035, 0, 19.64545
C:\Users\Owner\Downloads\simulator-windows-64\dataTrack1\IMG\center_2024_11_20_20_21_53_865.jpg, C:\Users\Owner\Downloads\simulator-windows-64\dataTrack1\IMG\left_2024_11_20_20_21_53_865.jpg, C:\Users\Owner\Downloads\simulator-windows-64\dataTrack1\IMG\right_2024_11_20_20_21_53_865.jpg, 0, 0.314217, 0, 19.83062
C:\Users\Owner\Downloads\simulator-windows-64\dataTrack1\IMG\center_2024_11_20_20_21_53_967.jpg, C:\Users\Owner\Downloads\simulator-windows-64\dataTrack1\IMG\left_2024_11_20_20_21_53_967.jpg, C:\Users\Owner\Downloads\simulator-windows-64\dataTrack1\IMG\right_2024_11_20_20_21_53_967.jpg, -0.2029581, 0.003485106, 0, 20.06586
C:\Users\Owner\Downloads\simulator-windows-64\dataTrack1\IMG\center_2024_11_20_20_21_54_072.jpg, C:\Users\Owner\Downloads\simulator-windows-64\dataTrack1\IMG\left_2024_11_20_20_21_54_072.jpg, C:\Users\Owner\Downloads\simulator-windows-64\dataTrack1\IMG\right_2024_11_20_20_21_54_072.jpg, 0, 0, 0, 19.51798
C:\Users\Owner\Downloads\simulator-windows-64\dataTrack1\IMG\center_2024_11_20_20_21_54_181.jpg, C:\Users\Owner\Downloads\simulator-windows-64\dataTrack1\IMG\left_2024_11_20_20_21_54_181.jpg, C:\Users\Owner\Downloads\simulator-windows-64\dataTrack1\IMG\right_2024_11_20_20_21_54_181.jpg, 0, 0.1562577, 0, 19.71818
C:\Users\Owner\Downloads\simulator-windows-64\dataTrack1\IMG\center_2024_11_20_20_21_54_284.jpg, C:\Users\Owner\Downloads\simulator-windows-64\dataTrack1\IMG\left_2024_11_20_20_21_54_284.jpg, C:\Users\Owner\Downloads\simulator-windows-64\dataTrack1\IMG\right_2024_11_20_20_21_54_284.jpg, 0, 0.3099942, 0, 19.94227
C:\Users\Owner\Downloads\simulator-windows-64\dataTrack1\IMG\center_2024_11_20_20_21_54_387.jpg, C:\Users\Owner\Downloads\simulator-windows-64\dataTrack1\IMG\left_2024_11_20_20_21_54_387.jpg, C:\Users\Owner\Downloads\simulator-windows-64\dataTrack1\IMG\right_2024_11_20_20_21_54_387.jpg, 0, 0.2038443, 0, 19.6445
C:\Users\Owner\Downloads\simulator-windows-64\dataTrack1\IMG\center_2024_11_20_20_21_54_491.jpg, C:\Users\Owner\Downloads\simulator-windows-64\dataTrack1\IMG\left_2024_11_20_20_21_54_491.jpg, C:\Users\Owner\Downloads\simulator-windows-64\dataTrack1\IMG\right_2024_11_20_20_21_54_491.jpg, 0, 0.410262, 0, 20.17807
C:\Users\Owner\Downloads\simulator-windows-64\dataTrack1\IMG\center_2024_11_20_20_21_54_596.jpg, C:\Users\Owner\Downloads\simulator-windows-64\dataTrack1\IMG\left_2024_11_20_20_21_54_596.jpg, C:\Users\Owner\Downloads\simulator-windows-64\dataTrack1\IMG\right_2024_11_20_20_21_54_596.jpg, 0, 0.3126498, 0, 20.06094
C:\Users\Owner\Downloads\simulator-windows-64\dataTrack1\IMG\center_2024_11_20_20_21_54_700.jpg, C:\Users\Owner\Downloads\simulator-windows-64\dataTrack1\IMG\left_2024_11_20_20_21_54_700.jpg, C:\Users\Owner\Downloads\simulator-windows-64\dataTrack1\IMG\right_2024_11_20_20_21_54_700.jpg, 0, 0.3668592, 0, 20.62211
C:\Users\Owner\Downloads\simulator-windows-64\dataTrack1\IMG\center_2024_11_20_20_21_54_803.jpg, C:\Users\Owner\Downloads\simulator-windows-64\dataTrack1\IMG\left_2024_11_20_20_21_54_803.jpg, C:\Users\Owner\Downloads\simulator-windows-64\dataTrack1\IMG\right_2024_11_20_20_21_54_803.jpg, 0, 0.415836, 0, 20.80594
C:\Users\Owner\Downloads\simulator-windows-64\dataTrack1\IMG\center_2024_11_20_20_21_54_906.jpg, C:\Users\Owner\Downloads\simulator-windows-64\dataTrack1\IMG\left_2024_11_20_20_21_54_906.jpg, C:\Users\Owner\Downloads\simulator-windows-64\dataTrack1\IMG\right_2024_11_20_20_21_54_906.jpg, 0, 0.1062867, 0, 20.64035
C:\Users\Owner\Downloads\simulator-windows-64\dataTrack1\IMG\center_2024_11_20_20_21_55_009.jpg, C:\Users\Owner\Downloads\simulator-windows-64\dataTrack1\IMG\left_2024_11_20_20_21_55_009.jpg, C:\Users\Owner\Downloads\simulator-windows-64\dataTrack1\IMG\right_2024_11_20_20_21_55_009.jpg, 0, 0.4186176, 0, 21.01998
C:\Users\Owner\Downloads\simulator-windows-64\dataTrack1\IMG\center_2024_11_20_20_21_55_114.jpg, C:\Users\Owner\Downloads\simulator-windows-64\dataTrack1\IMG\left_2024_11_20_20_21_55_114.jpg, C:\Users\Owner\Downloads\simulator-windows-64\dataTrack1\IMG\right_2024_11_20_20_21_55_114.jpg, -0.3129222, 0.1056954, 0, 20.84067
C:\Users\Owner\Downloads\simulator-windows-64\dataTrack1\IMG\center_2024_11_20_20_21_55_217.jpg, C:\Users\Owner\Downloads\simulator-windows-64\dataTrack1\IMG\left_2024_11_20_20_21_55_217.jpg, C:\Users\Owner\Downloads\simulator-windows-64\dataTrack1\IMG\right_2024_11_20_20_21_55_217.jpg, -0.3147774, 0, 0, 20.82263
C:\Users\Owner\Downloads\simulator-windows-64\dataTrack1\IMG\center_2024_11_20_20_21_55_321.jpg, C:\Users\Owner\Downloads\simulator-windows-64\dataTrack1\IMG\left_2024_11_20_20_21_55_321.jpg, C:\Users\Owner\Downloads\simulator-windows-64\dataTrack1\IMG\right_2024_11_20_20_21_55_321.jpg, -0.0566901, 0, 0, 20.3051
C:\Users\Owner\Downloads\simulator-windows-64\dataTrack1\IMG\center_2024_11_20_20_21_55_425.jpg, C:\Users\Owner\Downloads\simulator-windows-64\dataTrack1\IMG\left_2024_11_20_20_21_55_425.jpg, C:\Users\Owner\Downloads\simulator-windows-64\dataTrack1\IMG\right_2024_11_20_20_21_55_425.jpg, 0, 0.2580354, 0, 20.37654
C:\Users\Owner\Downloads\simulator-windows-64\dataTrack1\IMG\center_2024_11_20_20_21_55_538.jpg, C:\Users\Owner\Downloads\simulator-windows-64\dataTrack1\IMG\left_2024_11_20_20_21_55_538.jpg, C:\Users\Owner\Downloads\simulator-windows-64\dataTrack1\IMG\right_2024_11_20_20_21_55_538.jpg, 0, 0, 0, 20.57551
C:\Users\Owner\Downloads\simulator-windows-64\dataTrack1\IMG\center_2024_11_20_20_21_55_640.jpg, C:\Users\Owner\Downloads\simulator-windows-64\dataTrack1\IMG\left_2024_11_20_20_21_55_640.jpg, C:\Users\Owner\Downloads\simulator-windows-64\dataTrack1\IMG\right_2024_11_20_20_21_55_640.jpg, 0, 0.2552562, 0, 20.21734
C:\Users\Owner\Downloads\simulator-windows-64\dataTrack1\IMG\center_2024_11_20_20_21_55_745.jpg, C:\Users\Owner\Downloads\simulator-windows-64\dataTrack1\IMG\left_2024_11_20_20_21_55_745.jpg, C:\Users\Owner\Downloads\simulator-windows-64\dataTrack1\IMG\right_2024_11_20_20_21_55_745.jpg, 0, 0, 0, 20.17283
C:\Users\Owner\Downloads\simulator-windows-64\dataTrack1\IMG\center_2024_11_20_20_21_55_850.jpg, C:\Users\Owner\Downloads\simulator-windows-64\dataTrack1\IMG\left_2024_11_20_20_21_55_850.jpg, C:\Users\Owner\Downloads\simulator-windows-64\dataTrack1\IMG\right_2024_11_20_20_21_55_850.jpg, 0, 0.1046745, 0, 20.43868
C:\Users\Owner\Downloads\simulator-windows-64\dataTrack1\IMG\center_2024_11_20_20_21_55_953.jpg, C:\Users\Owner\Downloads\simulator-windows-64\dataTrack1\IMG\left_2024_11_20_20_21_55_953.jpg, C:\Users\Owner\Downloads\simulator-windows-64\dataTrack1\IMG\right_2024_11_20_20_21_55_953.jpg, -0.1985361, 0, 0, 19.90442
C:\Users\Owner\Downloads\simulator-windows-64\dataTrack1\IMG\center_2024_11_20_20_21_56_056.jpg, C:\Users\Owner\Downloads\simulator-windows-64\dataTrack1\IMG\left_2024_11_20_20_21_56_056.jpg, C:\Users\Owner\Downloads\simulator-windows-64\dataTrack1\IMG\right_2024_11_20_20_21_56_056.jpg, 0, 0, 0, 20.03161
C:\Users\Owner\Downloads\simulator-windows-64\dataTrack1\IMG\center_2024_11_20_20_21_56_159.jpg, C:\Users\Owner\Downloads\simulator-windows-64\dataTrack1\IMG\left_2024_11_20_20_21_56_159.jpg, C:\Users\Owner\Downloads\simulator-windows-64\dataTrack1\IMG\right_2024_11_20_20_21_56_159.jpg, 0, 0.2029119, 0, 19.65458
C:\Users\Owner\Downloads\simulator-windows-64\dataTrack1\IMG\center_2024_11_20_20_21_56_264.jpg, C:\Users\Owner\Downloads\simulator-windows-64\dataTrack1\IMG\left_2024_11_20_20_21_56_264.jpg, C:\Users\Owner\Downloads\simulator-windows-64\dataTrack1\IMG\right_2024_11_20_20_21_56_264.jpg, 0, 0, 0, 19.48112
C:\Users\Owner\Downloads\simulator-windows-64\dataTrack1\IMG\center_2024_11_20_20_21_56_367.jpg, C:\Users\Owner\Downloads\simulator-windows-64\dataTrack1\IMG\left_2024_11_20_20_21_56_367.jpg, C:\Users\Owner\Downloads\simulator-windows-64\dataTrack1\IMG\right_2024_11_20_20_21_56_367.jpg, 0, 0.2134863, 0, 19.83471
C:\Users\Owner\Downloads\simulator-windows-64\dataTrack1\IMG\center_2024_11_20_20_21_56_471.jpg, C:\Users\Owner\Downloads\simulator-windows-64\dataTrack1\IMG\left_2024_11_20_20_21_56_471.jpg, C:\Users\Owner\Downloads\simulator-windows-64\dataTrack1\IMG\right_2024_11_20_20_21_56_471.jpg, -0.0533358, 0, 0, 19.37465
C:\Users\Owner\Downloads\simulator-windows-64\dataTrack1\IMG\center_2024_11_20_20_21_56_575.jpg, C:\Users\Owner\Downloads\simulator-windows-64\dataTrack1\IMG\left_2024_11_20_20_21_56_575.jpg, C:\Users\Owner\Downloads\simulator-windows-64\dataTrack1\IMG\right_2024_11_20_20_21_56_575.jpg, -0.1541457, 0, 0, 19.51606
C:\Users\Owner\Downloads\simulator-windows-64\dataTrack1\IMG\center_2024_11_20_20_21_56_680.jpg, C:\Users\Owner\Downloads\simulator-windows-64\dataTrack1\IMG\left_2024_11_20_20_21_56_680.jpg, C:\Users\Owner\Downloads\simulator-windows-64\dataTrack1\IMG\right_2024_11_20_20_21_56_680.jpg, 0, 0, 0, 18.91526
C:\Users\Owner\Downloads\simulator-windows-64\dataTrack1\IMG\center_2024_11_20_20_21_56_783.jpg, C:\Users\Owner\Downloads\simulator-windows-64\dataTrack1\IMG\left_2024_11_20_20_21_56_783.jpg, C:\Users\Owner\Downloads\simulator-windows-64\dataTrack1\IMG\right_2024_11_20_20_21_56_783.jpg, 0, 0.1058082, 0, 18.69113
C:\Users\Owner\Downloads\simulator-windows-64\dataTrack1\IMG\center_2024_11_20_20_21_56_887.jpg, C:\Users\Owner\Downloads\simulator-windows-64\dataTrack1\IMG\left_2024_11_20_20_21_56_887.jpg, C:\Users\Owner\Downloads\simulator-windows-64\dataTrack1\IMG\right_2024_11_20_20_21_56_887.jpg, 0, 0.3110541, 0, 19.24109
C:\Users\Owner\Downloads\simulator-windows-64\dataTrack1\IMG\center_2024_11_20_20_21_56_989.jpg, C:\Users\Owner\Downloads\simulator-windows-64\dataTrack1\IMG\left_2024_11_20_20_21_56_989.jpg, C:\Users\Owner\Downloads\simulator-windows-64\dataTrack1\IMG\right_2024_11_20_20_21_56_989.jpg, 0, 0.006174572, 0, 18.83837
C:\Users\Owner\Downloads\simulator-windows-64\dataTrack1\IMG\center_2024_11_20_20_21_57_093.jpg, C:\Users\Owner\Downloads\simulator-windows-64\dataTrack1\IMG\left_2024_11_20_20_21_57_093.jpg, C:\Users\Owner\Downloads\simulator-windows-64\dataTrack1\IMG\right_2024_11_20_20_21_57_093.jpg, -0.003763199, 0, 0, 19.06016
C:\Users\Owner\Downloads\simulator-windows-64\dataTrack1\IMG\center_2024_11_20_20_21_57_197.jpg, C:\Users\Owner\Downloads\simulator-windows-64\dataTrack1\IMG\left_2024_11_20_20_21_57_197.jpg, C:\Users\Owner\Downloads\simulator-windows-64\dataTrack1\IMG\right_2024_11_20_20_21_57_197.jpg, 0, 0, 0, 18.3964
C:\Users\Owner\Downloads\simulator-windows-64\dataTrack1\IMG\center_2024_11_20_20_21_57_300.jpg, C:\Users\Owner\Downloads\simulator-windows-64\dataTrack1\IMG\left_2024_11_20_20_21_57_300.jpg, C:\Users\Owner\Downloads\simulator-windows-64\dataTrack1\IMG\right_2024_11_20_20_21_57_300.jpg, 0, 0, 0, 18.69521
C:\Users\Owner\Downloads\simulator-windows-64\dataTrack1\IMG\center_2024_11_20_20_21_57_405.jpg, C:\Users\Owner\Downloads\simulator-windows-64\dataTrack1\IMG\left_2024_11_20_20_21_57_405.jpg, C:\Users\Owner\Downloads\simulator-windows-64\dataTrack1\IMG\right_2024_11_20_20_21_57_405.jpg, -0.1561467, 0, 0, 18.46307
C:\Users\Owner\Downloads\simulator-windows-64\dataTrack1\IMG\center_2024_11_20_20_21_57_508.jpg, C:\Users\Owner\Downloads\simulator-windows-64\dataTrack1\IMG\left_2024_11_20_20_21_57_508.jpg, C:\Users\Owner\Downloads\simulator-windows-64\dataTrack1\IMG\right_2024_11_20_20_21_57_508.jpg, -0.4657662, 0, 0, 17.70993
C:\Users\Owner\Downloads\simulator-windows-64\dataTrack1\IMG\center_2024_11_20_20_21_57_614.jpg, C:\Users\Owner\Downloads\simulator-windows-64\dataTrack1\IMG\left_2024_11_20_20_21_57_614.jpg, C:\Users\Owner\Downloads\simulator-windows-64\dataTrack1\IMG\right_2024_11_20_20_21_57_614.jpg, -0.1517718, 0, 0, 17.99471
C:\Users\Owner\Downloads\simulator-windows-64\dataTrack1\IMG\center_2024_11_20_20_21_57_717.jpg, C:\Users\Owner\Downloads\simulator-windows-64\dataTrack1\IMG\left_2024_11_20_20_21_57_717.jpg, C:\Users\Owner\Downloads\simulator-windows-64\dataTrack1\IMG\right_2024_11_20_20_21_57_717.jpg, -0.05819159, 0, 0, 17.29608
C:\Users\Owner\Downloads\simulator-windows-64\dataTrack1\IMG\center_2024_11_20_20_21_57_823.jpg, C:\Users\Owner\Downloads\simulator-windows-64\dataTrack1\IMG\left_2024_11_20_20_21_57_823.jpg, C:\Users\Owner\Downloads\simulator-windows-64\dataTrack1\IMG\right_2024_11_20_20_21_57_823.jpg, -0.2074464, 0, 0, 17.0456
C:\Users\Owner\Downloads\simulator-windows-64\dataTrack1\IMG\center_2024_11_20_20_21_57_925.jpg, C:\Users\Owner\Downloads\simulator-windows-64\dataTrack1\IMG\left_2024_11_20_20_21_57_925.jpg, C:\Users\Owner\Downloads\simulator-windows-64\dataTrack1\IMG\right_2024_11_20_20_21_57_925.jpg, 0, 0, 0, 17.39356
C:\Users\Owner\Downloads\simulator-windows-64\dataTrack1\IMG\center_2024_11_20_20_21_58_032.jpg, C:\Users\Owner\Downloads\simulator-windows-64\dataTrack1\IMG\left_2024_11_20_20_21_58_032.jpg, C:\Users\Owner\Downloads\simulator-windows-64\dataTrack1\IMG\right_2024_11_20_20_21_58_032.jpg, -0.1588383, 0, 0, 16.68372
C:\Users\Owner\Downloads\simulator-windows-64\dataTrack1\IMG\center_2024_11_20_20_21_58_136.jpg, C:\Users\Owner\Downloads\simulator-windows-64\dataTrack1\IMG\left_2024_11_20_20_21_58_136.jpg, C:\Users\Owner\Downloads\simulator-windows-64\dataTrack1\IMG\right_2024_11_20_20_21_58_136.jpg, -0.2698428, 0, 0, 17.00193
C:\Users\Owner\Downloads\simulator-windows-64\dataTrack1\IMG\center_2024_11_20_20_21_58_239.jpg, C:\Users\Owner\Downloads\simulator-windows-64\dataTrack1\IMG\left_2024_11_20_20_21_58_239.jpg, C:\Users\Owner\Downloads\simulator-windows-64\dataTrack1\IMG\right_2024_11_20_20_21_58_239.jpg, 0, 0.3089952, 0, 16.47546
C:\Users\Owner\Downloads\simulator-windows-64\dataTrack1\IMG\center_2024_11_20_20_21_58_342.jpg, C:\Users\Owner\Downloads\simulator-windows-64\dataTrack1\IMG\left_2024_11_20_20_21_58_342.jpg, C:\Users\Owner\Downloads\simulator-windows-64\dataTrack1\IMG\right_2024_11_20_20_21_58_342.jpg, 0, 0, 0, 16.45346
C:\Users\Owner\Downloads\simulator-windows-64\dataTrack1\IMG\center_2024_11_20_20_21_58_447.jpg, C:\Users\Owner\Downloads\simulator-windows-64\dataTrack1\IMG\left_2024_11_20_20_21_58_447.jpg, C:\Users\Owner\Downloads\simulator-windows-64\dataTrack1\IMG\right_2024_11_20_20_21_58_447.jpg, 0, 0.2236278, 0, 16.89495
C:\Users\Owner\Downloads\simulator-windows-64\dataTrack1\IMG\center_2024_11_20_20_21_58_551.jpg, C:\Users\Owner\Downloads\simulator-windows-64\dataTrack1\IMG\left_2024_11_20_20_21_58_551.jpg, C:\Users\Owner\Downloads\simulator-windows-64\dataTrack1\IMG\right_2024_11_20_20_21_58_551.jpg, 0, 0.1179615, 0, 16.52175
C:\Users\Owner\Downloads\simulator-windows-64\dataTrack1\IMG\center_2024_11_20_20_21_58_654.jpg, C:\Users\Owner\Downloads\simulator-windows-64\dataTrack1\IMG\left_2024_11_20_20_21_58_654.jpg, C:\Users\Owner\Downloads\simulator-windows-64\dataTrack1\IMG\right_2024_11_20_20_21_58_654.jpg, 0, 0.2512554, 0, 16.96342
C:\Users\Owner\Downloads\simulator-windows-64\dataTrack1\IMG\center_2024_11_20_20_21_58_757.jpg, C:\Users\Owner\Downloads\simulator-windows-64\dataTrack1\IMG\left_2024_11_20_20_21_58_757.jpg, C:\Users\Owner\Downloads\simulator-windows-64\dataTrack1\IMG\right_2024_11_20_20_21_58_757.jpg, 0, 0, 0, 16.45092
C:\Users\Owner\Downloads\simulator-windows-64\dataTrack1\IMG\center_2024_11_20_20_21_58_863.jpg, C:\Users\Owner\Downloads\simulator-windows-64\dataTrack1\IMG\left_2024_11_20_20_21_58_863.jpg, C:\Users\Owner\Downloads\simulator-windows-64\dataTrack1\IMG\right_2024_11_20_20_21_58_863.jpg, 0, 0.2078013, 0, 16.51082
C:\Users\Owner\Downloads\simulator-windows-64\dataTrack1\IMG\center_2024_11_20_20_21_58_967.jpg, C:\Users\Owner\Downloads\simulator-windows-64\dataTrack1\IMG\left_2024_11_20_20_21_58_967.jpg, C:\Users\Owner\Downloads\simulator-windows-64\dataTrack1\IMG\right_2024_11_20_20_21_58_967.jpg, 0, 0.0578319, 0, 16.90264
C:\Users\Owner\Downloads\simulator-windows-64\dataTrack1\IMG\center_2024_11_20_20_21_59_071.jpg, C:\Users\Owner\Downloads\simulator-windows-64\dataTrack1\IMG\left_2024_11_20_20_21_59_071.jpg, C:\Users\Owner\Downloads\simulator-windows-64\dataTrack1\IMG\right_2024_11_20_20_21_59_071.jpg, 0, 0.1608879, 0, 16.45131
C:\Users\Owner\Downloads\simulator-windows-64\dataTrack1\IMG\center_2024_11_20_20_21_59_175.jpg, C:\Users\Owner\Downloads\simulator-windows-64\dataTrack1\IMG\left_2024_11_20_20_21_59_175.jpg, C:\Users\Owner\Downloads\simulator-windows-64\dataTrack1\IMG\right_2024_11_20_20_21_59_175.jpg, 0, 0.1042629, 0, 16.86229
C:\Users\Owner\Downloads\simulator-windows-64\dataTrack1\IMG\center_2024_11_20_20_21_59_277.jpg, C:\Users\Owner\Downloads\simulator-windows-64\dataTrack1\IMG\left_2024_11_20_20_21_59_277.jpg, C:\Users\Owner\Downloads\simulator-windows-64\dataTrack1\IMG\right_2024_11_20_20_21_59_277.jpg, 0, 0.1002126, 0, 16.42397
C:\Users\Owner\Downloads\simulator-windows-64\dataTrack1\IMG\center_2024_11_20_20_21_59_380.jpg, C:\Users\Owner\Downloads\simulator-windows-64\dataTrack1\IMG\left_2024_11_20_20_21_59_380.jpg, C:\Users\Owner\Downloads\simulator-windows-64\dataTrack1\IMG\right_2024_11_20_20_21_59_380.jpg, -0.2640648, 0, 0, 16.74555
C:\Users\Owner\Downloads\simulator-windows-64\dataTrack1\IMG\center_2024_11_20_20_21_59_486.jpg, C:\Users\Owner\Downloads\simulator-windows-64\dataTrack1\IMG\left_2024_11_20_20_21_59_486.jpg, C:\Users\Owner\Downloads\simulator-windows-64\dataTrack1\IMG\right_2024_11_20_20_21_59_486.jpg, -0.3162927, 0, 0, 16.4884
C:\Users\Owner\Downloads\simulator-windows-64\dataTrack1\IMG\center_2024_11_20_20_21_59_590.jpg, C:\Users\Owner\Downloads\simulator-windows-64\dataTrack1\IMG\left_2024_11_20_20_21_59_590.jpg, C:\Users\Owner\Downloads\simulator-windows-64\dataTrack1\IMG\right_2024_11_20_20_21_59_590.jpg, -0.008158486, 0.0528654, 0, 15.80417
C:\Users\Owner\Downloads\simulator-windows-64\dataTrack1\IMG\center_2024_11_20_20_21_59_692.jpg, C:\Users\Owner\Downloads\simulator-windows-64\dataTrack1\IMG\left_2024_11_20_20_21_59_692.jpg, C:\Users\Owner\Downloads\simulator-windows-64\dataTrack1\IMG\right_2024_11_20_20_21_59_692.jpg, 0, 0.3618654, 0, 16.34143
C:\Users\Owner\Downloads\simulator-windows-64\dataTrack1\IMG\center_2024_11_20_20_21_59_797.jpg, C:\Users\Owner\Downloads\simulator-windows-64\dataTrack1\IMG\left_2024_11_20_20_21_59_797.jpg, C:\Users\Owner\Downloads\simulator-windows-64\dataTrack1\IMG\right_2024_11_20_20_21_59_797.jpg, 0, 0.04601673, 0, 15.95424
C:\Users\Owner\Downloads\simulator-windows-64\dataTrack1\IMG\center_2024_11_20_20_21_59_901.jpg, C:\Users\Owner\Downloads\simulator-windows-64\dataTrack1\IMG\left_2024_11_20_20_21_59_901.jpg, C:\Users\Owner\Downloads\simulator-windows-64\dataTrack1\IMG\right_2024_11_20_20_21_59_901.jpg, 0, 0.1732464, 0, 16.36684
C:\Users\Owner\Downloads\simulator-windows-64\dataTrack1\IMG\center_2024_11_20_20_22_00_005.jpg, C:\Users\Owner\Downloads\simulator-windows-64\dataTrack1\IMG\left_2024_11_20_20_22_00_005.jpg, C:\Users\Owner\Downloads\simulator-windows-64\dataTrack1\IMG\right_2024_11_20_20_22_00_005.jpg, 0, 0.0934602, 0, 16.51116
C:\Users\Owner\Downloads\simulator-windows-64\dataTrack1\IMG\center_2024_11_20_20_22_00_107.jpg, C:\Users\Owner\Downloads\simulator-windows-64\dataTrack1\IMG\left_2024_11_20_20_22_00_107.jpg, C:\Users\Owner\Downloads\simulator-windows-64\dataTrack1\IMG\right_2024_11_20_20_22_00_107.jpg, 0, 0.4024209, 0, 16.19073
C:\Users\Owner\Downloads\simulator-windows-64\dataTrack1\IMG\center_2024_11_20_20_22_00_213.jpg, C:\Users\Owner\Downloads\simulator-windows-64\dataTrack1\IMG\left_2024_11_20_20_22_00_213.jpg, C:\Users\Owner\Downloads\simulator-windows-64\dataTrack1\IMG\right_2024_11_20_20_22_00_213.jpg, 0, 0.2695464, 0, 16.96252
C:\Users\Owner\Downloads\simulator-windows-64\dataTrack1\IMG\center_2024_11_20_20_22_00_317.jpg, C:\Users\Owner\Downloads\simulator-windows-64\dataTrack1\IMG\left_2024_11_20_20_22_00_317.jpg, C:\Users\Owner\Downloads\simulator-windows-64\dataTrack1\IMG\right_2024_11_20_20_22_00_317.jpg, 0, 0.5817465, 0, 16.94953
C:\Users\Owner\Downloads\simulator-windows-64\dataTrack1\IMG\center_2024_11_20_20_22_00_419.jpg, C:\Users\Owner\Downloads\simulator-windows-64\dataTrack1\IMG\left_2024_11_20_20_22_00_419.jpg, C:\Users\Owner\Downloads\simulator-windows-64\dataTrack1\IMG\right_2024_11_20_20_22_00_419.jpg, 0, 0.5070744, 0, 17.85856
C:\Users\Owner\Downloads\simulator-windows-64\dataTrack1\IMG\center_2024_11_20_20_22_00_524.jpg, C:\Users\Owner\Downloads\simulator-windows-64\dataTrack1\IMG\left_2024_11_20_20_22_00_524.jpg, C:\Users\Owner\Downloads\simulator-windows-64\dataTrack1\IMG\right_2024_11_20_20_22_00_524.jpg, 0, 0.7671737, 0, 18.50483
C:\Users\Owner\Downloads\simulator-windows-64\dataTrack1\IMG\center_2024_11_20_20_22_00_626.jpg, C:\Users\Owner\Downloads\simulator-windows-64\dataTrack1\IMG\left_2024_11_20_20_22_00_626.jpg, C:\Users\Owner\Downloads\simulator-windows-64\dataTrack1\IMG\right_2024_11_20_20_22_00_626.jpg, 0, 0.4587353, 0, 18.7695
C:\Users\Owner\Downloads\simulator-windows-64\dataTrack1\IMG\center_2024_11_20_20_22_00_733.jpg, C:\Users\Owner\Downloads\simulator-windows-64\dataTrack1\IMG\left_2024_11_20_20_22_00_733.jpg, C:\Users\Owner\Downloads\simulator-windows-64\dataTrack1\IMG\right_2024_11_20_20_22_00_733.jpg, 0, 0.7760639, 0, 19.58922
C:\Users\Owner\Downloads\simulator-windows-64\dataTrack1\IMG\center_2024_11_20_20_22_00_841.jpg, C:\Users\Owner\Downloads\simulator-windows-64\dataTrack1\IMG\left_2024_11_20_20_22_00_841.jpg, C:\Users\Owner\Downloads\simulator-windows-64\dataTrack1\IMG\right_2024_11_20_20_22_00_841.jpg, 0, 0.4991765, 0, 19.96236
C:\Users\Owner\Downloads\simulator-windows-64\dataTrack1\IMG\center_2024_11_20_20_22_00_944.jpg, C:\Users\Owner\Downloads\simulator-windows-64\dataTrack1\IMG\left_2024_11_20_20_22_00_944.jpg, C:\Users\Owner\Downloads\simulator-windows-64\dataTrack1\IMG\right_2024_11_20_20_22_00_944.jpg, 0, 0.5557392, 0, 20.569
C:\Users\Owner\Downloads\simulator-windows-64\dataTrack1\IMG\center_2024_11_20_20_22_01_052.jpg, C:\Users\Owner\Downloads\simulator-windows-64\dataTrack1\IMG\left_2024_11_20_20_22_01_052.jpg, C:\Users\Owner\Downloads\simulator-windows-64\dataTrack1\IMG\right_2024_11_20_20_22_01_052.jpg, 0, 0.3475896, 0, 21.02949
C:\Users\Owner\Downloads\simulator-windows-64\dataTrack1\IMG\center_2024_11_20_20_22_01_156.jpg, C:\Users\Owner\Downloads\simulator-windows-64\dataTrack1\IMG\left_2024_11_20_20_22_01_156.jpg, C:\Users\Owner\Downloads\simulator-windows-64\dataTrack1\IMG\right_2024_11_20_20_22_01_156.jpg, 0, 0.4525641, 0, 21.17882
C:\Users\Owner\Downloads\simulator-windows-64\dataTrack1\IMG\center_2024_11_20_20_22_01_258.jpg, C:\Users\Owner\Downloads\simulator-windows-64\dataTrack1\IMG\left_2024_11_20_20_22_01_258.jpg, C:\Users\Owner\Downloads\simulator-windows-64\dataTrack1\IMG\right_2024_11_20_20_22_01_258.jpg, 0, 0.3458163, 0, 21.5619
C:\Users\Owner\Downloads\simulator-windows-64\dataTrack1\IMG\center_2024_11_20_20_22_01_360.jpg, C:\Users\Owner\Downloads\simulator-windows-64\dataTrack1\IMG\left_2024_11_20_20_22_01_360.jpg, C:\Users\Owner\Downloads\simulator-windows-64\dataTrack1\IMG\right_2024_11_20_20_22_01_360.jpg, 0, 0.3921855, 0, 21.68807
C:\Users\Owner\Downloads\simulator-windows-64\dataTrack1\IMG\center_2024_11_20_20_22_01_465.jpg, C:\Users\Owner\Downloads\simulator-windows-64\dataTrack1\IMG\left_2024_11_20_20_22_01_465.jpg, C:\Users\Owner\Downloads\simulator-windows-64\dataTrack1\IMG\right_2024_11_20_20_22_01_465.jpg, 0, 0.3399741, 0, 21.78355
C:\Users\Owner\Downloads\simulator-windows-64\dataTrack1\IMG\center_2024_11_20_20_22_01_568.jpg, C:\Users\Owner\Downloads\simulator-windows-64\dataTrack1\IMG\left_2024_11_20_20_22_01_568.jpg, C:\Users\Owner\Downloads\simulator-windows-64\dataTrack1\IMG\right_2024_11_20_20_22_01_568.jpg, 0, 0.3362463, 0, 22.27334
C:\Users\Owner\Downloads\simulator-windows-64\dataTrack1\IMG\center_2024_11_20_20_22_01_671.jpg, C:\Users\Owner\Downloads\simulator-windows-64\dataTrack1\IMG\left_2024_11_20_20_22_01_671.jpg, C:\Users\Owner\Downloads\simulator-windows-64\dataTrack1\IMG\right_2024_11_20_20_22_01_671.jpg, 0, 0.3350994, 0, 22.18719
C:\Users\Owner\Downloads\simulator-windows-64\dataTrack1\IMG\center_2024_11_20_20_22_01_776.jpg, C:\Users\Owner\Downloads\simulator-windows-64\dataTrack1\IMG\left_2024_11_20_20_22_01_776.jpg, C:\Users\Owner\Downloads\simulator-windows-64\dataTrack1\IMG\right_2024_11_20_20_22_01_776.jpg, 0, 0.3336651, 0, 22.61562
C:\Users\Owner\Downloads\simulator-windows-64\dataTrack1\IMG\center_2024_11_20_20_22_01_877.jpg, C:\Users\Owner\Downloads\simulator-windows-64\dataTrack1\IMG\left_2024_11_20_20_22_01_877.jpg, C:\Users\Owner\Downloads\simulator-windows-64\dataTrack1\IMG\right_2024_11_20_20_22_01_877.jpg, 0, 0.2387283, 0, 22.55246
C:\Users\Owner\Downloads\simulator-windows-64\dataTrack1\IMG\center_2024_11_20_20_22_01_983.jpg, C:\Users\Owner\Downloads\simulator-windows-64\dataTrack1\IMG\left_2024_11_20_20_22_01_983.jpg, C:\Users\Owner\Downloads\simulator-windows-64\dataTrack1\IMG\right_2024_11_20_20_22_01_983.jpg, 0, 0.1391172, 0, 22.68727
C:\Users\Owner\Downloads\simulator-windows-64\dataTrack1\IMG\center_2024_11_20_20_22_02_087.jpg, C:\Users\Owner\Downloads\simulator-windows-64\dataTrack1\IMG\left_2024_11_20_20_22_02_087.jpg, C:\Users\Owner\Downloads\simulator-windows-64\dataTrack1\IMG\right_2024_11_20_20_22_02_087.jpg, 0, 0.1494669, 0, 22.5951
C:\Users\Owner\Downloads\simulator-windows-64\dataTrack1\IMG\center_2024_11_20_20_22_02_191.jpg, C:\Users\Owner\Downloads\simulator-windows-64\dataTrack1\IMG\left_2024_11_20_20_22_02_191.jpg, C:\Users\Owner\Downloads\simulator-windows-64\dataTrack1\IMG\right_2024_11_20_20_22_02_191.jpg, 0, 0.044118, 0, 22.51476
C:\Users\Owner\Downloads\simulator-windows-64\dataTrack1\IMG\center_2024_11_20_20_22_02_293.jpg, C:\Users\Owner\Downloads\simulator-windows-64\dataTrack1\IMG\left_2024_11_20_20_22_02_293.jpg, C:\Users\Owner\Downloads\simulator-windows-64\dataTrack1\IMG\right_2024_11_20_20_22_02_293.jpg, 0, 0.2068314, 0, 22.41337
C:\Users\Owner\Downloads\simulator-windows-64\dataTrack1\IMG\center_2024_11_20_20_22_02_397.jpg, C:\Users\Owner\Downloads\simulator-windows-64\dataTrack1\IMG\left_2024_11_20_20_22_02_397.jpg, C:\Users\Owner\Downloads\simulator-windows-64\dataTrack1\IMG\right_2024_11_20_20_22_02_397.jpg, 0, 0.1020891, 0, 22.45076
C:\Users\Owner\Downloads\simulator-windows-64\dataTrack1\IMG\center_2024_11_20_20_22_02_501.jpg, C:\Users\Owner\Downloads\simulator-windows-64\dataTrack1\IMG\left_2024_11_20_20_22_02_501.jpg, C:\Users\Owner\Downloads\simulator-windows-64\dataTrack1\IMG\right_2024_11_20_20_22_02_501.jpg, 0, 0.0527505, 0, 22.28092
C:\Users\Owner\Downloads\simulator-windows-64\dataTrack1\IMG\center_2024_11_20_20_22_02_606.jpg, C:\Users\Owner\Downloads\simulator-windows-64\dataTrack1\IMG\left_2024_11_20_20_22_02_606.jpg, C:\Users\Owner\Downloads\simulator-windows-64\dataTrack1\IMG\right_2024_11_20_20_22_02_606.jpg, -0.2097096, 0.2024307, 0, 22.32839
C:\Users\Owner\Downloads\simulator-windows-64\dataTrack1\IMG\center_2024_11_20_20_22_02_708.jpg, C:\Users\Owner\Downloads\simulator-windows-64\dataTrack1\IMG\left_2024_11_20_20_22_02_708.jpg, C:\Users\Owner\Downloads\simulator-windows-64\dataTrack1\IMG\right_2024_11_20_20_22_02_708.jpg, -0.2117223, 0, 0, 22.04919
C:\Users\Owner\Downloads\simulator-windows-64\dataTrack1\IMG\center_2024_11_20_20_22_02_810.jpg, C:\Users\Owner\Downloads\simulator-windows-64\dataTrack1\IMG\left_2024_11_20_20_22_02_810.jpg, C:\Users\Owner\Downloads\simulator-windows-64\dataTrack1\IMG\right_2024_11_20_20_22_02_810.jpg, 0, 0, 0, 21.87979
C:\Users\Owner\Downloads\simulator-windows-64\dataTrack1\IMG\center_2024_11_20_20_22_02_917.jpg, C:\Users\Owner\Downloads\simulator-windows-64\dataTrack1\IMG\left_2024_11_20_20_22_02_917.jpg, C:\Users\Owner\Downloads\simulator-windows-64\dataTrack1\IMG\right_2024_11_20_20_22_02_917.jpg, 0, 0.0541317, 0, 21.56946
C:\Users\Owner\Downloads\simulator-windows-64\dataTrack1\IMG\center_2024_11_20_20_22_03_020.jpg, C:\Users\Owner\Downloads\simulator-windows-64\dataTrack1\IMG\left_2024_11_20_20_22_03_020.jpg, C:\Users\Owner\Downloads\simulator-windows-64\dataTrack1\IMG\right_2024_11_20_20_22_03_020.jpg, 0, 0.2557695, 0, 21.69365
C:\Users\Owner\Downloads\simulator-windows-64\dataTrack1\IMG\center_2024_11_20_20_22_03_123.jpg, C:\Users\Owner\Downloads\simulator-windows-64\dataTrack1\IMG\left_2024_11_20_20_22_03_123.jpg, C:\Users\Owner\Downloads\simulator-windows-64\dataTrack1\IMG\right_2024_11_20_20_22_03_123.jpg, 0, 0, 0, 21.59899
C:\Users\Owner\Downloads\simulator-windows-64\dataTrack1\IMG\center_2024_11_20_20_22_03_225.jpg, C:\Users\Owner\Downloads\simulator-windows-64\dataTrack1\IMG\left_2024_11_20_20_22_03_225.jpg, C:\Users\Owner\Downloads\simulator-windows-64\dataTrack1\IMG\right_2024_11_20_20_22_03_225.jpg, 0, 0.3107703, 0, 21.41524
C:\Users\Owner\Downloads\simulator-windows-64\dataTrack1\IMG\center_2024_11_20_20_22_03_329.jpg, C:\Users\Owner\Downloads\simulator-windows-64\dataTrack1\IMG\left_2024_11_20_20_22_03_329.jpg, C:\Users\Owner\Downloads\simulator-windows-64\dataTrack1\IMG\right_2024_11_20_20_22_03_329.jpg, 0, 0, 0, 21.59968
C:\Users\Owner\Downloads\simulator-windows-64\dataTrack1\IMG\center_2024_11_20_20_22_03_435.jpg, C:\Users\Owner\Downloads\simulator-windows-64\dataTrack1\IMG\left_2024_11_20_20_22_03_435.jpg, C:\Users\Owner\Downloads\simulator-windows-64\dataTrack1\IMG\right_2024_11_20_20_22_03_435.jpg, 0, 0.2095764, 0, 21.18794
C:\Users\Owner\Downloads\simulator-windows-64\dataTrack1\IMG\center_2024_11_20_20_22_03_537.jpg, C:\Users\Owner\Downloads\simulator-windows-64\dataTrack1\IMG\left_2024_11_20_20_22_03_537.jpg, C:\Users\Owner\Downloads\simulator-windows-64\dataTrack1\IMG\right_2024_11_20_20_22_03_537.jpg, 0, 0.1185402, 0, 21.54103
C:\Users\Owner\Downloads\simulator-windows-64\dataTrack1\IMG\center_2024_11_20_20_22_03_640.jpg, C:\Users\Owner\Downloads\simulator-windows-64\dataTrack1\IMG\left_2024_11_20_20_22_03_640.jpg, C:\Users\Owner\Downloads\simulator-windows-64\dataTrack1\IMG\right_2024_11_20_20_22_03_640.jpg, 0, 0.1635249, 0, 21.14333
C:\Users\Owner\Downloads\simulator-windows-64\dataTrack1\IMG\center_2024_11_20_20_22_03_744.jpg, C:\Users\Owner\Downloads\simulator-windows-64\dataTrack1\IMG\left_2024_11_20_20_22_03_744.jpg, C:\Users\Owner\Downloads\simulator-windows-64\dataTrack1\IMG\right_2024_11_20_20_22_03_744.jpg, 0, 0.1136385, 0, 21.24771
C:\Users\Owner\Downloads\simulator-windows-64\dataTrack1\IMG\center_2024_11_20_20_22_03_849.jpg, C:\Users\Owner\Downloads\simulator-windows-64\dataTrack1\IMG\left_2024_11_20_20_22_03_849.jpg, C:\Users\Owner\Downloads\simulator-windows-64\dataTrack1\IMG\right_2024_11_20_20_22_03_849.jpg, -0.0968409, 0, 0, 21.30573
C:\Users\Owner\Downloads\simulator-windows-64\dataTrack1\IMG\center_2024_11_20_20_22_03_953.jpg, C:\Users\Owner\Downloads\simulator-windows-64\dataTrack1\IMG\left_2024_11_20_20_22_03_953.jpg, C:\Users\Owner\Downloads\simulator-windows-64\dataTrack1\IMG\right_2024_11_20_20_22_03_953.jpg, 0, 0.054123, 0, 20.79504
C:\Users\Owner\Downloads\simulator-windows-64\dataTrack1\IMG\center_2024_11_20_20_22_04_057.jpg, C:\Users\Owner\Downloads\simulator-windows-64\dataTrack1\IMG\left_2024_11_20_20_22_04_057.jpg, C:\Users\Owner\Downloads\simulator-windows-64\dataTrack1\IMG\right_2024_11_20_20_22_04_057.jpg, 0, 0.3668532, 0, 21.10979
C:\Users\Owner\Downloads\simulator-windows-64\dataTrack1\IMG\center_2024_11_20_20_22_04_159.jpg, C:\Users\Owner\Downloads\simulator-windows-64\dataTrack1\IMG\left_2024_11_20_20_22_04_159.jpg, C:\Users\Owner\Downloads\simulator-windows-64\dataTrack1\IMG\right_2024_11_20_20_22_04_159.jpg, 0, 0.06053672, 0, 20.9412
C:\Users\Owner\Downloads\simulator-windows-64\dataTrack1\IMG\center_2024_11_20_20_22_04_262.jpg, C:\Users\Owner\Downloads\simulator-windows-64\dataTrack1\IMG\left_2024_11_20_20_22_04_262.jpg, C:\Users\Owner\Downloads\simulator-windows-64\dataTrack1\IMG\right_2024_11_20_20_22_04_262.jpg, 0, 0.2037705, 0, 20.76459
C:\Users\Owner\Downloads\simulator-windows-64\dataTrack1\IMG\center_2024_11_20_20_22_04_366.jpg, C:\Users\Owner\Downloads\simulator-windows-64\dataTrack1\IMG\left_2024_11_20_20_22_04_366.jpg, C:\Users\Owner\Downloads\simulator-windows-64\dataTrack1\IMG\right_2024_11_20_20_22_04_366.jpg, 0, 0.2030474, 0, 21.17369
C:\Users\Owner\Downloads\simulator-windows-64\dataTrack1\IMG\center_2024_11_20_20_22_04_469.jpg, C:\Users\Owner\Downloads\simulator-windows-64\dataTrack1\IMG\left_2024_11_20_20_22_04_469.jpg, C:\Users\Owner\Downloads\simulator-windows-64\dataTrack1\IMG\right_2024_11_20_20_22_04_469.jpg, -0.2228442, 0, 0, 20.73562
C:\Users\Owner\Downloads\simulator-windows-64\dataTrack1\IMG\center_2024_11_20_20_22_04_572.jpg, C:\Users\Owner\Downloads\simulator-windows-64\dataTrack1\IMG\left_2024_11_20_20_22_04_572.jpg, C:\Users\Owner\Downloads\simulator-windows-64\dataTrack1\IMG\right_2024_11_20_20_22_04_572.jpg, -0.1189707, 0, 0, 20.78352
C:\Users\Owner\Downloads\simulator-windows-64\dataTrack1\IMG\center_2024_11_20_20_22_04_676.jpg, C:\Users\Owner\Downloads\simulator-windows-64\dataTrack1\IMG\left_2024_11_20_20_22_04_676.jpg, C:\Users\Owner\Downloads\simulator-windows-64\dataTrack1\IMG\right_2024_11_20_20_22_04_676.jpg, 0, 0.2051955, 0, 20.34036
C:\Users\Owner\Downloads\simulator-windows-64\dataTrack1\IMG\center_2024_11_20_20_22_04_779.jpg, C:\Users\Owner\Downloads\simulator-windows-64\dataTrack1\IMG\left_2024_11_20_20_22_04_779.jpg, C:\Users\Owner\Downloads\simulator-windows-64\dataTrack1\IMG\right_2024_11_20_20_22_04_779.jpg, 0, 0.3587226, 0, 20.81198
C:\Users\Owner\Downloads\simulator-windows-64\dataTrack1\IMG\center_2024_11_20_20_22_04_891.jpg, C:\Users\Owner\Downloads\simulator-windows-64\dataTrack1\IMG\left_2024_11_20_20_22_04_891.jpg, C:\Users\Owner\Downloads\simulator-windows-64\dataTrack1\IMG\right_2024_11_20_20_22_04_891.jpg, 0, 0, 0, 20.79429
C:\Users\Owner\Downloads\simulator-windows-64\dataTrack1\IMG\center_2024_11_20_20_22_04_993.jpg, C:\Users\Owner\Downloads\simulator-windows-64\dataTrack1\IMG\left_2024_11_20_20_22_04_993.jpg, C:\Users\Owner\Downloads\simulator-windows-64\dataTrack1\IMG\right_2024_11_20_20_22_04_993.jpg, 0, 0.2185629, 0, 20.38233
C:\Users\Owner\Downloads\simulator-windows-64\dataTrack1\IMG\center_2024_11_20_20_22_05_098.jpg, C:\Users\Owner\Downloads\simulator-windows-64\dataTrack1\IMG\left_2024_11_20_20_22_05_098.jpg, C:\Users\Owner\Downloads\simulator-windows-64\dataTrack1\IMG\right_2024_11_20_20_22_05_098.jpg, 0, 0.1276143, 0, 20.79112
C:\Users\Owner\Downloads\simulator-windows-64\dataTrack1\IMG\center_2024_11_20_20_22_05_202.jpg, C:\Users\Owner\Downloads\simulator-windows-64\dataTrack1\IMG\left_2024_11_20_20_22_05_202.jpg, C:\Users\Owner\Downloads\simulator-windows-64\dataTrack1\IMG\right_2024_11_20_20_22_05_202.jpg, 0, 0.22941, 0, 20.68403
C:\Users\Owner\Downloads\simulator-windows-64\dataTrack1\IMG\center_2024_11_20_20_22_05_306.jpg, C:\Users\Owner\Downloads\simulator-windows-64\dataTrack1\IMG\left_2024_11_20_20_22_05_306.jpg, C:\Users\Owner\Downloads\simulator-windows-64\dataTrack1\IMG\right_2024_11_20_20_22_05_306.jpg, 0, 0.2317332, 0, 20.59899
C:\Users\Owner\Downloads\simulator-windows-64\dataTrack1\IMG\center_2024_11_20_20_22_05_407.jpg, C:\Users\Owner\Downloads\simulator-windows-64\dataTrack1\IMG\left_2024_11_20_20_22_05_407.jpg, C:\Users\Owner\Downloads\simulator-windows-64\dataTrack1\IMG\right_2024_11_20_20_22_05_407.jpg, -0.3075777, 0, 0, 20.69986
C:\Users\Owner\Downloads\simulator-windows-64\dataTrack1\IMG\center_2024_11_20_20_22_05_511.jpg, C:\Users\Owner\Downloads\simulator-windows-64\dataTrack1\IMG\left_2024_11_20_20_22_05_511.jpg, C:\Users\Owner\Downloads\simulator-windows-64\dataTrack1\IMG\right_2024_11_20_20_22_05_511.jpg, -0.2043258, 0, 0, 20.11936
C:\Users\Owner\Downloads\simulator-windows-64\dataTrack1\IMG\center_2024_11_20_20_22_05_616.jpg, C:\Users\Owner\Downloads\simulator-windows-64\dataTrack1\IMG\left_2024_11_20_20_22_05_616.jpg, C:\Users\Owner\Downloads\simulator-windows-64\dataTrack1\IMG\right_2024_11_20_20_22_05_616.jpg, 0, 0.1567743, 0, 20.26919
C:\Users\Owner\Downloads\simulator-windows-64\dataTrack1\IMG\center_2024_11_20_20_22_05_720.jpg, C:\Users\Owner\Downloads\simulator-windows-64\dataTrack1\IMG\left_2024_11_20_20_22_05_720.jpg, C:\Users\Owner\Downloads\simulator-windows-64\dataTrack1\IMG\right_2024_11_20_20_22_05_720.jpg, 0, 0.2100078, 0, 20.07038
C:\Users\Owner\Downloads\simulator-windows-64\dataTrack1\IMG\center_2024_11_20_20_22_05_825.jpg, C:\Users\Owner\Downloads\simulator-windows-64\dataTrack1\IMG\left_2024_11_20_20_22_05_825.jpg, C:\Users\Owner\Downloads\simulator-windows-64\dataTrack1\IMG\right_2024_11_20_20_22_05_825.jpg, 0, 0.0481323, 0, 19.85335
C:\Users\Owner\Downloads\simulator-windows-64\dataTrack1\IMG\center_2024_11_20_20_22_05_927.jpg, C:\Users\Owner\Downloads\simulator-windows-64\dataTrack1\IMG\left_2024_11_20_20_22_05_927.jpg, C:\Users\Owner\Downloads\simulator-windows-64\dataTrack1\IMG\right_2024_11_20_20_22_05_927.jpg, 0, 0.3561519, 0, 20.23796
C:\Users\Owner\Downloads\simulator-windows-64\dataTrack1\IMG\center_2024_11_20_20_22_06_030.jpg, C:\Users\Owner\Downloads\simulator-windows-64\dataTrack1\IMG\left_2024_11_20_20_22_06_030.jpg, C:\Users\Owner\Downloads\simulator-windows-64\dataTrack1\IMG\right_2024_11_20_20_22_06_030.jpg, 0, 0.1508529, 0, 19.9683
C:\Users\Owner\Downloads\simulator-windows-64\dataTrack1\IMG\center_2024_11_20_20_22_06_135.jpg, C:\Users\Owner\Downloads\simulator-windows-64\dataTrack1\IMG\left_2024_11_20_20_22_06_135.jpg, C:\Users\Owner\Downloads\simulator-windows-64\dataTrack1\IMG\right_2024_11_20_20_22_06_135.jpg, 0, 0.4629681, 0, 20.4253
C:\Users\Owner\Downloads\simulator-windows-64\dataTrack1\IMG\center_2024_11_20_20_22_06_237.jpg, C:\Users\Owner\Downloads\simulator-windows-64\dataTrack1\IMG\left_2024_11_20_20_22_06_237.jpg, C:\Users\Owner\Downloads\simulator-windows-64\dataTrack1\IMG\right_2024_11_20_20_22_06_237.jpg, 0, 0.7735335, 0, 20.73549
C:\Users\Owner\Downloads\simulator-windows-64\dataTrack1\IMG\center_2024_11_20_20_22_06_341.jpg, C:\Users\Owner\Downloads\simulator-windows-64\dataTrack1\IMG\left_2024_11_20_20_22_06_341.jpg, C:\Users\Owner\Downloads\simulator-windows-64\dataTrack1\IMG\right_2024_11_20_20_22_06_341.jpg, 0, 1, 0, 21.65717
C:\Users\Owner\Downloads\simulator-windows-64\dataTrack1\IMG\center_2024_11_20_20_22_06_449.jpg, C:\Users\Owner\Downloads\simulator-windows-64\dataTrack1\IMG\left_2024_11_20_20_22_06_449.jpg, C:\Users\Owner\Downloads\simulator-windows-64\dataTrack1\IMG\right_2024_11_20_20_22_06_449.jpg, 0, 1, 0, 22.85866
C:\Users\Owner\Downloads\simulator-windows-64\dataTrack1\IMG\center_2024_11_20_20_22_06_553.jpg, C:\Users\Owner\Downloads\simulator-windows-64\dataTrack1\IMG\left_2024_11_20_20_22_06_553.jpg, C:\Users\Owner\Downloads\simulator-windows-64\dataTrack1\IMG\right_2024_11_20_20_22_06_553.jpg, 0, 1, 0, 23.80049
C:\Users\Owner\Downloads\simulator-windows-64\dataTrack1\IMG\center_2024_11_20_20_22_06_657.jpg, C:\Users\Owner\Downloads\simulator-windows-64\dataTrack1\IMG\left_2024_11_20_20_22_06_657.jpg, C:\Users\Owner\Downloads\simulator-windows-64\dataTrack1\IMG\right_2024_11_20_20_22_06_657.jpg, 0, 1, 0, 24.84684
C:\Users\Owner\Downloads\simulator-windows-64\dataTrack1\IMG\center_2024_11_20_20_22_06_759.jpg, C:\Users\Owner\Downloads\simulator-windows-64\dataTrack1\IMG\left_2024_11_20_20_22_06_759.jpg, C:\Users\Owner\Downloads\simulator-windows-64\dataTrack1\IMG\right_2024_11_20_20_22_06_759.jpg, 0, 1, 0, 25.80099
C:\Users\Owner\Downloads\simulator-windows-64\dataTrack1\IMG\center_2024_11_20_20_22_06_865.jpg, C:\Users\Owner\Downloads\simulator-windows-64\dataTrack1\IMG\left_2024_11_20_20_22_06_865.jpg, C:\Users\Owner\Downloads\simulator-windows-64\dataTrack1\IMG\right_2024_11_20_20_22_06_865.jpg, 0, 1, 0, 26.93496
C:\Users\Owner\Downloads\simulator-windows-64\dataTrack1\IMG\center_2024_11_20_20_22_06_971.jpg, C:\Users\Owner\Downloads\simulator-windows-64\dataTrack1\IMG\left_2024_11_20_20_22_06_971.jpg, C:\Users\Owner\Downloads\simulator-windows-64\dataTrack1\IMG\right_2024_11_20_20_22_06_971.jpg, 0, 1, 0, 27.87053
C:\Users\Owner\Downloads\simulator-windows-64\dataTrack1\IMG\center_2024_11_20_20_22_07_074.jpg, C:\Users\Owner\Downloads\simulator-windows-64\dataTrack1\IMG\left_2024_11_20_20_22_07_074.jpg, C:\Users\Owner\Downloads\simulator-windows-64\dataTrack1\IMG\right_2024_11_20_20_22_07_074.jpg, 0, 1, 0, 28.79678
C:\Users\Owner\Downloads\simulator-windows-64\dataTrack1\IMG\center_2024_11_20_20_22_07_176.jpg, C:\Users\Owner\Downloads\simulator-windows-64\dataTrack1\IMG\left_2024_11_20_20_22_07_176.jpg, C:\Users\Owner\Downloads\simulator-windows-64\dataTrack1\IMG\right_2024_11_20_20_22_07_176.jpg, 0, 1, 0, 29.71375
C:\Users\Owner\Downloads\simulator-windows-64\dataTrack1\IMG\center_2024_11_20_20_22_07_278.jpg, C:\Users\Owner\Downloads\simulator-windows-64\dataTrack1\IMG\left_2024_11_20_20_22_07_278.jpg, C:\Users\Owner\Downloads\simulator-windows-64\dataTrack1\IMG\right_2024_11_20_20_22_07_278.jpg, 0, 1, 0, 30.18971
C:\Users\Owner\Downloads\simulator-windows-64\dataTrack1\IMG\center_2024_11_20_20_22_07_384.jpg, C:\Users\Owner\Downloads\simulator-windows-64\dataTrack1\IMG\left_2024_11_20_20_22_07_384.jpg, C:\Users\Owner\Downloads\simulator-windows-64\dataTrack1\IMG\right_2024_11_20_20_22_07_384.jpg, 0, 1, 0, 30.18992
C:\Users\Owner\Downloads\simulator-windows-64\dataTrack1\IMG\center_2024_11_20_20_22_07_488.jpg, C:\Users\Owner\Downloads\simulator-windows-64\dataTrack1\IMG\left_2024_11_20_20_22_07_488.jpg, C:\Users\Owner\Downloads\simulator-windows-64\dataTrack1\IMG\right_2024_11_20_20_22_07_488.jpg, 0, 1, 0, 30.18992
C:\Users\Owner\Downloads\simulator-windows-64\dataTrack1\IMG\center_2024_11_20_20_22_07_592.jpg, C:\Users\Owner\Downloads\simulator-windows-64\dataTrack1\IMG\left_2024_11_20_20_22_07_592.jpg, C:\Users\Owner\Downloads\simulator-windows-64\dataTrack1\IMG\right_2024_11_20_20_22_07_592.jpg, 0, 1, 0, 30.18995
C:\Users\Owner\Downloads\simulator-windows-64\dataTrack1\IMG\center_2024_11_20_20_22_07_696.jpg, C:\Users\Owner\Downloads\simulator-windows-64\dataTrack1\IMG\left_2024_11_20_20_22_07_696.jpg, C:\Users\Owner\Downloads\simulator-windows-64\dataTrack1\IMG\right_2024_11_20_20_22_07_696.jpg, 0, 1, 0, 30.18993
C:\Users\Owner\Downloads\simulator-windows-64\dataTrack1\IMG\center_2024_11_20_20_22_07_798.jpg, C:\Users\Owner\Downloads\simulator-windows-64\dataTrack1\IMG\left_2024_11_20_20_22_07_798.jpg, C:\Users\Owner\Downloads\simulator-windows-64\dataTrack1\IMG\right_2024_11_20_20_22_07_798.jpg, 0, 1, 0, 30.18993
C:\Users\Owner\Downloads\simulator-windows-64\dataTrack1\IMG\center_2024_11_20_20_22_07_905.jpg, C:\Users\Owner\Downloads\simulator-windows-64\dataTrack1\IMG\left_2024_11_20_20_22_07_905.jpg, C:\Users\Owner\Downloads\simulator-windows-64\dataTrack1\IMG\right_2024_11_20_20_22_07_905.jpg, 0, 1, 0, 30.18994
C:\Users\Owner\Downloads\simulator-windows-64\dataTrack1\IMG\center_2024_11_20_20_22_08_007.jpg, C:\Users\Owner\Downloads\simulator-windows-64\dataTrack1\IMG\left_2024_11_20_20_22_08_007.jpg, C:\Users\Owner\Downloads\simulator-windows-64\dataTrack1\IMG\right_2024_11_20_20_22_08_007.jpg, 0, 1, 0, 30.18993
C:\Users\Owner\Downloads\simulator-windows-64\dataTrack1\IMG\center_2024_11_20_20_22_08_110.jpg, C:\Users\Owner\Downloads\simulator-windows-64\dataTrack1\IMG\left_2024_11_20_20_22_08_110.jpg, C:\Users\Owner\Downloads\simulator-windows-64\dataTrack1\IMG\right_2024_11_20_20_22_08_110.jpg, 0, 1, 0, 30.18995
C:\Users\Owner\Downloads\simulator-windows-64\dataTrack1\IMG\center_2024_11_20_20_22_08_215.jpg, C:\Users\Owner\Downloads\simulator-windows-64\dataTrack1\IMG\left_2024_11_20_20_22_08_215.jpg, C:\Users\Owner\Downloads\simulator-windows-64\dataTrack1\IMG\right_2024_11_20_20_22_08_215.jpg, 0, 1, 0, 30.18993
C:\Users\Owner\Downloads\simulator-windows-64\dataTrack1\IMG\center_2024_11_20_20_22_08_320.jpg, C:\Users\Owner\Downloads\simulator-windows-64\dataTrack1\IMG\left_2024_11_20_20_22_08_320.jpg, C:\Users\Owner\Downloads\simulator-windows-64\dataTrack1\IMG\right_2024_11_20_20_22_08_320.jpg, 0, 1, 0, 30.18991
C:\Users\Owner\Downloads\simulator-windows-64\dataTrack1\IMG\center_2024_11_20_20_22_08_423.jpg, C:\Users\Owner\Downloads\simulator-windows-64\dataTrack1\IMG\left_2024_11_20_20_22_08_423.jpg, C:\Users\Owner\Downloads\simulator-windows-64\dataTrack1\IMG\right_2024_11_20_20_22_08_423.jpg, 0, 1, 0, 30.18994
C:\Users\Owner\Downloads\simulator-windows-64\dataTrack1\IMG\center_2024_11_20_20_22_08_527.jpg, C:\Users\Owner\Downloads\simulator-windows-64\dataTrack1\IMG\left_2024_11_20_20_22_08_527.jpg, C:\Users\Owner\Downloads\simulator-windows-64\dataTrack1\IMG\right_2024_11_20_20_22_08_527.jpg, 0, 1, 0, 30.18993
C:\Users\Owner\Downloads\simulator-windows-64\dataTrack1\IMG\center_2024_11_20_20_22_08_631.jpg, C:\Users\Owner\Downloads\simulator-windows-64\dataTrack1\IMG\left_2024_11_20_20_22_08_631.jpg, C:\Users\Owner\Downloads\simulator-windows-64\dataTrack1\IMG\right_2024_11_20_20_22_08_631.jpg, 0, 1, 0, 30.18994
C:\Users\Owner\Downloads\simulator-windows-64\dataTrack1\IMG\center_2024_11_20_20_22_08_736.jpg, C:\Users\Owner\Downloads\simulator-windows-64\dataTrack1\IMG\left_2024_11_20_20_22_08_736.jpg, C:\Users\Owner\Downloads\simulator-windows-64\dataTrack1\IMG\right_2024_11_20_20_22_08_736.jpg, 0, 1, 0, 30.18993
C:\Users\Owner\Downloads\simulator-windows-64\dataTrack1\IMG\center_2024_11_20_20_22_08_841.jpg, C:\Users\Owner\Downloads\simulator-windows-64\dataTrack1\IMG\left_2024_11_20_20_22_08_841.jpg, C:\Users\Owner\Downloads\simulator-windows-64\dataTrack1\IMG\right_2024_11_20_20_22_08_841.jpg, 0, 1, 0, 30.18995
C:\Users\Owner\Downloads\simulator-windows-64\dataTrack1\IMG\center_2024_11_20_20_22_08_946.jpg, C:\Users\Owner\Downloads\simulator-windows-64\dataTrack1\IMG\left_2024_11_20_20_22_08_946.jpg, C:\Users\Owner\Downloads\simulator-windows-64\dataTrack1\IMG\right_2024_11_20_20_22_08_946.jpg, 0, 1, 0, 30.18993
C:\Users\Owner\Downloads\simulator-windows-64\dataTrack1\IMG\center_2024_11_20_20_22_09_047.jpg, C:\Users\Owner\Downloads\simulator-windows-64\dataTrack1\IMG\left_2024_11_20_20_22_09_047.jpg, C:\Users\Owner\Downloads\simulator-windows-64\dataTrack1\IMG\right_2024_11_20_20_22_09_047.jpg, 0, 1, 0, 30.18995
C:\Users\Owner\Downloads\simulator-windows-64\dataTrack1\IMG\center_2024_11_20_20_22_09_154.jpg, C:\Users\Owner\Downloads\simulator-windows-64\dataTrack1\IMG\left_2024_11_20_20_22_09_154.jpg, C:\Users\Owner\Downloads\simulator-windows-64\dataTrack1\IMG\right_2024_11_20_20_22_09_154.jpg, 0, 1, 0, 30.18994
C:\Users\Owner\Downloads\simulator-windows-64\dataTrack1\IMG\center_2024_11_20_20_22_09_257.jpg, C:\Users\Owner\Downloads\simulator-windows-64\dataTrack1\IMG\left_2024_11_20_20_22_09_257.jpg, C:\Users\Owner\Downloads\simulator-windows-64\dataTrack1\IMG\right_2024_11_20_20_22_09_257.jpg, 0, 1, 0, 30.18994
C:\Users\Owner\Downloads\simulator-windows-64\dataTrack1\IMG\center_2024_11_20_20_22_09_363.jpg, C:\Users\Owner\Downloads\simulator-windows-64\dataTrack1\IMG\left_2024_11_20_20_22_09_363.jpg, C:\Users\Owner\Downloads\simulator-windows-64\dataTrack1\IMG\right_2024_11_20_20_22_09_363.jpg, 0, 1, 0, 30.18993
C:\Users\Owner\Downloads\simulator-windows-64\dataTrack1\IMG\center_2024_11_20_20_22_09_465.jpg, C:\Users\Owner\Downloads\simulator-windows-64\dataTrack1\IMG\left_2024_11_20_20_22_09_465.jpg, C:\Users\Owner\Downloads\simulator-windows-64\dataTrack1\IMG\right_2024_11_20_20_22_09_465.jpg, 0, 1, 0, 30.18992
C:\Users\Owner\Downloads\simulator-windows-64\dataTrack1\IMG\center_2024_11_20_20_22_09_571.jpg, C:\Users\Owner\Downloads\simulator-windows-64\dataTrack1\IMG\left_2024_11_20_20_22_09_571.jpg, C:\Users\Owner\Downloads\simulator-windows-64\dataTrack1\IMG\right_2024_11_20_20_22_09_571.jpg, 0, 1, 0, 30.18993
C:\Users\Owner\Downloads\simulator-windows-64\dataTrack1\IMG\center_2024_11_20_20_22_09_674.jpg, C:\Users\Owner\Downloads\simulator-windows-64\dataTrack1\IMG\left_2024_11_20_20_22_09_674.jpg, C:\Users\Owner\Downloads\simulator-windows-64\dataTrack1\IMG\right_2024_11_20_20_22_09_674.jpg, 0, 1, 0, 30.18993
C:\Users\Owner\Downloads\simulator-windows-64\dataTrack1\IMG\center_2024_11_20_20_22_09_778.jpg, C:\Users\Owner\Downloads\simulator-windows-64\dataTrack1\IMG\left_2024_11_20_20_22_09_778.jpg, C:\Users\Owner\Downloads\simulator-windows-64\dataTrack1\IMG\right_2024_11_20_20_22_09_778.jpg, 0, 1, 0, 30.18993
C:\Users\Owner\Downloads\simulator-windows-64\dataTrack1\IMG\center_2024_11_20_20_22_09_880.jpg, C:\Users\Owner\Downloads\simulator-windows-64\dataTrack1\IMG\left_2024_11_20_20_22_09_880.jpg, C:\Users\Owner\Downloads\simulator-windows-64\dataTrack1\IMG\right_2024_11_20_20_22_09_880.jpg, 0, 1, 0, 30.18991
C:\Users\Owner\Downloads\simulator-windows-64\dataTrack1\IMG\center_2024_11_20_20_22_09_986.jpg, C:\Users\Owner\Downloads\simulator-windows-64\dataTrack1\IMG\left_2024_11_20_20_22_09_986.jpg, C:\Users\Owner\Downloads\simulator-windows-64\dataTrack1\IMG\right_2024_11_20_20_22_09_986.jpg, 0, 1, 0, 30.18993
C:\Users\Owner\Downloads\simulator-windows-64\dataTrack1\IMG\center_2024_11_20_20_22_10_090.jpg, C:\Users\Owner\Downloads\simulator-windows-64\dataTrack1\IMG\left_2024_11_20_20_22_10_090.jpg, C:\Users\Owner\Downloads\simulator-windows-64\dataTrack1\IMG\right_2024_11_20_20_22_10_090.jpg, 0, 1, 0, 30.18994
C:\Users\Owner\Downloads\simulator-windows-64\dataTrack1\IMG\center_2024_11_20_20_22_10_193.jpg, C:\Users\Owner\Downloads\simulator-windows-64\dataTrack1\IMG\left_2024_11_20_20_22_10_193.jpg, C:\Users\Owner\Downloads\simulator-windows-64\dataTrack1\IMG\right_2024_11_20_20_22_10_193.jpg, 0, 1, 0, 30.18993
C:\Users\Owner\Downloads\simulator-windows-64\dataTrack1\IMG\center_2024_11_20_20_22_10_295.jpg, C:\Users\Owner\Downloads\simulator-windows-64\dataTrack1\IMG\left_2024_11_20_20_22_10_295.jpg, C:\Users\Owner\Downloads\simulator-windows-64\dataTrack1\IMG\right_2024_11_20_20_22_10_295.jpg, 0, 1, 0, 30.18993
C:\Users\Owner\Downloads\simulator-windows-64\dataTrack1\IMG\center_2024_11_20_20_22_10_400.jpg, C:\Users\Owner\Downloads\simulator-windows-64\dataTrack1\IMG\left_2024_11_20_20_22_10_400.jpg, C:\Users\Owner\Downloads\simulator-windows-64\dataTrack1\IMG\right_2024_11_20_20_22_10_400.jpg, 0, 1, 0, 30.18992
C:\Users\Owner\Downloads\simulator-windows-64\dataTrack1\IMG\center_2024_11_20_20_22_10_507.jpg, C:\Users\Owner\Downloads\simulator-windows-64\dataTrack1\IMG\left_2024_11_20_20_22_10_507.jpg, C:\Users\Owner\Downloads\simulator-windows-64\dataTrack1\IMG\right_2024_11_20_20_22_10_507.jpg, 0, 1, 0, 30.18996
C:\Users\Owner\Downloads\simulator-windows-64\dataTrack1\IMG\center_2024_11_20_20_22_10_610.jpg, C:\Users\Owner\Downloads\simulator-windows-64\dataTrack1\IMG\left_2024_11_20_20_22_10_610.jpg, C:\Users\Owner\Downloads\simulator-windows-64\dataTrack1\IMG\right_2024_11_20_20_22_10_610.jpg, 0, 1, 0, 30.18992
C:\Users\Owner\Downloads\simulator-windows-64\dataTrack1\IMG\center_2024_11_20_20_22_10_711.jpg, C:\Users\Owner\Downloads\simulator-windows-64\dataTrack1\IMG\left_2024_11_20_20_22_10_711.jpg, C:\Users\Owner\Downloads\simulator-windows-64\dataTrack1\IMG\right_2024_11_20_20_22_10_711.jpg, 0, 1, 0, 30.18995
C:\Users\Owner\Downloads\simulator-windows-64\dataTrack1\IMG\center_2024_11_20_20_22_10_819.jpg, C:\Users\Owner\Downloads\simulator-windows-64\dataTrack1\IMG\left_2024_11_20_20_22_10_819.jpg, C:\Users\Owner\Downloads\simulator-windows-64\dataTrack1\IMG\right_2024_11_20_20_22_10_819.jpg, 0, 1, 0, 30.18993
C:\Users\Owner\Downloads\simulator-windows-64\dataTrack1\IMG\center_2024_11_20_20_22_10_924.jpg, C:\Users\Owner\Downloads\simulator-windows-64\dataTrack1\IMG\left_2024_11_20_20_22_10_924.jpg, C:\Users\Owner\Downloads\simulator-windows-64\dataTrack1\IMG\right_2024_11_20_20_22_10_924.jpg, 0, 1, 0, 30.18991
C:\Users\Owner\Downloads\simulator-windows-64\dataTrack1\IMG\center_2024_11_20_20_22_11_027.jpg, C:\Users\Owner\Downloads\simulator-windows-64\dataTrack1\IMG\left_2024_11_20_20_22_11_027.jpg, C:\Users\Owner\Downloads\simulator-windows-64\dataTrack1\IMG\right_2024_11_20_20_22_11_027.jpg, 0, 1, 0, 30.18993
C:\Users\Owner\Downloads\simulator-windows-64\dataTrack1\IMG\center_2024_11_20_20_22_11_130.jpg, C:\Users\Owner\Downloads\simulator-windows-64\dataTrack1\IMG\left_2024_11_20_20_22_11_130.jpg, C:\Users\Owner\Downloads\simulator-windows-64\dataTrack1\IMG\right_2024_11_20_20_22_11_130.jpg, 0, 1, 0, 30.18995
C:\Users\Owner\Downloads\simulator-windows-64\dataTrack1\IMG\center_2024_11_20_20_22_11_232.jpg, C:\Users\Owner\Downloads\simulator-windows-64\dataTrack1\IMG\left_2024_11_20_20_22_11_232.jpg, C:\Users\Owner\Downloads\simulator-windows-64\dataTrack1\IMG\right_2024_11_20_20_22_11_232.jpg, 0, 1, 0, 30.18994
C:\Users\Owner\Downloads\simulator-windows-64\dataTrack1\IMG\center_2024_11_20_20_22_11_337.jpg, C:\Users\Owner\Downloads\simulator-windows-64\dataTrack1\IMG\left_2024_11_20_20_22_11_337.jpg, C:\Users\Owner\Downloads\simulator-windows-64\dataTrack1\IMG\right_2024_11_20_20_22_11_337.jpg, 0, 1, 0, 30.18995
C:\Users\Owner\Downloads\simulator-windows-64\dataTrack1\IMG\center_2024_11_20_20_22_11_440.jpg, C:\Users\Owner\Downloads\simulator-windows-64\dataTrack1\IMG\left_2024_11_20_20_22_11_440.jpg, C:\Users\Owner\Downloads\simulator-windows-64\dataTrack1\IMG\right_2024_11_20_20_22_11_440.jpg, 0, 1, 0, 30.18992
C:\Users\Owner\Downloads\simulator-windows-64\dataTrack1\IMG\center_2024_11_20_20_22_11_543.jpg, C:\Users\Owner\Downloads\simulator-windows-64\dataTrack1\IMG\left_2024_11_20_20_22_11_543.jpg, C:\Users\Owner\Downloads\simulator-windows-64\dataTrack1\IMG\right_2024_11_20_20_22_11_543.jpg, 0, 1, 0, 30.18993
C:\Users\Owner\Downloads\simulator-windows-64\dataTrack1\IMG\center_2024_11_20_20_22_11_648.jpg, C:\Users\Owner\Downloads\simulator-windows-64\dataTrack1\IMG\left_2024_11_20_20_22_11_648.jpg, C:\Users\Owner\Downloads\simulator-windows-64\dataTrack1\IMG\right_2024_11_20_20_22_11_648.jpg, 0, 1, 0, 30.18993
C:\Users\Owner\Downloads\simulator-windows-64\dataTrack1\IMG\center_2024_11_20_20_22_11_755.jpg, C:\Users\Owner\Downloads\simulator-windows-64\dataTrack1\IMG\left_2024_11_20_20_22_11_755.jpg, C:\Users\Owner\Downloads\simulator-windows-64\dataTrack1\IMG\right_2024_11_20_20_22_11_755.jpg, 0, 1, 0, 30.18995
C:\Users\Owner\Downloads\simulator-windows-64\dataTrack1\IMG\center_2024_11_20_20_22_11_859.jpg, C:\Users\Owner\Downloads\simulator-windows-64\dataTrack1\IMG\left_2024_11_20_20_22_11_859.jpg, C:\Users\Owner\Downloads\simulator-windows-64\dataTrack1\IMG\right_2024_11_20_20_22_11_859.jpg, 0, 1, 0, 30.18994
C:\Users\Owner\Downloads\simulator-windows-64\dataTrack1\IMG\center_2024_11_20_20_22_11_963.jpg, C:\Users\Owner\Downloads\simulator-windows-64\dataTrack1\IMG\left_2024_11_20_20_22_11_963.jpg, C:\Users\Owner\Downloads\simulator-windows-64\dataTrack1\IMG\right_2024_11_20_20_22_11_963.jpg, 0, 1, 0, 30.18992
C:\Users\Owner\Downloads\simulator-windows-64\dataTrack1\IMG\center_2024_11_20_20_22_12_066.jpg, C:\Users\Owner\Downloads\simulator-windows-64\dataTrack1\IMG\left_2024_11_20_20_22_12_066.jpg, C:\Users\Owner\Downloads\simulator-windows-64\dataTrack1\IMG\right_2024_11_20_20_22_12_066.jpg, 0, 0.94894, 0, 30.18994
C:\Users\Owner\Downloads\simulator-windows-64\dataTrack1\IMG\center_2024_11_20_20_22_12_172.jpg, C:\Users\Owner\Downloads\simulator-windows-64\dataTrack1\IMG\left_2024_11_20_20_22_12_172.jpg, C:\Users\Owner\Downloads\simulator-windows-64\dataTrack1\IMG\right_2024_11_20_20_22_12_172.jpg, 0, 0.6301546, 0, 30.10718
C:\Users\Owner\Downloads\simulator-windows-64\dataTrack1\IMG\center_2024_11_20_20_22_12_277.jpg, C:\Users\Owner\Downloads\simulator-windows-64\dataTrack1\IMG\left_2024_11_20_20_22_12_277.jpg, C:\Users\Owner\Downloads\simulator-windows-64\dataTrack1\IMG\right_2024_11_20_20_22_12_277.jpg, 0, 0.3157891, 0, 30.04074
C:\Users\Owner\Downloads\simulator-windows-64\dataTrack1\IMG\center_2024_11_20_20_22_12_379.jpg, C:\Users\Owner\Downloads\simulator-windows-64\dataTrack1\IMG\left_2024_11_20_20_22_12_379.jpg, C:\Users\Owner\Downloads\simulator-windows-64\dataTrack1\IMG\right_2024_11_20_20_22_12_379.jpg, 0, 0.05238494, 0, 29.92153
C:\Users\Owner\Downloads\simulator-windows-64\dataTrack1\IMG\center_2024_11_20_20_22_12_482.jpg, C:\Users\Owner\Downloads\simulator-windows-64\dataTrack1\IMG\left_2024_11_20_20_22_12_482.jpg, C:\Users\Owner\Downloads\simulator-windows-64\dataTrack1\IMG\right_2024_11_20_20_22_12_482.jpg, 0, 0, 0, 29.56592
C:\Users\Owner\Downloads\simulator-windows-64\dataTrack1\IMG\center_2024_11_20_20_22_12_587.jpg, C:\Users\Owner\Downloads\simulator-windows-64\dataTrack1\IMG\left_2024_11_20_20_22_12_587.jpg, C:\Users\Owner\Downloads\simulator-windows-64\dataTrack1\IMG\right_2024_11_20_20_22_12_587.jpg, 0, 0, 0, 29.26732
C:\Users\Owner\Downloads\simulator-windows-64\dataTrack1\IMG\center_2024_11_20_20_22_12_691.jpg, C:\Users\Owner\Downloads\simulator-windows-64\dataTrack1\IMG\left_2024_11_20_20_22_12_691.jpg, C:\Users\Owner\Downloads\simulator-windows-64\dataTrack1\IMG\right_2024_11_20_20_22_12_691.jpg, 0, 0, 0, 28.9717
C:\Users\Owner\Downloads\simulator-windows-64\dataTrack1\IMG\center_2024_11_20_20_22_12_796.jpg, C:\Users\Owner\Downloads\simulator-windows-64\dataTrack1\IMG\left_2024_11_20_20_22_12_796.jpg, C:\Users\Owner\Downloads\simulator-windows-64\dataTrack1\IMG\right_2024_11_20_20_22_12_796.jpg, 0, 0, 0, 28.67905
C:\Users\Owner\Downloads\simulator-windows-64\dataTrack1\IMG\center_2024_11_20_20_22_12_900.jpg, C:\Users\Owner\Downloads\simulator-windows-64\dataTrack1\IMG\left_2024_11_20_20_22_12_900.jpg, C:\Users\Owner\Downloads\simulator-windows-64\dataTrack1\IMG\right_2024_11_20_20_22_12_900.jpg, 0, 0, 0, 28.38934
C:\Users\Owner\Downloads\simulator-windows-64\dataTrack1\IMG\center_2024_11_20_20_22_13_007.jpg, C:\Users\Owner\Downloads\simulator-windows-64\dataTrack1\IMG\left_2024_11_20_20_22_13_007.jpg, C:\Users\Owner\Downloads\simulator-windows-64\dataTrack1\IMG\right_2024_11_20_20_22_13_007.jpg, 0, 0, 0, 28.04553
C:\Users\Owner\Downloads\simulator-windows-64\dataTrack1\IMG\center_2024_11_20_20_22_13_111.jpg, C:\Users\Owner\Downloads\simulator-windows-64\dataTrack1\IMG\left_2024_11_20_20_22_13_111.jpg, C:\Users\Owner\Downloads\simulator-windows-64\dataTrack1\IMG\right_2024_11_20_20_22_13_111.jpg, 0, 0, 0, 27.76218
C:\Users\Owner\Downloads\simulator-windows-64\dataTrack1\IMG\center_2024_11_20_20_22_13_213.jpg, C:\Users\Owner\Downloads\simulator-windows-64\dataTrack1\IMG\left_2024_11_20_20_22_13_213.jpg, C:\Users\Owner\Downloads\simulator-windows-64\dataTrack1\IMG\right_2024_11_20_20_22_13_213.jpg, 0, 0, 0, 27.48169
C:\Users\Owner\Downloads\simulator-windows-64\dataTrack1\IMG\center_2024_11_20_20_22_13_316.jpg, C:\Users\Owner\Downloads\simulator-windows-64\dataTrack1\IMG\left_2024_11_20_20_22_13_316.jpg, C:\Users\Owner\Downloads\simulator-windows-64\dataTrack1\IMG\right_2024_11_20_20_22_13_316.jpg, 0, 0, 0, 27.20401
C:\Users\Owner\Downloads\simulator-windows-64\dataTrack1\IMG\center_2024_11_20_20_22_13_420.jpg, C:\Users\Owner\Downloads\simulator-windows-64\dataTrack1\IMG\left_2024_11_20_20_22_13_420.jpg, C:\Users\Owner\Downloads\simulator-windows-64\dataTrack1\IMG\right_2024_11_20_20_22_13_420.jpg, 0, 0, 0, 26.92912
C:\Users\Owner\Downloads\simulator-windows-64\dataTrack1\IMG\center_2024_11_20_20_22_13_524.jpg, C:\Users\Owner\Downloads\simulator-windows-64\dataTrack1\IMG\left_2024_11_20_20_22_13_524.jpg, C:\Users\Owner\Downloads\simulator-windows-64\dataTrack1\IMG\right_2024_11_20_20_22_13_524.jpg, 0, 0, 0, 26.60289
C:\Users\Owner\Downloads\simulator-windows-64\dataTrack1\IMG\center_2024_11_20_20_22_13_628.jpg, C:\Users\Owner\Downloads\simulator-windows-64\dataTrack1\IMG\left_2024_11_20_20_22_13_628.jpg, C:\Users\Owner\Downloads\simulator-windows-64\dataTrack1\IMG\right_2024_11_20_20_22_13_628.jpg, 0, 0, 0, 26.33404
C:\Users\Owner\Downloads\simulator-windows-64\dataTrack1\IMG\center_2024_11_20_20_22_13_735.jpg, C:\Users\Owner\Downloads\simulator-windows-64\dataTrack1\IMG\left_2024_11_20_20_22_13_735.jpg, C:\Users\Owner\Downloads\simulator-windows-64\dataTrack1\IMG\right_2024_11_20_20_22_13_735.jpg, 0, 0, 0, 26.06789
C:\Users\Owner\Downloads\simulator-windows-64\dataTrack1\IMG\center_2024_11_20_20_22_13_842.jpg, C:\Users\Owner\Downloads\simulator-windows-64\dataTrack1\IMG\left_2024_11_20_20_22_13_842.jpg, C:\Users\Owner\Downloads\simulator-windows-64\dataTrack1\IMG\right_2024_11_20_20_22_13_842.jpg, 0, 0, 0, 25.75204
C:\Users\Owner\Downloads\simulator-windows-64\dataTrack1\IMG\center_2024_11_20_20_22_13_946.jpg, C:\Users\Owner\Downloads\simulator-windows-64\dataTrack1\IMG\left_2024_11_20_20_22_13_946.jpg, C:\Users\Owner\Downloads\simulator-windows-64\dataTrack1\IMG\right_2024_11_20_20_22_13_946.jpg, 0, 0, 0, 25.49173
C:\Users\Owner\Downloads\simulator-windows-64\dataTrack1\IMG\center_2024_11_20_20_22_14_047.jpg, C:\Users\Owner\Downloads\simulator-windows-64\dataTrack1\IMG\left_2024_11_20_20_22_14_047.jpg, C:\Users\Owner\Downloads\simulator-windows-64\dataTrack1\IMG\right_2024_11_20_20_22_14_047.jpg, 0, 0, 0, 25.23404
C:\Users\Owner\Downloads\simulator-windows-64\dataTrack1\IMG\center_2024_11_20_20_22_14_154.jpg, C:\Users\Owner\Downloads\simulator-windows-64\dataTrack1\IMG\left_2024_11_20_20_22_14_154.jpg, C:\Users\Owner\Downloads\simulator-windows-64\dataTrack1\IMG\right_2024_11_20_20_22_14_154.jpg, 0, 0, 0, 24.97894
C:\Users\Owner\Downloads\simulator-windows-64\dataTrack1\IMG\center_2024_11_20_20_22_14_258.jpg, C:\Users\Owner\Downloads\simulator-windows-64\dataTrack1\IMG\left_2024_11_20_20_22_14_258.jpg, C:\Users\Owner\Downloads\simulator-windows-64\dataTrack1\IMG\right_2024_11_20_20_22_14_258.jpg, 0, 0, 0, 24.7264
C:\Users\Owner\Downloads\simulator-windows-64\dataTrack1\IMG\center_2024_11_20_20_22_14_363.jpg, C:\Users\Owner\Downloads\simulator-windows-64\dataTrack1\IMG\left_2024_11_20_20_22_14_363.jpg, C:\Users\Owner\Downloads\simulator-windows-64\dataTrack1\IMG\right_2024_11_20_20_22_14_363.jpg, 0, 0, 0, 24.4267
C:\Users\Owner\Downloads\simulator-windows-64\dataTrack1\IMG\center_2024_11_20_20_22_14_466.jpg, C:\Users\Owner\Downloads\simulator-windows-64\dataTrack1\IMG\left_2024_11_20_20_22_14_466.jpg, C:\Users\Owner\Downloads\simulator-windows-64\dataTrack1\IMG\right_2024_11_20_20_22_14_466.jpg, 0, 0, 0, 24.17972
C:\Users\Owner\Downloads\simulator-windows-64\dataTrack1\IMG\center_2024_11_20_20_22_14_572.jpg, C:\Users\Owner\Downloads\simulator-windows-64\dataTrack1\IMG\left_2024_11_20_20_22_14_572.jpg, C:\Users\Owner\Downloads\simulator-windows-64\dataTrack1\IMG\right_2024_11_20_20_22_14_572.jpg, 0, 0, 0, 23.93521
C:\Users\Owner\Downloads\simulator-windows-64\dataTrack1\IMG\center_2024_11_20_20_22_14_675.jpg, C:\Users\Owner\Downloads\simulator-windows-64\dataTrack1\IMG\left_2024_11_20_20_22_14_675.jpg, C:\Users\Owner\Downloads\simulator-windows-64\dataTrack1\IMG\right_2024_11_20_20_22_14_675.jpg, 0, 0, 0, 23.69316
C:\Users\Owner\Downloads\simulator-windows-64\dataTrack1\IMG\center_2024_11_20_20_22_14_779.jpg, C:\Users\Owner\Downloads\simulator-windows-64\dataTrack1\IMG\left_2024_11_20_20_22_14_779.jpg, C:\Users\Owner\Downloads\simulator-windows-64\dataTrack1\IMG\right_2024_11_20_20_22_14_779.jpg, 0, 0, 0, 23.47061
C:\Users\Owner\Downloads\simulator-windows-64\dataTrack1\IMG\center_2024_11_20_20_22_14_881.jpg, C:\Users\Owner\Downloads\simulator-windows-64\dataTrack1\IMG\left_2024_11_20_20_22_14_881.jpg, C:\Users\Owner\Downloads\simulator-windows-64\dataTrack1\IMG\right_2024_11_20_20_22_14_881.jpg, -0.0517623, 0, 0, 23.26935
C:\Users\Owner\Downloads\simulator-windows-64\dataTrack1\IMG\center_2024_11_20_20_22_14_987.jpg, C:\Users\Owner\Downloads\simulator-windows-64\dataTrack1\IMG\left_2024_11_20_20_22_14_987.jpg, C:\Users\Owner\Downloads\simulator-windows-64\dataTrack1\IMG\right_2024_11_20_20_22_14_987.jpg, -0.3221919, 0, 0, 22.94904
C:\Users\Owner\Downloads\simulator-windows-64\dataTrack1\IMG\center_2024_11_20_20_22_15_092.jpg, C:\Users\Owner\Downloads\simulator-windows-64\dataTrack1\IMG\left_2024_11_20_20_22_15_092.jpg, C:\Users\Owner\Downloads\simulator-windows-64\dataTrack1\IMG\right_2024_11_20_20_22_15_092.jpg, -0.007973701, 0, 0, 22.47562
C:\Users\Owner\Downloads\simulator-windows-64\dataTrack1\IMG\center_2024_11_20_20_22_15_197.jpg, C:\Users\Owner\Downloads\simulator-windows-64\dataTrack1\IMG\left_2024_11_20_20_22_15_197.jpg, C:\Users\Owner\Downloads\simulator-windows-64\dataTrack1\IMG\right_2024_11_20_20_22_15_197.jpg, 0, 0, 0, 22.54498
C:\Users\Owner\Downloads\simulator-windows-64\dataTrack1\IMG\center_2024_11_20_20_22_15_299.jpg, C:\Users\Owner\Downloads\simulator-windows-64\dataTrack1\IMG\left_2024_11_20_20_22_15_299.jpg, C:\Users\Owner\Downloads\simulator-windows-64\dataTrack1\IMG\right_2024_11_20_20_22_15_299.jpg, 0, 0, 0, 21.96536
C:\Users\Owner\Downloads\simulator-windows-64\dataTrack1\IMG\center_2024_11_20_20_22_15_407.jpg, C:\Users\Owner\Downloads\simulator-windows-64\dataTrack1\IMG\left_2024_11_20_20_22_15_407.jpg, C:\Users\Owner\Downloads\simulator-windows-64\dataTrack1\IMG\right_2024_11_20_20_22_15_407.jpg, -0.1580493, 0, 0, 21.70457
C:\Users\Owner\Downloads\simulator-windows-64\dataTrack1\IMG\center_2024_11_20_20_22_15_509.jpg, C:\Users\Owner\Downloads\simulator-windows-64\dataTrack1\IMG\left_2024_11_20_20_22_15_509.jpg, C:\Users\Owner\Downloads\simulator-windows-64\dataTrack1\IMG\right_2024_11_20_20_22_15_509.jpg, -0.0552135, 0, 0, 21.73693
C:\Users\Owner\Downloads\simulator-windows-64\dataTrack1\IMG\center_2024_11_20_20_22_15_613.jpg, C:\Users\Owner\Downloads\simulator-windows-64\dataTrack1\IMG\left_2024_11_20_20_22_15_613.jpg, C:\Users\Owner\Downloads\simulator-windows-64\dataTrack1\IMG\right_2024_11_20_20_22_15_613.jpg, 0, 0, 0, 21.23234
C:\Users\Owner\Downloads\simulator-windows-64\dataTrack1\IMG\center_2024_11_20_20_22_15_717.jpg, C:\Users\Owner\Downloads\simulator-windows-64\dataTrack1\IMG\left_2024_11_20_20_22_15_717.jpg, C:\Users\Owner\Downloads\simulator-windows-64\dataTrack1\IMG\right_2024_11_20_20_22_15_717.jpg, 0, 0, 0, 21.30726
C:\Users\Owner\Downloads\simulator-windows-64\dataTrack1\IMG\center_2024_11_20_20_22_15_825.jpg, C:\Users\Owner\Downloads\simulator-windows-64\dataTrack1\IMG\left_2024_11_20_20_22_15_825.jpg, C:\Users\Owner\Downloads\simulator-windows-64\dataTrack1\IMG\right_2024_11_20_20_22_15_825.jpg, 0, 0, 0, 21.0554
C:\Users\Owner\Downloads\simulator-windows-64\dataTrack1\IMG\center_2024_11_20_20_22_15_929.jpg, C:\Users\Owner\Downloads\simulator-windows-64\dataTrack1\IMG\left_2024_11_20_20_22_15_929.jpg, C:\Users\Owner\Downloads\simulator-windows-64\dataTrack1\IMG\right_2024_11_20_20_22_15_929.jpg, 0, 0.3145791, 0, 20.77499
C:\Users\Owner\Downloads\simulator-windows-64\dataTrack1\IMG\center_2024_11_20_20_22_16_033.jpg, C:\Users\Owner\Downloads\simulator-windows-64\dataTrack1\IMG\left_2024_11_20_20_22_16_033.jpg, C:\Users\Owner\Downloads\simulator-windows-64\dataTrack1\IMG\right_2024_11_20_20_22_16_033.jpg, 0, 0.001563892, 0, 21.02813
C:\Users\Owner\Downloads\simulator-windows-64\dataTrack1\IMG\center_2024_11_20_20_22_16_140.jpg, C:\Users\Owner\Downloads\simulator-windows-64\dataTrack1\IMG\left_2024_11_20_20_22_16_140.jpg, C:\Users\Owner\Downloads\simulator-windows-64\dataTrack1\IMG\right_2024_11_20_20_22_16_140.jpg, 0, 0.3188751, 0, 20.69612
C:\Users\Owner\Downloads\simulator-windows-64\dataTrack1\IMG\center_2024_11_20_20_22_16_245.jpg, C:\Users\Owner\Downloads\simulator-windows-64\dataTrack1\IMG\left_2024_11_20_20_22_16_245.jpg, C:\Users\Owner\Downloads\simulator-windows-64\dataTrack1\IMG\right_2024_11_20_20_22_16_245.jpg, 0, 0.001413599, 0, 20.67529
C:\Users\Owner\Downloads\simulator-windows-64\dataTrack1\IMG\center_2024_11_20_20_22_16_347.jpg, C:\Users\Owner\Downloads\simulator-windows-64\dataTrack1\IMG\left_2024_11_20_20_22_16_347.jpg, C:\Users\Owner\Downloads\simulator-windows-64\dataTrack1\IMG\right_2024_11_20_20_22_16_347.jpg, 0, 0.2063424, 0, 20.8509
C:\Users\Owner\Downloads\simulator-windows-64\dataTrack1\IMG\center_2024_11_20_20_22_16_451.jpg, C:\Users\Owner\Downloads\simulator-windows-64\dataTrack1\IMG\left_2024_11_20_20_22_16_451.jpg, C:\Users\Owner\Downloads\simulator-windows-64\dataTrack1\IMG\right_2024_11_20_20_22_16_451.jpg, 0, 0.3112887, 0, 20.79156
C:\Users\Owner\Downloads\simulator-windows-64\dataTrack1\IMG\center_2024_11_20_20_22_16_558.jpg, C:\Users\Owner\Downloads\simulator-windows-64\dataTrack1\IMG\left_2024_11_20_20_22_16_558.jpg, C:\Users\Owner\Downloads\simulator-windows-64\dataTrack1\IMG\right_2024_11_20_20_22_16_558.jpg, 0, 0.2007336, 0, 21.05295
C:\Users\Owner\Downloads\simulator-windows-64\dataTrack1\IMG\center_2024_11_20_20_22_16_663.jpg, C:\Users\Owner\Downloads\simulator-windows-64\dataTrack1\IMG\left_2024_11_20_20_22_16_663.jpg, C:\Users\Owner\Downloads\simulator-windows-64\dataTrack1\IMG\right_2024_11_20_20_22_16_663.jpg, 0, 0.516039, 0, 21.3054
C:\Users\Owner\Downloads\simulator-windows-64\dataTrack1\IMG\center_2024_11_20_20_22_16_764.jpg, C:\Users\Owner\Downloads\simulator-windows-64\dataTrack1\IMG\left_2024_11_20_20_22_16_764.jpg, C:\Users\Owner\Downloads\simulator-windows-64\dataTrack1\IMG\right_2024_11_20_20_22_16_764.jpg, -0.3041655, 0.2118734, 0, 21.26601
C:\Users\Owner\Downloads\simulator-windows-64\dataTrack1\IMG\center_2024_11_20_20_22_16_867.jpg, C:\Users\Owner\Downloads\simulator-windows-64\dataTrack1\IMG\left_2024_11_20_20_22_16_867.jpg, C:\Users\Owner\Downloads\simulator-windows-64\dataTrack1\IMG\right_2024_11_20_20_22_16_867.jpg, -0.4046355, 0, 0, 21.22459
C:\Users\Owner\Downloads\simulator-windows-64\dataTrack1\IMG\center_2024_11_20_20_22_16_974.jpg, C:\Users\Owner\Downloads\simulator-windows-64\dataTrack1\IMG\left_2024_11_20_20_22_16_974.jpg, C:\Users\Owner\Downloads\simulator-windows-64\dataTrack1\IMG\right_2024_11_20_20_22_16_974.jpg, -0.08447198, 0, 0, 20.72236
C:\Users\Owner\Downloads\simulator-windows-64\dataTrack1\IMG\center_2024_11_20_20_22_17_079.jpg, C:\Users\Owner\Downloads\simulator-windows-64\dataTrack1\IMG\left_2024_11_20_20_22_17_079.jpg, C:\Users\Owner\Downloads\simulator-windows-64\dataTrack1\IMG\right_2024_11_20_20_22_17_079.jpg, 0, 0.3125697, 0, 20.93389
C:\Users\Owner\Downloads\simulator-windows-64\dataTrack1\IMG\center_2024_11_20_20_22_17_183.jpg, C:\Users\Owner\Downloads\simulator-windows-64\dataTrack1\IMG\left_2024_11_20_20_22_17_183.jpg, C:\Users\Owner\Downloads\simulator-windows-64\dataTrack1\IMG\right_2024_11_20_20_22_17_183.jpg, 0, 0.215193, 0, 21.17927
C:\Users\Owner\Downloads\simulator-windows-64\dataTrack1\IMG\center_2024_11_20_20_22_17_287.jpg, C:\Users\Owner\Downloads\simulator-windows-64\dataTrack1\IMG\left_2024_11_20_20_22_17_287.jpg, C:\Users\Owner\Downloads\simulator-windows-64\dataTrack1\IMG\right_2024_11_20_20_22_17_287.jpg, 0, 0.3218742, 0, 20.96742
C:\Users\Owner\Downloads\simulator-windows-64\dataTrack1\IMG\center_2024_11_20_20_22_17_391.jpg, C:\Users\Owner\Downloads\simulator-windows-64\dataTrack1\IMG\left_2024_11_20_20_22_17_391.jpg, C:\Users\Owner\Downloads\simulator-windows-64\dataTrack1\IMG\right_2024_11_20_20_22_17_391.jpg, 0, 0.2163816, 0, 21.40273
C:\Users\Owner\Downloads\simulator-windows-64\dataTrack1\IMG\center_2024_11_20_20_22_17_493.jpg, C:\Users\Owner\Downloads\simulator-windows-64\dataTrack1\IMG\left_2024_11_20_20_22_17_493.jpg, C:\Users\Owner\Downloads\simulator-windows-64\dataTrack1\IMG\right_2024_11_20_20_22_17_493.jpg, 0, 0.2248266, 0, 21.11828
C:\Users\Owner\Downloads\simulator-windows-64\dataTrack1\IMG\center_2024_11_20_20_22_17_599.jpg, C:\Users\Owner\Downloads\simulator-windows-64\dataTrack1\IMG\left_2024_11_20_20_22_17_599.jpg, C:\Users\Owner\Downloads\simulator-windows-64\dataTrack1\IMG\right_2024_11_20_20_22_17_599.jpg, 0, 0.3354687, 0, 21.57887
C:\Users\Owner\Downloads\simulator-windows-64\dataTrack1\IMG\center_2024_11_20_20_22_17_709.jpg, C:\Users\Owner\Downloads\simulator-windows-64\dataTrack1\IMG\left_2024_11_20_20_22_17_709.jpg, C:\Users\Owner\Downloads\simulator-windows-64\dataTrack1\IMG\right_2024_11_20_20_22_17_709.jpg, 0, 0.2201628, 0, 21.61199
C:\Users\Owner\Downloads\simulator-windows-64\dataTrack1\IMG\center_2024_11_20_20_22_17_814.jpg, C:\Users\Owner\Downloads\simulator-windows-64\dataTrack1\IMG\left_2024_11_20_20_22_17_814.jpg, C:\Users\Owner\Downloads\simulator-windows-64\dataTrack1\IMG\right_2024_11_20_20_22_17_814.jpg, 0, 0.5385202, 0, 21.64258
C:\Users\Owner\Downloads\simulator-windows-64\dataTrack1\IMG\center_2024_11_20_20_22_17_919.jpg, C:\Users\Owner\Downloads\simulator-windows-64\dataTrack1\IMG\left_2024_11_20_20_22_17_919.jpg, C:\Users\Owner\Downloads\simulator-windows-64\dataTrack1\IMG\right_2024_11_20_20_22_17_919.jpg, 0, 0.2264205, 0, 22.10424
C:\Users\Owner\Downloads\simulator-windows-64\dataTrack1\IMG\center_2024_11_20_20_22_18_027.jpg, C:\Users\Owner\Downloads\simulator-windows-64\dataTrack1\IMG\left_2024_11_20_20_22_18_027.jpg, C:\Users\Owner\Downloads\simulator-windows-64\dataTrack1\IMG\right_2024_11_20_20_22_18_027.jpg, 0, 0.3640284, 0, 22.15633
C:\Users\Owner\Downloads\simulator-windows-64\dataTrack1\IMG\center_2024_11_20_20_22_18_132.jpg, C:\Users\Owner\Downloads\simulator-windows-64\dataTrack1\IMG\left_2024_11_20_20_22_18_132.jpg, C:\Users\Owner\Downloads\simulator-windows-64\dataTrack1\IMG\right_2024_11_20_20_22_18_132.jpg, 0, 0.2203215, 0, 22.19188
C:\Users\Owner\Downloads\simulator-windows-64\dataTrack1\IMG\center_2024_11_20_20_22_18_234.jpg, C:\Users\Owner\Downloads\simulator-windows-64\dataTrack1\IMG\left_2024_11_20_20_22_18_234.jpg, C:\Users\Owner\Downloads\simulator-windows-64\dataTrack1\IMG\right_2024_11_20_20_22_18_234.jpg, 0, 0.2259204, 0, 22.32162
C:\Users\Owner\Downloads\simulator-windows-64\dataTrack1\IMG\center_2024_11_20_20_22_18_339.jpg, C:\Users\Owner\Downloads\simulator-windows-64\dataTrack1\IMG\left_2024_11_20_20_22_18_339.jpg, C:\Users\Owner\Downloads\simulator-windows-64\dataTrack1\IMG\right_2024_11_20_20_22_18_339.jpg, 0, 0.1186986, 0, 22.22555
C:\Users\Owner\Downloads\simulator-windows-64\dataTrack1\IMG\center_2024_11_20_20_22_18_443.jpg, C:\Users\Owner\Downloads\simulator-windows-64\dataTrack1\IMG\left_2024_11_20_20_22_18_443.jpg, C:\Users\Owner\Downloads\simulator-windows-64\dataTrack1\IMG\right_2024_11_20_20_22_18_443.jpg, 0, 0, 0, 21.93967
C:\Users\Owner\Downloads\simulator-windows-64\dataTrack1\IMG\center_2024_11_20_20_22_18_545.jpg, C:\Users\Owner\Downloads\simulator-windows-64\dataTrack1\IMG\left_2024_11_20_20_22_18_545.jpg, C:\Users\Owner\Downloads\simulator-windows-64\dataTrack1\IMG\right_2024_11_20_20_22_18_545.jpg, 0, 0, 0, 21.98093
C:\Users\Owner\Downloads\simulator-windows-64\dataTrack1\IMG\center_2024_11_20_20_22_18_650.jpg, C:\Users\Owner\Downloads\simulator-windows-64\dataTrack1\IMG\left_2024_11_20_20_22_18_650.jpg, C:\Users\Owner\Downloads\simulator-windows-64\dataTrack1\IMG\right_2024_11_20_20_22_18_650.jpg, 0, 0, 0, 21.48457
C:\Users\Owner\Downloads\simulator-windows-64\dataTrack1\IMG\center_2024_11_20_20_22_18_756.jpg, C:\Users\Owner\Downloads\simulator-windows-64\dataTrack1\IMG\left_2024_11_20_20_22_18_756.jpg, C:\Users\Owner\Downloads\simulator-windows-64\dataTrack1\IMG\right_2024_11_20_20_22_18_756.jpg, 0, 0, 0, 21.54952
C:\Users\Owner\Downloads\simulator-windows-64\dataTrack1\IMG\center_2024_11_20_20_22_18_861.jpg, C:\Users\Owner\Downloads\simulator-windows-64\dataTrack1\IMG\left_2024_11_20_20_22_18_861.jpg, C:\Users\Owner\Downloads\simulator-windows-64\dataTrack1\IMG\right_2024_11_20_20_22_18_861.jpg, -0.2628585, 0, 0, 21.00886
C:\Users\Owner\Downloads\simulator-windows-64\dataTrack1\IMG\center_2024_11_20_20_22_18_965.jpg, C:\Users\Owner\Downloads\simulator-windows-64\dataTrack1\IMG\left_2024_11_20_20_22_18_965.jpg, C:\Users\Owner\Downloads\simulator-windows-64\dataTrack1\IMG\right_2024_11_20_20_22_18_965.jpg, -0.2247168, 0, 0, 20.65923
C:\Users\Owner\Downloads\simulator-windows-64\dataTrack1\IMG\center_2024_11_20_20_22_19_072.jpg, C:\Users\Owner\Downloads\simulator-windows-64\dataTrack1\IMG\left_2024_11_20_20_22_19_072.jpg, C:\Users\Owner\Downloads\simulator-windows-64\dataTrack1\IMG\right_2024_11_20_20_22_19_072.jpg, 0, 0, 0, 20.75037
C:\Users\Owner\Downloads\simulator-windows-64\dataTrack1\IMG\center_2024_11_20_20_22_19_176.jpg, C:\Users\Owner\Downloads\simulator-windows-64\dataTrack1\IMG\left_2024_11_20_20_22_19_176.jpg, C:\Users\Owner\Downloads\simulator-windows-64\dataTrack1\IMG\right_2024_11_20_20_22_19_176.jpg, -0.157578, 0, 0, 20.2141
C:\Users\Owner\Downloads\simulator-windows-64\dataTrack1\IMG\center_2024_11_20_20_22_19_281.jpg, C:\Users\Owner\Downloads\simulator-windows-64\dataTrack1\IMG\left_2024_11_20_20_22_19_281.jpg, C:\Users\Owner\Downloads\simulator-windows-64\dataTrack1\IMG\right_2024_11_20_20_22_19_281.jpg, 0, 0, 0, 20.33826
C:\Users\Owner\Downloads\simulator-windows-64\dataTrack1\IMG\center_2024_11_20_20_22_19_383.jpg, C:\Users\Owner\Downloads\simulator-windows-64\dataTrack1\IMG\left_2024_11_20_20_22_19_383.jpg, C:\Users\Owner\Downloads\simulator-windows-64\dataTrack1\IMG\right_2024_11_20_20_22_19_383.jpg, 0, 0, 0, 20.10032
C:\Users\Owner\Downloads\simulator-windows-64\dataTrack1\IMG\center_2024_11_20_20_22_19_489.jpg, C:\Users\Owner\Downloads\simulator-windows-64\dataTrack1\IMG\left_2024_11_20_20_22_19_489.jpg, C:\Users\Owner\Downloads\simulator-windows-64\dataTrack1\IMG\right_2024_11_20_20_22_19_489.jpg, 0, 0.1088502, 0, 19.56966
C:\Users\Owner\Downloads\simulator-windows-64\dataTrack1\IMG\center_2024_11_20_20_22_19_591.jpg, C:\Users\Owner\Downloads\simulator-windows-64\dataTrack1\IMG\left_2024_11_20_20_22_19_591.jpg, C:\Users\Owner\Downloads\simulator-windows-64\dataTrack1\IMG\right_2024_11_20_20_22_19_591.jpg, 0, 0.2100726, 0, 19.99566
C:\Users\Owner\Downloads\simulator-windows-64\dataTrack1\IMG\center_2024_11_20_20_22_19_696.jpg, C:\Users\Owner\Downloads\simulator-windows-64\dataTrack1\IMG\left_2024_11_20_20_22_19_696.jpg, C:\Users\Owner\Downloads\simulator-windows-64\dataTrack1\IMG\right_2024_11_20_20_22_19_696.jpg, -0.1035066, 0, 0, 19.56036
C:\Users\Owner\Downloads\simulator-windows-64\dataTrack1\IMG\center_2024_11_20_20_22_19_799.jpg, C:\Users\Owner\Downloads\simulator-windows-64\dataTrack1\IMG\left_2024_11_20_20_22_19_799.jpg, C:\Users\Owner\Downloads\simulator-windows-64\dataTrack1\IMG\right_2024_11_20_20_22_19_799.jpg, -0.154461, 0, 0, 19.67674
C:\Users\Owner\Downloads\simulator-windows-64\dataTrack1\IMG\center_2024_11_20_20_22_19_906.jpg, C:\Users\Owner\Downloads\simulator-windows-64\dataTrack1\IMG\left_2024_11_20_20_22_19_906.jpg, C:\Users\Owner\Downloads\simulator-windows-64\dataTrack1\IMG\right_2024_11_20_20_22_19_906.jpg, 0, 0, 0, 19.45214
C:\Users\Owner\Downloads\simulator-windows-64\dataTrack1\IMG\center_2024_11_20_20_22_20_011.jpg, C:\Users\Owner\Downloads\simulator-windows-64\dataTrack1\IMG\left_2024_11_20_20_22_20_011.jpg, C:\Users\Owner\Downloads\simulator-windows-64\dataTrack1\IMG\right_2024_11_20_20_22_20_011.jpg, -0.3161856, 0, 0, 18.81556
C:\Users\Owner\Downloads\simulator-windows-64\dataTrack1\IMG\center_2024_11_20_20_22_20_116.jpg, C:\Users\Owner\Downloads\simulator-windows-64\dataTrack1\IMG\left_2024_11_20_20_22_20_116.jpg, C:\Users\Owner\Downloads\simulator-windows-64\dataTrack1\IMG\right_2024_11_20_20_22_20_116.jpg, -0.002558988, 0, 0, 19.04506
C:\Users\Owner\Downloads\simulator-windows-64\dataTrack1\IMG\center_2024_11_20_20_22_20_220.jpg, C:\Users\Owner\Downloads\simulator-windows-64\dataTrack1\IMG\left_2024_11_20_20_22_20_220.jpg, C:\Users\Owner\Downloads\simulator-windows-64\dataTrack1\IMG\right_2024_11_20_20_22_20_220.jpg, 0, 0, 0, 18.37605
C:\Users\Owner\Downloads\simulator-windows-64\dataTrack1\IMG\center_2024_11_20_20_22_20_324.jpg, C:\Users\Owner\Downloads\simulator-windows-64\dataTrack1\IMG\left_2024_11_20_20_22_20_324.jpg, C:\Users\Owner\Downloads\simulator-windows-64\dataTrack1\IMG\right_2024_11_20_20_22_20_324.jpg, -0.3625734, 0, 0, 18.11013
C:\Users\Owner\Downloads\simulator-windows-64\dataTrack1\IMG\center_2024_11_20_20_22_20_430.jpg, C:\Users\Owner\Downloads\simulator-windows-64\dataTrack1\IMG\left_2024_11_20_20_22_20_430.jpg, C:\Users\Owner\Downloads\simulator-windows-64\dataTrack1\IMG\right_2024_11_20_20_22_20_430.jpg, -0.2535786, 0, 0, 18.35253
C:\Users\Owner\Downloads\simulator-windows-64\dataTrack1\IMG\center_2024_11_20_20_22_20_531.jpg, C:\Users\Owner\Downloads\simulator-windows-64\dataTrack1\IMG\left_2024_11_20_20_22_20_531.jpg, C:\Users\Owner\Downloads\simulator-windows-64\dataTrack1\IMG\right_2024_11_20_20_22_20_531.jpg, -0.0567837, 0, 0, 17.66528
C:\Users\Owner\Downloads\simulator-windows-64\dataTrack1\IMG\center_2024_11_20_20_22_20_634.jpg, C:\Users\Owner\Downloads\simulator-windows-64\dataTrack1\IMG\left_2024_11_20_20_22_20_634.jpg, C:\Users\Owner\Downloads\simulator-windows-64\dataTrack1\IMG\right_2024_11_20_20_22_20_634.jpg, -0.3646884, 0, 0, 17.95241
C:\Users\Owner\Downloads\simulator-windows-64\dataTrack1\IMG\center_2024_11_20_20_22_20_739.jpg, C:\Users\Owner\Downloads\simulator-windows-64\dataTrack1\IMG\left_2024_11_20_20_22_20_739.jpg, C:\Users\Owner\Downloads\simulator-windows-64\dataTrack1\IMG\right_2024_11_20_20_22_20_739.jpg, -0.04986899, 0, 0, 17.26706
C:\Users\Owner\Downloads\simulator-windows-64\dataTrack1\IMG\center_2024_11_20_20_22_20_843.jpg, C:\Users\Owner\Downloads\simulator-windows-64\dataTrack1\IMG\left_2024_11_20_20_22_20_843.jpg, C:\Users\Owner\Downloads\simulator-windows-64\dataTrack1\IMG\right_2024_11_20_20_22_20_843.jpg, -0.1028259, 0, 0, 17.03338
C:\Users\Owner\Downloads\simulator-windows-64\dataTrack1\IMG\center_2024_11_20_20_22_20_946.jpg, C:\Users\Owner\Downloads\simulator-windows-64\dataTrack1\IMG\left_2024_11_20_20_22_20_946.jpg, C:\Users\Owner\Downloads\simulator-windows-64\dataTrack1\IMG\right_2024_11_20_20_22_20_946.jpg, -0.413385, 0, 0, 17.30541
C:\Users\Owner\Downloads\simulator-windows-64\dataTrack1\IMG\center_2024_11_20_20_22_21_050.jpg, C:\Users\Owner\Downloads\simulator-windows-64\dataTrack1\IMG\left_2024_11_20_20_22_21_050.jpg, C:\Users\Owner\Downloads\simulator-windows-64\dataTrack1\IMG\right_2024_11_20_20_22_21_050.jpg, -0.2698206, 0.101859, 0, 16.59283
C:\Users\Owner\Downloads\simulator-windows-64\dataTrack1\IMG\center_2024_11_20_20_22_21_155.jpg, C:\Users\Owner\Downloads\simulator-windows-64\dataTrack1\IMG\left_2024_11_20_20_22_21_155.jpg, C:\Users\Owner\Downloads\simulator-windows-64\dataTrack1\IMG\right_2024_11_20_20_22_21_155.jpg, 0, 0.4159239, 0, 17.23001
C:\Users\Owner\Downloads\simulator-windows-64\dataTrack1\IMG\center_2024_11_20_20_22_21_261.jpg, C:\Users\Owner\Downloads\simulator-windows-64\dataTrack1\IMG\left_2024_11_20_20_22_21_261.jpg, C:\Users\Owner\Downloads\simulator-windows-64\dataTrack1\IMG\right_2024_11_20_20_22_21_261.jpg, -0.1046298, 0.1476222, 0, 16.92411
C:\Users\Owner\Downloads\simulator-windows-64\dataTrack1\IMG\center_2024_11_20_20_22_21_365.jpg, C:\Users\Owner\Downloads\simulator-windows-64\dataTrack1\IMG\left_2024_11_20_20_22_21_365.jpg, C:\Users\Owner\Downloads\simulator-windows-64\dataTrack1\IMG\right_2024_11_20_20_22_21_365.jpg, -0.4644876, 0.1511094, 0, 16.69542
C:\Users\Owner\Downloads\simulator-windows-64\dataTrack1\IMG\center_2024_11_20_20_22_21_468.jpg, C:\Users\Owner\Downloads\simulator-windows-64\dataTrack1\IMG\left_2024_11_20_20_22_21_468.jpg, C:\Users\Owner\Downloads\simulator-windows-64\dataTrack1\IMG\right_2024_11_20_20_22_21_468.jpg, -0.1514571, 0.1562643, 0, 17.28935
C:\Users\Owner\Downloads\simulator-windows-64\dataTrack1\IMG\center_2024_11_20_20_22_21_576.jpg, C:\Users\Owner\Downloads\simulator-windows-64\dataTrack1\IMG\left_2024_11_20_20_22_21_576.jpg, C:\Users\Owner\Downloads\simulator-windows-64\dataTrack1\IMG\right_2024_11_20_20_22_21_576.jpg, -0.1570434, 0.1034454, 0, 16.65676
C:\Users\Owner\Downloads\simulator-windows-64\dataTrack1\IMG\center_2024_11_20_20_22_21_679.jpg, C:\Users\Owner\Downloads\simulator-windows-64\dataTrack1\IMG\left_2024_11_20_20_22_21_679.jpg, C:\Users\Owner\Downloads\simulator-windows-64\dataTrack1\IMG\right_2024_11_20_20_22_21_679.jpg, -0.4154112, 0.3618132, 0, 17.18168
C:\Users\Owner\Downloads\simulator-windows-64\dataTrack1\IMG\center_2024_11_20_20_22_21_784.jpg, C:\Users\Owner\Downloads\simulator-windows-64\dataTrack1\IMG\left_2024_11_20_20_22_21_784.jpg, C:\Users\Owner\Downloads\simulator-windows-64\dataTrack1\IMG\right_2024_11_20_20_22_21_784.jpg, -0.0475731, 0, 0, 17.27138
C:\Users\Owner\Downloads\simulator-windows-64\dataTrack1\IMG\center_2024_11_20_20_22_21_887.jpg, C:\Users\Owner\Downloads\simulator-windows-64\dataTrack1\IMG\left_2024_11_20_20_22_21_887.jpg, C:\Users\Owner\Downloads\simulator-windows-64\dataTrack1\IMG\right_2024_11_20_20_22_21_887.jpg, 0, 0.1991748, 0, 16.66758
C:\Users\Owner\Downloads\simulator-windows-64\dataTrack1\IMG\center_2024_11_20_20_22_21_995.jpg, C:\Users\Owner\Downloads\simulator-windows-64\dataTrack1\IMG\left_2024_11_20_20_22_21_995.jpg, C:\Users\Owner\Downloads\simulator-windows-64\dataTrack1\IMG\right_2024_11_20_20_22_21_995.jpg, -0.3260517, 0.4176603, 0, 17.32021
C:\Users\Owner\Downloads\simulator-windows-64\dataTrack1\IMG\center_2024_11_20_20_22_22_101.jpg, C:\Users\Owner\Downloads\simulator-windows-64\dataTrack1\IMG\left_2024_11_20_20_22_22_101.jpg, C:\Users\Owner\Downloads\simulator-windows-64\dataTrack1\IMG\right_2024_11_20_20_22_22_101.jpg, -0.5903355, 0.1533765, 0, 17.01098
C:\Users\Owner\Downloads\simulator-windows-64\dataTrack1\IMG\center_2024_11_20_20_22_22_201.jpg, C:\Users\Owner\Downloads\simulator-windows-64\dataTrack1\IMG\left_2024_11_20_20_22_22_201.jpg, C:\Users\Owner\Downloads\simulator-windows-64\dataTrack1\IMG\right_2024_11_20_20_22_22_201.jpg, -0.3899574, 0, 0, 17.27133
C:\Users\Owner\Downloads\simulator-windows-64\dataTrack1\IMG\center_2024_11_20_20_22_22_309.jpg, C:\Users\Owner\Downloads\simulator-windows-64\dataTrack1\IMG\left_2024_11_20_20_22_22_309.jpg, C:\Users\Owner\Downloads\simulator-windows-64\dataTrack1\IMG\right_2024_11_20_20_22_22_309.jpg, -0.3383133, 0.0554832, 0, 17.08166
C:\Users\Owner\Downloads\simulator-windows-64\dataTrack1\IMG\center_2024_11_20_20_22_22_414.jpg, C:\Users\Owner\Downloads\simulator-windows-64\dataTrack1\IMG\left_2024_11_20_20_22_22_414.jpg, C:\Users\Owner\Downloads\simulator-windows-64\dataTrack1\IMG\right_2024_11_20_20_22_22_414.jpg, -0.02313389, 0.3706626, 0, 16.74327
C:\Users\Owner\Downloads\simulator-windows-64\dataTrack1\IMG\center_2024_11_20_20_22_22_515.jpg, C:\Users\Owner\Downloads\simulator-windows-64\dataTrack1\IMG\left_2024_11_20_20_22_22_515.jpg, C:\Users\Owner\Downloads\simulator-windows-64\dataTrack1\IMG\right_2024_11_20_20_22_22_515.jpg, 0, 0.06696989, 0, 17.27398
C:\Users\Owner\Downloads\simulator-windows-64\dataTrack1\IMG\center_2024_11_20_20_22_22_624.jpg, C:\Users\Owner\Downloads\simulator-windows-64\dataTrack1\IMG\left_2024_11_20_20_22_22_624.jpg, C:\Users\Owner\Downloads\simulator-windows-64\dataTrack1\IMG\right_2024_11_20_20_22_22_624.jpg, 0, 0, 0, 17.08094
C:\Users\Owner\Downloads\simulator-windows-64\dataTrack1\IMG\center_2024_11_20_20_22_22_728.jpg, C:\Users\Owner\Downloads\simulator-windows-64\dataTrack1\IMG\left_2024_11_20_20_22_22_728.jpg, C:\Users\Owner\Downloads\simulator-windows-64\dataTrack1\IMG\right_2024_11_20_20_22_22_728.jpg, -0.3163611, 0.2092266, 0, 16.44944
C:\Users\Owner\Downloads\simulator-windows-64\dataTrack1\IMG\center_2024_11_20_20_22_22_832.jpg, C:\Users\Owner\Downloads\simulator-windows-64\dataTrack1\IMG\left_2024_11_20_20_22_22_832.jpg, C:\Users\Owner\Downloads\simulator-windows-64\dataTrack1\IMG\right_2024_11_20_20_22_22_832.jpg, -0.6274573, 0.3087519, 0, 16.96315
C:\Users\Owner\Downloads\simulator-windows-64\dataTrack1\IMG\center_2024_11_20_20_22_22_935.jpg, C:\Users\Owner\Downloads\simulator-windows-64\dataTrack1\IMG\left_2024_11_20_20_22_22_935.jpg, C:\Users\Owner\Downloads\simulator-windows-64\dataTrack1\IMG\right_2024_11_20_20_22_22_935.jpg, -0.4935646, 0.0009876192, 0, 16.41934
C:\Users\Owner\Downloads\simulator-windows-64\dataTrack1\IMG\center_2024_11_20_20_22_23_039.jpg, C:\Users\Owner\Downloads\simulator-windows-64\dataTrack1\IMG\left_2024_11_20_20_22_23_039.jpg, C:\Users\Owner\Downloads\simulator-windows-64\dataTrack1\IMG\right_2024_11_20_20_22_23_039.jpg, -0.2311219, 0.2634303, 0, 16.91308
C:\Users\Owner\Downloads\simulator-windows-64\dataTrack1\IMG\center_2024_11_20_20_22_23_145.jpg, C:\Users\Owner\Downloads\simulator-windows-64\dataTrack1\IMG\left_2024_11_20_20_22_23_145.jpg, C:\Users\Owner\Downloads\simulator-windows-64\dataTrack1\IMG\right_2024_11_20_20_22_23_145.jpg, -0.4973893, 0.2117895, 0, 17.16423
C:\Users\Owner\Downloads\simulator-windows-64\dataTrack1\IMG\center_2024_11_20_20_22_23_252.jpg, C:\Users\Owner\Downloads\simulator-windows-64\dataTrack1\IMG\left_2024_11_20_20_22_23_252.jpg, C:\Users\Owner\Downloads\simulator-windows-64\dataTrack1\IMG\right_2024_11_20_20_22_23_252.jpg, -0.5090155, 0, 0, 16.53553
C:\Users\Owner\Downloads\simulator-windows-64\dataTrack1\IMG\center_2024_11_20_20_22_23_353.jpg, C:\Users\Owner\Downloads\simulator-windows-64\dataTrack1\IMG\left_2024_11_20_20_22_23_353.jpg, C:\Users\Owner\Downloads\simulator-windows-64\dataTrack1\IMG\right_2024_11_20_20_22_23_353.jpg, -0.2041372, 0, 0, 16.91022
C:\Users\Owner\Downloads\simulator-windows-64\dataTrack1\IMG\center_2024_11_20_20_22_23_457.jpg, C:\Users\Owner\Downloads\simulator-windows-64\dataTrack1\IMG\left_2024_11_20_20_22_23_457.jpg, C:\Users\Owner\Downloads\simulator-windows-64\dataTrack1\IMG\right_2024_11_20_20_22_23_457.jpg, 0, 0.2683731, 0, 16.38769
C:\Users\Owner\Downloads\simulator-windows-64\dataTrack1\IMG\center_2024_11_20_20_22_23_565.jpg, C:\Users\Owner\Downloads\simulator-windows-64\dataTrack1\IMG\left_2024_11_20_20_22_23_565.jpg, C:\Users\Owner\Downloads\simulator-windows-64\dataTrack1\IMG\right_2024_11_20_20_22_23_565.jpg, 0, 0.2313801, 0, 16.70675
C:\Users\Owner\Downloads\simulator-windows-64\dataTrack1\IMG\center_2024_11_20_20_22_23_669.jpg, C:\Users\Owner\Downloads\simulator-windows-64\dataTrack1\IMG\left_2024_11_20_20_22_23_669.jpg, C:\Users\Owner\Downloads\simulator-windows-64\dataTrack1\IMG\right_2024_11_20_20_22_23_669.jpg, 0, 0.3309307, 0, 17.2272
C:\Users\Owner\Downloads\simulator-windows-64\dataTrack1\IMG\center_2024_11_20_20_22_23_776.jpg, C:\Users\Owner\Downloads\simulator-windows-64\dataTrack1\IMG\left_2024_11_20_20_22_23_776.jpg, C:\Users\Owner\Downloads\simulator-windows-64\dataTrack1\IMG\right_2024_11_20_20_22_23_776.jpg, 0, 0.2362794, 0, 17.05639
C:\Users\Owner\Downloads\simulator-windows-64\dataTrack1\IMG\center_2024_11_20_20_22_23_880.jpg, C:\Users\Owner\Downloads\simulator-windows-64\dataTrack1\IMG\left_2024_11_20_20_22_23_880.jpg, C:\Users\Owner\Downloads\simulator-windows-64\dataTrack1\IMG\right_2024_11_20_20_22_23_880.jpg, 0, 0.1816776, 0, 17.52083
C:\Users\Owner\Downloads\simulator-windows-64\dataTrack1\IMG\center_2024_11_20_20_22_23_985.jpg, C:\Users\Owner\Downloads\simulator-windows-64\dataTrack1\IMG\left_2024_11_20_20_22_23_985.jpg, C:\Users\Owner\Downloads\simulator-windows-64\dataTrack1\IMG\right_2024_11_20_20_22_23_985.jpg, -0.1585329, 0.3390942, 0, 17.79008
C:\Users\Owner\Downloads\simulator-windows-64\dataTrack1\IMG\center_2024_11_20_20_22_24_086.jpg, C:\Users\Owner\Downloads\simulator-windows-64\dataTrack1\IMG\left_2024_11_20_20_22_24_086.jpg, C:\Users\Owner\Downloads\simulator-windows-64\dataTrack1\IMG\right_2024_11_20_20_22_24_086.jpg, -0.4622325, 0.03539463, 0, 17.30952
C:\Users\Owner\Downloads\simulator-windows-64\dataTrack1\IMG\center_2024_11_20_20_22_24_192.jpg, C:\Users\Owner\Downloads\simulator-windows-64\dataTrack1\IMG\left_2024_11_20_20_22_24_192.jpg, C:\Users\Owner\Downloads\simulator-windows-64\dataTrack1\IMG\right_2024_11_20_20_22_24_192.jpg, -0.5732158, 0, 0, 17.45613
C:\Users\Owner\Downloads\simulator-windows-64\dataTrack1\IMG\center_2024_11_20_20_22_24_297.jpg, C:\Users\Owner\Downloads\simulator-windows-64\dataTrack1\IMG\left_2024_11_20_20_22_24_297.jpg, C:\Users\Owner\Downloads\simulator-windows-64\dataTrack1\IMG\right_2024_11_20_20_22_24_297.jpg, -0.2579137, 0.3153021, 0, 16.95944
C:\Users\Owner\Downloads\simulator-windows-64\dataTrack1\IMG\center_2024_11_20_20_22_24_403.jpg, C:\Users\Owner\Downloads\simulator-windows-64\dataTrack1\IMG\left_2024_11_20_20_22_24_403.jpg, C:\Users\Owner\Downloads\simulator-windows-64\dataTrack1\IMG\right_2024_11_20_20_22_24_403.jpg, 0, 0.2177778, 0, 17.32877
C:\Users\Owner\Downloads\simulator-windows-64\dataTrack1\IMG\center_2024_11_20_20_22_24_508.jpg, C:\Users\Owner\Downloads\simulator-windows-64\dataTrack1\IMG\left_2024_11_20_20_22_24_508.jpg, C:\Users\Owner\Downloads\simulator-windows-64\dataTrack1\IMG\right_2024_11_20_20_22_24_508.jpg, 0, 0.3234063, 0, 17.7677
C:\Users\Owner\Downloads\simulator-windows-64\dataTrack1\IMG\center_2024_11_20_20_22_24_613.jpg, C:\Users\Owner\Downloads\simulator-windows-64\dataTrack1\IMG\left_2024_11_20_20_22_24_613.jpg, C:\Users\Owner\Downloads\simulator-windows-64\dataTrack1\IMG\right_2024_11_20_20_22_24_613.jpg, 0, 0.4312326, 0, 17.73944
C:\Users\Owner\Downloads\simulator-windows-64\dataTrack1\IMG\center_2024_11_20_20_22_24_717.jpg, C:\Users\Owner\Downloads\simulator-windows-64\dataTrack1\IMG\left_2024_11_20_20_22_24_717.jpg, C:\Users\Owner\Downloads\simulator-windows-64\dataTrack1\IMG\right_2024_11_20_20_22_24_717.jpg, 0, 0.3253974, 0, 18.31614
C:\Users\Owner\Downloads\simulator-windows-64\dataTrack1\IMG\center_2024_11_20_20_22_24_823.jpg, C:\Users\Owner\Downloads\simulator-windows-64\dataTrack1\IMG\left_2024_11_20_20_22_24_823.jpg, C:\Users\Owner\Downloads\simulator-windows-64\dataTrack1\IMG\right_2024_11_20_20_22_24_823.jpg, -0.2032608, 0.6426278, 0, 18.7449
C:\Users\Owner\Downloads\simulator-windows-64\dataTrack1\IMG\center_2024_11_20_20_22_24_929.jpg, C:\Users\Owner\Downloads\simulator-windows-64\dataTrack1\IMG\left_2024_11_20_20_22_24_929.jpg, C:\Users\Owner\Downloads\simulator-windows-64\dataTrack1\IMG\right_2024_11_20_20_22_24_929.jpg, -0.5214999, 0.3243887, 0, 18.74451
C:\Users\Owner\Downloads\simulator-windows-64\dataTrack1\IMG\center_2024_11_20_20_22_25_033.jpg, C:\Users\Owner\Downloads\simulator-windows-64\dataTrack1\IMG\left_2024_11_20_20_22_25_033.jpg, C:\Users\Owner\Downloads\simulator-windows-64\dataTrack1\IMG\right_2024_11_20_20_22_25_033.jpg, -0.2083857, 0.2131518, 0, 19.05758
C:\Users\Owner\Downloads\simulator-windows-64\dataTrack1\IMG\center_2024_11_20_20_22_25_136.jpg, C:\Users\Owner\Downloads\simulator-windows-64\dataTrack1\IMG\left_2024_11_20_20_22_25_136.jpg, C:\Users\Owner\Downloads\simulator-windows-64\dataTrack1\IMG\right_2024_11_20_20_22_25_136.jpg, 0, 0.4116701, 0, 18.96591
C:\Users\Owner\Downloads\simulator-windows-64\dataTrack1\IMG\center_2024_11_20_20_22_25_243.jpg, C:\Users\Owner\Downloads\simulator-windows-64\dataTrack1\IMG\left_2024_11_20_20_22_25_243.jpg, C:\Users\Owner\Downloads\simulator-windows-64\dataTrack1\IMG\right_2024_11_20_20_22_25_243.jpg, 0, 0.09187857, 0, 19.02564
C:\Users\Owner\Downloads\simulator-windows-64\dataTrack1\IMG\center_2024_11_20_20_22_25_347.jpg, C:\Users\Owner\Downloads\simulator-windows-64\dataTrack1\IMG\left_2024_11_20_20_22_25_347.jpg, C:\Users\Owner\Downloads\simulator-windows-64\dataTrack1\IMG\right_2024_11_20_20_22_25_347.jpg, 0, 0.4061721, 0, 19.51161
C:\Users\Owner\Downloads\simulator-windows-64\dataTrack1\IMG\center_2024_11_20_20_22_25_452.jpg, C:\Users\Owner\Downloads\simulator-windows-64\dataTrack1\IMG\left_2024_11_20_20_22_25_452.jpg, C:\Users\Owner\Downloads\simulator-windows-64\dataTrack1\IMG\right_2024_11_20_20_22_25_452.jpg, 0, 0.0911724, 0, 19.28824
C:\Users\Owner\Downloads\simulator-windows-64\dataTrack1\IMG\center_2024_11_20_20_22_25_554.jpg, C:\Users\Owner\Downloads\simulator-windows-64\dataTrack1\IMG\left_2024_11_20_20_22_25_554.jpg, C:\Users\Owner\Downloads\simulator-windows-64\dataTrack1\IMG\right_2024_11_20_20_22_25_554.jpg, 0, 0.3984687, 0, 19.69083
C:\Users\Owner\Downloads\simulator-windows-64\dataTrack1\IMG\center_2024_11_20_20_22_25_662.jpg, C:\Users\Owner\Downloads\simulator-windows-64\dataTrack1\IMG\left_2024_11_20_20_22_25_662.jpg, C:\Users\Owner\Downloads\simulator-windows-64\dataTrack1\IMG\right_2024_11_20_20_22_25_662.jpg, -0.102825, 0.2624922, 0, 20.04585
C:\Users\Owner\Downloads\simulator-windows-64\dataTrack1\IMG\center_2024_11_20_20_22_25_767.jpg, C:\Users\Owner\Downloads\simulator-windows-64\dataTrack1\IMG\left_2024_11_20_20_22_25_767.jpg, C:\Users\Owner\Downloads\simulator-windows-64\dataTrack1\IMG\right_2024_11_20_20_22_25_767.jpg, -0.4186302, 0, 0, 19.56713
C:\Users\Owner\Downloads\simulator-windows-64\dataTrack1\IMG\center_2024_11_20_20_22_25_869.jpg, C:\Users\Owner\Downloads\simulator-windows-64\dataTrack1\IMG\left_2024_11_20_20_22_25_869.jpg, C:\Users\Owner\Downloads\simulator-windows-64\dataTrack1\IMG\right_2024_11_20_20_22_25_869.jpg, -0.6177135, 0, 0, 19.48912
C:\Users\Owner\Downloads\simulator-windows-64\dataTrack1\IMG\center_2024_11_20_20_22_25_976.jpg, C:\Users\Owner\Downloads\simulator-windows-64\dataTrack1\IMG\left_2024_11_20_20_22_25_976.jpg, C:\Users\Owner\Downloads\simulator-windows-64\dataTrack1\IMG\right_2024_11_20_20_22_25_976.jpg, -0.2969675, 0.3207459, 0, 19.12914
C:\Users\Owner\Downloads\simulator-windows-64\dataTrack1\IMG\center_2024_11_20_20_22_26_080.jpg, C:\Users\Owner\Downloads\simulator-windows-64\dataTrack1\IMG\left_2024_11_20_20_22_26_080.jpg, C:\Users\Owner\Downloads\simulator-windows-64\dataTrack1\IMG\right_2024_11_20_20_22_26_080.jpg, -0.03610013, 0.2291139, 0, 19.66873
C:\Users\Owner\Downloads\simulator-windows-64\dataTrack1\IMG\center_2024_11_20_20_22_26_186.jpg, C:\Users\Owner\Downloads\simulator-windows-64\dataTrack1\IMG\left_2024_11_20_20_22_26_186.jpg, C:\Users\Owner\Downloads\simulator-windows-64\dataTrack1\IMG\right_2024_11_20_20_22_26_186.jpg, -0.3162288, 0, 0, 19.53518
C:\Users\Owner\Downloads\simulator-windows-64\dataTrack1\IMG\center_2024_11_20_20_22_26_293.jpg, C:\Users\Owner\Downloads\simulator-windows-64\dataTrack1\IMG\left_2024_11_20_20_22_26_293.jpg, C:\Users\Owner\Downloads\simulator-windows-64\dataTrack1\IMG\right_2024_11_20_20_22_26_293.jpg, 0, 0.0583152, 0, 18.94112
C:\Users\Owner\Downloads\simulator-windows-64\dataTrack1\IMG\center_2024_11_20_20_22_26_396.jpg, C:\Users\Owner\Downloads\simulator-windows-64\dataTrack1\IMG\left_2024_11_20_20_22_26_396.jpg, C:\Users\Owner\Downloads\simulator-windows-64\dataTrack1\IMG\right_2024_11_20_20_22_26_396.jpg, 0, 0.3664314, 0, 19.3695
C:\Users\Owner\Downloads\simulator-windows-64\dataTrack1\IMG\center_2024_11_20_20_22_26_497.jpg, C:\Users\Owner\Downloads\simulator-windows-64\dataTrack1\IMG\left_2024_11_20_20_22_26_497.jpg, C:\Users\Owner\Downloads\simulator-windows-64\dataTrack1\IMG\right_2024_11_20_20_22_26_497.jpg, 0, 0.1051617, 0, 19.12332
C:\Users\Owner\Downloads\simulator-windows-64\dataTrack1\IMG\center_2024_11_20_20_22_26_602.jpg, C:\Users\Owner\Downloads\simulator-windows-64\dataTrack1\IMG\left_2024_11_20_20_22_26_602.jpg, C:\Users\Owner\Downloads\simulator-windows-64\dataTrack1\IMG\right_2024_11_20_20_22_26_602.jpg, 0, 0.374998, 0, 19.23977
C:\Users\Owner\Downloads\simulator-windows-64\dataTrack1\IMG\center_2024_11_20_20_22_26_710.jpg, C:\Users\Owner\Downloads\simulator-windows-64\dataTrack1\IMG\left_2024_11_20_20_22_26_710.jpg, C:\Users\Owner\Downloads\simulator-windows-64\dataTrack1\IMG\right_2024_11_20_20_22_26_710.jpg, 0, 0.05112364, 0, 19.62233
C:\Users\Owner\Downloads\simulator-windows-64\dataTrack1\IMG\center_2024_11_20_20_22_26_816.jpg, C:\Users\Owner\Downloads\simulator-windows-64\dataTrack1\IMG\left_2024_11_20_20_22_26_816.jpg, C:\Users\Owner\Downloads\simulator-windows-64\dataTrack1\IMG\right_2024_11_20_20_22_26_816.jpg, -0.2066688, 0.2311743, 0, 19.14915
C:\Users\Owner\Downloads\simulator-windows-64\dataTrack1\IMG\center_2024_11_20_20_22_26_919.jpg, C:\Users\Owner\Downloads\simulator-windows-64\dataTrack1\IMG\left_2024_11_20_20_22_26_919.jpg, C:\Users\Owner\Downloads\simulator-windows-64\dataTrack1\IMG\right_2024_11_20_20_22_26_919.jpg, -0.1164549, 0, 0, 19.41443
C:\Users\Owner\Downloads\simulator-windows-64\dataTrack1\IMG\center_2024_11_20_20_22_27_025.jpg, C:\Users\Owner\Downloads\simulator-windows-64\dataTrack1\IMG\left_2024_11_20_20_22_27_025.jpg, C:\Users\Owner\Downloads\simulator-windows-64\dataTrack1\IMG\right_2024_11_20_20_22_27_025.jpg, 0, 0, 0, 19.19559
C:\Users\Owner\Downloads\simulator-windows-64\dataTrack1\IMG\center_2024_11_20_20_22_27_129.jpg, C:\Users\Owner\Downloads\simulator-windows-64\dataTrack1\IMG\left_2024_11_20_20_22_27_129.jpg, C:\Users\Owner\Downloads\simulator-windows-64\dataTrack1\IMG\right_2024_11_20_20_22_27_129.jpg, 0, 0.2120127, 0, 18.66662
C:\Users\Owner\Downloads\simulator-windows-64\dataTrack1\IMG\center_2024_11_20_20_22_27_232.jpg, C:\Users\Owner\Downloads\simulator-windows-64\dataTrack1\IMG\left_2024_11_20_20_22_27_232.jpg, C:\Users\Owner\Downloads\simulator-windows-64\dataTrack1\IMG\right_2024_11_20_20_22_27_232.jpg, 0, 0, 0, 19.01235
C:\Users\Owner\Downloads\simulator-windows-64\dataTrack1\IMG\center_2024_11_20_20_22_27_335.jpg, C:\Users\Owner\Downloads\simulator-windows-64\dataTrack1\IMG\left_2024_11_20_20_22_27_335.jpg, C:\Users\Owner\Downloads\simulator-windows-64\dataTrack1\IMG\right_2024_11_20_20_22_27_335.jpg, 0, 0.0478521, 0, 18.34558
C:\Users\Owner\Downloads\simulator-windows-64\dataTrack1\IMG\center_2024_11_20_20_22_27_438.jpg, C:\Users\Owner\Downloads\simulator-windows-64\dataTrack1\IMG\left_2024_11_20_20_22_27_438.jpg, C:\Users\Owner\Downloads\simulator-windows-64\dataTrack1\IMG\right_2024_11_20_20_22_27_438.jpg, 0, 0.09569969, 0, 18.79829
C:\Users\Owner\Downloads\simulator-windows-64\dataTrack1\IMG\center_2024_11_20_20_22_27_544.jpg, C:\Users\Owner\Downloads\simulator-windows-64\dataTrack1\IMG\left_2024_11_20_20_22_27_544.jpg, C:\Users\Owner\Downloads\simulator-windows-64\dataTrack1\IMG\right_2024_11_20_20_22_27_544.jpg, 0, 0.0505209, 0, 18.60458
C:\Users\Owner\Downloads\simulator-windows-64\dataTrack1\IMG\center_2024_11_20_20_22_27_646.jpg, C:\Users\Owner\Downloads\simulator-windows-64\dataTrack1\IMG\left_2024_11_20_20_22_27_646.jpg, C:\Users\Owner\Downloads\simulator-windows-64\dataTrack1\IMG\right_2024_11_20_20_22_27_646.jpg, 0, 0.2515485, 0, 18.24298
C:\Users\Owner\Downloads\simulator-windows-64\dataTrack1\IMG\center_2024_11_20_20_22_27_751.jpg, C:\Users\Owner\Downloads\simulator-windows-64\dataTrack1\IMG\left_2024_11_20_20_22_27_751.jpg, C:\Users\Owner\Downloads\simulator-windows-64\dataTrack1\IMG\right_2024_11_20_20_22_27_751.jpg, 0, 0.0556614, 0, 18.59304
C:\Users\Owner\Downloads\simulator-windows-64\dataTrack1\IMG\center_2024_11_20_20_22_27_855.jpg, C:\Users\Owner\Downloads\simulator-windows-64\dataTrack1\IMG\left_2024_11_20_20_22_27_855.jpg, C:\Users\Owner\Downloads\simulator-windows-64\dataTrack1\IMG\right_2024_11_20_20_22_27_855.jpg, 0, 0.1613487, 0, 18.16779
C:\Users\Owner\Downloads\simulator-windows-64\dataTrack1\IMG\center_2024_11_20_20_22_27_962.jpg, C:\Users\Owner\Downloads\simulator-windows-64\dataTrack1\IMG\left_2024_11_20_20_22_27_962.jpg, C:\Users\Owner\Downloads\simulator-windows-64\dataTrack1\IMG\right_2024_11_20_20_22_27_962.jpg, 0, 0.2951226, 0, 18.17391
C:\Users\Owner\Downloads\simulator-windows-64\dataTrack1\IMG\center_2024_11_20_20_22_28_066.jpg, C:\Users\Owner\Downloads\simulator-windows-64\dataTrack1\IMG\left_2024_11_20_20_22_28_066.jpg, C:\Users\Owner\Downloads\simulator-windows-64\dataTrack1\IMG\right_2024_11_20_20_22_28_066.jpg, 0, 0.4055748, 0, 18.90783
C:\Users\Owner\Downloads\simulator-windows-64\dataTrack1\IMG\center_2024_11_20_20_22_28_169.jpg, C:\Users\Owner\Downloads\simulator-windows-64\dataTrack1\IMG\left_2024_11_20_20_22_28_169.jpg, C:\Users\Owner\Downloads\simulator-windows-64\dataTrack1\IMG\right_2024_11_20_20_22_28_169.jpg, 0, 0.09586798, 0, 18.63711
C:\Users\Owner\Downloads\simulator-windows-64\dataTrack1\IMG\center_2024_11_20_20_22_28_272.jpg, C:\Users\Owner\Downloads\simulator-windows-64\dataTrack1\IMG\left_2024_11_20_20_22_28_272.jpg, C:\Users\Owner\Downloads\simulator-windows-64\dataTrack1\IMG\right_2024_11_20_20_22_28_272.jpg, 0, 0.4064814, 0, 19.11285
C:\Users\Owner\Downloads\simulator-windows-64\dataTrack1\IMG\center_2024_11_20_20_22_28_379.jpg, C:\Users\Owner\Downloads\simulator-windows-64\dataTrack1\IMG\left_2024_11_20_20_22_28_379.jpg, C:\Users\Owner\Downloads\simulator-windows-64\dataTrack1\IMG\right_2024_11_20_20_22_28_379.jpg, 0, 0.08736269, 0, 18.91828
C:\Users\Owner\Downloads\simulator-windows-64\dataTrack1\IMG\center_2024_11_20_20_22_28_483.jpg, C:\Users\Owner\Downloads\simulator-windows-64\dataTrack1\IMG\left_2024_11_20_20_22_28_483.jpg, C:\Users\Owner\Downloads\simulator-windows-64\dataTrack1\IMG\right_2024_11_20_20_22_28_483.jpg, 0, 0, 0, 18.64819
C:\Users\Owner\Downloads\simulator-windows-64\dataTrack1\IMG\center_2024_11_20_20_22_28_585.jpg, C:\Users\Owner\Downloads\simulator-windows-64\dataTrack1\IMG\left_2024_11_20_20_22_28_585.jpg, C:\Users\Owner\Downloads\simulator-windows-64\dataTrack1\IMG\right_2024_11_20_20_22_28_585.jpg, 0, 0, 0, 18.89702
C:\Users\Owner\Downloads\simulator-windows-64\dataTrack1\IMG\center_2024_11_20_20_22_28_689.jpg, C:\Users\Owner\Downloads\simulator-windows-64\dataTrack1\IMG\left_2024_11_20_20_22_28_689.jpg, C:\Users\Owner\Downloads\simulator-windows-64\dataTrack1\IMG\right_2024_11_20_20_22_28_689.jpg, 0, 0, 0, 18.22462
C:\Users\Owner\Downloads\simulator-windows-64\dataTrack1\IMG\center_2024_11_20_20_22_28_796.jpg, C:\Users\Owner\Downloads\simulator-windows-64\dataTrack1\IMG\left_2024_11_20_20_22_28_796.jpg, C:\Users\Owner\Downloads\simulator-windows-64\dataTrack1\IMG\right_2024_11_20_20_22_28_796.jpg, 0, 0, 0, 18.53362
C:\Users\Owner\Downloads\simulator-windows-64\dataTrack1\IMG\center_2024_11_20_20_22_28_900.jpg, C:\Users\Owner\Downloads\simulator-windows-64\dataTrack1\IMG\left_2024_11_20_20_22_28_900.jpg, C:\Users\Owner\Downloads\simulator-windows-64\dataTrack1\IMG\right_2024_11_20_20_22_28_900.jpg, 0, 0, 0, 17.84351
C:\Users\Owner\Downloads\simulator-windows-64\dataTrack1\IMG\center_2024_11_20_20_22_29_003.jpg, C:\Users\Owner\Downloads\simulator-windows-64\dataTrack1\IMG\left_2024_11_20_20_22_29_003.jpg, C:\Users\Owner\Downloads\simulator-windows-64\dataTrack1\IMG\right_2024_11_20_20_22_29_003.jpg, 0, 0, 0, 17.61969
C:\Users\Owner\Downloads\simulator-windows-64\dataTrack1\IMG\center_2024_11_20_20_22_29_118.jpg, C:\Users\Owner\Downloads\simulator-windows-64\dataTrack1\IMG\left_2024_11_20_20_22_29_118.jpg, C:\Users\Owner\Downloads\simulator-windows-64\dataTrack1\IMG\right_2024_11_20_20_22_29_118.jpg, 0, 0, 0, 17.95659
C:\Users\Owner\Downloads\simulator-windows-64\dataTrack1\IMG\center_2024_11_20_20_22_29_220.jpg, C:\Users\Owner\Downloads\simulator-windows-64\dataTrack1\IMG\left_2024_11_20_20_22_29_220.jpg, C:\Users\Owner\Downloads\simulator-windows-64\dataTrack1\IMG\right_2024_11_20_20_22_29_220.jpg, 0, 0, 0, 17.25363
C:\Users\Owner\Downloads\simulator-windows-64\dataTrack1\IMG\center_2024_11_20_20_22_29_327.jpg, C:\Users\Owner\Downloads\simulator-windows-64\dataTrack1\IMG\left_2024_11_20_20_22_29_327.jpg, C:\Users\Owner\Downloads\simulator-windows-64\dataTrack1\IMG\right_2024_11_20_20_22_29_327.jpg, -0.0516663, 0, 0, 17.03757
C:\Users\Owner\Downloads\simulator-windows-64\dataTrack1\IMG\center_2024_11_20_20_22_29_431.jpg, C:\Users\Owner\Downloads\simulator-windows-64\dataTrack1\IMG\left_2024_11_20_20_22_29_431.jpg, C:\Users\Owner\Downloads\simulator-windows-64\dataTrack1\IMG\right_2024_11_20_20_22_29_431.jpg, -0.3647136, 0, 0, 17.30726
C:\Users\Owner\Downloads\simulator-windows-64\dataTrack1\IMG\center_2024_11_20_20_22_29_532.jpg, C:\Users\Owner\Downloads\simulator-windows-64\dataTrack1\IMG\left_2024_11_20_20_22_29_532.jpg, C:\Users\Owner\Downloads\simulator-windows-64\dataTrack1\IMG\right_2024_11_20_20_22_29_532.jpg, -0.4763415, 0, 0, 16.5187
C:\Users\Owner\Downloads\simulator-windows-64\dataTrack1\IMG\center_2024_11_20_20_22_29_638.jpg, C:\Users\Owner\Downloads\simulator-windows-64\dataTrack1\IMG\left_2024_11_20_20_22_29_638.jpg, C:\Users\Owner\Downloads\simulator-windows-64\dataTrack1\IMG\right_2024_11_20_20_22_29_638.jpg, -0.1596687, 0, 0, 16.87187
C:\Users\Owner\Downloads\simulator-windows-64\dataTrack1\IMG\center_2024_11_20_20_22_29_747.jpg, C:\Users\Owner\Downloads\simulator-windows-64\dataTrack1\IMG\left_2024_11_20_20_22_29_747.jpg, C:\Users\Owner\Downloads\simulator-windows-64\dataTrack1\IMG\right_2024_11_20_20_22_29_747.jpg, 0, 0.2138337, 0, 16.85459
C:\Users\Owner\Downloads\simulator-windows-64\dataTrack1\IMG\center_2024_11_20_20_22_29_847.jpg, C:\Users\Owner\Downloads\simulator-windows-64\dataTrack1\IMG\left_2024_11_20_20_22_29_847.jpg, C:\Users\Owner\Downloads\simulator-windows-64\dataTrack1\IMG\right_2024_11_20_20_22_29_847.jpg, 0, 0, 0, 16.25662
C:\Users\Owner\Downloads\simulator-windows-64\dataTrack1\IMG\center_2024_11_20_20_22_29_951.jpg, C:\Users\Owner\Downloads\simulator-windows-64\dataTrack1\IMG\left_2024_11_20_20_22_29_951.jpg, C:\Users\Owner\Downloads\simulator-windows-64\dataTrack1\IMG\right_2024_11_20_20_22_29_951.jpg, 0, 0.2086719, 0, 16.68691
C:\Users\Owner\Downloads\simulator-windows-64\dataTrack1\IMG\center_2024_11_20_20_22_30_054.jpg, C:\Users\Owner\Downloads\simulator-windows-64\dataTrack1\IMG\left_2024_11_20_20_22_30_054.jpg, C:\Users\Owner\Downloads\simulator-windows-64\dataTrack1\IMG\right_2024_11_20_20_22_30_054.jpg, 0, 0, 0, 16.1079
C:\Users\Owner\Downloads\simulator-windows-64\dataTrack1\IMG\center_2024_11_20_20_22_30_160.jpg, C:\Users\Owner\Downloads\simulator-windows-64\dataTrack1\IMG\left_2024_11_20_20_22_30_160.jpg, C:\Users\Owner\Downloads\simulator-windows-64\dataTrack1\IMG\right_2024_11_20_20_22_30_160.jpg, 0, 0.1762815, 0, 16.52279
C:\Users\Owner\Downloads\simulator-windows-64\dataTrack1\IMG\center_2024_11_20_20_22_30_266.jpg, C:\Users\Owner\Downloads\simulator-windows-64\dataTrack1\IMG\left_2024_11_20_20_22_30_266.jpg, C:\Users\Owner\Downloads\simulator-windows-64\dataTrack1\IMG\right_2024_11_20_20_22_30_266.jpg, -0.3142929, 0, 0, 16.40522
C:\Users\Owner\Downloads\simulator-windows-64\dataTrack1\IMG\center_2024_11_20_20_22_30_371.jpg, C:\Users\Owner\Downloads\simulator-windows-64\dataTrack1\IMG\left_2024_11_20_20_22_30_371.jpg, C:\Users\Owner\Downloads\simulator-windows-64\dataTrack1\IMG\right_2024_11_20_20_22_30_371.jpg, 0, 0.0539145, 0, 15.72305
C:\Users\Owner\Downloads\simulator-windows-64\dataTrack1\IMG\center_2024_11_20_20_22_30_474.jpg, C:\Users\Owner\Downloads\simulator-windows-64\dataTrack1\IMG\left_2024_11_20_20_22_30_474.jpg, C:\Users\Owner\Downloads\simulator-windows-64\dataTrack1\IMG\right_2024_11_20_20_22_30_474.jpg, 0, 0.2595864, 0, 16.32265
C:\Users\Owner\Downloads\simulator-windows-64\dataTrack1\IMG\center_2024_11_20_20_22_30_578.jpg, C:\Users\Owner\Downloads\simulator-windows-64\dataTrack1\IMG\left_2024_11_20_20_22_30_578.jpg, C:\Users\Owner\Downloads\simulator-windows-64\dataTrack1\IMG\right_2024_11_20_20_22_30_578.jpg, 0, 0, 0, 15.78852
C:\Users\Owner\Downloads\simulator-windows-64\dataTrack1\IMG\center_2024_11_20_20_22_30_680.jpg, C:\Users\Owner\Downloads\simulator-windows-64\dataTrack1\IMG\left_2024_11_20_20_22_30_680.jpg, C:\Users\Owner\Downloads\simulator-windows-64\dataTrack1\IMG\right_2024_11_20_20_22_30_680.jpg, 0, 0.1710696, 0, 16.20573
C:\Users\Owner\Downloads\simulator-windows-64\dataTrack1\IMG\center_2024_11_20_20_22_30_784.jpg, C:\Users\Owner\Downloads\simulator-windows-64\dataTrack1\IMG\left_2024_11_20_20_22_30_784.jpg, C:\Users\Owner\Downloads\simulator-windows-64\dataTrack1\IMG\right_2024_11_20_20_22_30_784.jpg, 0, 0.1243521, 0, 16.36282
C:\Users\Owner\Downloads\simulator-windows-64\dataTrack1\IMG\center_2024_11_20_20_22_30_888.jpg, C:\Users\Owner\Downloads\simulator-windows-64\dataTrack1\IMG\left_2024_11_20_20_22_30_888.jpg, C:\Users\Owner\Downloads\simulator-windows-64\dataTrack1\IMG\right_2024_11_20_20_22_30_888.jpg, 0, 0.4395918, 0, 16.11544
C:\Users\Owner\Downloads\simulator-windows-64\dataTrack1\IMG\center_2024_11_20_20_22_30_993.jpg, C:\Users\Owner\Downloads\simulator-windows-64\dataTrack1\IMG\left_2024_11_20_20_22_30_993.jpg, C:\Users\Owner\Downloads\simulator-windows-64\dataTrack1\IMG\right_2024_11_20_20_22_30_993.jpg, 0, 0.3305119, 0, 16.95194
C:\Users\Owner\Downloads\simulator-windows-64\dataTrack1\IMG\center_2024_11_20_20_22_31_098.jpg, C:\Users\Owner\Downloads\simulator-windows-64\dataTrack1\IMG\left_2024_11_20_20_22_31_098.jpg, C:\Users\Owner\Downloads\simulator-windows-64\dataTrack1\IMG\right_2024_11_20_20_22_31_098.jpg, 0, 0.01732146, 0, 16.5135
C:\Users\Owner\Downloads\simulator-windows-64\dataTrack1\IMG\center_2024_11_20_20_22_31_201.jpg, C:\Users\Owner\Downloads\simulator-windows-64\dataTrack1\IMG\left_2024_11_20_20_22_31_201.jpg, C:\Users\Owner\Downloads\simulator-windows-64\dataTrack1\IMG\right_2024_11_20_20_22_31_201.jpg, 0, 0, 0, 16.87873
C:\Users\Owner\Downloads\simulator-windows-64\dataTrack1\IMG\center_2024_11_20_20_22_31_304.jpg, C:\Users\Owner\Downloads\simulator-windows-64\dataTrack1\IMG\left_2024_11_20_20_22_31_304.jpg, C:\Users\Owner\Downloads\simulator-windows-64\dataTrack1\IMG\right_2024_11_20_20_22_31_304.jpg, 0, 0.1041477, 0, 16.68564
C:\Users\Owner\Downloads\simulator-windows-64\dataTrack1\IMG\center_2024_11_20_20_22_31_411.jpg, C:\Users\Owner\Downloads\simulator-windows-64\dataTrack1\IMG\left_2024_11_20_20_22_31_411.jpg, C:\Users\Owner\Downloads\simulator-windows-64\dataTrack1\IMG\right_2024_11_20_20_22_31_411.jpg, 0, 0.4250607, 0, 16.35339
C:\Users\Owner\Downloads\simulator-windows-64\dataTrack1\IMG\center_2024_11_20_20_22_31_515.jpg, C:\Users\Owner\Downloads\simulator-windows-64\dataTrack1\IMG\left_2024_11_20_20_22_31_515.jpg, C:\Users\Owner\Downloads\simulator-windows-64\dataTrack1\IMG\right_2024_11_20_20_22_31_515.jpg, 0, 0.3278403, 0, 17.20271
C:\Users\Owner\Downloads\simulator-windows-64\dataTrack1\IMG\center_2024_11_20_20_22_31_618.jpg, C:\Users\Owner\Downloads\simulator-windows-64\dataTrack1\IMG\left_2024_11_20_20_22_31_618.jpg, C:\Users\Owner\Downloads\simulator-windows-64\dataTrack1\IMG\right_2024_11_20_20_22_31_618.jpg, 0, 0.3332637, 0, 16.87147
C:\Users\Owner\Downloads\simulator-windows-64\dataTrack1\IMG\center_2024_11_20_20_22_31_723.jpg, C:\Users\Owner\Downloads\simulator-windows-64\dataTrack1\IMG\left_2024_11_20_20_22_31_723.jpg, C:\Users\Owner\Downloads\simulator-windows-64\dataTrack1\IMG\right_2024_11_20_20_22_31_723.jpg, 0, 0.6495494, 0, 17.51178
C:\Users\Owner\Downloads\simulator-windows-64\dataTrack1\IMG\center_2024_11_20_20_22_31_831.jpg, C:\Users\Owner\Downloads\simulator-windows-64\dataTrack1\IMG\left_2024_11_20_20_22_31_831.jpg, C:\Users\Owner\Downloads\simulator-windows-64\dataTrack1\IMG\right_2024_11_20_20_22_31_831.jpg, 0, 0.9699518, 0, 18.59974
C:\Users\Owner\Downloads\simulator-windows-64\dataTrack1\IMG\center_2024_11_20_20_22_31_935.jpg, C:\Users\Owner\Downloads\simulator-windows-64\dataTrack1\IMG\left_2024_11_20_20_22_31_935.jpg, C:\Users\Owner\Downloads\simulator-windows-64\dataTrack1\IMG\right_2024_11_20_20_22_31_935.jpg, 0, 0.7667201, 0, 19.21115
C:\Users\Owner\Downloads\simulator-windows-64\dataTrack1\IMG\center_2024_11_20_20_22_32_037.jpg, C:\Users\Owner\Downloads\simulator-windows-64\dataTrack1\IMG\left_2024_11_20_20_22_32_037.jpg, C:\Users\Owner\Downloads\simulator-windows-64\dataTrack1\IMG\right_2024_11_20_20_22_32_037.jpg, 0, 1, 0, 20.27262
C:\Users\Owner\Downloads\simulator-windows-64\dataTrack1\IMG\center_2024_11_20_20_22_32_140.jpg, C:\Users\Owner\Downloads\simulator-windows-64\dataTrack1\IMG\left_2024_11_20_20_22_32_140.jpg, C:\Users\Owner\Downloads\simulator-windows-64\dataTrack1\IMG\right_2024_11_20_20_22_32_140.jpg, 0, 1, 0, 21.18383
C:\Users\Owner\Downloads\simulator-windows-64\dataTrack1\IMG\center_2024_11_20_20_22_32_247.jpg, C:\Users\Owner\Downloads\simulator-windows-64\dataTrack1\IMG\left_2024_11_20_20_22_32_247.jpg, C:\Users\Owner\Downloads\simulator-windows-64\dataTrack1\IMG\right_2024_11_20_20_22_32_247.jpg, 0, 0.6287575, 0, 22.07968
C:\Users\Owner\Downloads\simulator-windows-64\dataTrack1\IMG\center_2024_11_20_20_22_32_352.jpg, C:\Users\Owner\Downloads\simulator-windows-64\dataTrack1\IMG\left_2024_11_20_20_22_32_352.jpg, C:\Users\Owner\Downloads\simulator-windows-64\dataTrack1\IMG\right_2024_11_20_20_22_32_352.jpg, 0, 0.94503, 0, 22.85662
C:\Users\Owner\Downloads\simulator-windows-64\dataTrack1\IMG\center_2024_11_20_20_22_32_453.jpg, C:\Users\Owner\Downloads\simulator-windows-64\dataTrack1\IMG\left_2024_11_20_20_22_32_453.jpg, C:\Users\Owner\Downloads\simulator-windows-64\dataTrack1\IMG\right_2024_11_20_20_22_32_453.jpg, 0, 0.8500333, 0, 23.77197
C:\Users\Owner\Downloads\simulator-windows-64\dataTrack1\IMG\center_2024_11_20_20_22_32_557.jpg, C:\Users\Owner\Downloads\simulator-windows-64\dataTrack1\IMG\left_2024_11_20_20_22_32_557.jpg, C:\Users\Owner\Downloads\simulator-windows-64\dataTrack1\IMG\right_2024_11_20_20_22_32_557.jpg, 0, 0.7464499, 0, 24.42167
C:\Users\Owner\Downloads\simulator-windows-64\dataTrack1\IMG\center_2024_11_20_20_22_32_662.jpg, C:\Users\Owner\Downloads\simulator-windows-64\dataTrack1\IMG\left_2024_11_20_20_22_32_662.jpg, C:\Users\Owner\Downloads\simulator-windows-64\dataTrack1\IMG\right_2024_11_20_20_22_32_662.jpg, 0, 1, 0, 25.23296
C:\Users\Owner\Downloads\simulator-windows-64\dataTrack1\IMG\center_2024_11_20_20_22_32_766.jpg, C:\Users\Owner\Downloads\simulator-windows-64\dataTrack1\IMG\left_2024_11_20_20_22_32_766.jpg, C:\Users\Owner\Downloads\simulator-windows-64\dataTrack1\IMG\right_2024_11_20_20_22_32_766.jpg, 0, 0.6898516, 0, 26.16421
C:\Users\Owner\Downloads\simulator-windows-64\dataTrack1\IMG\center_2024_11_20_20_22_32_870.jpg, C:\Users\Owner\Downloads\simulator-windows-64\dataTrack1\IMG\left_2024_11_20_20_22_32_870.jpg, C:\Users\Owner\Downloads\simulator-windows-64\dataTrack1\IMG\right_2024_11_20_20_22_32_870.jpg, 0, 0.3781582, 0, 26.54295
C:\Users\Owner\Downloads\simulator-windows-64\dataTrack1\IMG\center_2024_11_20_20_22_32_971.jpg, C:\Users\Owner\Downloads\simulator-windows-64\dataTrack1\IMG\left_2024_11_20_20_22_32_971.jpg, C:\Users\Owner\Downloads\simulator-windows-64\dataTrack1\IMG\right_2024_11_20_20_22_32_971.jpg, 0, 0.07225571, 0, 26.55256
C:\Users\Owner\Downloads\simulator-windows-64\dataTrack1\IMG\center_2024_11_20_20_22_33_077.jpg, C:\Users\Owner\Downloads\simulator-windows-64\dataTrack1\IMG\left_2024_11_20_20_22_33_077.jpg, C:\Users\Owner\Downloads\simulator-windows-64\dataTrack1\IMG\right_2024_11_20_20_22_33_077.jpg, 0, 0, 0, 26.2935
C:\Users\Owner\Downloads\simulator-windows-64\dataTrack1\IMG\center_2024_11_20_20_22_33_183.jpg, C:\Users\Owner\Downloads\simulator-windows-64\dataTrack1\IMG\left_2024_11_20_20_22_33_183.jpg, C:\Users\Owner\Downloads\simulator-windows-64\dataTrack1\IMG\right_2024_11_20_20_22_33_183.jpg, 0, 0, 0, 25.97678
C:\Users\Owner\Downloads\simulator-windows-64\dataTrack1\IMG\center_2024_11_20_20_22_33_286.jpg, C:\Users\Owner\Downloads\simulator-windows-64\dataTrack1\IMG\left_2024_11_20_20_22_33_286.jpg, C:\Users\Owner\Downloads\simulator-windows-64\dataTrack1\IMG\right_2024_11_20_20_22_33_286.jpg, 0, 0, 0, 25.71595
C:\Users\Owner\Downloads\simulator-windows-64\dataTrack1\IMG\center_2024_11_20_20_22_33_388.jpg, C:\Users\Owner\Downloads\simulator-windows-64\dataTrack1\IMG\left_2024_11_20_20_22_33_388.jpg, C:\Users\Owner\Downloads\simulator-windows-64\dataTrack1\IMG\right_2024_11_20_20_22_33_388.jpg, 0, 0, 0, 25.45774
C:\Users\Owner\Downloads\simulator-windows-64\dataTrack1\IMG\center_2024_11_20_20_22_33_493.jpg, C:\Users\Owner\Downloads\simulator-windows-64\dataTrack1\IMG\left_2024_11_20_20_22_33_493.jpg, C:\Users\Owner\Downloads\simulator-windows-64\dataTrack1\IMG\right_2024_11_20_20_22_33_493.jpg, 0.1589913, 0, 0, 25.19249
C:\Users\Owner\Downloads\simulator-windows-64\dataTrack1\IMG\center_2024_11_20_20_22_33_597.jpg, C:\Users\Owner\Downloads\simulator-windows-64\dataTrack1\IMG\left_2024_11_20_20_22_33_597.jpg, C:\Users\Owner\Downloads\simulator-windows-64\dataTrack1\IMG\right_2024_11_20_20_22_33_597.jpg, 0, 0.2077473, 0, 24.98546
C:\Users\Owner\Downloads\simulator-windows-64\dataTrack1\IMG\center_2024_11_20_20_22_33_701.jpg, C:\Users\Owner\Downloads\simulator-windows-64\dataTrack1\IMG\left_2024_11_20_20_22_33_701.jpg, C:\Users\Owner\Downloads\simulator-windows-64\dataTrack1\IMG\right_2024_11_20_20_22_33_701.jpg, 0, 0.3647439, 0, 25.14967
C:\Users\Owner\Downloads\simulator-windows-64\dataTrack1\IMG\center_2024_11_20_20_22_33_805.jpg, C:\Users\Owner\Downloads\simulator-windows-64\dataTrack1\IMG\left_2024_11_20_20_22_33_805.jpg, C:\Users\Owner\Downloads\simulator-windows-64\dataTrack1\IMG\right_2024_11_20_20_22_33_805.jpg, 0, 0.003167395, 0, 25.08397
C:\Users\Owner\Downloads\simulator-windows-64\dataTrack1\IMG\center_2024_11_20_20_22_33_912.jpg, C:\Users\Owner\Downloads\simulator-windows-64\dataTrack1\IMG\left_2024_11_20_20_22_33_912.jpg, C:\Users\Owner\Downloads\simulator-windows-64\dataTrack1\IMG\right_2024_11_20_20_22_33_912.jpg, 0, 0, 0, 24.83206
C:\Users\Owner\Downloads\simulator-windows-64\dataTrack1\IMG\center_2024_11_20_20_22_34_017.jpg, C:\Users\Owner\Downloads\simulator-windows-64\dataTrack1\IMG\left_2024_11_20_20_22_34_017.jpg, C:\Users\Owner\Downloads\simulator-windows-64\dataTrack1\IMG\right_2024_11_20_20_22_34_017.jpg, 0.2100033, 0, 0, 24.56432
C:\Users\Owner\Downloads\simulator-windows-64\dataTrack1\IMG\center_2024_11_20_20_22_34_119.jpg, C:\Users\Owner\Downloads\simulator-windows-64\dataTrack1\IMG\left_2024_11_20_20_22_34_119.jpg, C:\Users\Owner\Downloads\simulator-windows-64\dataTrack1\IMG\right_2024_11_20_20_22_34_119.jpg, 0.1069176, 0, 0, 24.2667
C:\Users\Owner\Downloads\simulator-windows-64\dataTrack1\IMG\center_2024_11_20_20_22_34_221.jpg, C:\Users\Owner\Downloads\simulator-windows-64\dataTrack1\IMG\left_2024_11_20_20_22_34_221.jpg, C:\Users\Owner\Downloads\simulator-windows-64\dataTrack1\IMG\right_2024_11_20_20_22_34_221.jpg, 0.1564026, 0, 0, 24.01913
C:\Users\Owner\Downloads\simulator-windows-64\dataTrack1\IMG\center_2024_11_20_20_22_34_325.jpg, C:\Users\Owner\Downloads\simulator-windows-64\dataTrack1\IMG\left_2024_11_20_20_22_34_325.jpg, C:\Users\Owner\Downloads\simulator-windows-64\dataTrack1\IMG\right_2024_11_20_20_22_34_325.jpg, 0.08394627, 0, 0, 23.69596
C:\Users\Owner\Downloads\simulator-windows-64\dataTrack1\IMG\center_2024_11_20_20_22_34_430.jpg, C:\Users\Owner\Downloads\simulator-windows-64\dataTrack1\IMG\left_2024_11_20_20_22_34_430.jpg, C:\Users\Owner\Downloads\simulator-windows-64\dataTrack1\IMG\right_2024_11_20_20_22_34_430.jpg, 0, 0, 0, 23.45167
C:\Users\Owner\Downloads\simulator-windows-64\dataTrack1\IMG\center_2024_11_20_20_22_34_533.jpg, C:\Users\Owner\Downloads\simulator-windows-64\dataTrack1\IMG\left_2024_11_20_20_22_34_533.jpg, C:\Users\Owner\Downloads\simulator-windows-64\dataTrack1\IMG\right_2024_11_20_20_22_34_533.jpg, 0, 0, 0, 23.21477
C:\Users\Owner\Downloads\simulator-windows-64\dataTrack1\IMG\center_2024_11_20_20_22_34_634.jpg, C:\Users\Owner\Downloads\simulator-windows-64\dataTrack1\IMG\left_2024_11_20_20_22_34_634.jpg, C:\Users\Owner\Downloads\simulator-windows-64\dataTrack1\IMG\right_2024_11_20_20_22_34_634.jpg, 0, 0, 0, 22.98167
C:\Users\Owner\Downloads\simulator-windows-64\dataTrack1\IMG\center_2024_11_20_20_22_34_739.jpg, C:\Users\Owner\Downloads\simulator-windows-64\dataTrack1\IMG\left_2024_11_20_20_22_34_739.jpg, C:\Users\Owner\Downloads\simulator-windows-64\dataTrack1\IMG\right_2024_11_20_20_22_34_739.jpg, 0.1522707, 0, 0, 22.74313
C:\Users\Owner\Downloads\simulator-windows-64\dataTrack1\IMG\center_2024_11_20_20_22_34_845.jpg, C:\Users\Owner\Downloads\simulator-windows-64\dataTrack1\IMG\left_2024_11_20_20_22_34_845.jpg, C:\Users\Owner\Downloads\simulator-windows-64\dataTrack1\IMG\right_2024_11_20_20_22_34_845.jpg, 0.1003326, 0, 0, 22.41515
C:\Users\Owner\Downloads\simulator-windows-64\dataTrack1\IMG\center_2024_11_20_20_22_34_949.jpg, C:\Users\Owner\Downloads\simulator-windows-64\dataTrack1\IMG\left_2024_11_20_20_22_34_949.jpg, C:\Users\Owner\Downloads\simulator-windows-64\dataTrack1\IMG\right_2024_11_20_20_22_34_949.jpg, 0.2069133, 0, 0, 22.18459
C:\Users\Owner\Downloads\simulator-windows-64\dataTrack1\IMG\center_2024_11_20_20_22_35_051.jpg, C:\Users\Owner\Downloads\simulator-windows-64\dataTrack1\IMG\left_2024_11_20_20_22_35_051.jpg, C:\Users\Owner\Downloads\simulator-windows-64\dataTrack1\IMG\right_2024_11_20_20_22_35_051.jpg, 0.1153321, 0, 0, 21.93296
C:\Users\Owner\Downloads\simulator-windows-64\dataTrack1\IMG\center_2024_11_20_20_22_35_156.jpg, C:\Users\Owner\Downloads\simulator-windows-64\dataTrack1\IMG\left_2024_11_20_20_22_35_156.jpg, C:\Users\Owner\Downloads\simulator-windows-64\dataTrack1\IMG\right_2024_11_20_20_22_35_156.jpg, 0, 0, 0, 21.70835
C:\Users\Owner\Downloads\simulator-windows-64\dataTrack1\IMG\center_2024_11_20_20_22_35_260.jpg, C:\Users\Owner\Downloads\simulator-windows-64\dataTrack1\IMG\left_2024_11_20_20_22_35_260.jpg, C:\Users\Owner\Downloads\simulator-windows-64\dataTrack1\IMG\right_2024_11_20_20_22_35_260.jpg, 0, 0, 0, 21.48674
C:\Users\Owner\Downloads\simulator-windows-64\dataTrack1\IMG\center_2024_11_20_20_22_35_364.jpg, C:\Users\Owner\Downloads\simulator-windows-64\dataTrack1\IMG\left_2024_11_20_20_22_35_364.jpg, C:\Users\Owner\Downloads\simulator-windows-64\dataTrack1\IMG\right_2024_11_20_20_22_35_364.jpg, 0.2026743, 0, 0, 21.21391
C:\Users\Owner\Downloads\simulator-windows-64\dataTrack1\IMG\center_2024_11_20_20_22_35_469.jpg, C:\Users\Owner\Downloads\simulator-windows-64\dataTrack1\IMG\left_2024_11_20_20_22_35_469.jpg, C:\Users\Owner\Downloads\simulator-windows-64\dataTrack1\IMG\right_2024_11_20_20_22_35_469.jpg, 0.2033076, 0, 0, 20.94125
C:\Users\Owner\Downloads\simulator-windows-64\dataTrack1\IMG\center_2024_11_20_20_22_35_571.jpg, C:\Users\Owner\Downloads\simulator-windows-64\dataTrack1\IMG\left_2024_11_20_20_22_35_571.jpg, C:\Users\Owner\Downloads\simulator-windows-64\dataTrack1\IMG\right_2024_11_20_20_22_35_571.jpg, 0, 0.1548705, 0, 20.77668
C:\Users\Owner\Downloads\simulator-windows-64\dataTrack1\IMG\center_2024_11_20_20_22_35_676.jpg, C:\Users\Owner\Downloads\simulator-windows-64\dataTrack1\IMG\left_2024_11_20_20_22_35_676.jpg, C:\Users\Owner\Downloads\simulator-windows-64\dataTrack1\IMG\right_2024_11_20_20_22_35_676.jpg, 0.0523656, 0.2578641, 0, 20.88619
C:\Users\Owner\Downloads\simulator-windows-64\dataTrack1\IMG\center_2024_11_20_20_22_35_780.jpg, C:\Users\Owner\Downloads\simulator-windows-64\dataTrack1\IMG\left_2024_11_20_20_22_35_780.jpg, C:\Users\Owner\Downloads\simulator-windows-64\dataTrack1\IMG\right_2024_11_20_20_22_35_780.jpg, 0.3126513, 0, 0, 20.81484
C:\Users\Owner\Downloads\simulator-windows-64\dataTrack1\IMG\center_2024_11_20_20_22_35_884.jpg, C:\Users\Owner\Downloads\simulator-windows-64\dataTrack1\IMG\left_2024_11_20_20_22_35_884.jpg, C:\Users\Owner\Downloads\simulator-windows-64\dataTrack1\IMG\right_2024_11_20_20_22_35_884.jpg, 0, 0, 0, 20.61376
C:\Users\Owner\Downloads\simulator-windows-64\dataTrack1\IMG\center_2024_11_20_20_22_35_988.jpg, C:\Users\Owner\Downloads\simulator-windows-64\dataTrack1\IMG\left_2024_11_20_20_22_35_988.jpg, C:\Users\Owner\Downloads\simulator-windows-64\dataTrack1\IMG\right_2024_11_20_20_22_35_988.jpg, 0, 0, 0, 20.15595
C:\Users\Owner\Downloads\simulator-windows-64\dataTrack1\IMG\center_2024_11_20_20_22_36_090.jpg, C:\Users\Owner\Downloads\simulator-windows-64\dataTrack1\IMG\left_2024_11_20_20_22_36_090.jpg, C:\Users\Owner\Downloads\simulator-windows-64\dataTrack1\IMG\right_2024_11_20_20_22_36_090.jpg, 0, 0, 0, 20.25815
C:\Users\Owner\Downloads\simulator-windows-64\dataTrack1\IMG\center_2024_11_20_20_22_36_194.jpg, C:\Users\Owner\Downloads\simulator-windows-64\dataTrack1\IMG\left_2024_11_20_20_22_36_194.jpg, C:\Users\Owner\Downloads\simulator-windows-64\dataTrack1\IMG\right_2024_11_20_20_22_36_194.jpg, 0, 0, 0, 19.71766
C:\Users\Owner\Downloads\simulator-windows-64\dataTrack1\IMG\center_2024_11_20_20_22_36_296.jpg, C:\Users\Owner\Downloads\simulator-windows-64\dataTrack1\IMG\left_2024_11_20_20_22_36_296.jpg, C:\Users\Owner\Downloads\simulator-windows-64\dataTrack1\IMG\right_2024_11_20_20_22_36_296.jpg, 0, 0.308172, 0, 19.99401
C:\Users\Owner\Downloads\simulator-windows-64\dataTrack1\IMG\center_2024_11_20_20_22_36_400.jpg, C:\Users\Owner\Downloads\simulator-windows-64\dataTrack1\IMG\left_2024_11_20_20_22_36_400.jpg, C:\Users\Owner\Downloads\simulator-windows-64\dataTrack1\IMG\right_2024_11_20_20_22_36_400.jpg, 0, 0.2622837, 0, 19.95072
C:\Users\Owner\Downloads\simulator-windows-64\dataTrack1\IMG\center_2024_11_20_20_22_36_504.jpg, C:\Users\Owner\Downloads\simulator-windows-64\dataTrack1\IMG\left_2024_11_20_20_22_36_504.jpg, C:\Users\Owner\Downloads\simulator-windows-64\dataTrack1\IMG\right_2024_11_20_20_22_36_504.jpg, 0.201795, 0.5260656, 0, 20.263
C:\Users\Owner\Downloads\simulator-windows-64\dataTrack1\IMG\center_2024_11_20_20_22_36_608.jpg, C:\Users\Owner\Downloads\simulator-windows-64\dataTrack1\IMG\left_2024_11_20_20_22_36_608.jpg, C:\Users\Owner\Downloads\simulator-windows-64\dataTrack1\IMG\right_2024_11_20_20_22_36_608.jpg, 0.404784, 0.393264, 0, 20.78554
C:\Users\Owner\Downloads\simulator-windows-64\dataTrack1\IMG\center_2024_11_20_20_22_36_712.jpg, C:\Users\Owner\Downloads\simulator-windows-64\dataTrack1\IMG\left_2024_11_20_20_22_36_712.jpg, C:\Users\Owner\Downloads\simulator-windows-64\dataTrack1\IMG\right_2024_11_20_20_22_36_712.jpg, 0.09456808, 0.08304805, 0, 20.6289
C:\Users\Owner\Downloads\simulator-windows-64\dataTrack1\IMG\center_2024_11_20_20_22_36_816.jpg, C:\Users\Owner\Downloads\simulator-windows-64\dataTrack1\IMG\left_2024_11_20_20_22_36_816.jpg, C:\Users\Owner\Downloads\simulator-windows-64\dataTrack1\IMG\right_2024_11_20_20_22_36_816.jpg, 0, 0, 0, 20.70284
C:\Users\Owner\Downloads\simulator-windows-64\dataTrack1\IMG\center_2024_11_20_20_22_36_919.jpg, C:\Users\Owner\Downloads\simulator-windows-64\dataTrack1\IMG\left_2024_11_20_20_22_36_919.jpg, C:\Users\Owner\Downloads\simulator-windows-64\dataTrack1\IMG\right_2024_11_20_20_22_36_919.jpg, 0.0524973, 0, 0, 20.1687
C:\Users\Owner\Downloads\simulator-windows-64\dataTrack1\IMG\center_2024_11_20_20_22_37_022.jpg, C:\Users\Owner\Downloads\simulator-windows-64\dataTrack1\IMG\left_2024_11_20_20_22_37_022.jpg, C:\Users\Owner\Downloads\simulator-windows-64\dataTrack1\IMG\right_2024_11_20_20_22_37_022.jpg, 0.3612939, 0, 0, 19.87082
C:\Users\Owner\Downloads\simulator-windows-64\dataTrack1\IMG\center_2024_11_20_20_22_37_128.jpg, C:\Users\Owner\Downloads\simulator-windows-64\dataTrack1\IMG\left_2024_11_20_20_22_37_128.jpg, C:\Users\Owner\Downloads\simulator-windows-64\dataTrack1\IMG\right_2024_11_20_20_22_37_128.jpg, 0.1563231, 0, 0, 19.99688
C:\Users\Owner\Downloads\simulator-windows-64\dataTrack1\IMG\center_2024_11_20_20_22_37_232.jpg, C:\Users\Owner\Downloads\simulator-windows-64\dataTrack1\IMG\left_2024_11_20_20_22_37_232.jpg, C:\Users\Owner\Downloads\simulator-windows-64\dataTrack1\IMG\right_2024_11_20_20_22_37_232.jpg, 0.4710453, 0, 0, 19.38294
C:\Users\Owner\Downloads\simulator-windows-64\dataTrack1\IMG\center_2024_11_20_20_22_37_336.jpg, C:\Users\Owner\Downloads\simulator-windows-64\dataTrack1\IMG\left_2024_11_20_20_22_37_336.jpg, C:\Users\Owner\Downloads\simulator-windows-64\dataTrack1\IMG\right_2024_11_20_20_22_37_336.jpg, 0.7841202, 0, 0, 19.32086
C:\Users\Owner\Downloads\simulator-windows-64\dataTrack1\IMG\center_2024_11_20_20_22_37_438.jpg, C:\Users\Owner\Downloads\simulator-windows-64\dataTrack1\IMG\left_2024_11_20_20_22_37_438.jpg, C:\Users\Owner\Downloads\simulator-windows-64\dataTrack1\IMG\right_2024_11_20_20_22_37_438.jpg, 0.6950361, 0, 0, 18.53677
C:\Users\Owner\Downloads\simulator-windows-64\dataTrack1\IMG\center_2024_11_20_20_22_37_543.jpg, C:\Users\Owner\Downloads\simulator-windows-64\dataTrack1\IMG\left_2024_11_20_20_22_37_543.jpg, C:\Users\Owner\Downloads\simulator-windows-64\dataTrack1\IMG\right_2024_11_20_20_22_37_543.jpg, 0.6938536, 0, 0, 18.3024
C:\Users\Owner\Downloads\simulator-windows-64\dataTrack1\IMG\center_2024_11_20_20_22_37_647.jpg, C:\Users\Owner\Downloads\simulator-windows-64\dataTrack1\IMG\left_2024_11_20_20_22_37_647.jpg, C:\Users\Owner\Downloads\simulator-windows-64\dataTrack1\IMG\right_2024_11_20_20_22_37_647.jpg, 0.6915638, 0, 0, 18.46526
C:\Users\Owner\Downloads\simulator-windows-64\dataTrack1\IMG\center_2024_11_20_20_22_37_749.jpg, C:\Users\Owner\Downloads\simulator-windows-64\dataTrack1\IMG\left_2024_11_20_20_22_37_749.jpg, C:\Users\Owner\Downloads\simulator-windows-64\dataTrack1\IMG\right_2024_11_20_20_22_37_749.jpg, 0.3860601, 0, 0, 17.87498
C:\Users\Owner\Downloads\simulator-windows-64\dataTrack1\IMG\center_2024_11_20_20_22_37_854.jpg, C:\Users\Owner\Downloads\simulator-windows-64\dataTrack1\IMG\left_2024_11_20_20_22_37_854.jpg, C:\Users\Owner\Downloads\simulator-windows-64\dataTrack1\IMG\right_2024_11_20_20_22_37_854.jpg, 0.07074115, 0, 0, 18.13872
C:\Users\Owner\Downloads\simulator-windows-64\dataTrack1\IMG\center_2024_11_20_20_22_37_960.jpg, C:\Users\Owner\Downloads\simulator-windows-64\dataTrack1\IMG\left_2024_11_20_20_22_37_960.jpg, C:\Users\Owner\Downloads\simulator-windows-64\dataTrack1\IMG\right_2024_11_20_20_22_37_960.jpg, 0, 0, 0, 17.45643
C:\Users\Owner\Downloads\simulator-windows-64\dataTrack1\IMG\center_2024_11_20_20_22_38_065.jpg, C:\Users\Owner\Downloads\simulator-windows-64\dataTrack1\IMG\left_2024_11_20_20_22_38_065.jpg, C:\Users\Owner\Downloads\simulator-windows-64\dataTrack1\IMG\right_2024_11_20_20_22_38_065.jpg, 0, 0, 0, 17.2173
C:\Users\Owner\Downloads\simulator-windows-64\dataTrack1\IMG\center_2024_11_20_20_22_38_170.jpg, C:\Users\Owner\Downloads\simulator-windows-64\dataTrack1\IMG\left_2024_11_20_20_22_38_170.jpg, C:\Users\Owner\Downloads\simulator-windows-64\dataTrack1\IMG\right_2024_11_20_20_22_38_170.jpg, -0.0494562, 0, 0, 17.56012
C:\Users\Owner\Downloads\simulator-windows-64\dataTrack1\IMG\center_2024_11_20_20_22_38_273.jpg, C:\Users\Owner\Downloads\simulator-windows-64\dataTrack1\IMG\left_2024_11_20_20_22_38_273.jpg, C:\Users\Owner\Downloads\simulator-windows-64\dataTrack1\IMG\right_2024_11_20_20_22_38_273.jpg, -0.1490574, 0, 0, 16.84439
C:\Users\Owner\Downloads\simulator-windows-64\dataTrack1\IMG\center_2024_11_20_20_22_38_375.jpg, C:\Users\Owner\Downloads\simulator-windows-64\dataTrack1\IMG\left_2024_11_20_20_22_38_375.jpg, C:\Users\Owner\Downloads\simulator-windows-64\dataTrack1\IMG\right_2024_11_20_20_22_38_375.jpg, 0, 0, 0, 17.19548
C:\Users\Owner\Downloads\simulator-windows-64\dataTrack1\IMG\center_2024_11_20_20_22_38_481.jpg, C:\Users\Owner\Downloads\simulator-windows-64\dataTrack1\IMG\left_2024_11_20_20_22_38_481.jpg, C:\Users\Owner\Downloads\simulator-windows-64\dataTrack1\IMG\right_2024_11_20_20_22_38_481.jpg, 0, 0, 0, 16.48549
C:\Users\Owner\Downloads\simulator-windows-64\dataTrack1\IMG\center_2024_11_20_20_22_38_583.jpg, C:\Users\Owner\Downloads\simulator-windows-64\dataTrack1\IMG\left_2024_11_20_20_22_38_583.jpg, C:\Users\Owner\Downloads\simulator-windows-64\dataTrack1\IMG\right_2024_11_20_20_22_38_583.jpg, 0.1516332, 0, 0, 16.28412
C:\Users\Owner\Downloads\simulator-windows-64\dataTrack1\IMG\center_2024_11_20_20_22_38_686.jpg, C:\Users\Owner\Downloads\simulator-windows-64\dataTrack1\IMG\left_2024_11_20_20_22_38_686.jpg, C:\Users\Owner\Downloads\simulator-windows-64\dataTrack1\IMG\right_2024_11_20_20_22_38_686.jpg, 0.3571368, 0.156009, 0, 16.59415
C:\Users\Owner\Downloads\simulator-windows-64\dataTrack1\IMG\center_2024_11_20_20_22_38_791.jpg, C:\Users\Owner\Downloads\simulator-windows-64\dataTrack1\IMG\left_2024_11_20_20_22_38_791.jpg, C:\Users\Owner\Downloads\simulator-windows-64\dataTrack1\IMG\right_2024_11_20_20_22_38_791.jpg, 0.1473888, 0.1590492, 0, 16.19105
C:\Users\Owner\Downloads\simulator-windows-64\dataTrack1\IMG\center_2024_11_20_20_22_38_896.jpg, C:\Users\Owner\Downloads\simulator-windows-64\dataTrack1\IMG\left_2024_11_20_20_22_38_896.jpg, C:\Users\Owner\Downloads\simulator-windows-64\dataTrack1\IMG\right_2024_11_20_20_22_38_896.jpg, 0.2626095, 0, 0, 16.60706
C:\Users\Owner\Downloads\simulator-windows-64\dataTrack1\IMG\center_2024_11_20_20_22_39_002.jpg, C:\Users\Owner\Downloads\simulator-windows-64\dataTrack1\IMG\left_2024_11_20_20_22_39_002.jpg, C:\Users\Owner\Downloads\simulator-windows-64\dataTrack1\IMG\right_2024_11_20_20_22_39_002.jpg, 0, 0, 0, 15.91096
C:\Users\Owner\Downloads\simulator-windows-64\dataTrack1\IMG\center_2024_11_20_20_22_39_107.jpg, C:\Users\Owner\Downloads\simulator-windows-64\dataTrack1\IMG\left_2024_11_20_20_22_39_107.jpg, C:\Users\Owner\Downloads\simulator-windows-64\dataTrack1\IMG\right_2024_11_20_20_22_39_107.jpg, 0.0572007, 0.2024295, 0, 15.96321
C:\Users\Owner\Downloads\simulator-windows-64\dataTrack1\IMG\center_2024_11_20_20_22_39_218.jpg, C:\Users\Owner\Downloads\simulator-windows-64\dataTrack1\IMG\left_2024_11_20_20_22_39_218.jpg, C:\Users\Owner\Downloads\simulator-windows-64\dataTrack1\IMG\right_2024_11_20_20_22_39_218.jpg, 0.3898503, 0, 0, 16.2817
C:\Users\Owner\Downloads\simulator-windows-64\dataTrack1\IMG\center_2024_11_20_20_22_39_321.jpg, C:\Users\Owner\Downloads\simulator-windows-64\dataTrack1\IMG\left_2024_11_20_20_22_39_321.jpg, C:\Users\Owner\Downloads\simulator-windows-64\dataTrack1\IMG\right_2024_11_20_20_22_39_321.jpg, 0.650412, 0.1491225, 0, 15.54021
C:\Users\Owner\Downloads\simulator-windows-64\dataTrack1\IMG\center_2024_11_20_20_22_39_429.jpg, C:\Users\Owner\Downloads\simulator-windows-64\dataTrack1\IMG\left_2024_11_20_20_22_39_429.jpg, C:\Users\Owner\Downloads\simulator-windows-64\dataTrack1\IMG\right_2024_11_20_20_22_39_429.jpg, 0.6982008, 0, 0, 15.2188
C:\Users\Owner\Downloads\simulator-windows-64\dataTrack1\IMG\center_2024_11_20_20_22_39_534.jpg, C:\Users\Owner\Downloads\simulator-windows-64\dataTrack1\IMG\left_2024_11_20_20_22_39_534.jpg, C:\Users\Owner\Downloads\simulator-windows-64\dataTrack1\IMG\right_2024_11_20_20_22_39_534.jpg, 0.3821174, 0, 0, 15.62192
C:\Users\Owner\Downloads\simulator-windows-64\dataTrack1\IMG\center_2024_11_20_20_22_39_636.jpg, C:\Users\Owner\Downloads\simulator-windows-64\dataTrack1\IMG\left_2024_11_20_20_22_39_636.jpg, C:\Users\Owner\Downloads\simulator-windows-64\dataTrack1\IMG\right_2024_11_20_20_22_39_636.jpg, 0.07397214, 0.2204283, 0, 15.01089
C:\Users\Owner\Downloads\simulator-windows-64\dataTrack1\IMG\center_2024_11_20_20_22_39_740.jpg, C:\Users\Owner\Downloads\simulator-windows-64\dataTrack1\IMG\left_2024_11_20_20_22_39_740.jpg, C:\Users\Owner\Downloads\simulator-windows-64\dataTrack1\IMG\right_2024_11_20_20_22_39_740.jpg, 0.3325589, 0, 0, 15.49568
C:\Users\Owner\Downloads\simulator-windows-64\dataTrack1\IMG\center_2024_11_20_20_22_39_847.jpg, C:\Users\Owner\Downloads\simulator-windows-64\dataTrack1\IMG\left_2024_11_20_20_22_39_847.jpg, C:\Users\Owner\Downloads\simulator-windows-64\dataTrack1\IMG\right_2024_11_20_20_22_39_847.jpg, 0.06442013, 0, 0, 15.31538
C:\Users\Owner\Downloads\simulator-windows-64\dataTrack1\IMG\center_2024_11_20_20_22_39_953.jpg, C:\Users\Owner\Downloads\simulator-windows-64\dataTrack1\IMG\left_2024_11_20_20_22_39_953.jpg, C:\Users\Owner\Downloads\simulator-windows-64\dataTrack1\IMG\right_2024_11_20_20_22_39_953.jpg, 0, 0, 0, 14.62929
C:\Users\Owner\Downloads\simulator-windows-64\dataTrack1\IMG\center_2024_11_20_20_22_40_056.jpg, C:\Users\Owner\Downloads\simulator-windows-64\dataTrack1\IMG\left_2024_11_20_20_22_40_056.jpg, C:\Users\Owner\Downloads\simulator-windows-64\dataTrack1\IMG\right_2024_11_20_20_22_40_056.jpg, 0, 0.2063361, 0, 15.03584
C:\Users\Owner\Downloads\simulator-windows-64\dataTrack1\IMG\center_2024_11_20_20_22_40_158.jpg, C:\Users\Owner\Downloads\simulator-windows-64\dataTrack1\IMG\left_2024_11_20_20_22_40_158.jpg, C:\Users\Owner\Downloads\simulator-windows-64\dataTrack1\IMG\right_2024_11_20_20_22_40_158.jpg, 0, 0.4095957, 0, 14.79167
C:\Users\Owner\Downloads\simulator-windows-64\dataTrack1\IMG\center_2024_11_20_20_22_40_265.jpg, C:\Users\Owner\Downloads\simulator-windows-64\dataTrack1\IMG\left_2024_11_20_20_22_40_265.jpg, C:\Users\Owner\Downloads\simulator-windows-64\dataTrack1\IMG\right_2024_11_20_20_22_40_265.jpg, 0, 0.2984586, 0, 14.97992
C:\Users\Owner\Downloads\simulator-windows-64\dataTrack1\IMG\center_2024_11_20_20_22_40_370.jpg, C:\Users\Owner\Downloads\simulator-windows-64\dataTrack1\IMG\left_2024_11_20_20_22_40_370.jpg, C:\Users\Owner\Downloads\simulator-windows-64\dataTrack1\IMG\right_2024_11_20_20_22_40_370.jpg, 0, 0.6130497, 0, 15.84875
C:\Users\Owner\Downloads\simulator-windows-64\dataTrack1\IMG\center_2024_11_20_20_22_40_474.jpg, C:\Users\Owner\Downloads\simulator-windows-64\dataTrack1\IMG\left_2024_11_20_20_22_40_474.jpg, C:\Users\Owner\Downloads\simulator-windows-64\dataTrack1\IMG\right_2024_11_20_20_22_40_474.jpg, 0, 0.4051459, 0, 15.85789
C:\Users\Owner\Downloads\simulator-windows-64\dataTrack1\IMG\center_2024_11_20_20_22_40_579.jpg, C:\Users\Owner\Downloads\simulator-windows-64\dataTrack1\IMG\left_2024_11_20_20_22_40_579.jpg, C:\Users\Owner\Downloads\simulator-windows-64\dataTrack1\IMG\right_2024_11_20_20_22_40_579.jpg, 0.1765122, 0.6744136, 0, 16.75786
C:\Users\Owner\Downloads\simulator-windows-64\dataTrack1\IMG\center_2024_11_20_20_22_40_684.jpg, C:\Users\Owner\Downloads\simulator-windows-64\dataTrack1\IMG\left_2024_11_20_20_22_40_684.jpg, C:\Users\Owner\Downloads\simulator-windows-64\dataTrack1\IMG\right_2024_11_20_20_22_40_684.jpg, 0.5370393, 0.5892144, 0, 17.4416
C:\Users\Owner\Downloads\simulator-windows-64\dataTrack1\IMG\center_2024_11_20_20_22_40_789.jpg, C:\Users\Owner\Downloads\simulator-windows-64\dataTrack1\IMG\left_2024_11_20_20_22_40_789.jpg, C:\Users\Owner\Downloads\simulator-windows-64\dataTrack1\IMG\right_2024_11_20_20_22_40_789.jpg, 0.4431014, 0.2740951, 0, 17.30956
C:\Users\Owner\Downloads\simulator-windows-64\dataTrack1\IMG\center_2024_11_20_20_22_40_896.jpg, C:\Users\Owner\Downloads\simulator-windows-64\dataTrack1\IMG\left_2024_11_20_20_22_40_896.jpg, C:\Users\Owner\Downloads\simulator-windows-64\dataTrack1\IMG\right_2024_11_20_20_22_40_896.jpg, 0.1234917, 0.2739241, 0, 17.76931
C:\Users\Owner\Downloads\simulator-windows-64\dataTrack1\IMG\center_2024_11_20_20_22_41_000.jpg, C:\Users\Owner\Downloads\simulator-windows-64\dataTrack1\IMG\left_2024_11_20_20_22_41_000.jpg, C:\Users\Owner\Downloads\simulator-windows-64\dataTrack1\IMG\right_2024_11_20_20_22_41_000.jpg, 0, 0.335455, 0, 17.66903
C:\Users\Owner\Downloads\simulator-windows-64\dataTrack1\IMG\center_2024_11_20_20_22_41_105.jpg, C:\Users\Owner\Downloads\simulator-windows-64\dataTrack1\IMG\left_2024_11_20_20_22_41_105.jpg, C:\Users\Owner\Downloads\simulator-windows-64\dataTrack1\IMG\right_2024_11_20_20_22_41_105.jpg, 0, 0.2856151, 0, 17.68729
C:\Users\Owner\Downloads\simulator-windows-64\dataTrack1\IMG\center_2024_11_20_20_22_41_208.jpg, C:\Users\Owner\Downloads\simulator-windows-64\dataTrack1\IMG\left_2024_11_20_20_22_41_208.jpg, C:\Users\Owner\Downloads\simulator-windows-64\dataTrack1\IMG\right_2024_11_20_20_22_41_208.jpg, 0, 0.3876172, 0, 18.43231
C:\Users\Owner\Downloads\simulator-windows-64\dataTrack1\IMG\center_2024_11_20_20_22_41_315.jpg, C:\Users\Owner\Downloads\simulator-windows-64\dataTrack1\IMG\left_2024_11_20_20_22_41_315.jpg, C:\Users\Owner\Downloads\simulator-windows-64\dataTrack1\IMG\right_2024_11_20_20_22_41_315.jpg, 0, 0.3805798, 0, 18.23605
C:\Users\Owner\Downloads\simulator-windows-64\dataTrack1\IMG\center_2024_11_20_20_22_41_419.jpg, C:\Users\Owner\Downloads\simulator-windows-64\dataTrack1\IMG\left_2024_11_20_20_22_41_419.jpg, C:\Users\Owner\Downloads\simulator-windows-64\dataTrack1\IMG\right_2024_11_20_20_22_41_419.jpg, 0, 0.586972, 0, 19.00349
C:\Users\Owner\Downloads\simulator-windows-64\dataTrack1\IMG\center_2024_11_20_20_22_41_525.jpg, C:\Users\Owner\Downloads\simulator-windows-64\dataTrack1\IMG\left_2024_11_20_20_22_41_525.jpg, C:\Users\Owner\Downloads\simulator-windows-64\dataTrack1\IMG\right_2024_11_20_20_22_41_525.jpg, 0, 0.6784483, 0, 19.56983
C:\Users\Owner\Downloads\simulator-windows-64\dataTrack1\IMG\center_2024_11_20_20_22_41_630.jpg, C:\Users\Owner\Downloads\simulator-windows-64\dataTrack1\IMG\left_2024_11_20_20_22_41_630.jpg, C:\Users\Owner\Downloads\simulator-windows-64\dataTrack1\IMG\right_2024_11_20_20_22_41_630.jpg, 0, 0.9914635, 0, 20.22247
C:\Users\Owner\Downloads\simulator-windows-64\dataTrack1\IMG\center_2024_11_20_20_22_41_734.jpg, C:\Users\Owner\Downloads\simulator-windows-64\dataTrack1\IMG\left_2024_11_20_20_22_41_734.jpg, C:\Users\Owner\Downloads\simulator-windows-64\dataTrack1\IMG\right_2024_11_20_20_22_41_734.jpg, 0, 1, 0, 21.33926
C:\Users\Owner\Downloads\simulator-windows-64\dataTrack1\IMG\center_2024_11_20_20_22_41_837.jpg, C:\Users\Owner\Downloads\simulator-windows-64\dataTrack1\IMG\left_2024_11_20_20_22_41_837.jpg, C:\Users\Owner\Downloads\simulator-windows-64\dataTrack1\IMG\right_2024_11_20_20_22_41_837.jpg, 0, 0.8471098, 0, 22.25466
C:\Users\Owner\Downloads\simulator-windows-64\dataTrack1\IMG\center_2024_11_20_20_22_41_941.jpg, C:\Users\Owner\Downloads\simulator-windows-64\dataTrack1\IMG\left_2024_11_20_20_22_41_941.jpg, C:\Users\Owner\Downloads\simulator-windows-64\dataTrack1\IMG\right_2024_11_20_20_22_41_941.jpg, 0, 0.5867018, 0, 22.93324
C:\Users\Owner\Downloads\simulator-windows-64\dataTrack1\IMG\center_2024_11_20_20_22_42_048.jpg, C:\Users\Owner\Downloads\simulator-windows-64\dataTrack1\IMG\left_2024_11_20_20_22_42_048.jpg, C:\Users\Owner\Downloads\simulator-windows-64\dataTrack1\IMG\right_2024_11_20_20_22_42_048.jpg, 0.2293617, 0.213749, 0, 23.16926
C:\Users\Owner\Downloads\simulator-windows-64\dataTrack1\IMG\center_2024_11_20_20_22_42_155.jpg, C:\Users\Owner\Downloads\simulator-windows-64\dataTrack1\IMG\left_2024_11_20_20_22_42_155.jpg, C:\Users\Owner\Downloads\simulator-windows-64\dataTrack1\IMG\right_2024_11_20_20_22_42_155.jpg, 0.1209339, 0.2120959, 0, 23.03983
C:\Users\Owner\Downloads\simulator-windows-64\dataTrack1\IMG\center_2024_11_20_20_22_42_258.jpg, C:\Users\Owner\Downloads\simulator-windows-64\dataTrack1\IMG\left_2024_11_20_20_22_42_258.jpg, C:\Users\Owner\Downloads\simulator-windows-64\dataTrack1\IMG\right_2024_11_20_20_22_42_258.jpg, 0, 0.4132711, 0, 23.20061
C:\Users\Owner\Downloads\simulator-windows-64\dataTrack1\IMG\center_2024_11_20_20_22_42_359.jpg, C:\Users\Owner\Downloads\simulator-windows-64\dataTrack1\IMG\left_2024_11_20_20_22_42_359.jpg, C:\Users\Owner\Downloads\simulator-windows-64\dataTrack1\IMG\right_2024_11_20_20_22_42_359.jpg, 0, 0.1551319, 0, 23.33184
C:\Users\Owner\Downloads\simulator-windows-64\dataTrack1\IMG\center_2024_11_20_20_22_42_466.jpg, C:\Users\Owner\Downloads\simulator-windows-64\dataTrack1\IMG\left_2024_11_20_20_22_42_466.jpg, C:\Users\Owner\Downloads\simulator-windows-64\dataTrack1\IMG\right_2024_11_20_20_22_42_466.jpg, 0, 0, 0, 23.06676
C:\Users\Owner\Downloads\simulator-windows-64\dataTrack1\IMG\center_2024_11_20_20_22_42_571.jpg, C:\Users\Owner\Downloads\simulator-windows-64\dataTrack1\IMG\left_2024_11_20_20_22_42_571.jpg, C:\Users\Owner\Downloads\simulator-windows-64\dataTrack1\IMG\right_2024_11_20_20_22_42_571.jpg, 0, 0.2044959, 0, 22.91192
C:\Users\Owner\Downloads\simulator-windows-64\dataTrack1\IMG\center_2024_11_20_20_22_42_676.jpg, C:\Users\Owner\Downloads\simulator-windows-64\dataTrack1\IMG\left_2024_11_20_20_22_42_676.jpg, C:\Users\Owner\Downloads\simulator-windows-64\dataTrack1\IMG\right_2024_11_20_20_22_42_676.jpg, 0.2224413, 0.2069469, 0, 23.01046
C:\Users\Owner\Downloads\simulator-windows-64\dataTrack1\IMG\center_2024_11_20_20_22_42_782.jpg, C:\Users\Owner\Downloads\simulator-windows-64\dataTrack1\IMG\left_2024_11_20_20_22_42_782.jpg, C:\Users\Owner\Downloads\simulator-windows-64\dataTrack1\IMG\right_2024_11_20_20_22_42_782.jpg, 0.08522914, 0, 0, 22.78055
C:\Users\Owner\Downloads\simulator-windows-64\dataTrack1\IMG\center_2024_11_20_20_22_42_887.jpg, C:\Users\Owner\Downloads\simulator-windows-64\dataTrack1\IMG\left_2024_11_20_20_22_42_887.jpg, C:\Users\Owner\Downloads\simulator-windows-64\dataTrack1\IMG\right_2024_11_20_20_22_42_887.jpg, 0, 0.1555494, 0, 22.60516
C:\Users\Owner\Downloads\simulator-windows-64\dataTrack1\IMG\center_2024_11_20_20_22_42_992.jpg, C:\Users\Owner\Downloads\simulator-windows-64\dataTrack1\IMG\left_2024_11_20_20_22_42_992.jpg, C:\Users\Owner\Downloads\simulator-windows-64\dataTrack1\IMG\right_2024_11_20_20_22_42_992.jpg, 0, 0.3609201, 0, 22.75002
C:\Users\Owner\Downloads\simulator-windows-64\dataTrack1\IMG\center_2024_11_20_20_22_43_098.jpg, C:\Users\Owner\Downloads\simulator-windows-64\dataTrack1\IMG\left_2024_11_20_20_22_43_098.jpg, C:\Users\Owner\Downloads\simulator-windows-64\dataTrack1\IMG\right_2024_11_20_20_22_43_098.jpg, 0, 0.0442203, 0, 22.79189
C:\Users\Owner\Downloads\simulator-windows-64\dataTrack1\IMG\center_2024_11_20_20_22_43_201.jpg, C:\Users\Owner\Downloads\simulator-windows-64\dataTrack1\IMG\left_2024_11_20_20_22_43_201.jpg, C:\Users\Owner\Downloads\simulator-windows-64\dataTrack1\IMG\right_2024_11_20_20_22_43_201.jpg, 0, 0, 0, 22.55903
C:\Users\Owner\Downloads\simulator-windows-64\dataTrack1\IMG\center_2024_11_20_20_22_43_307.jpg, C:\Users\Owner\Downloads\simulator-windows-64\dataTrack1\IMG\left_2024_11_20_20_22_43_307.jpg, C:\Users\Owner\Downloads\simulator-windows-64\dataTrack1\IMG\right_2024_11_20_20_22_43_307.jpg, 0.3723222, 0, 0, 22.20841
C:\Users\Owner\Downloads\simulator-windows-64\dataTrack1\IMG\center_2024_11_20_20_22_43_410.jpg, C:\Users\Owner\Downloads\simulator-windows-64\dataTrack1\IMG\left_2024_11_20_20_22_43_410.jpg, C:\Users\Owner\Downloads\simulator-windows-64\dataTrack1\IMG\right_2024_11_20_20_22_43_410.jpg, 0.06430619, 0, 0, 21.97401
C:\Users\Owner\Downloads\simulator-windows-64\dataTrack1\IMG\center_2024_11_20_20_22_43_513.jpg, C:\Users\Owner\Downloads\simulator-windows-64\dataTrack1\IMG\left_2024_11_20_20_22_43_513.jpg, C:\Users\Owner\Downloads\simulator-windows-64\dataTrack1\IMG\right_2024_11_20_20_22_43_513.jpg, 0, 0.3081066, 0, 21.92122
C:\Users\Owner\Downloads\simulator-windows-64\dataTrack1\IMG\center_2024_11_20_20_22_43_618.jpg, C:\Users\Owner\Downloads\simulator-windows-64\dataTrack1\IMG\left_2024_11_20_20_22_43_618.jpg, C:\Users\Owner\Downloads\simulator-windows-64\dataTrack1\IMG\right_2024_11_20_20_22_43_618.jpg, 0, 0, 0, 21.94831
C:\Users\Owner\Downloads\simulator-windows-64\dataTrack1\IMG\center_2024_11_20_20_22_43_719.jpg, C:\Users\Owner\Downloads\simulator-windows-64\dataTrack1\IMG\left_2024_11_20_20_22_43_719.jpg, C:\Users\Owner\Downloads\simulator-windows-64\dataTrack1\IMG\right_2024_11_20_20_22_43_719.jpg, 0, 0, 0, 21.66255
C:\Users\Owner\Downloads\simulator-windows-64\dataTrack1\IMG\center_2024_11_20_20_22_43_825.jpg, C:\Users\Owner\Downloads\simulator-windows-64\dataTrack1\IMG\left_2024_11_20_20_22_43_825.jpg, C:\Users\Owner\Downloads\simulator-windows-64\dataTrack1\IMG\right_2024_11_20_20_22_43_825.jpg, 0, 0, 0, 21.34958
C:\Users\Owner\Downloads\simulator-windows-64\dataTrack1\IMG\center_2024_11_20_20_22_43_933.jpg, C:\Users\Owner\Downloads\simulator-windows-64\dataTrack1\IMG\left_2024_11_20_20_22_43_933.jpg, C:\Users\Owner\Downloads\simulator-windows-64\dataTrack1\IMG\right_2024_11_20_20_22_43_933.jpg, 0, 0.3225381, 0, 21.50644
C:\Users\Owner\Downloads\simulator-windows-64\dataTrack1\IMG\center_2024_11_20_20_22_44_038.jpg, C:\Users\Owner\Downloads\simulator-windows-64\dataTrack1\IMG\left_2024_11_20_20_22_44_038.jpg, C:\Users\Owner\Downloads\simulator-windows-64\dataTrack1\IMG\right_2024_11_20_20_22_44_038.jpg, 0, 0.2263311, 0, 21.56562
C:\Users\Owner\Downloads\simulator-windows-64\dataTrack1\IMG\center_2024_11_20_20_22_44_142.jpg, C:\Users\Owner\Downloads\simulator-windows-64\dataTrack1\IMG\left_2024_11_20_20_22_44_142.jpg, C:\Users\Owner\Downloads\simulator-windows-64\dataTrack1\IMG\right_2024_11_20_20_22_44_142.jpg, 0, 0.5375972, 0, 21.86782
C:\Users\Owner\Downloads\simulator-windows-64\dataTrack1\IMG\center_2024_11_20_20_22_44_247.jpg, C:\Users\Owner\Downloads\simulator-windows-64\dataTrack1\IMG\left_2024_11_20_20_22_44_247.jpg, C:\Users\Owner\Downloads\simulator-windows-64\dataTrack1\IMG\right_2024_11_20_20_22_44_247.jpg, 0, 0.5360564, 0, 22.52279
C:\Users\Owner\Downloads\simulator-windows-64\dataTrack1\IMG\center_2024_11_20_20_22_44_353.jpg, C:\Users\Owner\Downloads\simulator-windows-64\dataTrack1\IMG\left_2024_11_20_20_22_44_353.jpg, C:\Users\Owner\Downloads\simulator-windows-64\dataTrack1\IMG\right_2024_11_20_20_22_44_353.jpg, 0, 0.21836, 0, 22.68161
C:\Users\Owner\Downloads\simulator-windows-64\dataTrack1\IMG\center_2024_11_20_20_22_44_456.jpg, C:\Users\Owner\Downloads\simulator-windows-64\dataTrack1\IMG\left_2024_11_20_20_22_44_456.jpg, C:\Users\Owner\Downloads\simulator-windows-64\dataTrack1\IMG\right_2024_11_20_20_22_44_456.jpg, 0, 0.530093, 0, 22.92702
C:\Users\Owner\Downloads\simulator-windows-64\dataTrack1\IMG\center_2024_11_20_20_22_44_558.jpg, C:\Users\Owner\Downloads\simulator-windows-64\dataTrack1\IMG\left_2024_11_20_20_22_44_558.jpg, C:\Users\Owner\Downloads\simulator-windows-64\dataTrack1\IMG\right_2024_11_20_20_22_44_558.jpg, 0, 0.7862146, 0, 23.46819
C:\Users\Owner\Downloads\simulator-windows-64\dataTrack1\IMG\center_2024_11_20_20_22_44_663.jpg, C:\Users\Owner\Downloads\simulator-windows-64\dataTrack1\IMG\left_2024_11_20_20_22_44_663.jpg, C:\Users\Owner\Downloads\simulator-windows-64\dataTrack1\IMG\right_2024_11_20_20_22_44_663.jpg, 0, 0.8292386, 0, 24.26865
C:\Users\Owner\Downloads\simulator-windows-64\dataTrack1\IMG\center_2024_11_20_20_22_44_768.jpg, C:\Users\Owner\Downloads\simulator-windows-64\dataTrack1\IMG\left_2024_11_20_20_22_44_768.jpg, C:\Users\Owner\Downloads\simulator-windows-64\dataTrack1\IMG\right_2024_11_20_20_22_44_768.jpg, 0, 1, 0, 25.20201
C:\Users\Owner\Downloads\simulator-windows-64\dataTrack1\IMG\center_2024_11_20_20_22_44_873.jpg, C:\Users\Owner\Downloads\simulator-windows-64\dataTrack1\IMG\left_2024_11_20_20_22_44_873.jpg, C:\Users\Owner\Downloads\simulator-windows-64\dataTrack1\IMG\right_2024_11_20_20_22_44_873.jpg, 0, 0.7913098, 0, 26.07945
C:\Users\Owner\Downloads\simulator-windows-64\dataTrack1\IMG\center_2024_11_20_20_22_44_975.jpg, C:\Users\Owner\Downloads\simulator-windows-64\dataTrack1\IMG\left_2024_11_20_20_22_44_975.jpg, C:\Users\Owner\Downloads\simulator-windows-64\dataTrack1\IMG\right_2024_11_20_20_22_44_975.jpg, 0, 1, 0, 26.91427
C:\Users\Owner\Downloads\simulator-windows-64\dataTrack1\IMG\center_2024_11_20_20_22_45_081.jpg, C:\Users\Owner\Downloads\simulator-windows-64\dataTrack1\IMG\left_2024_11_20_20_22_45_081.jpg, C:\Users\Owner\Downloads\simulator-windows-64\dataTrack1\IMG\right_2024_11_20_20_22_45_081.jpg, 0, 0.8943541, 0, 27.83445
C:\Users\Owner\Downloads\simulator-windows-64\dataTrack1\IMG\center_2024_11_20_20_22_45_186.jpg, C:\Users\Owner\Downloads\simulator-windows-64\dataTrack1\IMG\left_2024_11_20_20_22_45_186.jpg, C:\Users\Owner\Downloads\simulator-windows-64\dataTrack1\IMG\right_2024_11_20_20_22_45_186.jpg, 0, 0.9370958, 0, 28.68268
C:\Users\Owner\Downloads\simulator-windows-64\dataTrack1\IMG\center_2024_11_20_20_22_45_290.jpg, C:\Users\Owner\Downloads\simulator-windows-64\dataTrack1\IMG\left_2024_11_20_20_22_45_290.jpg, C:\Users\Owner\Downloads\simulator-windows-64\dataTrack1\IMG\right_2024_11_20_20_22_45_290.jpg, 0, 0.9459313, 0, 29.59378
C:\Users\Owner\Downloads\simulator-windows-64\dataTrack1\IMG\center_2024_11_20_20_22_45_392.jpg, C:\Users\Owner\Downloads\simulator-windows-64\dataTrack1\IMG\left_2024_11_20_20_22_45_392.jpg, C:\Users\Owner\Downloads\simulator-windows-64\dataTrack1\IMG\right_2024_11_20_20_22_45_392.jpg, -0.1032795, 0.6408393, 0, 30.10899
C:\Users\Owner\Downloads\simulator-windows-64\dataTrack1\IMG\center_2024_11_20_20_22_45_498.jpg, C:\Users\Owner\Downloads\simulator-windows-64\dataTrack1\IMG\left_2024_11_20_20_22_45_498.jpg, C:\Users\Owner\Downloads\simulator-windows-64\dataTrack1\IMG\right_2024_11_20_20_22_45_498.jpg, -0.4206828, 0.3234361, 0, 30.00674
C:\Users\Owner\Downloads\simulator-windows-64\dataTrack1\IMG\center_2024_11_20_20_22_45_603.jpg, C:\Users\Owner\Downloads\simulator-windows-64\dataTrack1\IMG\left_2024_11_20_20_22_45_603.jpg, C:\Users\Owner\Downloads\simulator-windows-64\dataTrack1\IMG\right_2024_11_20_20_22_45_603.jpg, -0.1047498, 0.007503107, 0, 29.84658
C:\Users\Owner\Downloads\simulator-windows-64\dataTrack1\IMG\center_2024_11_20_20_22_45_706.jpg, C:\Users\Owner\Downloads\simulator-windows-64\dataTrack1\IMG\left_2024_11_20_20_22_45_706.jpg, C:\Users\Owner\Downloads\simulator-windows-64\dataTrack1\IMG\right_2024_11_20_20_22_45_706.jpg, 0, 0, 0, 29.5373
C:\Users\Owner\Downloads\simulator-windows-64\dataTrack1\IMG\center_2024_11_20_20_22_45_811.jpg, C:\Users\Owner\Downloads\simulator-windows-64\dataTrack1\IMG\left_2024_11_20_20_22_45_811.jpg, C:\Users\Owner\Downloads\simulator-windows-64\dataTrack1\IMG\right_2024_11_20_20_22_45_811.jpg, 0, 0, 0, 29.23906
C:\Users\Owner\Downloads\simulator-windows-64\dataTrack1\IMG\center_2024_11_20_20_22_45_917.jpg, C:\Users\Owner\Downloads\simulator-windows-64\dataTrack1\IMG\left_2024_11_20_20_22_45_917.jpg, C:\Users\Owner\Downloads\simulator-windows-64\dataTrack1\IMG\right_2024_11_20_20_22_45_917.jpg, 0, 0.1002063, 0, 28.94527
C:\Users\Owner\Downloads\simulator-windows-64\dataTrack1\IMG\center_2024_11_20_20_22_46_020.jpg, C:\Users\Owner\Downloads\simulator-windows-64\dataTrack1\IMG\left_2024_11_20_20_22_46_020.jpg, C:\Users\Owner\Downloads\simulator-windows-64\dataTrack1\IMG\right_2024_11_20_20_22_46_020.jpg, 0, 0.249798, 0, 28.92584
C:\Users\Owner\Downloads\simulator-windows-64\dataTrack1\IMG\center_2024_11_20_20_22_46_125.jpg, C:\Users\Owner\Downloads\simulator-windows-64\dataTrack1\IMG\left_2024_11_20_20_22_46_125.jpg, C:\Users\Owner\Downloads\simulator-windows-64\dataTrack1\IMG\right_2024_11_20_20_22_46_125.jpg, 0, 0, 0, 28.67919
C:\Users\Owner\Downloads\simulator-windows-64\dataTrack1\IMG\center_2024_11_20_20_22_46_226.jpg, C:\Users\Owner\Downloads\simulator-windows-64\dataTrack1\IMG\left_2024_11_20_20_22_46_226.jpg, C:\Users\Owner\Downloads\simulator-windows-64\dataTrack1\IMG\right_2024_11_20_20_22_46_226.jpg, 0, 0.3040203, 0, 28.57883
C:\Users\Owner\Downloads\simulator-windows-64\dataTrack1\IMG\center_2024_11_20_20_22_46_332.jpg, C:\Users\Owner\Downloads\simulator-windows-64\dataTrack1\IMG\left_2024_11_20_20_22_46_332.jpg, C:\Users\Owner\Downloads\simulator-windows-64\dataTrack1\IMG\right_2024_11_20_20_22_46_332.jpg, 0, 0, 0, 28.48021
C:\Users\Owner\Downloads\simulator-windows-64\dataTrack1\IMG\center_2024_11_20_20_22_46_436.jpg, C:\Users\Owner\Downloads\simulator-windows-64\dataTrack1\IMG\left_2024_11_20_20_22_46_436.jpg, C:\Users\Owner\Downloads\simulator-windows-64\dataTrack1\IMG\right_2024_11_20_20_22_46_436.jpg, 0, 0, 0, 28.18993
C:\Users\Owner\Downloads\simulator-windows-64\dataTrack1\IMG\center_2024_11_20_20_22_46_539.jpg, C:\Users\Owner\Downloads\simulator-windows-64\dataTrack1\IMG\left_2024_11_20_20_22_46_539.jpg, C:\Users\Owner\Downloads\simulator-windows-64\dataTrack1\IMG\right_2024_11_20_20_22_46_539.jpg, 0, 0, 0, 27.90595
C:\Users\Owner\Downloads\simulator-windows-64\dataTrack1\IMG\center_2024_11_20_20_22_46_641.jpg, C:\Users\Owner\Downloads\simulator-windows-64\dataTrack1\IMG\left_2024_11_20_20_22_46_641.jpg, C:\Users\Owner\Downloads\simulator-windows-64\dataTrack1\IMG\right_2024_11_20_20_22_46_641.jpg, 0, 0, 0, 27.62469
C:\Users\Owner\Downloads\simulator-windows-64\dataTrack1\IMG\center_2024_11_20_20_22_46_747.jpg, C:\Users\Owner\Downloads\simulator-windows-64\dataTrack1\IMG\left_2024_11_20_20_22_46_747.jpg, C:\Users\Owner\Downloads\simulator-windows-64\dataTrack1\IMG\right_2024_11_20_20_22_46_747.jpg, 0, 0, 0, 27.29115
C:\Users\Owner\Downloads\simulator-windows-64\dataTrack1\IMG\center_2024_11_20_20_22_46_850.jpg, C:\Users\Owner\Downloads\simulator-windows-64\dataTrack1\IMG\left_2024_11_20_20_22_46_850.jpg, C:\Users\Owner\Downloads\simulator-windows-64\dataTrack1\IMG\right_2024_11_20_20_22_46_850.jpg, 0, 0.1551378, 0, 27.06262
C:\Users\Owner\Downloads\simulator-windows-64\dataTrack1\IMG\center_2024_11_20_20_22_46_955.jpg, C:\Users\Owner\Downloads\simulator-windows-64\dataTrack1\IMG\left_2024_11_20_20_22_46_955.jpg, C:\Users\Owner\Downloads\simulator-windows-64\dataTrack1\IMG\right_2024_11_20_20_22_46_955.jpg, 0, 0.2520594, 0, 27.11133
C:\Users\Owner\Downloads\simulator-windows-64\dataTrack1\IMG\center_2024_11_20_20_22_47_056.jpg, C:\Users\Owner\Downloads\simulator-windows-64\dataTrack1\IMG\left_2024_11_20_20_22_47_056.jpg, C:\Users\Owner\Downloads\simulator-windows-64\dataTrack1\IMG\right_2024_11_20_20_22_47_056.jpg, 0, 0, 0, 26.978
C:\Users\Owner\Downloads\simulator-windows-64\dataTrack1\IMG\center_2024_11_20_20_22_47_160.jpg, C:\Users\Owner\Downloads\simulator-windows-64\dataTrack1\IMG\left_2024_11_20_20_22_47_160.jpg, C:\Users\Owner\Downloads\simulator-windows-64\dataTrack1\IMG\right_2024_11_20_20_22_47_160.jpg, 0, 0.2027073, 0, 26.85652
C:\Users\Owner\Downloads\simulator-windows-64\dataTrack1\IMG\center_2024_11_20_20_22_47_264.jpg, C:\Users\Owner\Downloads\simulator-windows-64\dataTrack1\IMG\left_2024_11_20_20_22_47_264.jpg, C:\Users\Owner\Downloads\simulator-windows-64\dataTrack1\IMG\right_2024_11_20_20_22_47_264.jpg, 0, 0, 0, 26.63252
C:\Users\Owner\Downloads\simulator-windows-64\dataTrack1\IMG\center_2024_11_20_20_22_47_369.jpg, C:\Users\Owner\Downloads\simulator-windows-64\dataTrack1\IMG\left_2024_11_20_20_22_47_369.jpg, C:\Users\Owner\Downloads\simulator-windows-64\dataTrack1\IMG\right_2024_11_20_20_22_47_369.jpg, 0, 0, 0, 26.36512
C:\Users\Owner\Downloads\simulator-windows-64\dataTrack1\IMG\center_2024_11_20_20_22_47_471.jpg, C:\Users\Owner\Downloads\simulator-windows-64\dataTrack1\IMG\left_2024_11_20_20_22_47_471.jpg, C:\Users\Owner\Downloads\simulator-windows-64\dataTrack1\IMG\right_2024_11_20_20_22_47_471.jpg, 0, 0.1556193, 0, 26.14861
C:\Users\Owner\Downloads\simulator-windows-64\dataTrack1\IMG\center_2024_11_20_20_22_47_576.jpg, C:\Users\Owner\Downloads\simulator-windows-64\dataTrack1\IMG\left_2024_11_20_20_22_47_576.jpg, C:\Users\Owner\Downloads\simulator-windows-64\dataTrack1\IMG\right_2024_11_20_20_22_47_576.jpg, 0, 0.1476999, 0, 26.16037
C:\Users\Owner\Downloads\simulator-windows-64\dataTrack1\IMG\center_2024_11_20_20_22_47_678.jpg, C:\Users\Owner\Downloads\simulator-windows-64\dataTrack1\IMG\left_2024_11_20_20_22_47_678.jpg, C:\Users\Owner\Downloads\simulator-windows-64\dataTrack1\IMG\right_2024_11_20_20_22_47_678.jpg, 0, 0, 0, 25.95063
C:\Users\Owner\Downloads\simulator-windows-64\dataTrack1\IMG\center_2024_11_20_20_22_47_782.jpg, C:\Users\Owner\Downloads\simulator-windows-64\dataTrack1\IMG\left_2024_11_20_20_22_47_782.jpg, C:\Users\Owner\Downloads\simulator-windows-64\dataTrack1\IMG\right_2024_11_20_20_22_47_782.jpg, 0, 0.2098455, 0, 25.8567
C:\Users\Owner\Downloads\simulator-windows-64\dataTrack1\IMG\center_2024_11_20_20_22_47_884.jpg, C:\Users\Owner\Downloads\simulator-windows-64\dataTrack1\IMG\left_2024_11_20_20_22_47_884.jpg, C:\Users\Owner\Downloads\simulator-windows-64\dataTrack1\IMG\right_2024_11_20_20_22_47_884.jpg, 0, 0, 0, 25.6679
C:\Users\Owner\Downloads\simulator-windows-64\dataTrack1\IMG\center_2024_11_20_20_22_47_989.jpg, C:\Users\Owner\Downloads\simulator-windows-64\dataTrack1\IMG\left_2024_11_20_20_22_47_989.jpg, C:\Users\Owner\Downloads\simulator-windows-64\dataTrack1\IMG\right_2024_11_20_20_22_47_989.jpg, 0, 0.0493386, 0, 25.4112
C:\Users\Owner\Downloads\simulator-windows-64\dataTrack1\IMG\center_2024_11_20_20_22_48_091.jpg, C:\Users\Owner\Downloads\simulator-windows-64\dataTrack1\IMG\left_2024_11_20_20_22_48_091.jpg, C:\Users\Owner\Downloads\simulator-windows-64\dataTrack1\IMG\right_2024_11_20_20_22_48_091.jpg, 0, 0.3571227, 0, 25.40112
C:\Users\Owner\Downloads\simulator-windows-64\dataTrack1\IMG\center_2024_11_20_20_22_48_196.jpg, C:\Users\Owner\Downloads\simulator-windows-64\dataTrack1\IMG\left_2024_11_20_20_22_48_196.jpg, C:\Users\Owner\Downloads\simulator-windows-64\dataTrack1\IMG\right_2024_11_20_20_22_48_196.jpg, -0.2182728, 0.0428793, 0, 25.39324
C:\Users\Owner\Downloads\simulator-windows-64\dataTrack1\IMG\center_2024_11_20_20_22_48_301.jpg, C:\Users\Owner\Downloads\simulator-windows-64\dataTrack1\IMG\left_2024_11_20_20_22_48_301.jpg, C:\Users\Owner\Downloads\simulator-windows-64\dataTrack1\IMG\right_2024_11_20_20_22_48_301.jpg, -0.4825277, 0, 0, 24.99741
C:\Users\Owner\Downloads\simulator-windows-64\dataTrack1\IMG\center_2024_11_20_20_22_48_405.jpg, C:\Users\Owner\Downloads\simulator-windows-64\dataTrack1\IMG\left_2024_11_20_20_22_48_405.jpg, C:\Users\Owner\Downloads\simulator-windows-64\dataTrack1\IMG\right_2024_11_20_20_22_48_405.jpg, -0.2235192, 0, 0, 24.63717
C:\Users\Owner\Downloads\simulator-windows-64\dataTrack1\IMG\center_2024_11_20_20_22_48_508.jpg, C:\Users\Owner\Downloads\simulator-windows-64\dataTrack1\IMG\left_2024_11_20_20_22_48_508.jpg, C:\Users\Owner\Downloads\simulator-windows-64\dataTrack1\IMG\right_2024_11_20_20_22_48_508.jpg, 0, 0, 0, 24.37929
C:\Users\Owner\Downloads\simulator-windows-64\dataTrack1\IMG\center_2024_11_20_20_22_48_609.jpg, C:\Users\Owner\Downloads\simulator-windows-64\dataTrack1\IMG\left_2024_11_20_20_22_48_609.jpg, C:\Users\Owner\Downloads\simulator-windows-64\dataTrack1\IMG\right_2024_11_20_20_22_48_609.jpg, 0, 0.1550097, 0, 24.17818
C:\Users\Owner\Downloads\simulator-windows-64\dataTrack1\IMG\center_2024_11_20_20_22_48_714.jpg, C:\Users\Owner\Downloads\simulator-windows-64\dataTrack1\IMG\left_2024_11_20_20_22_48_714.jpg, C:\Users\Owner\Downloads\simulator-windows-64\dataTrack1\IMG\right_2024_11_20_20_22_48_714.jpg, 0, 0.05143441, 0, 24.16349
C:\Users\Owner\Downloads\simulator-windows-64\dataTrack1\IMG\center_2024_11_20_20_22_48_820.jpg, C:\Users\Owner\Downloads\simulator-windows-64\dataTrack1\IMG\left_2024_11_20_20_22_48_820.jpg, C:\Users\Owner\Downloads\simulator-windows-64\dataTrack1\IMG\right_2024_11_20_20_22_48_820.jpg, 0, 0.0535119, 0, 23.93024
C:\Users\Owner\Downloads\simulator-windows-64\dataTrack1\IMG\center_2024_11_20_20_22_48_921.jpg, C:\Users\Owner\Downloads\simulator-windows-64\dataTrack1\IMG\left_2024_11_20_20_22_48_921.jpg, C:\Users\Owner\Downloads\simulator-windows-64\dataTrack1\IMG\right_2024_11_20_20_22_48_921.jpg, 0, 0.3082464, 0, 23.90458
C:\Users\Owner\Downloads\simulator-windows-64\dataTrack1\IMG\center_2024_11_20_20_22_49_025.jpg, C:\Users\Owner\Downloads\simulator-windows-64\dataTrack1\IMG\left_2024_11_20_20_22_49_025.jpg, C:\Users\Owner\Downloads\simulator-windows-64\dataTrack1\IMG\right_2024_11_20_20_22_49_025.jpg, -0.1029327, 0, 0, 23.7734
C:\Users\Owner\Downloads\simulator-windows-64\dataTrack1\IMG\center_2024_11_20_20_22_49_127.jpg, C:\Users\Owner\Downloads\simulator-windows-64\dataTrack1\IMG\left_2024_11_20_20_22_49_127.jpg, C:\Users\Owner\Downloads\simulator-windows-64\dataTrack1\IMG\right_2024_11_20_20_22_49_127.jpg, -0.4094985, 0.2201763, 0, 23.54793
C:\Users\Owner\Downloads\simulator-windows-64\dataTrack1\IMG\center_2024_11_20_20_22_49_233.jpg, C:\Users\Owner\Downloads\simulator-windows-64\dataTrack1\IMG\left_2024_11_20_20_22_49_233.jpg, C:\Users\Owner\Downloads\simulator-windows-64\dataTrack1\IMG\right_2024_11_20_20_22_49_233.jpg, -0.09521161, 0, 0, 23.38936
C:\Users\Owner\Downloads\simulator-windows-64\dataTrack1\IMG\center_2024_11_20_20_22_49_337.jpg, C:\Users\Owner\Downloads\simulator-windows-64\dataTrack1\IMG\left_2024_11_20_20_22_49_337.jpg, C:\Users\Owner\Downloads\simulator-windows-64\dataTrack1\IMG\right_2024_11_20_20_22_49_337.jpg, 0, 0, 0, 23.13891
C:\Users\Owner\Downloads\simulator-windows-64\dataTrack1\IMG\center_2024_11_20_20_22_49_439.jpg, C:\Users\Owner\Downloads\simulator-windows-64\dataTrack1\IMG\left_2024_11_20_20_22_49_439.jpg, C:\Users\Owner\Downloads\simulator-windows-64\dataTrack1\IMG\right_2024_11_20_20_22_49_439.jpg, 0, 0, 0, 22.90739
C:\Users\Owner\Downloads\simulator-windows-64\dataTrack1\IMG\center_2024_11_20_20_22_49_543.jpg, C:\Users\Owner\Downloads\simulator-windows-64\dataTrack1\IMG\left_2024_11_20_20_22_49_543.jpg, C:\Users\Owner\Downloads\simulator-windows-64\dataTrack1\IMG\right_2024_11_20_20_22_49_543.jpg, -0.1546896, 0, 0, 22.6249
C:\Users\Owner\Downloads\simulator-windows-64\dataTrack1\IMG\center_2024_11_20_20_22_49_647.jpg, C:\Users\Owner\Downloads\simulator-windows-64\dataTrack1\IMG\left_2024_11_20_20_22_49_647.jpg, C:\Users\Owner\Downloads\simulator-windows-64\dataTrack1\IMG\right_2024_11_20_20_22_49_647.jpg, -0.4669734, 0.0544386, 0, 22.27501
C:\Users\Owner\Downloads\simulator-windows-64\dataTrack1\IMG\center_2024_11_20_20_22_49_752.jpg, C:\Users\Owner\Downloads\simulator-windows-64\dataTrack1\IMG\left_2024_11_20_20_22_49_752.jpg, C:\Users\Owner\Downloads\simulator-windows-64\dataTrack1\IMG\right_2024_11_20_20_22_49_752.jpg, -0.1514781, 0.2644293, 0, 22.28553
C:\Users\Owner\Downloads\simulator-windows-64\dataTrack1\IMG\center_2024_11_20_20_22_49_854.jpg, C:\Users\Owner\Downloads\simulator-windows-64\dataTrack1\IMG\left_2024_11_20_20_22_49_854.jpg, C:\Users\Owner\Downloads\simulator-windows-64\dataTrack1\IMG\right_2024_11_20_20_22_49_854.jpg, -0.0492411, 0, 0, 22.20521
C:\Users\Owner\Downloads\simulator-windows-64\dataTrack1\IMG\center_2024_11_20_20_22_49_958.jpg, C:\Users\Owner\Downloads\simulator-windows-64\dataTrack1\IMG\left_2024_11_20_20_22_49_958.jpg, C:\Users\Owner\Downloads\simulator-windows-64\dataTrack1\IMG\right_2024_11_20_20_22_49_958.jpg, -0.360915, 0, 0, 21.94368
C:\Users\Owner\Downloads\simulator-windows-64\dataTrack1\IMG\center_2024_11_20_20_22_50_060.jpg, C:\Users\Owner\Downloads\simulator-windows-64\dataTrack1\IMG\left_2024_11_20_20_22_50_060.jpg, C:\Users\Owner\Downloads\simulator-windows-64\dataTrack1\IMG\right_2024_11_20_20_22_50_060.jpg, -0.1056384, 0, 0, 21.71716
C:\Users\Owner\Downloads\simulator-windows-64\dataTrack1\IMG\center_2024_11_20_20_22_50_165.jpg, C:\Users\Owner\Downloads\simulator-windows-64\dataTrack1\IMG\left_2024_11_20_20_22_50_165.jpg, C:\Users\Owner\Downloads\simulator-windows-64\dataTrack1\IMG\right_2024_11_20_20_22_50_165.jpg, 0, 0, 0, 21.44632
C:\Users\Owner\Downloads\simulator-windows-64\dataTrack1\IMG\center_2024_11_20_20_22_50_269.jpg, C:\Users\Owner\Downloads\simulator-windows-64\dataTrack1\IMG\left_2024_11_20_20_22_50_269.jpg, C:\Users\Owner\Downloads\simulator-windows-64\dataTrack1\IMG\right_2024_11_20_20_22_50_269.jpg, -0.1530216, 0, 0, 21.22476
C:\Users\Owner\Downloads\simulator-windows-64\dataTrack1\IMG\center_2024_11_20_20_22_50_373.jpg, C:\Users\Owner\Downloads\simulator-windows-64\dataTrack1\IMG\left_2024_11_20_20_22_50_373.jpg, C:\Users\Owner\Downloads\simulator-windows-64\dataTrack1\IMG\right_2024_11_20_20_22_50_373.jpg, -0.3592413, 0, 0, 20.92327
C:\Users\Owner\Downloads\simulator-windows-64\dataTrack1\IMG\center_2024_11_20_20_22_50_475.jpg, C:\Users\Owner\Downloads\simulator-windows-64\dataTrack1\IMG\left_2024_11_20_20_22_50_475.jpg, C:\Users\Owner\Downloads\simulator-windows-64\dataTrack1\IMG\right_2024_11_20_20_22_50_475.jpg, -0.05428231, 0, 0, 20.70495
C:\Users\Owner\Downloads\simulator-windows-64\dataTrack1\IMG\center_2024_11_20_20_22_50_578.jpg, C:\Users\Owner\Downloads\simulator-windows-64\dataTrack1\IMG\left_2024_11_20_20_22_50_578.jpg, C:\Users\Owner\Downloads\simulator-windows-64\dataTrack1\IMG\right_2024_11_20_20_22_50_578.jpg, 0, 0, 0, 20.49454
C:\Users\Owner\Downloads\simulator-windows-64\dataTrack1\IMG\center_2024_11_20_20_22_50_683.jpg, C:\Users\Owner\Downloads\simulator-windows-64\dataTrack1\IMG\left_2024_11_20_20_22_50_683.jpg, C:\Users\Owner\Downloads\simulator-windows-64\dataTrack1\IMG\right_2024_11_20_20_22_50_683.jpg, -0.3124911, 0, 0, 20.21714
C:\Users\Owner\Downloads\simulator-windows-64\dataTrack1\IMG\center_2024_11_20_20_22_50_788.jpg, C:\Users\Owner\Downloads\simulator-windows-64\dataTrack1\IMG\left_2024_11_20_20_22_50_788.jpg, C:\Users\Owner\Downloads\simulator-windows-64\dataTrack1\IMG\right_2024_11_20_20_22_50_788.jpg, -0.3126189, 0, 0, 19.89796
C:\Users\Owner\Downloads\simulator-windows-64\dataTrack1\IMG\center_2024_11_20_20_22_50_892.jpg, C:\Users\Owner\Downloads\simulator-windows-64\dataTrack1\IMG\left_2024_11_20_20_22_50_892.jpg, C:\Users\Owner\Downloads\simulator-windows-64\dataTrack1\IMG\right_2024_11_20_20_22_50_892.jpg, -0.2118021, 0, 0, 19.79916
C:\Users\Owner\Downloads\simulator-windows-64\dataTrack1\IMG\center_2024_11_20_20_22_50_994.jpg, C:\Users\Owner\Downloads\simulator-windows-64\dataTrack1\IMG\left_2024_11_20_20_22_50_994.jpg, C:\Users\Owner\Downloads\simulator-windows-64\dataTrack1\IMG\right_2024_11_20_20_22_50_994.jpg, -0.5175891, 0, 0, 19.34877
C:\Users\Owner\Downloads\simulator-windows-64\dataTrack1\IMG\center_2024_11_20_20_22_51_097.jpg, C:\Users\Owner\Downloads\simulator-windows-64\dataTrack1\IMG\left_2024_11_20_20_22_51_097.jpg, C:\Users\Owner\Downloads\simulator-windows-64\dataTrack1\IMG\right_2024_11_20_20_22_51_097.jpg, -0.2078112, 0, 0, 19.36933
C:\Users\Owner\Downloads\simulator-windows-64\dataTrack1\IMG\center_2024_11_20_20_22_51_201.jpg, C:\Users\Owner\Downloads\simulator-windows-64\dataTrack1\IMG\left_2024_11_20_20_22_51_201.jpg, C:\Users\Owner\Downloads\simulator-windows-64\dataTrack1\IMG\right_2024_11_20_20_22_51_201.jpg, -0.4669644, 0, 0, 18.79781
C:\Users\Owner\Downloads\simulator-windows-64\dataTrack1\IMG\center_2024_11_20_20_22_51_305.jpg, C:\Users\Owner\Downloads\simulator-windows-64\dataTrack1\IMG\left_2024_11_20_20_22_51_305.jpg, C:\Users\Owner\Downloads\simulator-windows-64\dataTrack1\IMG\right_2024_11_20_20_22_51_305.jpg, -0.5150411, 0.1576497, 0, 18.48382
C:\Users\Owner\Downloads\simulator-windows-64\dataTrack1\IMG\center_2024_11_20_20_22_51_409.jpg, C:\Users\Owner\Downloads\simulator-windows-64\dataTrack1\IMG\left_2024_11_20_20_22_51_409.jpg, C:\Users\Owner\Downloads\simulator-windows-64\dataTrack1\IMG\right_2024_11_20_20_22_51_409.jpg, -0.2035955, 0.1577463, 0, 19.01752
C:\Users\Owner\Downloads\simulator-windows-64\dataTrack1\IMG\center_2024_11_20_20_22_51_511.jpg, C:\Users\Owner\Downloads\simulator-windows-64\dataTrack1\IMG\left_2024_11_20_20_22_51_511.jpg, C:\Users\Owner\Downloads\simulator-windows-64\dataTrack1\IMG\right_2024_11_20_20_22_51_511.jpg, 0, 0.1055928, 0, 18.46781
C:\Users\Owner\Downloads\simulator-windows-64\dataTrack1\IMG\center_2024_11_20_20_22_51_616.jpg, C:\Users\Owner\Downloads\simulator-windows-64\dataTrack1\IMG\left_2024_11_20_20_22_51_616.jpg, C:\Users\Owner\Downloads\simulator-windows-64\dataTrack1\IMG\right_2024_11_20_20_22_51_616.jpg, 0, 0.1045938, 0, 18.90949
C:\Users\Owner\Downloads\simulator-windows-64\dataTrack1\IMG\center_2024_11_20_20_22_51_720.jpg, C:\Users\Owner\Downloads\simulator-windows-64\dataTrack1\IMG\left_2024_11_20_20_22_51_720.jpg, C:\Users\Owner\Downloads\simulator-windows-64\dataTrack1\IMG\right_2024_11_20_20_22_51_720.jpg, 0, 0.0531837, 0, 18.32684
C:\Users\Owner\Downloads\simulator-windows-64\dataTrack1\IMG\center_2024_11_20_20_22_51_823.jpg, C:\Users\Owner\Downloads\simulator-windows-64\dataTrack1\IMG\left_2024_11_20_20_22_51_823.jpg, C:\Users\Owner\Downloads\simulator-windows-64\dataTrack1\IMG\right_2024_11_20_20_22_51_823.jpg, 0, 0.1004154, 0, 18.37956
C:\Users\Owner\Downloads\simulator-windows-64\dataTrack1\IMG\center_2024_11_20_20_22_51_927.jpg, C:\Users\Owner\Downloads\simulator-windows-64\dataTrack1\IMG\left_2024_11_20_20_22_51_927.jpg, C:\Users\Owner\Downloads\simulator-windows-64\dataTrack1\IMG\right_2024_11_20_20_22_51_927.jpg, 0, 0.2036211, 0, 18.70888
C:\Users\Owner\Downloads\simulator-windows-64\dataTrack1\IMG\center_2024_11_20_20_22_52_029.jpg, C:\Users\Owner\Downloads\simulator-windows-64\dataTrack1\IMG\left_2024_11_20_20_22_52_029.jpg, C:\Users\Owner\Downloads\simulator-windows-64\dataTrack1\IMG\right_2024_11_20_20_22_52_029.jpg, 0, 0.2027439, 0, 18.44823
C:\Users\Owner\Downloads\simulator-windows-64\dataTrack1\IMG\center_2024_11_20_20_22_52_134.jpg, C:\Users\Owner\Downloads\simulator-windows-64\dataTrack1\IMG\left_2024_11_20_20_22_52_134.jpg, C:\Users\Owner\Downloads\simulator-windows-64\dataTrack1\IMG\right_2024_11_20_20_22_52_134.jpg, -0.1535001, 0.5139882, 0, 19.0459
C:\Users\Owner\Downloads\simulator-windows-64\dataTrack1\IMG\center_2024_11_20_20_22_52_238.jpg, C:\Users\Owner\Downloads\simulator-windows-64\dataTrack1\IMG\left_2024_11_20_20_22_52_238.jpg, C:\Users\Owner\Downloads\simulator-windows-64\dataTrack1\IMG\right_2024_11_20_20_22_52_238.jpg, -0.4670712, 0.2004171, 0, 18.93887
C:\Users\Owner\Downloads\simulator-windows-64\dataTrack1\IMG\center_2024_11_20_20_22_52_343.jpg, C:\Users\Owner\Downloads\simulator-windows-64\dataTrack1\IMG\left_2024_11_20_20_22_52_343.jpg, C:\Users\Owner\Downloads\simulator-windows-64\dataTrack1\IMG\right_2024_11_20_20_22_52_343.jpg, -0.1523671, 0, 0, 18.68414
C:\Users\Owner\Downloads\simulator-windows-64\dataTrack1\IMG\center_2024_11_20_20_22_52_444.jpg, C:\Users\Owner\Downloads\simulator-windows-64\dataTrack1\IMG\left_2024_11_20_20_22_52_444.jpg, C:\Users\Owner\Downloads\simulator-windows-64\dataTrack1\IMG\right_2024_11_20_20_22_52_444.jpg, 0, 0, 0, 18.91038
C:\Users\Owner\Downloads\simulator-windows-64\dataTrack1\IMG\center_2024_11_20_20_22_52_548.jpg, C:\Users\Owner\Downloads\simulator-windows-64\dataTrack1\IMG\left_2024_11_20_20_22_52_548.jpg, C:\Users\Owner\Downloads\simulator-windows-64\dataTrack1\IMG\right_2024_11_20_20_22_52_548.jpg, -0.1030377, 0.3104499, 0, 18.51058
C:\Users\Owner\Downloads\simulator-windows-64\dataTrack1\IMG\center_2024_11_20_20_22_52_651.jpg, C:\Users\Owner\Downloads\simulator-windows-64\dataTrack1\IMG\left_2024_11_20_20_22_52_651.jpg, C:\Users\Owner\Downloads\simulator-windows-64\dataTrack1\IMG\right_2024_11_20_20_22_52_651.jpg, -0.1077, 0.2113182, 0, 19.09079
C:\Users\Owner\Downloads\simulator-windows-64\dataTrack1\IMG\center_2024_11_20_20_22_52_755.jpg, C:\Users\Owner\Downloads\simulator-windows-64\dataTrack1\IMG\left_2024_11_20_20_22_52_755.jpg, C:\Users\Owner\Downloads\simulator-windows-64\dataTrack1\IMG\right_2024_11_20_20_22_52_755.jpg, -0.1038315, 0, 0, 18.58553
C:\Users\Owner\Downloads\simulator-windows-64\dataTrack1\IMG\center_2024_11_20_20_22_52_858.jpg, C:\Users\Owner\Downloads\simulator-windows-64\dataTrack1\IMG\left_2024_11_20_20_22_52_858.jpg, C:\Users\Owner\Downloads\simulator-windows-64\dataTrack1\IMG\right_2024_11_20_20_22_52_858.jpg, -0.4140417, 0, 0, 18.75965
C:\Users\Owner\Downloads\simulator-windows-64\dataTrack1\IMG\center_2024_11_20_20_22_52_964.jpg, C:\Users\Owner\Downloads\simulator-windows-64\dataTrack1\IMG\left_2024_11_20_20_22_52_964.jpg, C:\Users\Owner\Downloads\simulator-windows-64\dataTrack1\IMG\right_2024_11_20_20_22_52_964.jpg, -0.09910261, 0, 0, 18.56088
C:\Users\Owner\Downloads\simulator-windows-64\dataTrack1\IMG\center_2024_11_20_20_22_53_068.jpg, C:\Users\Owner\Downloads\simulator-windows-64\dataTrack1\IMG\left_2024_11_20_20_22_53_068.jpg, C:\Users\Owner\Downloads\simulator-windows-64\dataTrack1\IMG\right_2024_11_20_20_22_53_068.jpg, 0, 0, 0, 17.87029
C:\Users\Owner\Downloads\simulator-windows-64\dataTrack1\IMG\center_2024_11_20_20_22_53_171.jpg, C:\Users\Owner\Downloads\simulator-windows-64\dataTrack1\IMG\left_2024_11_20_20_22_53_171.jpg, C:\Users\Owner\Downloads\simulator-windows-64\dataTrack1\IMG\right_2024_11_20_20_22_53_171.jpg, -0.3087189, 0, 0, 18.14781
C:\Users\Owner\Downloads\simulator-windows-64\dataTrack1\IMG\center_2024_11_20_20_22_53_276.jpg, C:\Users\Owner\Downloads\simulator-windows-64\dataTrack1\IMG\left_2024_11_20_20_22_53_276.jpg, C:\Users\Owner\Downloads\simulator-windows-64\dataTrack1\IMG\right_2024_11_20_20_22_53_276.jpg, -0.4242519, 0, 0, 17.35953
C:\Users\Owner\Downloads\simulator-windows-64\dataTrack1\IMG\center_2024_11_20_20_22_53_378.jpg, C:\Users\Owner\Downloads\simulator-windows-64\dataTrack1\IMG\left_2024_11_20_20_22_53_378.jpg, C:\Users\Owner\Downloads\simulator-windows-64\dataTrack1\IMG\right_2024_11_20_20_22_53_378.jpg, -0.1143573, 0.2021292, 0, 17.71107
C:\Users\Owner\Downloads\simulator-windows-64\dataTrack1\IMG\center_2024_11_20_20_22_53_484.jpg, C:\Users\Owner\Downloads\simulator-windows-64\dataTrack1\IMG\left_2024_11_20_20_22_53_484.jpg, C:\Users\Owner\Downloads\simulator-windows-64\dataTrack1\IMG\right_2024_11_20_20_22_53_484.jpg, -0.1080018, 0.3008655, 0, 17.97458
C:\Users\Owner\Downloads\simulator-windows-64\dataTrack1\IMG\center_2024_11_20_20_22_53_586.jpg, C:\Users\Owner\Downloads\simulator-windows-64\dataTrack1\IMG\left_2024_11_20_20_22_53_586.jpg, C:\Users\Owner\Downloads\simulator-windows-64\dataTrack1\IMG\right_2024_11_20_20_22_53_586.jpg, -0.4145592, 0, 0, 17.4496
C:\Users\Owner\Downloads\simulator-windows-64\dataTrack1\IMG\center_2024_11_20_20_22_53_689.jpg, C:\Users\Owner\Downloads\simulator-windows-64\dataTrack1\IMG\left_2024_11_20_20_22_53_689.jpg, C:\Users\Owner\Downloads\simulator-windows-64\dataTrack1\IMG\right_2024_11_20_20_22_53_689.jpg, -0.1037079, 0.3108513, 0, 17.89638
C:\Users\Owner\Downloads\simulator-windows-64\dataTrack1\IMG\center_2024_11_20_20_22_53_793.jpg, C:\Users\Owner\Downloads\simulator-windows-64\dataTrack1\IMG\left_2024_11_20_20_22_53_793.jpg, C:\Users\Owner\Downloads\simulator-windows-64\dataTrack1\IMG\right_2024_11_20_20_22_53_793.jpg, -0.104658, 0.2129565, 0, 17.69143
C:\Users\Owner\Downloads\simulator-windows-64\dataTrack1\IMG\center_2024_11_20_20_22_53_898.jpg, C:\Users\Owner\Downloads\simulator-windows-64\dataTrack1\IMG\left_2024_11_20_20_22_53_898.jpg, C:\Users\Owner\Downloads\simulator-windows-64\dataTrack1\IMG\right_2024_11_20_20_22_53_898.jpg, -0.4170936, 0, 0, 17.996
C:\Users\Owner\Downloads\simulator-windows-64\dataTrack1\IMG\center_2024_11_20_20_22_54_003.jpg, C:\Users\Owner\Downloads\simulator-windows-64\dataTrack1\IMG\left_2024_11_20_20_22_54_003.jpg, C:\Users\Owner\Downloads\simulator-windows-64\dataTrack1\IMG\right_2024_11_20_20_22_54_003.jpg, -0.4264244, 0.1530693, 0, 17.7312
C:\Users\Owner\Downloads\simulator-windows-64\dataTrack1\IMG\center_2024_11_20_20_22_54_108.jpg, C:\Users\Owner\Downloads\simulator-windows-64\dataTrack1\IMG\left_2024_11_20_20_22_54_108.jpg, C:\Users\Owner\Downloads\simulator-windows-64\dataTrack1\IMG\right_2024_11_20_20_22_54_108.jpg, -0.2113634, 0.2548161, 0, 17.44864
C:\Users\Owner\Downloads\simulator-windows-64\dataTrack1\IMG\center_2024_11_20_20_22_54_211.jpg, C:\Users\Owner\Downloads\simulator-windows-64\dataTrack1\IMG\left_2024_11_20_20_22_54_211.jpg, C:\Users\Owner\Downloads\simulator-windows-64\dataTrack1\IMG\right_2024_11_20_20_22_54_211.jpg, -0.521417, 0, 0, 17.7991
C:\Users\Owner\Downloads\simulator-windows-64\dataTrack1\IMG\center_2024_11_20_20_22_54_313.jpg, C:\Users\Owner\Downloads\simulator-windows-64\dataTrack1\IMG\left_2024_11_20_20_22_54_313.jpg, C:\Users\Owner\Downloads\simulator-windows-64\dataTrack1\IMG\right_2024_11_20_20_22_54_313.jpg, -0.2150531, 0.2182938, 0, 17.23368
C:\Users\Owner\Downloads\simulator-windows-64\dataTrack1\IMG\center_2024_11_20_20_22_54_419.jpg, C:\Users\Owner\Downloads\simulator-windows-64\dataTrack1\IMG\left_2024_11_20_20_22_54_419.jpg, C:\Users\Owner\Downloads\simulator-windows-64\dataTrack1\IMG\right_2024_11_20_20_22_54_419.jpg, 0, 0.08306129, 0, 17.80443
C:\Users\Owner\Downloads\simulator-windows-64\dataTrack1\IMG\center_2024_11_20_20_22_54_521.jpg, C:\Users\Owner\Downloads\simulator-windows-64\dataTrack1\IMG\left_2024_11_20_20_22_54_521.jpg, C:\Users\Owner\Downloads\simulator-windows-64\dataTrack1\IMG\right_2024_11_20_20_22_54_521.jpg, -0.105966, 0.0509538, 0, 17.1517
C:\Users\Owner\Downloads\simulator-windows-64\dataTrack1\IMG\center_2024_11_20_20_22_54_627.jpg, C:\Users\Owner\Downloads\simulator-windows-64\dataTrack1\IMG\left_2024_11_20_20_22_54_627.jpg, C:\Users\Owner\Downloads\simulator-windows-64\dataTrack1\IMG\right_2024_11_20_20_22_54_627.jpg, -0.156936, 0.2157366, 0, 17.26823
C:\Users\Owner\Downloads\simulator-windows-64\dataTrack1\IMG\center_2024_11_20_20_22_54_729.jpg, C:\Users\Owner\Downloads\simulator-windows-64\dataTrack1\IMG\left_2024_11_20_20_22_54_729.jpg, C:\Users\Owner\Downloads\simulator-windows-64\dataTrack1\IMG\right_2024_11_20_20_22_54_729.jpg, 0, 0, 0, 17.65589
C:\Users\Owner\Downloads\simulator-windows-64\dataTrack1\IMG\center_2024_11_20_20_22_54_833.jpg, C:\Users\Owner\Downloads\simulator-windows-64\dataTrack1\IMG\left_2024_11_20_20_22_54_833.jpg, C:\Users\Owner\Downloads\simulator-windows-64\dataTrack1\IMG\right_2024_11_20_20_22_54_833.jpg, 0, 0.2068497, 0, 17.04053
C:\Users\Owner\Downloads\simulator-windows-64\dataTrack1\IMG\center_2024_11_20_20_22_54_937.jpg, C:\Users\Owner\Downloads\simulator-windows-64\dataTrack1\IMG\left_2024_11_20_20_22_54_937.jpg, C:\Users\Owner\Downloads\simulator-windows-64\dataTrack1\IMG\right_2024_11_20_20_22_54_937.jpg, 0, 0.3131943, 0, 17.72983
C:\Users\Owner\Downloads\simulator-windows-64\dataTrack1\IMG\center_2024_11_20_20_22_55_043.jpg, C:\Users\Owner\Downloads\simulator-windows-64\dataTrack1\IMG\left_2024_11_20_20_22_55_043.jpg, C:\Users\Owner\Downloads\simulator-windows-64\dataTrack1\IMG\right_2024_11_20_20_22_55_043.jpg, 0, 0.211002, 0, 17.81315
C:\Users\Owner\Downloads\simulator-windows-64\dataTrack1\IMG\center_2024_11_20_20_22_55_145.jpg, C:\Users\Owner\Downloads\simulator-windows-64\dataTrack1\IMG\left_2024_11_20_20_22_55_145.jpg, C:\Users\Owner\Downloads\simulator-windows-64\dataTrack1\IMG\right_2024_11_20_20_22_55_145.jpg, 0, 0.3125229, 0, 17.61895
C:\Users\Owner\Downloads\simulator-windows-64\dataTrack1\IMG\center_2024_11_20_20_22_55_247.jpg, C:\Users\Owner\Downloads\simulator-windows-64\dataTrack1\IMG\left_2024_11_20_20_22_55_247.jpg, C:\Users\Owner\Downloads\simulator-windows-64\dataTrack1\IMG\right_2024_11_20_20_22_55_247.jpg, -0.0531615, 0.315108, 0, 18.12903
C:\Users\Owner\Downloads\simulator-windows-64\dataTrack1\IMG\center_2024_11_20_20_22_55_356.jpg, C:\Users\Owner\Downloads\simulator-windows-64\dataTrack1\IMG\left_2024_11_20_20_22_55_356.jpg, C:\Users\Owner\Downloads\simulator-windows-64\dataTrack1\IMG\right_2024_11_20_20_22_55_356.jpg, -0.3769707, 0.2280487, 0, 17.95071
C:\Users\Owner\Downloads\simulator-windows-64\dataTrack1\IMG\center_2024_11_20_20_22_55_460.jpg, C:\Users\Owner\Downloads\simulator-windows-64\dataTrack1\IMG\left_2024_11_20_20_22_55_460.jpg, C:\Users\Owner\Downloads\simulator-windows-64\dataTrack1\IMG\right_2024_11_20_20_22_55_460.jpg, -0.1160055, 0, 0, 18.30032
C:\Users\Owner\Downloads\simulator-windows-64\dataTrack1\IMG\center_2024_11_20_20_22_55_562.jpg, C:\Users\Owner\Downloads\simulator-windows-64\dataTrack1\IMG\left_2024_11_20_20_22_55_562.jpg, C:\Users\Owner\Downloads\simulator-windows-64\dataTrack1\IMG\right_2024_11_20_20_22_55_562.jpg, 0, 0.1525953, 0, 18.10655
C:\Users\Owner\Downloads\simulator-windows-64\dataTrack1\IMG\center_2024_11_20_20_22_55_665.jpg, C:\Users\Owner\Downloads\simulator-windows-64\dataTrack1\IMG\left_2024_11_20_20_22_55_665.jpg, C:\Users\Owner\Downloads\simulator-windows-64\dataTrack1\IMG\right_2024_11_20_20_22_55_665.jpg, 0, 0.2539899, 0, 17.83139
C:\Users\Owner\Downloads\simulator-windows-64\dataTrack1\IMG\center_2024_11_20_20_22_55_771.jpg, C:\Users\Owner\Downloads\simulator-windows-64\dataTrack1\IMG\left_2024_11_20_20_22_55_771.jpg, C:\Users\Owner\Downloads\simulator-windows-64\dataTrack1\IMG\right_2024_11_20_20_22_55_771.jpg, 0, 0.0521163, 0, 18.2118
C:\Users\Owner\Downloads\simulator-windows-64\dataTrack1\IMG\center_2024_11_20_20_22_55_876.jpg, C:\Users\Owner\Downloads\simulator-windows-64\dataTrack1\IMG\left_2024_11_20_20_22_55_876.jpg, C:\Users\Owner\Downloads\simulator-windows-64\dataTrack1\IMG\right_2024_11_20_20_22_55_876.jpg, -0.2132265, 0.2544018, 0, 17.82387
C:\Users\Owner\Downloads\simulator-windows-64\dataTrack1\IMG\center_2024_11_20_20_22_55_978.jpg, C:\Users\Owner\Downloads\simulator-windows-64\dataTrack1\IMG\left_2024_11_20_20_22_55_978.jpg, C:\Users\Owner\Downloads\simulator-windows-64\dataTrack1\IMG\right_2024_11_20_20_22_55_978.jpg, -0.07805101, 0, 0, 18.18268
C:\Users\Owner\Downloads\simulator-windows-64\dataTrack1\IMG\center_2024_11_20_20_22_56_081.jpg, C:\Users\Owner\Downloads\simulator-windows-64\dataTrack1\IMG\left_2024_11_20_20_22_56_081.jpg, C:\Users\Owner\Downloads\simulator-windows-64\dataTrack1\IMG\right_2024_11_20_20_22_56_081.jpg, 0, 0.1512543, 0, 17.53819
C:\Users\Owner\Downloads\simulator-windows-64\dataTrack1\IMG\center_2024_11_20_20_22_56_188.jpg, C:\Users\Owner\Downloads\simulator-windows-64\dataTrack1\IMG\left_2024_11_20_20_22_56_188.jpg, C:\Users\Owner\Downloads\simulator-windows-64\dataTrack1\IMG\right_2024_11_20_20_22_56_188.jpg, 0, 0.1127886, 0, 17.68896
C:\Users\Owner\Downloads\simulator-windows-64\dataTrack1\IMG\center_2024_11_20_20_22_56_293.jpg, C:\Users\Owner\Downloads\simulator-windows-64\dataTrack1\IMG\left_2024_11_20_20_22_56_293.jpg, C:\Users\Owner\Downloads\simulator-windows-64\dataTrack1\IMG\right_2024_11_20_20_22_56_293.jpg, -0.0564027, 0.1069434, 0, 18.02106
C:\Users\Owner\Downloads\simulator-windows-64\dataTrack1\IMG\center_2024_11_20_20_22_56_395.jpg, C:\Users\Owner\Downloads\simulator-windows-64\dataTrack1\IMG\left_2024_11_20_20_22_56_395.jpg, C:\Users\Owner\Downloads\simulator-windows-64\dataTrack1\IMG\right_2024_11_20_20_22_56_395.jpg, -0.1619319, 0.09802681, 0, 17.54798
C:\Users\Owner\Downloads\simulator-windows-64\dataTrack1\IMG\center_2024_11_20_20_22_56_498.jpg, C:\Users\Owner\Downloads\simulator-windows-64\dataTrack1\IMG\left_2024_11_20_20_22_56_498.jpg, C:\Users\Owner\Downloads\simulator-windows-64\dataTrack1\IMG\right_2024_11_20_20_22_56_498.jpg, 0, 0, 0, 17.88758
C:\Users\Owner\Downloads\simulator-windows-64\dataTrack1\IMG\center_2024_11_20_20_22_56_605.jpg, C:\Users\Owner\Downloads\simulator-windows-64\dataTrack1\IMG\left_2024_11_20_20_22_56_605.jpg, C:\Users\Owner\Downloads\simulator-windows-64\dataTrack1\IMG\right_2024_11_20_20_22_56_605.jpg, 0, 0.2106249, 0, 17.7386
C:\Users\Owner\Downloads\simulator-windows-64\dataTrack1\IMG\center_2024_11_20_20_22_56_707.jpg, C:\Users\Owner\Downloads\simulator-windows-64\dataTrack1\IMG\left_2024_11_20_20_22_56_707.jpg, C:\Users\Owner\Downloads\simulator-windows-64\dataTrack1\IMG\right_2024_11_20_20_22_56_707.jpg, -0.1522665, 0.4107303, 0, 17.61258
C:\Users\Owner\Downloads\simulator-windows-64\dataTrack1\IMG\center_2024_11_20_20_22_56_811.jpg, C:\Users\Owner\Downloads\simulator-windows-64\dataTrack1\IMG\left_2024_11_20_20_22_56_811.jpg, C:\Users\Owner\Downloads\simulator-windows-64\dataTrack1\IMG\right_2024_11_20_20_22_56_811.jpg, -0.2592573, 0.09702752, 0, 18.08443
C:\Users\Owner\Downloads\simulator-windows-64\dataTrack1\IMG\center_2024_11_20_20_22_56_915.jpg, C:\Users\Owner\Downloads\simulator-windows-64\dataTrack1\IMG\left_2024_11_20_20_22_56_915.jpg, C:\Users\Owner\Downloads\simulator-windows-64\dataTrack1\IMG\right_2024_11_20_20_22_56_915.jpg, 0, 0.226818, 0, 17.53836
C:\Users\Owner\Downloads\simulator-windows-64\dataTrack1\IMG\center_2024_11_20_20_22_57_020.jpg, C:\Users\Owner\Downloads\simulator-windows-64\dataTrack1\IMG\left_2024_11_20_20_22_57_020.jpg, C:\Users\Owner\Downloads\simulator-windows-64\dataTrack1\IMG\right_2024_11_20_20_22_57_020.jpg, 0, 0.3820242, 0, 18.21016
C:\Users\Owner\Downloads\simulator-windows-64\dataTrack1\IMG\center_2024_11_20_20_22_57_125.jpg, C:\Users\Owner\Downloads\simulator-windows-64\dataTrack1\IMG\left_2024_11_20_20_22_57_125.jpg, C:\Users\Owner\Downloads\simulator-windows-64\dataTrack1\IMG\right_2024_11_20_20_22_57_125.jpg, 0, 0.1310556, 0, 18.2888
C:\Users\Owner\Downloads\simulator-windows-64\dataTrack1\IMG\center_2024_11_20_20_22_57_228.jpg, C:\Users\Owner\Downloads\simulator-windows-64\dataTrack1\IMG\left_2024_11_20_20_22_57_228.jpg, C:\Users\Owner\Downloads\simulator-windows-64\dataTrack1\IMG\right_2024_11_20_20_22_57_228.jpg, 0, 0.4425381, 0, 18.05331
C:\Users\Owner\Downloads\simulator-windows-64\dataTrack1\IMG\center_2024_11_20_20_22_57_331.jpg, C:\Users\Owner\Downloads\simulator-windows-64\dataTrack1\IMG\left_2024_11_20_20_22_57_331.jpg, C:\Users\Owner\Downloads\simulator-windows-64\dataTrack1\IMG\right_2024_11_20_20_22_57_331.jpg, -0.1537977, 0.3456093, 0, 18.80594
C:\Users\Owner\Downloads\simulator-windows-64\dataTrack1\IMG\center_2024_11_20_20_22_57_438.jpg, C:\Users\Owner\Downloads\simulator-windows-64\dataTrack1\IMG\left_2024_11_20_20_22_57_438.jpg, C:\Users\Owner\Downloads\simulator-windows-64\dataTrack1\IMG\right_2024_11_20_20_22_57_438.jpg, -0.4742421, 0.02516492, 0, 18.43147
C:\Users\Owner\Downloads\simulator-windows-64\dataTrack1\IMG\center_2024_11_20_20_22_57_543.jpg, C:\Users\Owner\Downloads\simulator-windows-64\dataTrack1\IMG\left_2024_11_20_20_22_57_543.jpg, C:\Users\Owner\Downloads\simulator-windows-64\dataTrack1\IMG\right_2024_11_20_20_22_57_543.jpg, -0.3760578, 0.1581459, 0, 18.06162
C:\Users\Owner\Downloads\simulator-windows-64\dataTrack1\IMG\center_2024_11_20_20_22_57_646.jpg, C:\Users\Owner\Downloads\simulator-windows-64\dataTrack1\IMG\left_2024_11_20_20_22_57_646.jpg, C:\Users\Owner\Downloads\simulator-windows-64\dataTrack1\IMG\right_2024_11_20_20_22_57_646.jpg, -0.06820951, 0.153774, 0, 18.61515
C:\Users\Owner\Downloads\simulator-windows-64\dataTrack1\IMG\center_2024_11_20_20_22_57_747.jpg, C:\Users\Owner\Downloads\simulator-windows-64\dataTrack1\IMG\left_2024_11_20_20_22_57_747.jpg, C:\Users\Owner\Downloads\simulator-windows-64\dataTrack1\IMG\right_2024_11_20_20_22_57_747.jpg, 0, 0.1024647, 0, 18.01964
C:\Users\Owner\Downloads\simulator-windows-64\dataTrack1\IMG\center_2024_11_20_20_22_57_854.jpg, C:\Users\Owner\Downloads\simulator-windows-64\dataTrack1\IMG\left_2024_11_20_20_22_57_854.jpg, C:\Users\Owner\Downloads\simulator-windows-64\dataTrack1\IMG\right_2024_11_20_20_22_57_854.jpg, 0, 0.3156873, 0, 18.57547
C:\Users\Owner\Downloads\simulator-windows-64\dataTrack1\IMG\center_2024_11_20_20_22_57_960.jpg, C:\Users\Owner\Downloads\simulator-windows-64\dataTrack1\IMG\left_2024_11_20_20_22_57_960.jpg, C:\Users\Owner\Downloads\simulator-windows-64\dataTrack1\IMG\right_2024_11_20_20_22_57_960.jpg, 0, 0.1563243, 0, 18.19947
C:\Users\Owner\Downloads\simulator-windows-64\dataTrack1\IMG\center_2024_11_20_20_22_58_063.jpg, C:\Users\Owner\Downloads\simulator-windows-64\dataTrack1\IMG\left_2024_11_20_20_22_58_063.jpg, C:\Users\Owner\Downloads\simulator-windows-64\dataTrack1\IMG\right_2024_11_20_20_22_58_063.jpg, 0, 0.5158548, 0, 18.58202
C:\Users\Owner\Downloads\simulator-windows-64\dataTrack1\IMG\center_2024_11_20_20_22_58_166.jpg, C:\Users\Owner\Downloads\simulator-windows-64\dataTrack1\IMG\left_2024_11_20_20_22_58_166.jpg, C:\Users\Owner\Downloads\simulator-windows-64\dataTrack1\IMG\right_2024_11_20_20_22_58_166.jpg, 0, 0.3099825, 0, 19.14732
C:\Users\Owner\Downloads\simulator-windows-64\dataTrack1\IMG\center_2024_11_20_20_22_58_272.jpg, C:\Users\Owner\Downloads\simulator-windows-64\dataTrack1\IMG\left_2024_11_20_20_22_58_272.jpg, C:\Users\Owner\Downloads\simulator-windows-64\dataTrack1\IMG\right_2024_11_20_20_22_58_272.jpg, 0, 0.6225, 0, 19.24406
C:\Users\Owner\Downloads\simulator-windows-64\dataTrack1\IMG\center_2024_11_20_20_22_58_376.jpg, C:\Users\Owner\Downloads\simulator-windows-64\dataTrack1\IMG\left_2024_11_20_20_22_58_376.jpg, C:\Users\Owner\Downloads\simulator-windows-64\dataTrack1\IMG\right_2024_11_20_20_22_58_376.jpg, 0, 0.513414, 0, 19.92545
C:\Users\Owner\Downloads\simulator-windows-64\dataTrack1\IMG\center_2024_11_20_20_22_58_480.jpg, C:\Users\Owner\Downloads\simulator-windows-64\dataTrack1\IMG\left_2024_11_20_20_22_58_480.jpg, C:\Users\Owner\Downloads\simulator-windows-64\dataTrack1\IMG\right_2024_11_20_20_22_58_480.jpg, 0, 0.7772658, 0, 20.30528
C:\Users\Owner\Downloads\simulator-windows-64\dataTrack1\IMG\center_2024_11_20_20_22_58_585.jpg, C:\Users\Owner\Downloads\simulator-windows-64\dataTrack1\IMG\left_2024_11_20_20_22_58_585.jpg, C:\Users\Owner\Downloads\simulator-windows-64\dataTrack1\IMG\right_2024_11_20_20_22_58_585.jpg, 0, 1, 0, 21.50342
C:\Users\Owner\Downloads\simulator-windows-64\dataTrack1\IMG\center_2024_11_20_20_22_58_691.jpg, C:\Users\Owner\Downloads\simulator-windows-64\dataTrack1\IMG\left_2024_11_20_20_22_58_691.jpg, C:\Users\Owner\Downloads\simulator-windows-64\dataTrack1\IMG\right_2024_11_20_20_22_58_691.jpg, 0, 1, 0, 22.54891
C:\Users\Owner\Downloads\simulator-windows-64\dataTrack1\IMG\center_2024_11_20_20_22_58_792.jpg, C:\Users\Owner\Downloads\simulator-windows-64\dataTrack1\IMG\left_2024_11_20_20_22_58_792.jpg, C:\Users\Owner\Downloads\simulator-windows-64\dataTrack1\IMG\right_2024_11_20_20_22_58_792.jpg, 0, 1, 0, 23.50903
C:\Users\Owner\Downloads\simulator-windows-64\dataTrack1\IMG\center_2024_11_20_20_22_58_896.jpg, C:\Users\Owner\Downloads\simulator-windows-64\dataTrack1\IMG\left_2024_11_20_20_22_58_896.jpg, C:\Users\Owner\Downloads\simulator-windows-64\dataTrack1\IMG\right_2024_11_20_20_22_58_896.jpg, -0.3132492, 0.6867509, 0, 24.26623
C:\Users\Owner\Downloads\simulator-windows-64\dataTrack1\IMG\center_2024_11_20_20_22_59_000.jpg, C:\Users\Owner\Downloads\simulator-windows-64\dataTrack1\IMG\left_2024_11_20_20_22_59_000.jpg, C:\Users\Owner\Downloads\simulator-windows-64\dataTrack1\IMG\right_2024_11_20_20_22_59_000.jpg, -0.05462191, 0.4281236, 0, 24.68257
C:\Users\Owner\Downloads\simulator-windows-64\dataTrack1\IMG\center_2024_11_20_20_22_59_107.jpg, C:\Users\Owner\Downloads\simulator-windows-64\dataTrack1\IMG\left_2024_11_20_20_22_59_107.jpg, C:\Users\Owner\Downloads\simulator-windows-64\dataTrack1\IMG\right_2024_11_20_20_22_59_107.jpg, 0, 0.05698885, 0, 24.70281
C:\Users\Owner\Downloads\simulator-windows-64\dataTrack1\IMG\center_2024_11_20_20_22_59_212.jpg, C:\Users\Owner\Downloads\simulator-windows-64\dataTrack1\IMG\left_2024_11_20_20_22_59_212.jpg, C:\Users\Owner\Downloads\simulator-windows-64\dataTrack1\IMG\right_2024_11_20_20_22_59_212.jpg, 0, 0.2645471, 0, 24.7087
C:\Users\Owner\Downloads\simulator-windows-64\dataTrack1\IMG\center_2024_11_20_20_22_59_316.jpg, C:\Users\Owner\Downloads\simulator-windows-64\dataTrack1\IMG\left_2024_11_20_20_22_59_316.jpg, C:\Users\Owner\Downloads\simulator-windows-64\dataTrack1\IMG\right_2024_11_20_20_22_59_316.jpg, 0, 0, 0, 24.60928
C:\Users\Owner\Downloads\simulator-windows-64\dataTrack1\IMG\center_2024_11_20_20_22_59_418.jpg, C:\Users\Owner\Downloads\simulator-windows-64\dataTrack1\IMG\left_2024_11_20_20_22_59_418.jpg, C:\Users\Owner\Downloads\simulator-windows-64\dataTrack1\IMG\right_2024_11_20_20_22_59_418.jpg, 0, 0, 0, 24.36432
C:\Users\Owner\Downloads\simulator-windows-64\dataTrack1\IMG\center_2024_11_20_20_22_59_524.jpg, C:\Users\Owner\Downloads\simulator-windows-64\dataTrack1\IMG\left_2024_11_20_20_22_59_524.jpg, C:\Users\Owner\Downloads\simulator-windows-64\dataTrack1\IMG\right_2024_11_20_20_22_59_524.jpg, -0.2134683, 0, 0, 24.05079
C:\Users\Owner\Downloads\simulator-windows-64\dataTrack1\IMG\center_2024_11_20_20_22_59_628.jpg, C:\Users\Owner\Downloads\simulator-windows-64\dataTrack1\IMG\left_2024_11_20_20_22_59_628.jpg, C:\Users\Owner\Downloads\simulator-windows-64\dataTrack1\IMG\right_2024_11_20_20_22_59_628.jpg, -0.201144, 0.2273646, 0, 23.84679
C:\Users\Owner\Downloads\simulator-windows-64\dataTrack1\IMG\center_2024_11_20_20_22_59_728.jpg, C:\Users\Owner\Downloads\simulator-windows-64\dataTrack1\IMG\left_2024_11_20_20_22_59_728.jpg, C:\Users\Owner\Downloads\simulator-windows-64\dataTrack1\IMG\right_2024_11_20_20_22_59_728.jpg, 0, 0.1184442, 0, 23.88633
C:\Users\Owner\Downloads\simulator-windows-64\dataTrack1\IMG\center_2024_11_20_20_22_59_832.jpg, C:\Users\Owner\Downloads\simulator-windows-64\dataTrack1\IMG\left_2024_11_20_20_22_59_832.jpg, C:\Users\Owner\Downloads\simulator-windows-64\dataTrack1\IMG\right_2024_11_20_20_22_59_832.jpg, 0, 0, 0, 23.67434
C:\Users\Owner\Downloads\simulator-windows-64\dataTrack1\IMG\center_2024_11_20_20_22_59_939.jpg, C:\Users\Owner\Downloads\simulator-windows-64\dataTrack1\IMG\left_2024_11_20_20_22_59_939.jpg, C:\Users\Owner\Downloads\simulator-windows-64\dataTrack1\IMG\right_2024_11_20_20_22_59_939.jpg, -0.2087721, 0, 0, 23.42232
C:\Users\Owner\Downloads\simulator-windows-64\dataTrack1\IMG\center_2024_11_20_20_23_00_044.jpg, C:\Users\Owner\Downloads\simulator-windows-64\dataTrack1\IMG\left_2024_11_20_20_23_00_044.jpg, C:\Users\Owner\Downloads\simulator-windows-64\dataTrack1\IMG\right_2024_11_20_20_23_00_044.jpg, -0.2123947, 0, 0, 23.0616
C:\Users\Owner\Downloads\simulator-windows-64\dataTrack1\IMG\center_2024_11_20_20_23_00_148.jpg, C:\Users\Owner\Downloads\simulator-windows-64\dataTrack1\IMG\left_2024_11_20_20_23_00_148.jpg, C:\Users\Owner\Downloads\simulator-windows-64\dataTrack1\IMG\right_2024_11_20_20_23_00_148.jpg, 0, 0.3140319, 0, 23.02778
C:\Users\Owner\Downloads\simulator-windows-64\dataTrack1\IMG\center_2024_11_20_20_23_00_253.jpg, C:\Users\Owner\Downloads\simulator-windows-64\dataTrack1\IMG\left_2024_11_20_20_23_00_253.jpg, C:\Users\Owner\Downloads\simulator-windows-64\dataTrack1\IMG\right_2024_11_20_20_23_00_253.jpg, 0, 0, 0, 22.99743
C:\Users\Owner\Downloads\simulator-windows-64\dataTrack1\IMG\center_2024_11_20_20_23_00_356.jpg, C:\Users\Owner\Downloads\simulator-windows-64\dataTrack1\IMG\left_2024_11_20_20_23_00_356.jpg, C:\Users\Owner\Downloads\simulator-windows-64\dataTrack1\IMG\right_2024_11_20_20_23_00_356.jpg, -0.1562097, 0, 0, 22.74339
C:\Users\Owner\Downloads\simulator-windows-64\dataTrack1\IMG\center_2024_11_20_20_23_00_459.jpg, C:\Users\Owner\Downloads\simulator-windows-64\dataTrack1\IMG\left_2024_11_20_20_23_00_459.jpg, C:\Users\Owner\Downloads\simulator-windows-64\dataTrack1\IMG\right_2024_11_20_20_23_00_459.jpg, -0.3580489, 0, 0, 22.44074
C:\Users\Owner\Downloads\simulator-windows-64\dataTrack1\IMG\center_2024_11_20_20_23_00_564.jpg, C:\Users\Owner\Downloads\simulator-windows-64\dataTrack1\IMG\left_2024_11_20_20_23_00_564.jpg, C:\Users\Owner\Downloads\simulator-windows-64\dataTrack1\IMG\right_2024_11_20_20_23_00_564.jpg, -0.04331075, 0.3147381, 0, 22.40149
C:\Users\Owner\Downloads\simulator-windows-64\dataTrack1\IMG\center_2024_11_20_20_23_00_672.jpg, C:\Users\Owner\Downloads\simulator-windows-64\dataTrack1\IMG\left_2024_11_20_20_23_00_672.jpg, C:\Users\Owner\Downloads\simulator-windows-64\dataTrack1\IMG\right_2024_11_20_20_23_00_672.jpg, -0.2128545, 0.2114877, 0, 22.54957
C:\Users\Owner\Downloads\simulator-windows-64\dataTrack1\IMG\center_2024_11_20_20_23_00_774.jpg, C:\Users\Owner\Downloads\simulator-windows-64\dataTrack1\IMG\left_2024_11_20_20_23_00_774.jpg, C:\Users\Owner\Downloads\simulator-windows-64\dataTrack1\IMG\right_2024_11_20_20_23_00_774.jpg, -0.318162, 0, 0, 22.37304
C:\Users\Owner\Downloads\simulator-windows-64\dataTrack1\IMG\center_2024_11_20_20_23_00_878.jpg, C:\Users\Owner\Downloads\simulator-windows-64\dataTrack1\IMG\left_2024_11_20_20_23_00_878.jpg, C:\Users\Owner\Downloads\simulator-windows-64\dataTrack1\IMG\right_2024_11_20_20_23_00_878.jpg, -0.007625714, 0.0559149, 0, 22.08742
C:\Users\Owner\Downloads\simulator-windows-64\dataTrack1\IMG\center_2024_11_20_20_23_00_981.jpg, C:\Users\Owner\Downloads\simulator-windows-64\dataTrack1\IMG\left_2024_11_20_20_23_00_981.jpg, C:\Users\Owner\Downloads\simulator-windows-64\dataTrack1\IMG\right_2024_11_20_20_23_00_981.jpg, 0, 0.3146775, 0, 22.16897
C:\Users\Owner\Downloads\simulator-windows-64\dataTrack1\IMG\center_2024_11_20_20_23_01_086.jpg, C:\Users\Owner\Downloads\simulator-windows-64\dataTrack1\IMG\left_2024_11_20_20_23_01_086.jpg, C:\Users\Owner\Downloads\simulator-windows-64\dataTrack1\IMG\right_2024_11_20_20_23_01_086.jpg, 0, 0.05289959, 0, 22.21025
C:\Users\Owner\Downloads\simulator-windows-64\dataTrack1\IMG\center_2024_11_20_20_23_01_191.jpg, C:\Users\Owner\Downloads\simulator-windows-64\dataTrack1\IMG\left_2024_11_20_20_23_01_191.jpg, C:\Users\Owner\Downloads\simulator-windows-64\dataTrack1\IMG\right_2024_11_20_20_23_01_191.jpg, 0, 0.1590867, 0, 21.92211
C:\Users\Owner\Downloads\simulator-windows-64\dataTrack1\IMG\center_2024_11_20_20_23_01_296.jpg, C:\Users\Owner\Downloads\simulator-windows-64\dataTrack1\IMG\left_2024_11_20_20_23_01_296.jpg, C:\Users\Owner\Downloads\simulator-windows-64\dataTrack1\IMG\right_2024_11_20_20_23_01_296.jpg, 0, 0, 0, 21.89948
C:\Users\Owner\Downloads\simulator-windows-64\dataTrack1\IMG\center_2024_11_20_20_23_01_397.jpg, C:\Users\Owner\Downloads\simulator-windows-64\dataTrack1\IMG\left_2024_11_20_20_23_01_397.jpg, C:\Users\Owner\Downloads\simulator-windows-64\dataTrack1\IMG\right_2024_11_20_20_23_01_397.jpg, 0, 0, 0, 21.50915
C:\Users\Owner\Downloads\simulator-windows-64\dataTrack1\IMG\center_2024_11_20_20_23_01_505.jpg, C:\Users\Owner\Downloads\simulator-windows-64\dataTrack1\IMG\left_2024_11_20_20_23_01_505.jpg, C:\Users\Owner\Downloads\simulator-windows-64\dataTrack1\IMG\right_2024_11_20_20_23_01_505.jpg, 0, 0.2051004, 0, 21.32234
C:\Users\Owner\Downloads\simulator-windows-64\dataTrack1\IMG\center_2024_11_20_20_23_01_610.jpg, C:\Users\Owner\Downloads\simulator-windows-64\dataTrack1\IMG\left_2024_11_20_20_23_01_610.jpg, C:\Users\Owner\Downloads\simulator-windows-64\dataTrack1\IMG\right_2024_11_20_20_23_01_610.jpg, 0, 0.06221368, 0, 21.55549
C:\Users\Owner\Downloads\simulator-windows-64\dataTrack1\IMG\center_2024_11_20_20_23_01_713.jpg, C:\Users\Owner\Downloads\simulator-windows-64\dataTrack1\IMG\left_2024_11_20_20_23_01_713.jpg, C:\Users\Owner\Downloads\simulator-windows-64\dataTrack1\IMG\right_2024_11_20_20_23_01_713.jpg, 0, 0.2114067, 0, 21.17864
C:\Users\Owner\Downloads\simulator-windows-64\dataTrack1\IMG\center_2024_11_20_20_23_01_813.jpg, C:\Users\Owner\Downloads\simulator-windows-64\dataTrack1\IMG\left_2024_11_20_20_23_01_813.jpg, C:\Users\Owner\Downloads\simulator-windows-64\dataTrack1\IMG\right_2024_11_20_20_23_01_813.jpg, 0, 0.2036595, 0, 21.56149
C:\Users\Owner\Downloads\simulator-windows-64\dataTrack1\IMG\center_2024_11_20_20_23_01_919.jpg, C:\Users\Owner\Downloads\simulator-windows-64\dataTrack1\IMG\left_2024_11_20_20_23_01_919.jpg, C:\Users\Owner\Downloads\simulator-windows-64\dataTrack1\IMG\right_2024_11_20_20_23_01_919.jpg, 0, 0.2042415, 0, 21.23399
C:\Users\Owner\Downloads\simulator-windows-64\dataTrack1\IMG\center_2024_11_20_20_23_02_022.jpg, C:\Users\Owner\Downloads\simulator-windows-64\dataTrack1\IMG\left_2024_11_20_20_23_02_022.jpg, C:\Users\Owner\Downloads\simulator-windows-64\dataTrack1\IMG\right_2024_11_20_20_23_02_022.jpg, 0, 0.2052828, 0, 21.42842
C:\Users\Owner\Downloads\simulator-windows-64\dataTrack1\IMG\center_2024_11_20_20_23_02_128.jpg, C:\Users\Owner\Downloads\simulator-windows-64\dataTrack1\IMG\left_2024_11_20_20_23_02_128.jpg, C:\Users\Owner\Downloads\simulator-windows-64\dataTrack1\IMG\right_2024_11_20_20_23_02_128.jpg, 0, 0.1985946, 0, 21.58255
C:\Users\Owner\Downloads\simulator-windows-64\dataTrack1\IMG\center_2024_11_20_20_23_02_233.jpg, C:\Users\Owner\Downloads\simulator-windows-64\dataTrack1\IMG\left_2024_11_20_20_23_02_233.jpg, C:\Users\Owner\Downloads\simulator-windows-64\dataTrack1\IMG\right_2024_11_20_20_23_02_233.jpg, 0, 0.1017672, 0, 21.41115
C:\Users\Owner\Downloads\simulator-windows-64\dataTrack1\IMG\center_2024_11_20_20_23_02_338.jpg, C:\Users\Owner\Downloads\simulator-windows-64\dataTrack1\IMG\left_2024_11_20_20_23_02_338.jpg, C:\Users\Owner\Downloads\simulator-windows-64\dataTrack1\IMG\right_2024_11_20_20_23_02_338.jpg, 0, 0.2092095, 0, 21.532
C:\Users\Owner\Downloads\simulator-windows-64\dataTrack1\IMG\center_2024_11_20_20_23_02_442.jpg, C:\Users\Owner\Downloads\simulator-windows-64\dataTrack1\IMG\left_2024_11_20_20_23_02_442.jpg, C:\Users\Owner\Downloads\simulator-windows-64\dataTrack1\IMG\right_2024_11_20_20_23_02_442.jpg, 0, 0.2126886, 0, 21.6964
C:\Users\Owner\Downloads\simulator-windows-64\dataTrack1\IMG\center_2024_11_20_20_23_02_547.jpg, C:\Users\Owner\Downloads\simulator-windows-64\dataTrack1\IMG\left_2024_11_20_20_23_02_547.jpg, C:\Users\Owner\Downloads\simulator-windows-64\dataTrack1\IMG\right_2024_11_20_20_23_02_547.jpg, -0.1556058, 0, 0, 21.27941
C:\Users\Owner\Downloads\simulator-windows-64\dataTrack1\IMG\center_2024_11_20_20_23_02_650.jpg, C:\Users\Owner\Downloads\simulator-windows-64\dataTrack1\IMG\left_2024_11_20_20_23_02_650.jpg, C:\Users\Owner\Downloads\simulator-windows-64\dataTrack1\IMG\right_2024_11_20_20_23_02_650.jpg, -0.4644783, 0, 0, 21.21689
C:\Users\Owner\Downloads\simulator-windows-64\dataTrack1\IMG\center_2024_11_20_20_23_02_757.jpg, C:\Users\Owner\Downloads\simulator-windows-64\dataTrack1\IMG\left_2024_11_20_20_23_02_757.jpg, C:\Users\Owner\Downloads\simulator-windows-64\dataTrack1\IMG\right_2024_11_20_20_23_02_757.jpg, -0.1432776, 0.3212007, 0, 20.92153
C:\Users\Owner\Downloads\simulator-windows-64\dataTrack1\IMG\center_2024_11_20_20_23_02_858.jpg, C:\Users\Owner\Downloads\simulator-windows-64\dataTrack1\IMG\left_2024_11_20_20_23_02_858.jpg, C:\Users\Owner\Downloads\simulator-windows-64\dataTrack1\IMG\right_2024_11_20_20_23_02_858.jpg, 0, 0.2810514, 0, 21.38458
C:\Users\Owner\Downloads\simulator-windows-64\dataTrack1\IMG\center_2024_11_20_20_23_02_964.jpg, C:\Users\Owner\Downloads\simulator-windows-64\dataTrack1\IMG\left_2024_11_20_20_23_02_964.jpg, C:\Users\Owner\Downloads\simulator-windows-64\dataTrack1\IMG\right_2024_11_20_20_23_02_964.jpg, -0.2192199, 0, 0, 21.25676
C:\Users\Owner\Downloads\simulator-windows-64\dataTrack1\IMG\center_2024_11_20_20_23_03_067.jpg, C:\Users\Owner\Downloads\simulator-windows-64\dataTrack1\IMG\left_2024_11_20_20_23_03_067.jpg, C:\Users\Owner\Downloads\simulator-windows-64\dataTrack1\IMG\right_2024_11_20_20_23_03_067.jpg, 0, 0.2041152, 0, 20.85929
C:\Users\Owner\Downloads\simulator-windows-64\dataTrack1\IMG\center_2024_11_20_20_23_03_173.jpg, C:\Users\Owner\Downloads\simulator-windows-64\dataTrack1\IMG\left_2024_11_20_20_23_03_173.jpg, C:\Users\Owner\Downloads\simulator-windows-64\dataTrack1\IMG\right_2024_11_20_20_23_03_173.jpg, 0, 0, 0, 21.02472
C:\Users\Owner\Downloads\simulator-windows-64\dataTrack1\IMG\center_2024_11_20_20_23_03_278.jpg, C:\Users\Owner\Downloads\simulator-windows-64\dataTrack1\IMG\left_2024_11_20_20_23_03_278.jpg, C:\Users\Owner\Downloads\simulator-windows-64\dataTrack1\IMG\right_2024_11_20_20_23_03_278.jpg, 0, 0.1552848, 0, 20.53168
C:\Users\Owner\Downloads\simulator-windows-64\dataTrack1\IMG\center_2024_11_20_20_23_03_380.jpg, C:\Users\Owner\Downloads\simulator-windows-64\dataTrack1\IMG\left_2024_11_20_20_23_03_380.jpg, C:\Users\Owner\Downloads\simulator-windows-64\dataTrack1\IMG\right_2024_11_20_20_23_03_380.jpg, -0.2570328, 0.314604, 0, 20.92521
C:\Users\Owner\Downloads\simulator-windows-64\dataTrack1\IMG\center_2024_11_20_20_23_03_484.jpg, C:\Users\Owner\Downloads\simulator-windows-64\dataTrack1\IMG\left_2024_11_20_20_23_03_484.jpg, C:\Users\Owner\Downloads\simulator-windows-64\dataTrack1\IMG\right_2024_11_20_20_23_03_484.jpg, 0, 0, 0, 20.84068
C:\Users\Owner\Downloads\simulator-windows-64\dataTrack1\IMG\center_2024_11_20_20_23_03_590.jpg, C:\Users\Owner\Downloads\simulator-windows-64\dataTrack1\IMG\left_2024_11_20_20_23_03_590.jpg, C:\Users\Owner\Downloads\simulator-windows-64\dataTrack1\IMG\right_2024_11_20_20_23_03_590.jpg, 0, 0.1560495, 0, 20.38309
C:\Users\Owner\Downloads\simulator-windows-64\dataTrack1\IMG\center_2024_11_20_20_23_03_698.jpg, C:\Users\Owner\Downloads\simulator-windows-64\dataTrack1\IMG\left_2024_11_20_20_23_03_698.jpg, C:\Users\Owner\Downloads\simulator-windows-64\dataTrack1\IMG\right_2024_11_20_20_23_03_698.jpg, -0.1568052, 0.2783964, 0, 20.81148
C:\Users\Owner\Downloads\simulator-windows-64\dataTrack1\IMG\center_2024_11_20_20_23_03_800.jpg, C:\Users\Owner\Downloads\simulator-windows-64\dataTrack1\IMG\left_2024_11_20_20_23_03_800.jpg, C:\Users\Owner\Downloads\simulator-windows-64\dataTrack1\IMG\right_2024_11_20_20_23_03_800.jpg, 0, 0.02345011, 0, 20.50225
C:\Users\Owner\Downloads\simulator-windows-64\dataTrack1\IMG\center_2024_11_20_20_23_03_907.jpg, C:\Users\Owner\Downloads\simulator-windows-64\dataTrack1\IMG\left_2024_11_20_20_23_03_907.jpg, C:\Users\Owner\Downloads\simulator-windows-64\dataTrack1\IMG\right_2024_11_20_20_23_03_907.jpg, 0, 0.0520092, 0, 20.23664
C:\Users\Owner\Downloads\simulator-windows-64\dataTrack1\IMG\center_2024_11_20_20_23_04_011.jpg, C:\Users\Owner\Downloads\simulator-windows-64\dataTrack1\IMG\left_2024_11_20_20_23_04_011.jpg, C:\Users\Owner\Downloads\simulator-windows-64\dataTrack1\IMG\right_2024_11_20_20_23_04_011.jpg, 0, 0.3622512, 0, 20.60059
C:\Users\Owner\Downloads\simulator-windows-64\dataTrack1\IMG\center_2024_11_20_20_23_04_115.jpg, C:\Users\Owner\Downloads\simulator-windows-64\dataTrack1\IMG\left_2024_11_20_20_23_04_115.jpg, C:\Users\Owner\Downloads\simulator-windows-64\dataTrack1\IMG\right_2024_11_20_20_23_04_115.jpg, -0.2025318, 0.2700939, 0, 20.61401
C:\Users\Owner\Downloads\simulator-windows-64\dataTrack1\IMG\center_2024_11_20_20_23_04_218.jpg, C:\Users\Owner\Downloads\simulator-windows-64\dataTrack1\IMG\left_2024_11_20_20_23_04_218.jpg, C:\Users\Owner\Downloads\simulator-windows-64\dataTrack1\IMG\right_2024_11_20_20_23_04_218.jpg, -0.0737142, 0, 0, 20.80239
C:\Users\Owner\Downloads\simulator-windows-64\dataTrack1\IMG\center_2024_11_20_20_23_04_324.jpg, C:\Users\Owner\Downloads\simulator-windows-64\dataTrack1\IMG\left_2024_11_20_20_23_04_324.jpg, C:\Users\Owner\Downloads\simulator-windows-64\dataTrack1\IMG\right_2024_11_20_20_23_04_324.jpg, 0, 0.1007682, 0, 20.56399
C:\Users\Owner\Downloads\simulator-windows-64\dataTrack1\IMG\center_2024_11_20_20_23_04_428.jpg, C:\Users\Owner\Downloads\simulator-windows-64\dataTrack1\IMG\left_2024_11_20_20_23_04_428.jpg, C:\Users\Owner\Downloads\simulator-windows-64\dataTrack1\IMG\right_2024_11_20_20_23_04_428.jpg, -0.0517113, 0.4130427, 0, 20.40933
C:\Users\Owner\Downloads\simulator-windows-64\dataTrack1\IMG\center_2024_11_20_20_23_04_531.jpg, C:\Users\Owner\Downloads\simulator-windows-64\dataTrack1\IMG\left_2024_11_20_20_23_04_531.jpg, C:\Users\Owner\Downloads\simulator-windows-64\dataTrack1\IMG\right_2024_11_20_20_23_04_531.jpg, -0.1531461, 0.1040871, 0, 20.74037
C:\Users\Owner\Downloads\simulator-windows-64\dataTrack1\IMG\center_2024_11_20_20_23_04_632.jpg, C:\Users\Owner\Downloads\simulator-windows-64\dataTrack1\IMG\left_2024_11_20_20_23_04_632.jpg, C:\Users\Owner\Downloads\simulator-windows-64\dataTrack1\IMG\right_2024_11_20_20_23_04_632.jpg, 0, 0, 0, 20.24207
C:\Users\Owner\Downloads\simulator-windows-64\dataTrack1\IMG\center_2024_11_20_20_23_04_739.jpg, C:\Users\Owner\Downloads\simulator-windows-64\dataTrack1\IMG\left_2024_11_20_20_23_04_739.jpg, C:\Users\Owner\Downloads\simulator-windows-64\dataTrack1\IMG\right_2024_11_20_20_23_04_739.jpg, 0, 0, 0, 20.35839
C:\Users\Owner\Downloads\simulator-windows-64\dataTrack1\IMG\center_2024_11_20_20_23_04_842.jpg, C:\Users\Owner\Downloads\simulator-windows-64\dataTrack1\IMG\left_2024_11_20_20_23_04_842.jpg, C:\Users\Owner\Downloads\simulator-windows-64\dataTrack1\IMG\right_2024_11_20_20_23_04_842.jpg, 0, 0.3124959, 0, 20.32492
C:\Users\Owner\Downloads\simulator-windows-64\dataTrack1\IMG\center_2024_11_20_20_23_04_945.jpg, C:\Users\Owner\Downloads\simulator-windows-64\dataTrack1\IMG\left_2024_11_20_20_23_04_945.jpg, C:\Users\Owner\Downloads\simulator-windows-64\dataTrack1\IMG\right_2024_11_20_20_23_04_945.jpg, -0.154662, 0.2259264, 0, 20.24601
C:\Users\Owner\Downloads\simulator-windows-64\dataTrack1\IMG\center_2024_11_20_20_23_05_050.jpg, C:\Users\Owner\Downloads\simulator-windows-64\dataTrack1\IMG\left_2024_11_20_20_23_05_050.jpg, C:\Users\Owner\Downloads\simulator-windows-64\dataTrack1\IMG\right_2024_11_20_20_23_05_050.jpg, 0, 0, 0, 20.42732
C:\Users\Owner\Downloads\simulator-windows-64\dataTrack1\IMG\center_2024_11_20_20_23_05_157.jpg, C:\Users\Owner\Downloads\simulator-windows-64\dataTrack1\IMG\left_2024_11_20_20_23_05_157.jpg, C:\Users\Owner\Downloads\simulator-windows-64\dataTrack1\IMG\right_2024_11_20_20_23_05_157.jpg, 0, 0.1108845, 0, 19.91728
C:\Users\Owner\Downloads\simulator-windows-64\dataTrack1\IMG\center_2024_11_20_20_23_05_261.jpg, C:\Users\Owner\Downloads\simulator-windows-64\dataTrack1\IMG\left_2024_11_20_20_23_05_261.jpg, C:\Users\Owner\Downloads\simulator-windows-64\dataTrack1\IMG\right_2024_11_20_20_23_05_261.jpg, -0.1573803, 0.3741186, 0, 20.30583
C:\Users\Owner\Downloads\simulator-windows-64\dataTrack1\IMG\center_2024_11_20_20_23_05_365.jpg, C:\Users\Owner\Downloads\simulator-windows-64\dataTrack1\IMG\left_2024_11_20_20_23_05_365.jpg, C:\Users\Owner\Downloads\simulator-windows-64\dataTrack1\IMG\right_2024_11_20_20_23_05_365.jpg, -0.1090608, 0.1182825, 0, 20.42012
C:\Users\Owner\Downloads\simulator-windows-64\dataTrack1\IMG\center_2024_11_20_20_23_05_466.jpg, C:\Users\Owner\Downloads\simulator-windows-64\dataTrack1\IMG\left_2024_11_20_20_23_05_466.jpg, C:\Users\Owner\Downloads\simulator-windows-64\dataTrack1\IMG\right_2024_11_20_20_23_05_466.jpg, 0, 0, 0, 19.91795
C:\Users\Owner\Downloads\simulator-windows-64\dataTrack1\IMG\center_2024_11_20_20_23_05_572.jpg, C:\Users\Owner\Downloads\simulator-windows-64\dataTrack1\IMG\left_2024_11_20_20_23_05_572.jpg, C:\Users\Owner\Downloads\simulator-windows-64\dataTrack1\IMG\right_2024_11_20_20_23_05_572.jpg, 0, 0.2212926, 0, 20.12695
C:\Users\Owner\Downloads\simulator-windows-64\dataTrack1\IMG\center_2024_11_20_20_23_05_676.jpg, C:\Users\Owner\Downloads\simulator-windows-64\dataTrack1\IMG\left_2024_11_20_20_23_05_676.jpg, C:\Users\Owner\Downloads\simulator-windows-64\dataTrack1\IMG\right_2024_11_20_20_23_05_676.jpg, 0, 0.2214492, 0, 20.00511
C:\Users\Owner\Downloads\simulator-windows-64\dataTrack1\IMG\center_2024_11_20_20_23_05_778.jpg, C:\Users\Owner\Downloads\simulator-windows-64\dataTrack1\IMG\left_2024_11_20_20_23_05_778.jpg, C:\Users\Owner\Downloads\simulator-windows-64\dataTrack1\IMG\right_2024_11_20_20_23_05_778.jpg, -0.1016532, 0, 0, 20.21013
C:\Users\Owner\Downloads\simulator-windows-64\dataTrack1\IMG\center_2024_11_20_20_23_05_882.jpg, C:\Users\Owner\Downloads\simulator-windows-64\dataTrack1\IMG\left_2024_11_20_20_23_05_882.jpg, C:\Users\Owner\Downloads\simulator-windows-64\dataTrack1\IMG\right_2024_11_20_20_23_05_882.jpg, 0, 0.1051101, 0, 19.98744
C:\Users\Owner\Downloads\simulator-windows-64\dataTrack1\IMG\center_2024_11_20_20_23_05_987.jpg, C:\Users\Owner\Downloads\simulator-windows-64\dataTrack1\IMG\left_2024_11_20_20_23_05_987.jpg, C:\Users\Owner\Downloads\simulator-windows-64\dataTrack1\IMG\right_2024_11_20_20_23_05_987.jpg, 0, 0.3128418, 0, 19.81892
C:\Users\Owner\Downloads\simulator-windows-64\dataTrack1\IMG\center_2024_11_20_20_23_06_093.jpg, C:\Users\Owner\Downloads\simulator-windows-64\dataTrack1\IMG\left_2024_11_20_20_23_06_093.jpg, C:\Users\Owner\Downloads\simulator-windows-64\dataTrack1\IMG\right_2024_11_20_20_23_06_093.jpg, -0.3185724, 0, 0, 20.04004
C:\Users\Owner\Downloads\simulator-windows-64\dataTrack1\IMG\center_2024_11_20_20_23_06_197.jpg, C:\Users\Owner\Downloads\simulator-windows-64\dataTrack1\IMG\left_2024_11_20_20_23_06_197.jpg, C:\Users\Owner\Downloads\simulator-windows-64\dataTrack1\IMG\right_2024_11_20_20_23_06_197.jpg, -0.00496887, 0, 0, 19.484
C:\Users\Owner\Downloads\simulator-windows-64\dataTrack1\IMG\center_2024_11_20_20_23_06_299.jpg, C:\Users\Owner\Downloads\simulator-windows-64\dataTrack1\IMG\left_2024_11_20_20_23_06_299.jpg, C:\Users\Owner\Downloads\simulator-windows-64\dataTrack1\IMG\right_2024_11_20_20_23_06_299.jpg, 0, 0.2008848, 0, 19.68629
C:\Users\Owner\Downloads\simulator-windows-64\dataTrack1\IMG\center_2024_11_20_20_23_06_407.jpg, C:\Users\Owner\Downloads\simulator-windows-64\dataTrack1\IMG\left_2024_11_20_20_23_06_407.jpg, C:\Users\Owner\Downloads\simulator-windows-64\dataTrack1\IMG\right_2024_11_20_20_23_06_407.jpg, 0, 0.1040337, 0, 19.79171
C:\Users\Owner\Downloads\simulator-windows-64\dataTrack1\IMG\center_2024_11_20_20_23_06_509.jpg, C:\Users\Owner\Downloads\simulator-windows-64\dataTrack1\IMG\left_2024_11_20_20_23_06_509.jpg, C:\Users\Owner\Downloads\simulator-windows-64\dataTrack1\IMG\right_2024_11_20_20_23_06_509.jpg, 0, 0, 0, 19.2505
C:\Users\Owner\Downloads\simulator-windows-64\dataTrack1\IMG\center_2024_11_20_20_23_06_614.jpg, C:\Users\Owner\Downloads\simulator-windows-64\dataTrack1\IMG\left_2024_11_20_20_23_06_614.jpg, C:\Users\Owner\Downloads\simulator-windows-64\dataTrack1\IMG\right_2024_11_20_20_23_06_614.jpg, 0, 0, 0, 19.44333
C:\Users\Owner\Downloads\simulator-windows-64\dataTrack1\IMG\center_2024_11_20_20_23_06_718.jpg, C:\Users\Owner\Downloads\simulator-windows-64\dataTrack1\IMG\left_2024_11_20_20_23_06_718.jpg, C:\Users\Owner\Downloads\simulator-windows-64\dataTrack1\IMG\right_2024_11_20_20_23_06_718.jpg, 0, 0.2106357, 0, 18.88909
C:\Users\Owner\Downloads\simulator-windows-64\dataTrack1\IMG\center_2024_11_20_20_23_06_819.jpg, C:\Users\Owner\Downloads\simulator-windows-64\dataTrack1\IMG\left_2024_11_20_20_23_06_819.jpg, C:\Users\Owner\Downloads\simulator-windows-64\dataTrack1\IMG\right_2024_11_20_20_23_06_819.jpg, 0, 0.1601445, 0, 19.41084
C:\Users\Owner\Downloads\simulator-windows-64\dataTrack1\IMG\center_2024_11_20_20_23_06_926.jpg, C:\Users\Owner\Downloads\simulator-windows-64\dataTrack1\IMG\left_2024_11_20_20_23_06_926.jpg, C:\Users\Owner\Downloads\simulator-windows-64\dataTrack1\IMG\right_2024_11_20_20_23_06_926.jpg, -0.0547881, 0, 0, 19.22578
C:\Users\Owner\Downloads\simulator-windows-64\dataTrack1\IMG\center_2024_11_20_20_23_07_031.jpg, C:\Users\Owner\Downloads\simulator-windows-64\dataTrack1\IMG\left_2024_11_20_20_23_07_031.jpg, C:\Users\Owner\Downloads\simulator-windows-64\dataTrack1\IMG\right_2024_11_20_20_23_07_031.jpg, -0.3659337, 0, 0, 18.55318
C:\Users\Owner\Downloads\simulator-windows-64\dataTrack1\IMG\center_2024_11_20_20_23_07_135.jpg, C:\Users\Owner\Downloads\simulator-windows-64\dataTrack1\IMG\left_2024_11_20_20_23_07_135.jpg, C:\Users\Owner\Downloads\simulator-windows-64\dataTrack1\IMG\right_2024_11_20_20_23_07_135.jpg, -0.05482053, 0, 0, 18.79365
C:\Users\Owner\Downloads\simulator-windows-64\dataTrack1\IMG\center_2024_11_20_20_23_07_236.jpg, C:\Users\Owner\Downloads\simulator-windows-64\dataTrack1\IMG\left_2024_11_20_20_23_07_236.jpg, C:\Users\Owner\Downloads\simulator-windows-64\dataTrack1\IMG\right_2024_11_20_20_23_07_236.jpg, 0, 0.3058995, 0, 18.32796
C:\Users\Owner\Downloads\simulator-windows-64\dataTrack1\IMG\center_2024_11_20_20_23_07_340.jpg, C:\Users\Owner\Downloads\simulator-windows-64\dataTrack1\IMG\left_2024_11_20_20_23_07_340.jpg, C:\Users\Owner\Downloads\simulator-windows-64\dataTrack1\IMG\right_2024_11_20_20_23_07_340.jpg, 0, 0.04288772, 0, 18.78562
C:\Users\Owner\Downloads\simulator-windows-64\dataTrack1\IMG\center_2024_11_20_20_23_07_444.jpg, C:\Users\Owner\Downloads\simulator-windows-64\dataTrack1\IMG\left_2024_11_20_20_23_07_444.jpg, C:\Users\Owner\Downloads\simulator-windows-64\dataTrack1\IMG\right_2024_11_20_20_23_07_444.jpg, 0, 0, 0, 18.58344
C:\Users\Owner\Downloads\simulator-windows-64\dataTrack1\IMG\center_2024_11_20_20_23_07_547.jpg, C:\Users\Owner\Downloads\simulator-windows-64\dataTrack1\IMG\left_2024_11_20_20_23_07_547.jpg, C:\Users\Owner\Downloads\simulator-windows-64\dataTrack1\IMG\right_2024_11_20_20_23_07_547.jpg, 0, 0, 0, 17.89505
C:\Users\Owner\Downloads\simulator-windows-64\dataTrack1\IMG\center_2024_11_20_20_23_07_650.jpg, C:\Users\Owner\Downloads\simulator-windows-64\dataTrack1\IMG\left_2024_11_20_20_23_07_650.jpg, C:\Users\Owner\Downloads\simulator-windows-64\dataTrack1\IMG\right_2024_11_20_20_23_07_650.jpg, 0, 0.2026677, 0, 18.36934
C:\Users\Owner\Downloads\simulator-windows-64\dataTrack1\IMG\center_2024_11_20_20_23_07_755.jpg, C:\Users\Owner\Downloads\simulator-windows-64\dataTrack1\IMG\left_2024_11_20_20_23_07_755.jpg, C:\Users\Owner\Downloads\simulator-windows-64\dataTrack1\IMG\right_2024_11_20_20_23_07_755.jpg, 0, 0.0544032, 0, 17.80448
C:\Users\Owner\Downloads\simulator-windows-64\dataTrack1\IMG\center_2024_11_20_20_23_07_859.jpg, C:\Users\Owner\Downloads\simulator-windows-64\dataTrack1\IMG\left_2024_11_20_20_23_07_859.jpg, C:\Users\Owner\Downloads\simulator-windows-64\dataTrack1\IMG\right_2024_11_20_20_23_07_859.jpg, 0, 0.2139102, 0, 18.31284
C:\Users\Owner\Downloads\simulator-windows-64\dataTrack1\IMG\center_2024_11_20_20_23_07_964.jpg, C:\Users\Owner\Downloads\simulator-windows-64\dataTrack1\IMG\left_2024_11_20_20_23_07_964.jpg, C:\Users\Owner\Downloads\simulator-windows-64\dataTrack1\IMG\right_2024_11_20_20_23_07_964.jpg, 0, 0.1025295, 0, 18.20192
C:\Users\Owner\Downloads\simulator-windows-64\dataTrack1\IMG\center_2024_11_20_20_23_08_068.jpg, C:\Users\Owner\Downloads\simulator-windows-64\dataTrack1\IMG\left_2024_11_20_20_23_08_068.jpg, C:\Users\Owner\Downloads\simulator-windows-64\dataTrack1\IMG\right_2024_11_20_20_23_08_068.jpg, 0, 0.1056186, 0, 17.77447
C:\Users\Owner\Downloads\simulator-windows-64\dataTrack1\IMG\center_2024_11_20_20_23_08_173.jpg, C:\Users\Owner\Downloads\simulator-windows-64\dataTrack1\IMG\left_2024_11_20_20_23_08_173.jpg, C:\Users\Owner\Downloads\simulator-windows-64\dataTrack1\IMG\right_2024_11_20_20_23_08_173.jpg, 0, 0.4200945, 0, 18.34822
C:\Users\Owner\Downloads\simulator-windows-64\dataTrack1\IMG\center_2024_11_20_20_23_08_276.jpg, C:\Users\Owner\Downloads\simulator-windows-64\dataTrack1\IMG\left_2024_11_20_20_23_08_276.jpg, C:\Users\Owner\Downloads\simulator-windows-64\dataTrack1\IMG\right_2024_11_20_20_23_08_276.jpg, 0, 0.4208107, 0, 18.45659
C:\Users\Owner\Downloads\simulator-windows-64\dataTrack1\IMG\center_2024_11_20_20_23_08_382.jpg, C:\Users\Owner\Downloads\simulator-windows-64\dataTrack1\IMG\left_2024_11_20_20_23_08_382.jpg, C:\Users\Owner\Downloads\simulator-windows-64\dataTrack1\IMG\right_2024_11_20_20_23_08_382.jpg, -0.3165948, 0.1042159, 0, 18.51256
C:\Users\Owner\Downloads\simulator-windows-64\dataTrack1\IMG\center_2024_11_20_20_23_08_486.jpg, C:\Users\Owner\Downloads\simulator-windows-64\dataTrack1\IMG\left_2024_11_20_20_23_08_486.jpg, C:\Users\Owner\Downloads\simulator-windows-64\dataTrack1\IMG\right_2024_11_20_20_23_08_486.jpg, -0.004519813, 0.1047543, 0, 18.76382
C:\Users\Owner\Downloads\simulator-windows-64\dataTrack1\IMG\center_2024_11_20_20_23_08_591.jpg, C:\Users\Owner\Downloads\simulator-windows-64\dataTrack1\IMG\left_2024_11_20_20_23_08_591.jpg, C:\Users\Owner\Downloads\simulator-windows-64\dataTrack1\IMG\right_2024_11_20_20_23_08_591.jpg, 0, 0.09801239, 0, 18.3565
C:\Users\Owner\Downloads\simulator-windows-64\dataTrack1\IMG\center_2024_11_20_20_23_08_696.jpg, C:\Users\Owner\Downloads\simulator-windows-64\dataTrack1\IMG\left_2024_11_20_20_23_08_696.jpg, C:\Users\Owner\Downloads\simulator-windows-64\dataTrack1\IMG\right_2024_11_20_20_23_08_696.jpg, 0, 0, 0, 18.64163
C:\Users\Owner\Downloads\simulator-windows-64\dataTrack1\IMG\center_2024_11_20_20_23_08_798.jpg, C:\Users\Owner\Downloads\simulator-windows-64\dataTrack1\IMG\left_2024_11_20_20_23_08_798.jpg, C:\Users\Owner\Downloads\simulator-windows-64\dataTrack1\IMG\right_2024_11_20_20_23_08_798.jpg, 0, 0.105429, 0, 17.96042
C:\Users\Owner\Downloads\simulator-windows-64\dataTrack1\IMG\center_2024_11_20_20_23_08_901.jpg, C:\Users\Owner\Downloads\simulator-windows-64\dataTrack1\IMG\left_2024_11_20_20_23_08_901.jpg, C:\Users\Owner\Downloads\simulator-windows-64\dataTrack1\IMG\right_2024_11_20_20_23_08_901.jpg, -0.052269, 0.3634932, 0, 18.52325
C:\Users\Owner\Downloads\simulator-windows-64\dataTrack1\IMG\center_2024_11_20_20_23_09_006.jpg, C:\Users\Owner\Downloads\simulator-windows-64\dataTrack1\IMG\left_2024_11_20_20_23_09_006.jpg, C:\Users\Owner\Downloads\simulator-windows-64\dataTrack1\IMG\right_2024_11_20_20_23_09_006.jpg, -0.2127963, 0.1037409, 0, 18.63769
C:\Users\Owner\Downloads\simulator-windows-64\dataTrack1\IMG\center_2024_11_20_20_23_09_111.jpg, C:\Users\Owner\Downloads\simulator-windows-64\dataTrack1\IMG\left_2024_11_20_20_23_09_111.jpg, C:\Users\Owner\Downloads\simulator-windows-64\dataTrack1\IMG\right_2024_11_20_20_23_09_111.jpg, 0, 0.0531846, 0, 17.99781
C:\Users\Owner\Downloads\simulator-windows-64\dataTrack1\IMG\center_2024_11_20_20_23_09_215.jpg, C:\Users\Owner\Downloads\simulator-windows-64\dataTrack1\IMG\left_2024_11_20_20_23_09_215.jpg, C:\Users\Owner\Downloads\simulator-windows-64\dataTrack1\IMG\right_2024_11_20_20_23_09_215.jpg, 0, 0.3650154, 0, 18.50304
C:\Users\Owner\Downloads\simulator-windows-64\dataTrack1\IMG\center_2024_11_20_20_23_09_317.jpg, C:\Users\Owner\Downloads\simulator-windows-64\dataTrack1\IMG\left_2024_11_20_20_23_09_317.jpg, C:\Users\Owner\Downloads\simulator-windows-64\dataTrack1\IMG\right_2024_11_20_20_23_09_317.jpg, 0, 0.05864402, 0, 18.20524
C:\Users\Owner\Downloads\simulator-windows-64\dataTrack1\IMG\center_2024_11_20_20_23_09_422.jpg, C:\Users\Owner\Downloads\simulator-windows-64\dataTrack1\IMG\left_2024_11_20_20_23_09_422.jpg, C:\Users\Owner\Downloads\simulator-windows-64\dataTrack1\IMG\right_2024_11_20_20_23_09_422.jpg, 0, 0, 0, 17.9336
C:\Users\Owner\Downloads\simulator-windows-64\dataTrack1\IMG\center_2024_11_20_20_23_09_527.jpg, C:\Users\Owner\Downloads\simulator-windows-64\dataTrack1\IMG\left_2024_11_20_20_23_09_527.jpg, C:\Users\Owner\Downloads\simulator-windows-64\dataTrack1\IMG\right_2024_11_20_20_23_09_527.jpg, -0.3121815, 0, 0, 18.19553
C:\Users\Owner\Downloads\simulator-windows-64\dataTrack1\IMG\center_2024_11_20_20_23_09_632.jpg, C:\Users\Owner\Downloads\simulator-windows-64\dataTrack1\IMG\left_2024_11_20_20_23_09_632.jpg, C:\Users\Owner\Downloads\simulator-windows-64\dataTrack1\IMG\right_2024_11_20_20_23_09_632.jpg, 0, 0.1544004, 0, 17.56661
C:\Users\Owner\Downloads\simulator-windows-64\dataTrack1\IMG\center_2024_11_20_20_23_09_733.jpg, C:\Users\Owner\Downloads\simulator-windows-64\dataTrack1\IMG\left_2024_11_20_20_23_09_733.jpg, C:\Users\Owner\Downloads\simulator-windows-64\dataTrack1\IMG\right_2024_11_20_20_23_09_733.jpg, 0, 0.2679432, 0, 18.17445
C:\Users\Owner\Downloads\simulator-windows-64\dataTrack1\IMG\center_2024_11_20_20_23_09_837.jpg, C:\Users\Owner\Downloads\simulator-windows-64\dataTrack1\IMG\left_2024_11_20_20_23_09_837.jpg, C:\Users\Owner\Downloads\simulator-windows-64\dataTrack1\IMG\right_2024_11_20_20_23_09_837.jpg, 0, 0.06222842, 0, 17.7074
C:\Users\Owner\Downloads\simulator-windows-64\dataTrack1\IMG\center_2024_11_20_20_23_09_942.jpg, C:\Users\Owner\Downloads\simulator-windows-64\dataTrack1\IMG\left_2024_11_20_20_23_09_942.jpg, C:\Users\Owner\Downloads\simulator-windows-64\dataTrack1\IMG\right_2024_11_20_20_23_09_942.jpg, 0, 0.3213273, 0, 18.21479
C:\Users\Owner\Downloads\simulator-windows-64\dataTrack1\IMG\center_2024_11_20_20_23_10_046.jpg, C:\Users\Owner\Downloads\simulator-windows-64\dataTrack1\IMG\left_2024_11_20_20_23_10_046.jpg, C:\Users\Owner\Downloads\simulator-windows-64\dataTrack1\IMG\right_2024_11_20_20_23_10_046.jpg, 0, 0, 0, 18.21016
C:\Users\Owner\Downloads\simulator-windows-64\dataTrack1\IMG\center_2024_11_20_20_23_10_149.jpg, C:\Users\Owner\Downloads\simulator-windows-64\dataTrack1\IMG\left_2024_11_20_20_23_10_149.jpg, C:\Users\Owner\Downloads\simulator-windows-64\dataTrack1\IMG\right_2024_11_20_20_23_10_149.jpg, 0, 0.3071877, 0, 17.76555
C:\Users\Owner\Downloads\simulator-windows-64\dataTrack1\IMG\center_2024_11_20_20_23_10_253.jpg, C:\Users\Owner\Downloads\simulator-windows-64\dataTrack1\IMG\left_2024_11_20_20_23_10_253.jpg, C:\Users\Owner\Downloads\simulator-windows-64\dataTrack1\IMG\right_2024_11_20_20_23_10_253.jpg, 0, 0.6221117, 0, 18.55032
C:\Users\Owner\Downloads\simulator-windows-64\dataTrack1\IMG\center_2024_11_20_20_23_10_358.jpg, C:\Users\Owner\Downloads\simulator-windows-64\dataTrack1\IMG\left_2024_11_20_20_23_10_358.jpg, C:\Users\Owner\Downloads\simulator-windows-64\dataTrack1\IMG\right_2024_11_20_20_23_10_358.jpg, 0, 0.936243, 0, 19.04262
C:\Users\Owner\Downloads\simulator-windows-64\dataTrack1\IMG\center_2024_11_20_20_23_10_462.jpg, C:\Users\Owner\Downloads\simulator-windows-64\dataTrack1\IMG\left_2024_11_20_20_23_10_462.jpg, C:\Users\Owner\Downloads\simulator-windows-64\dataTrack1\IMG\right_2024_11_20_20_23_10_462.jpg, 0, 1, 0, 20.32213
C:\Users\Owner\Downloads\simulator-windows-64\dataTrack1\IMG\center_2024_11_20_20_23_10_568.jpg, C:\Users\Owner\Downloads\simulator-windows-64\dataTrack1\IMG\left_2024_11_20_20_23_10_568.jpg, C:\Users\Owner\Downloads\simulator-windows-64\dataTrack1\IMG\right_2024_11_20_20_23_10_568.jpg, 0, 1, 0, 21.41278
C:\Users\Owner\Downloads\simulator-windows-64\dataTrack1\IMG\center_2024_11_20_20_23_10_669.jpg, C:\Users\Owner\Downloads\simulator-windows-64\dataTrack1\IMG\left_2024_11_20_20_23_10_669.jpg, C:\Users\Owner\Downloads\simulator-windows-64\dataTrack1\IMG\right_2024_11_20_20_23_10_669.jpg, 0, 1, 0, 22.35754
C:\Users\Owner\Downloads\simulator-windows-64\dataTrack1\IMG\center_2024_11_20_20_23_10_774.jpg, C:\Users\Owner\Downloads\simulator-windows-64\dataTrack1\IMG\left_2024_11_20_20_23_10_774.jpg, C:\Users\Owner\Downloads\simulator-windows-64\dataTrack1\IMG\right_2024_11_20_20_23_10_774.jpg, 0, 1, 0, 23.36461
C:\Users\Owner\Downloads\simulator-windows-64\dataTrack1\IMG\center_2024_11_20_20_23_10_879.jpg, C:\Users\Owner\Downloads\simulator-windows-64\dataTrack1\IMG\left_2024_11_20_20_23_10_879.jpg, C:\Users\Owner\Downloads\simulator-windows-64\dataTrack1\IMG\right_2024_11_20_20_23_10_879.jpg, 0, 1, 0, 24.33012
C:\Users\Owner\Downloads\simulator-windows-64\dataTrack1\IMG\center_2024_11_20_20_23_10_982.jpg, C:\Users\Owner\Downloads\simulator-windows-64\dataTrack1\IMG\left_2024_11_20_20_23_10_982.jpg, C:\Users\Owner\Downloads\simulator-windows-64\dataTrack1\IMG\right_2024_11_20_20_23_10_982.jpg, -0.0507168, 1, 0, 25.4861
C:\Users\Owner\Downloads\simulator-windows-64\dataTrack1\IMG\center_2024_11_20_20_23_11_084.jpg, C:\Users\Owner\Downloads\simulator-windows-64\dataTrack1\IMG\left_2024_11_20_20_23_11_084.jpg, C:\Users\Owner\Downloads\simulator-windows-64\dataTrack1\IMG\right_2024_11_20_20_23_11_084.jpg, 0, 0.6932207, 0, 26.24618
C:\Users\Owner\Downloads\simulator-windows-64\dataTrack1\IMG\center_2024_11_20_20_23_11_188.jpg, C:\Users\Owner\Downloads\simulator-windows-64\dataTrack1\IMG\left_2024_11_20_20_23_11_188.jpg, C:\Users\Owner\Downloads\simulator-windows-64\dataTrack1\IMG\right_2024_11_20_20_23_11_188.jpg, 0, 0.3827822, 0, 26.62221
C:\Users\Owner\Downloads\simulator-windows-64\dataTrack1\IMG\center_2024_11_20_20_23_11_294.jpg, C:\Users\Owner\Downloads\simulator-windows-64\dataTrack1\IMG\left_2024_11_20_20_23_11_294.jpg, C:\Users\Owner\Downloads\simulator-windows-64\dataTrack1\IMG\right_2024_11_20_20_23_11_294.jpg, 0, 0.06462707, 0, 26.62933
C:\Users\Owner\Downloads\simulator-windows-64\dataTrack1\IMG\center_2024_11_20_20_23_11_397.jpg, C:\Users\Owner\Downloads\simulator-windows-64\dataTrack1\IMG\left_2024_11_20_20_23_11_397.jpg, C:\Users\Owner\Downloads\simulator-windows-64\dataTrack1\IMG\right_2024_11_20_20_23_11_397.jpg, -0.2086917, 0, 0, 26.35298
C:\Users\Owner\Downloads\simulator-windows-64\dataTrack1\IMG\center_2024_11_20_20_23_11_500.jpg, C:\Users\Owner\Downloads\simulator-windows-64\dataTrack1\IMG\left_2024_11_20_20_23_11_500.jpg, C:\Users\Owner\Downloads\simulator-windows-64\dataTrack1\IMG\right_2024_11_20_20_23_11_500.jpg, -0.2797674, 0, 0, 25.98993
C:\Users\Owner\Downloads\simulator-windows-64\dataTrack1\IMG\center_2024_11_20_20_23_11_604.jpg, C:\Users\Owner\Downloads\simulator-windows-64\dataTrack1\IMG\left_2024_11_20_20_23_11_604.jpg, C:\Users\Owner\Downloads\simulator-windows-64\dataTrack1\IMG\right_2024_11_20_20_23_11_604.jpg, 0, 0, 0, 25.67316
C:\Users\Owner\Downloads\simulator-windows-64\dataTrack1\IMG\center_2024_11_20_20_23_11_710.jpg, C:\Users\Owner\Downloads\simulator-windows-64\dataTrack1\IMG\left_2024_11_20_20_23_11_710.jpg, C:\Users\Owner\Downloads\simulator-windows-64\dataTrack1\IMG\right_2024_11_20_20_23_11_710.jpg, 0, 0.1062732, 0, 25.43191
C:\Users\Owner\Downloads\simulator-windows-64\dataTrack1\IMG\center_2024_11_20_20_23_11_811.jpg, C:\Users\Owner\Downloads\simulator-windows-64\dataTrack1\IMG\left_2024_11_20_20_23_11_811.jpg, C:\Users\Owner\Downloads\simulator-windows-64\dataTrack1\IMG\right_2024_11_20_20_23_11_811.jpg, 0, 0.2997579, 0, 25.47888
C:\Users\Owner\Downloads\simulator-windows-64\dataTrack1\IMG\center_2024_11_20_20_23_11_914.jpg, C:\Users\Owner\Downloads\simulator-windows-64\dataTrack1\IMG\left_2024_11_20_20_23_11_914.jpg, C:\Users\Owner\Downloads\simulator-windows-64\dataTrack1\IMG\right_2024_11_20_20_23_11_914.jpg, 0, 0, 0, 25.41377
C:\Users\Owner\Downloads\simulator-windows-64\dataTrack1\IMG\center_2024_11_20_20_23_12_018.jpg, C:\Users\Owner\Downloads\simulator-windows-64\dataTrack1\IMG\left_2024_11_20_20_23_12_018.jpg, C:\Users\Owner\Downloads\simulator-windows-64\dataTrack1\IMG\right_2024_11_20_20_23_12_018.jpg, 0, 0.3123291, 0, 25.31007
C:\Users\Owner\Downloads\simulator-windows-64\dataTrack1\IMG\center_2024_11_20_20_23_12_122.jpg, C:\Users\Owner\Downloads\simulator-windows-64\dataTrack1\IMG\left_2024_11_20_20_23_12_122.jpg, C:\Users\Owner\Downloads\simulator-windows-64\dataTrack1\IMG\right_2024_11_20_20_23_12_122.jpg, 0, 0.05360732, 0, 25.2967
C:\Users\Owner\Downloads\simulator-windows-64\dataTrack1\IMG\center_2024_11_20_20_23_12_227.jpg, C:\Users\Owner\Downloads\simulator-windows-64\dataTrack1\IMG\left_2024_11_20_20_23_12_227.jpg, C:\Users\Owner\Downloads\simulator-windows-64\dataTrack1\IMG\right_2024_11_20_20_23_12_227.jpg, 0, 0.3184743, 0, 25.36114
C:\Users\Owner\Downloads\simulator-windows-64\dataTrack1\IMG\center_2024_11_20_20_23_12_331.jpg, C:\Users\Owner\Downloads\simulator-windows-64\dataTrack1\IMG\left_2024_11_20_20_23_12_331.jpg, C:\Users\Owner\Downloads\simulator-windows-64\dataTrack1\IMG\right_2024_11_20_20_23_12_331.jpg, 0, 0.2116323, 0, 25.33705
C:\Users\Owner\Downloads\simulator-windows-64\dataTrack1\IMG\center_2024_11_20_20_23_12_436.jpg, C:\Users\Owner\Downloads\simulator-windows-64\dataTrack1\IMG\left_2024_11_20_20_23_12_436.jpg, C:\Users\Owner\Downloads\simulator-windows-64\dataTrack1\IMG\right_2024_11_20_20_23_12_436.jpg, 0, 0.4171179, 0, 25.51221
C:\Users\Owner\Downloads\simulator-windows-64\dataTrack1\IMG\center_2024_11_20_20_23_12_538.jpg, C:\Users\Owner\Downloads\simulator-windows-64\dataTrack1\IMG\left_2024_11_20_20_23_12_538.jpg, C:\Users\Owner\Downloads\simulator-windows-64\dataTrack1\IMG\right_2024_11_20_20_23_12_538.jpg, -0.1566774, 0.1111032, 0, 25.60157
C:\Users\Owner\Downloads\simulator-windows-64\dataTrack1\IMG\center_2024_11_20_20_23_12_642.jpg, C:\Users\Owner\Downloads\simulator-windows-64\dataTrack1\IMG\left_2024_11_20_20_23_12_642.jpg, C:\Users\Owner\Downloads\simulator-windows-64\dataTrack1\IMG\right_2024_11_20_20_23_12_642.jpg, -0.4688529, 0, 0, 25.16902
C:\Users\Owner\Downloads\simulator-windows-64\dataTrack1\IMG\center_2024_11_20_20_23_12_747.jpg, C:\Users\Owner\Downloads\simulator-windows-64\dataTrack1\IMG\left_2024_11_20_20_23_12_747.jpg, C:\Users\Owner\Downloads\simulator-windows-64\dataTrack1\IMG\right_2024_11_20_20_23_12_747.jpg, -0.1532415, 0.1040619, 0, 24.91678
C:\Users\Owner\Downloads\simulator-windows-64\dataTrack1\IMG\center_2024_11_20_20_23_12_850.jpg, C:\Users\Owner\Downloads\simulator-windows-64\dataTrack1\IMG\left_2024_11_20_20_23_12_850.jpg, C:\Users\Owner\Downloads\simulator-windows-64\dataTrack1\IMG\right_2024_11_20_20_23_12_850.jpg, 0, 0.3079698, 0, 24.97688
C:\Users\Owner\Downloads\simulator-windows-64\dataTrack1\IMG\center_2024_11_20_20_23_12_954.jpg, C:\Users\Owner\Downloads\simulator-windows-64\dataTrack1\IMG\left_2024_11_20_20_23_12_954.jpg, C:\Users\Owner\Downloads\simulator-windows-64\dataTrack1\IMG\right_2024_11_20_20_23_12_954.jpg, 0, 0, 0, 24.91263
C:\Users\Owner\Downloads\simulator-windows-64\dataTrack1\IMG\center_2024_11_20_20_23_13_060.jpg, C:\Users\Owner\Downloads\simulator-windows-64\dataTrack1\IMG\left_2024_11_20_20_23_13_060.jpg, C:\Users\Owner\Downloads\simulator-windows-64\dataTrack1\IMG\right_2024_11_20_20_23_13_060.jpg, 0, 0.3161703, 0, 24.8136
C:\Users\Owner\Downloads\simulator-windows-64\dataTrack1\IMG\center_2024_11_20_20_23_13_163.jpg, C:\Users\Owner\Downloads\simulator-windows-64\dataTrack1\IMG\left_2024_11_20_20_23_13_163.jpg, C:\Users\Owner\Downloads\simulator-windows-64\dataTrack1\IMG\right_2024_11_20_20_23_13_163.jpg, 0, 0.005749479, 0, 24.7654
C:\Users\Owner\Downloads\simulator-windows-64\dataTrack1\IMG\center_2024_11_20_20_23_13_266.jpg, C:\Users\Owner\Downloads\simulator-windows-64\dataTrack1\IMG\left_2024_11_20_20_23_13_266.jpg, C:\Users\Owner\Downloads\simulator-windows-64\dataTrack1\IMG\right_2024_11_20_20_23_13_266.jpg, 0, 0, 0, 24.51893
C:\Users\Owner\Downloads\simulator-windows-64\dataTrack1\IMG\center_2024_11_20_20_23_13_368.jpg, C:\Users\Owner\Downloads\simulator-windows-64\dataTrack1\IMG\left_2024_11_20_20_23_13_368.jpg, C:\Users\Owner\Downloads\simulator-windows-64\dataTrack1\IMG\right_2024_11_20_20_23_13_368.jpg, 0.150996, 0, 0, 24.26332
C:\Users\Owner\Downloads\simulator-windows-64\dataTrack1\IMG\center_2024_11_20_20_23_13_472.jpg, C:\Users\Owner\Downloads\simulator-windows-64\dataTrack1\IMG\left_2024_11_20_20_23_13_472.jpg, C:\Users\Owner\Downloads\simulator-windows-64\dataTrack1\IMG\right_2024_11_20_20_23_13_472.jpg, 0.3580542, 0, 0, 23.91278
C:\Users\Owner\Downloads\simulator-windows-64\dataTrack1\IMG\center_2024_11_20_20_23_13_578.jpg, C:\Users\Owner\Downloads\simulator-windows-64\dataTrack1\IMG\left_2024_11_20_20_23_13_578.jpg, C:\Users\Owner\Downloads\simulator-windows-64\dataTrack1\IMG\right_2024_11_20_20_23_13_578.jpg, 0.04226249, 0, 0, 23.6656
C:\Users\Owner\Downloads\simulator-windows-64\dataTrack1\IMG\center_2024_11_20_20_23_13_681.jpg, C:\Users\Owner\Downloads\simulator-windows-64\dataTrack1\IMG\left_2024_11_20_20_23_13_681.jpg, C:\Users\Owner\Downloads\simulator-windows-64\dataTrack1\IMG\right_2024_11_20_20_23_13_681.jpg, 0, 0.1043457, 0, 23.43906
C:\Users\Owner\Downloads\simulator-windows-64\dataTrack1\IMG\center_2024_11_20_20_23_13_784.jpg, C:\Users\Owner\Downloads\simulator-windows-64\dataTrack1\IMG\left_2024_11_20_20_23_13_784.jpg, C:\Users\Owner\Downloads\simulator-windows-64\dataTrack1\IMG\right_2024_11_20_20_23_13_784.jpg, 0, 0.2686965, 0, 23.56501
C:\Users\Owner\Downloads\simulator-windows-64\dataTrack1\IMG\center_2024_11_20_20_23_13_889.jpg, C:\Users\Owner\Downloads\simulator-windows-64\dataTrack1\IMG\left_2024_11_20_20_23_13_889.jpg, C:\Users\Owner\Downloads\simulator-windows-64\dataTrack1\IMG\right_2024_11_20_20_23_13_889.jpg, 0, 0.2691066, 0, 23.54222
C:\Users\Owner\Downloads\simulator-windows-64\dataTrack1\IMG\center_2024_11_20_20_23_13_993.jpg, C:\Users\Owner\Downloads\simulator-windows-64\dataTrack1\IMG\left_2024_11_20_20_23_13_993.jpg, C:\Users\Owner\Downloads\simulator-windows-64\dataTrack1\IMG\right_2024_11_20_20_23_13_993.jpg, 0, 0.2673206, 0, 23.72108
C:\Users\Owner\Downloads\simulator-windows-64\dataTrack1\IMG\center_2024_11_20_20_23_14_096.jpg, C:\Users\Owner\Downloads\simulator-windows-64\dataTrack1\IMG\left_2024_11_20_20_23_14_096.jpg, C:\Users\Owner\Downloads\simulator-windows-64\dataTrack1\IMG\right_2024_11_20_20_23_14_096.jpg, 0, 0, 0, 23.65797
C:\Users\Owner\Downloads\simulator-windows-64\dataTrack1\IMG\center_2024_11_20_20_23_14_201.jpg, C:\Users\Owner\Downloads\simulator-windows-64\dataTrack1\IMG\left_2024_11_20_20_23_14_201.jpg, C:\Users\Owner\Downloads\simulator-windows-64\dataTrack1\IMG\right_2024_11_20_20_23_14_201.jpg, 0, 0.2642049, 0, 23.56022
C:\Users\Owner\Downloads\simulator-windows-64\dataTrack1\IMG\center_2024_11_20_20_23_14_304.jpg, C:\Users\Owner\Downloads\simulator-windows-64\dataTrack1\IMG\left_2024_11_20_20_23_14_304.jpg, C:\Users\Owner\Downloads\simulator-windows-64\dataTrack1\IMG\right_2024_11_20_20_23_14_304.jpg, 0, 0.01056059, 0, 23.51816
C:\Users\Owner\Downloads\simulator-windows-64\dataTrack1\IMG\center_2024_11_20_20_23_14_410.jpg, C:\Users\Owner\Downloads\simulator-windows-64\dataTrack1\IMG\left_2024_11_20_20_23_14_410.jpg, C:\Users\Owner\Downloads\simulator-windows-64\dataTrack1\IMG\right_2024_11_20_20_23_14_410.jpg, -0.2081646, 0, 0, 23.24489
C:\Users\Owner\Downloads\simulator-windows-64\dataTrack1\IMG\center_2024_11_20_20_23_14_513.jpg, C:\Users\Owner\Downloads\simulator-windows-64\dataTrack1\IMG\left_2024_11_20_20_23_14_513.jpg, C:\Users\Owner\Downloads\simulator-windows-64\dataTrack1\IMG\right_2024_11_20_20_23_14_513.jpg, 0, 0.3076314, 0, 23.18116
C:\Users\Owner\Downloads\simulator-windows-64\dataTrack1\IMG\center_2024_11_20_20_23_14_615.jpg, C:\Users\Owner\Downloads\simulator-windows-64\dataTrack1\IMG\left_2024_11_20_20_23_14_615.jpg, C:\Users\Owner\Downloads\simulator-windows-64\dataTrack1\IMG\right_2024_11_20_20_23_14_615.jpg, 0, 0.1770149, 0, 23.34487
C:\Users\Owner\Downloads\simulator-windows-64\dataTrack1\IMG\center_2024_11_20_20_23_14_721.jpg, C:\Users\Owner\Downloads\simulator-windows-64\dataTrack1\IMG\left_2024_11_20_20_23_14_721.jpg, C:\Users\Owner\Downloads\simulator-windows-64\dataTrack1\IMG\right_2024_11_20_20_23_14_721.jpg, 0, 0.0539898, 0, 23.1858
C:\Users\Owner\Downloads\simulator-windows-64\dataTrack1\IMG\center_2024_11_20_20_23_14_821.jpg, C:\Users\Owner\Downloads\simulator-windows-64\dataTrack1\IMG\left_2024_11_20_20_23_14_821.jpg, C:\Users\Owner\Downloads\simulator-windows-64\dataTrack1\IMG\right_2024_11_20_20_23_14_821.jpg, 0, 0.3064425, 0, 23.16279
C:\Users\Owner\Downloads\simulator-windows-64\dataTrack1\IMG\center_2024_11_20_20_23_14_928.jpg, C:\Users\Owner\Downloads\simulator-windows-64\dataTrack1\IMG\left_2024_11_20_20_23_14_928.jpg, C:\Users\Owner\Downloads\simulator-windows-64\dataTrack1\IMG\right_2024_11_20_20_23_14_928.jpg, 0, 0.0393207, 0, 23.17333
C:\Users\Owner\Downloads\simulator-windows-64\dataTrack1\IMG\center_2024_11_20_20_23_15_032.jpg, C:\Users\Owner\Downloads\simulator-windows-64\dataTrack1\IMG\left_2024_11_20_20_23_15_032.jpg, C:\Users\Owner\Downloads\simulator-windows-64\dataTrack1\IMG\right_2024_11_20_20_23_15_032.jpg, -0.04949011, 0.2299083, 0, 23.04233
C:\Users\Owner\Downloads\simulator-windows-64\dataTrack1\IMG\center_2024_11_20_20_23_15_134.jpg, C:\Users\Owner\Downloads\simulator-windows-64\dataTrack1\IMG\left_2024_11_20_20_23_15_134.jpg, C:\Users\Owner\Downloads\simulator-windows-64\dataTrack1\IMG\right_2024_11_20_20_23_15_134.jpg, 0, 0.1205493, 0, 23.12214
C:\Users\Owner\Downloads\simulator-windows-64\dataTrack1\IMG\center_2024_11_20_20_23_15_238.jpg, C:\Users\Owner\Downloads\simulator-windows-64\dataTrack1\IMG\left_2024_11_20_20_23_15_238.jpg, C:\Users\Owner\Downloads\simulator-windows-64\dataTrack1\IMG\right_2024_11_20_20_23_15_238.jpg, 0, 0.1547265, 0, 22.94921
C:\Users\Owner\Downloads\simulator-windows-64\dataTrack1\IMG\center_2024_11_20_20_23_15_345.jpg, C:\Users\Owner\Downloads\simulator-windows-64\dataTrack1\IMG\left_2024_11_20_20_23_15_345.jpg, C:\Users\Owner\Downloads\simulator-windows-64\dataTrack1\IMG\right_2024_11_20_20_23_15_345.jpg, -0.1034691, 0.2683962, 0, 23.09404
C:\Users\Owner\Downloads\simulator-windows-64\dataTrack1\IMG\center_2024_11_20_20_23_15_447.jpg, C:\Users\Owner\Downloads\simulator-windows-64\dataTrack1\IMG\left_2024_11_20_20_23_15_447.jpg, C:\Users\Owner\Downloads\simulator-windows-64\dataTrack1\IMG\right_2024_11_20_20_23_15_447.jpg, -0.2054571, 0, 0, 22.9247
C:\Users\Owner\Downloads\simulator-windows-64\dataTrack1\IMG\center_2024_11_20_20_23_15_551.jpg, C:\Users\Owner\Downloads\simulator-windows-64\dataTrack1\IMG\left_2024_11_20_20_23_15_551.jpg, C:\Users\Owner\Downloads\simulator-windows-64\dataTrack1\IMG\right_2024_11_20_20_23_15_551.jpg, 0, 0.0543594, 0, 22.69404
C:\Users\Owner\Downloads\simulator-windows-64\dataTrack1\IMG\center_2024_11_20_20_23_15_653.jpg, C:\Users\Owner\Downloads\simulator-windows-64\dataTrack1\IMG\left_2024_11_20_20_23_15_653.jpg, C:\Users\Owner\Downloads\simulator-windows-64\dataTrack1\IMG\right_2024_11_20_20_23_15_653.jpg, 0, 0.3602121, 0, 22.71296
C:\Users\Owner\Downloads\simulator-windows-64\dataTrack1\IMG\center_2024_11_20_20_23_15_756.jpg, C:\Users\Owner\Downloads\simulator-windows-64\dataTrack1\IMG\left_2024_11_20_20_23_15_756.jpg, C:\Users\Owner\Downloads\simulator-windows-64\dataTrack1\IMG\right_2024_11_20_20_23_15_756.jpg, 0, 0.04867771, 0, 22.78852
C:\Users\Owner\Downloads\simulator-windows-64\dataTrack1\IMG\center_2024_11_20_20_23_15_862.jpg, C:\Users\Owner\Downloads\simulator-windows-64\dataTrack1\IMG\left_2024_11_20_20_23_15_862.jpg, C:\Users\Owner\Downloads\simulator-windows-64\dataTrack1\IMG\right_2024_11_20_20_23_15_862.jpg, 0, 0, 0, 22.5082
C:\Users\Owner\Downloads\simulator-windows-64\dataTrack1\IMG\center_2024_11_20_20_23_15_970.jpg, C:\Users\Owner\Downloads\simulator-windows-64\dataTrack1\IMG\left_2024_11_20_20_23_15_970.jpg, C:\Users\Owner\Downloads\simulator-windows-64\dataTrack1\IMG\right_2024_11_20_20_23_15_970.jpg, -0.2026275, 0.3234759, 0, 22.44528
C:\Users\Owner\Downloads\simulator-windows-64\dataTrack1\IMG\center_2024_11_20_20_23_16_073.jpg, C:\Users\Owner\Downloads\simulator-windows-64\dataTrack1\IMG\left_2024_11_20_20_23_16_073.jpg, C:\Users\Owner\Downloads\simulator-windows-64\dataTrack1\IMG\right_2024_11_20_20_23_16_073.jpg, 0, 0.01395511, 0, 22.45978
C:\Users\Owner\Downloads\simulator-windows-64\dataTrack1\IMG\center_2024_11_20_20_23_16_177.jpg, C:\Users\Owner\Downloads\simulator-windows-64\dataTrack1\IMG\left_2024_11_20_20_23_16_177.jpg, C:\Users\Owner\Downloads\simulator-windows-64\dataTrack1\IMG\right_2024_11_20_20_23_16_177.jpg, 0, 0, 0, 22.1846
C:\Users\Owner\Downloads\simulator-windows-64\dataTrack1\IMG\center_2024_11_20_20_23_16_281.jpg, C:\Users\Owner\Downloads\simulator-windows-64\dataTrack1\IMG\left_2024_11_20_20_23_16_281.jpg, C:\Users\Owner\Downloads\simulator-windows-64\dataTrack1\IMG\right_2024_11_20_20_23_16_281.jpg, 0, 0, 0, 22.02028
C:\Users\Owner\Downloads\simulator-windows-64\dataTrack1\IMG\center_2024_11_20_20_23_16_384.jpg, C:\Users\Owner\Downloads\simulator-windows-64\dataTrack1\IMG\left_2024_11_20_20_23_16_384.jpg, C:\Users\Owner\Downloads\simulator-windows-64\dataTrack1\IMG\right_2024_11_20_20_23_16_384.jpg, 0, 0.308025, 0, 22.00133
C:\Users\Owner\Downloads\simulator-windows-64\dataTrack1\IMG\center_2024_11_20_20_23_16_487.jpg, C:\Users\Owner\Downloads\simulator-windows-64\dataTrack1\IMG\left_2024_11_20_20_23_16_487.jpg, C:\Users\Owner\Downloads\simulator-windows-64\dataTrack1\IMG\right_2024_11_20_20_23_16_487.jpg, 0, 0.3056739, 0, 22.14846
C:\Users\Owner\Downloads\simulator-windows-64\dataTrack1\IMG\center_2024_11_20_20_23_16_591.jpg, C:\Users\Owner\Downloads\simulator-windows-64\dataTrack1\IMG\left_2024_11_20_20_23_16_591.jpg, C:\Users\Owner\Downloads\simulator-windows-64\dataTrack1\IMG\right_2024_11_20_20_23_16_591.jpg, 0, 0.4080582, 0, 22.3773
C:\Users\Owner\Downloads\simulator-windows-64\dataTrack1\IMG\center_2024_11_20_20_23_16_695.jpg, C:\Users\Owner\Downloads\simulator-windows-64\dataTrack1\IMG\left_2024_11_20_20_23_16_695.jpg, C:\Users\Owner\Downloads\simulator-windows-64\dataTrack1\IMG\right_2024_11_20_20_23_16_695.jpg, 0, 0.406023, 0, 22.65061
C:\Users\Owner\Downloads\simulator-windows-64\dataTrack1\IMG\center_2024_11_20_20_23_16_800.jpg, C:\Users\Owner\Downloads\simulator-windows-64\dataTrack1\IMG\left_2024_11_20_20_23_16_800.jpg, C:\Users\Owner\Downloads\simulator-windows-64\dataTrack1\IMG\right_2024_11_20_20_23_16_800.jpg, 0, 0.4835916, 0, 22.95232
C:\Users\Owner\Downloads\simulator-windows-64\dataTrack1\IMG\center_2024_11_20_20_23_16_903.jpg, C:\Users\Owner\Downloads\simulator-windows-64\dataTrack1\IMG\left_2024_11_20_20_23_16_903.jpg, C:\Users\Owner\Downloads\simulator-windows-64\dataTrack1\IMG\right_2024_11_20_20_23_16_903.jpg, 0, 0.5279721, 0, 23.55732
C:\Users\Owner\Downloads\simulator-windows-64\dataTrack1\IMG\center_2024_11_20_20_23_17_006.jpg, C:\Users\Owner\Downloads\simulator-windows-64\dataTrack1\IMG\left_2024_11_20_20_23_17_006.jpg, C:\Users\Owner\Downloads\simulator-windows-64\dataTrack1\IMG\right_2024_11_20_20_23_17_006.jpg, 0, 0.2182866, 0, 23.72043
C:\Users\Owner\Downloads\simulator-windows-64\dataTrack1\IMG\center_2024_11_20_20_23_17_112.jpg, C:\Users\Owner\Downloads\simulator-windows-64\dataTrack1\IMG\left_2024_11_20_20_23_17_112.jpg, C:\Users\Owner\Downloads\simulator-windows-64\dataTrack1\IMG\right_2024_11_20_20_23_17_112.jpg, 0, 0, 0, 23.59153
C:\Users\Owner\Downloads\simulator-windows-64\dataTrack1\IMG\center_2024_11_20_20_23_17_216.jpg, C:\Users\Owner\Downloads\simulator-windows-64\dataTrack1\IMG\left_2024_11_20_20_23_17_216.jpg, C:\Users\Owner\Downloads\simulator-windows-64\dataTrack1\IMG\right_2024_11_20_20_23_17_216.jpg, 0, 0, 0, 23.33925
C:\Users\Owner\Downloads\simulator-windows-64\dataTrack1\IMG\center_2024_11_20_20_23_17_322.jpg, C:\Users\Owner\Downloads\simulator-windows-64\dataTrack1\IMG\left_2024_11_20_20_23_17_322.jpg, C:\Users\Owner\Downloads\simulator-windows-64\dataTrack1\IMG\right_2024_11_20_20_23_17_322.jpg, 0, 0, 0, 23.1107
C:\Users\Owner\Downloads\simulator-windows-64\dataTrack1\IMG\center_2024_11_20_20_23_17_422.jpg, C:\Users\Owner\Downloads\simulator-windows-64\dataTrack1\IMG\left_2024_11_20_20_23_17_422.jpg, C:\Users\Owner\Downloads\simulator-windows-64\dataTrack1\IMG\right_2024_11_20_20_23_17_422.jpg, -0.360339, 0, 0, 22.7552
C:\Users\Owner\Downloads\simulator-windows-64\dataTrack1\IMG\center_2024_11_20_20_23_17_526.jpg, C:\Users\Owner\Downloads\simulator-windows-64\dataTrack1\IMG\left_2024_11_20_20_23_17_526.jpg, C:\Users\Owner\Downloads\simulator-windows-64\dataTrack1\IMG\right_2024_11_20_20_23_17_526.jpg, -0.2527191, 0, 0, 22.45622
C:\Users\Owner\Downloads\simulator-windows-64\dataTrack1\IMG\center_2024_11_20_20_23_17_632.jpg, C:\Users\Owner\Downloads\simulator-windows-64\dataTrack1\IMG\left_2024_11_20_20_23_17_632.jpg, C:\Users\Owner\Downloads\simulator-windows-64\dataTrack1\IMG\right_2024_11_20_20_23_17_632.jpg, 0, 0.2305548, 0, 22.32067
C:\Users\Owner\Downloads\simulator-windows-64\dataTrack1\IMG\center_2024_11_20_20_23_17_735.jpg, C:\Users\Owner\Downloads\simulator-windows-64\dataTrack1\IMG\left_2024_11_20_20_23_17_735.jpg, C:\Users\Owner\Downloads\simulator-windows-64\dataTrack1\IMG\right_2024_11_20_20_23_17_735.jpg, 0, 0, 0, 22.2174
C:\Users\Owner\Downloads\simulator-windows-64\dataTrack1\IMG\center_2024_11_20_20_23_17_836.jpg, C:\Users\Owner\Downloads\simulator-windows-64\dataTrack1\IMG\left_2024_11_20_20_23_17_836.jpg, C:\Users\Owner\Downloads\simulator-windows-64\dataTrack1\IMG\right_2024_11_20_20_23_17_836.jpg, 0, 0.1531965, 0, 22.0081
C:\Users\Owner\Downloads\simulator-windows-64\dataTrack1\IMG\center_2024_11_20_20_23_17_940.jpg, C:\Users\Owner\Downloads\simulator-windows-64\dataTrack1\IMG\left_2024_11_20_20_23_17_940.jpg, C:\Users\Owner\Downloads\simulator-windows-64\dataTrack1\IMG\right_2024_11_20_20_23_17_940.jpg, 0, 0.1069731, 0, 22.0409
C:\Users\Owner\Downloads\simulator-windows-64\dataTrack1\IMG\center_2024_11_20_20_23_18_046.jpg, C:\Users\Owner\Downloads\simulator-windows-64\dataTrack1\IMG\left_2024_11_20_20_23_18_046.jpg, C:\Users\Owner\Downloads\simulator-windows-64\dataTrack1\IMG\right_2024_11_20_20_23_18_046.jpg, 0, 0.1597083, 0, 21.83262
C:\Users\Owner\Downloads\simulator-windows-64\dataTrack1\IMG\center_2024_11_20_20_23_18_147.jpg, C:\Users\Owner\Downloads\simulator-windows-64\dataTrack1\IMG\left_2024_11_20_20_23_18_147.jpg, C:\Users\Owner\Downloads\simulator-windows-64\dataTrack1\IMG\right_2024_11_20_20_23_18_147.jpg, 0, 0.1638393, 0, 21.92518
C:\Users\Owner\Downloads\simulator-windows-64\dataTrack1\IMG\center_2024_11_20_20_23_18_252.jpg, C:\Users\Owner\Downloads\simulator-windows-64\dataTrack1\IMG\left_2024_11_20_20_23_18_252.jpg, C:\Users\Owner\Downloads\simulator-windows-64\dataTrack1\IMG\right_2024_11_20_20_23_18_252.jpg, 0, 0.1050471, 0, 21.75176
C:\Users\Owner\Downloads\simulator-windows-64\dataTrack1\IMG\center_2024_11_20_20_23_18_354.jpg, C:\Users\Owner\Downloads\simulator-windows-64\dataTrack1\IMG\left_2024_11_20_20_23_18_354.jpg, C:\Users\Owner\Downloads\simulator-windows-64\dataTrack1\IMG\right_2024_11_20_20_23_18_354.jpg, 0, 0.203838, 0, 21.8026
C:\Users\Owner\Downloads\simulator-windows-64\dataTrack1\IMG\center_2024_11_20_20_23_18_462.jpg, C:\Users\Owner\Downloads\simulator-windows-64\dataTrack1\IMG\left_2024_11_20_20_23_18_462.jpg, C:\Users\Owner\Downloads\simulator-windows-64\dataTrack1\IMG\right_2024_11_20_20_23_18_462.jpg, 0, 0, 0, 21.69655
C:\Users\Owner\Downloads\simulator-windows-64\dataTrack1\IMG\center_2024_11_20_20_23_18_566.jpg, C:\Users\Owner\Downloads\simulator-windows-64\dataTrack1\IMG\left_2024_11_20_20_23_18_566.jpg, C:\Users\Owner\Downloads\simulator-windows-64\dataTrack1\IMG\right_2024_11_20_20_23_18_566.jpg, 0, 0, 0, 21.43915
C:\Users\Owner\Downloads\simulator-windows-64\dataTrack1\IMG\center_2024_11_20_20_23_18_671.jpg, C:\Users\Owner\Downloads\simulator-windows-64\dataTrack1\IMG\left_2024_11_20_20_23_18_671.jpg, C:\Users\Owner\Downloads\simulator-windows-64\dataTrack1\IMG\right_2024_11_20_20_23_18_671.jpg, 0, 0, 0, 21.17308
C:\Users\Owner\Downloads\simulator-windows-64\dataTrack1\IMG\center_2024_11_20_20_23_18_772.jpg, C:\Users\Owner\Downloads\simulator-windows-64\dataTrack1\IMG\left_2024_11_20_20_23_18_772.jpg, C:\Users\Owner\Downloads\simulator-windows-64\dataTrack1\IMG\right_2024_11_20_20_23_18_772.jpg, 0, 0, 0, 21.06128
C:\Users\Owner\Downloads\simulator-windows-64\dataTrack1\IMG\center_2024_11_20_20_23_18_877.jpg, C:\Users\Owner\Downloads\simulator-windows-64\dataTrack1\IMG\left_2024_11_20_20_23_18_877.jpg, C:\Users\Owner\Downloads\simulator-windows-64\dataTrack1\IMG\right_2024_11_20_20_23_18_877.jpg, 0, 0, 0, 20.61465
C:\Users\Owner\Downloads\simulator-windows-64\dataTrack1\IMG\center_2024_11_20_20_23_18_980.jpg, C:\Users\Owner\Downloads\simulator-windows-64\dataTrack1\IMG\left_2024_11_20_20_23_18_980.jpg, C:\Users\Owner\Downloads\simulator-windows-64\dataTrack1\IMG\right_2024_11_20_20_23_18_980.jpg, 0, 0.1066248, 0, 20.72163
C:\Users\Owner\Downloads\simulator-windows-64\dataTrack1\IMG\center_2024_11_20_20_23_19_086.jpg, C:\Users\Owner\Downloads\simulator-windows-64\dataTrack1\IMG\left_2024_11_20_20_23_19_086.jpg, C:\Users\Owner\Downloads\simulator-windows-64\dataTrack1\IMG\right_2024_11_20_20_23_19_086.jpg, 0, 0.1445541, 0, 20.80631
C:\Users\Owner\Downloads\simulator-windows-64\dataTrack1\IMG\center_2024_11_20_20_23_19_186.jpg, C:\Users\Owner\Downloads\simulator-windows-64\dataTrack1\IMG\left_2024_11_20_20_23_19_186.jpg, C:\Users\Owner\Downloads\simulator-windows-64\dataTrack1\IMG\right_2024_11_20_20_23_19_186.jpg, 0, 0.2468649, 0, 20.47713
C:\Users\Owner\Downloads\simulator-windows-64\dataTrack1\IMG\center_2024_11_20_20_23_19_290.jpg, C:\Users\Owner\Downloads\simulator-windows-64\dataTrack1\IMG\left_2024_11_20_20_23_19_290.jpg, C:\Users\Owner\Downloads\simulator-windows-64\dataTrack1\IMG\right_2024_11_20_20_23_19_290.jpg, 0, 0.3522987, 0, 20.98119
C:\Users\Owner\Downloads\simulator-windows-64\dataTrack1\IMG\center_2024_11_20_20_23_19_396.jpg, C:\Users\Owner\Downloads\simulator-windows-64\dataTrack1\IMG\left_2024_11_20_20_23_19_396.jpg, C:\Users\Owner\Downloads\simulator-windows-64\dataTrack1\IMG\right_2024_11_20_20_23_19_396.jpg, 0, 0.4549095, 0, 20.93556
C:\Users\Owner\Downloads\simulator-windows-64\dataTrack1\IMG\center_2024_11_20_20_23_19_498.jpg, C:\Users\Owner\Downloads\simulator-windows-64\dataTrack1\IMG\left_2024_11_20_20_23_19_498.jpg, C:\Users\Owner\Downloads\simulator-windows-64\dataTrack1\IMG\right_2024_11_20_20_23_19_498.jpg, 0, 0.5578485, 0, 21.6221
C:\Users\Owner\Downloads\simulator-windows-64\dataTrack1\IMG\center_2024_11_20_20_23_19_601.jpg, C:\Users\Owner\Downloads\simulator-windows-64\dataTrack1\IMG\left_2024_11_20_20_23_19_601.jpg, C:\Users\Owner\Downloads\simulator-windows-64\dataTrack1\IMG\right_2024_11_20_20_23_19_601.jpg, 0, 0.509382, 0, 21.82885
C:\Users\Owner\Downloads\simulator-windows-64\dataTrack1\IMG\center_2024_11_20_20_23_19_704.jpg, C:\Users\Owner\Downloads\simulator-windows-64\dataTrack1\IMG\left_2024_11_20_20_23_19_704.jpg, C:\Users\Owner\Downloads\simulator-windows-64\dataTrack1\IMG\right_2024_11_20_20_23_19_704.jpg, 0, 0.6636047, 0, 22.58085
C:\Users\Owner\Downloads\simulator-windows-64\dataTrack1\IMG\center_2024_11_20_20_23_19_808.jpg, C:\Users\Owner\Downloads\simulator-windows-64\dataTrack1\IMG\left_2024_11_20_20_23_19_808.jpg, C:\Users\Owner\Downloads\simulator-windows-64\dataTrack1\IMG\right_2024_11_20_20_23_19_808.jpg, 0, 0.4586619, 0, 23.01073
C:\Users\Owner\Downloads\simulator-windows-64\dataTrack1\IMG\center_2024_11_20_20_23_19_914.jpg, C:\Users\Owner\Downloads\simulator-windows-64\dataTrack1\IMG\left_2024_11_20_20_23_19_914.jpg, C:\Users\Owner\Downloads\simulator-windows-64\dataTrack1\IMG\right_2024_11_20_20_23_19_914.jpg, 0, 0.6667109, 0, 23.49179
C:\Users\Owner\Downloads\simulator-windows-64\dataTrack1\IMG\center_2024_11_20_20_23_20_015.jpg, C:\Users\Owner\Downloads\simulator-windows-64\dataTrack1\IMG\left_2024_11_20_20_23_20_015.jpg, C:\Users\Owner\Downloads\simulator-windows-64\dataTrack1\IMG\right_2024_11_20_20_23_20_015.jpg, 0, 0.4699826, 0, 23.91292
C:\Users\Owner\Downloads\simulator-windows-64\dataTrack1\IMG\center_2024_11_20_20_23_20_118.jpg, C:\Users\Owner\Downloads\simulator-windows-64\dataTrack1\IMG\left_2024_11_20_20_23_20_118.jpg, C:\Users\Owner\Downloads\simulator-windows-64\dataTrack1\IMG\right_2024_11_20_20_23_20_118.jpg, 0, 0.776663, 0, 24.38451
C:\Users\Owner\Downloads\simulator-windows-64\dataTrack1\IMG\center_2024_11_20_20_23_20_221.jpg, C:\Users\Owner\Downloads\simulator-windows-64\dataTrack1\IMG\left_2024_11_20_20_23_20_221.jpg, C:\Users\Owner\Downloads\simulator-windows-64\dataTrack1\IMG\right_2024_11_20_20_23_20_221.jpg, 0, 0.5161209, 0, 24.94565
C:\Users\Owner\Downloads\simulator-windows-64\dataTrack1\IMG\center_2024_11_20_20_23_20_325.jpg, C:\Users\Owner\Downloads\simulator-windows-64\dataTrack1\IMG\left_2024_11_20_20_23_20_325.jpg, C:\Users\Owner\Downloads\simulator-windows-64\dataTrack1\IMG\right_2024_11_20_20_23_20_325.jpg, 0, 0.7751358, 0, 25.53978
C:\Users\Owner\Downloads\simulator-windows-64\dataTrack1\IMG\center_2024_11_20_20_23_20_430.jpg, C:\Users\Owner\Downloads\simulator-windows-64\dataTrack1\IMG\left_2024_11_20_20_23_20_430.jpg, C:\Users\Owner\Downloads\simulator-windows-64\dataTrack1\IMG\right_2024_11_20_20_23_20_430.jpg, 0, 0.6706944, 0, 26.23328
C:\Users\Owner\Downloads\simulator-windows-64\dataTrack1\IMG\center_2024_11_20_20_23_20_536.jpg, C:\Users\Owner\Downloads\simulator-windows-64\dataTrack1\IMG\left_2024_11_20_20_23_20_536.jpg, C:\Users\Owner\Downloads\simulator-windows-64\dataTrack1\IMG\right_2024_11_20_20_23_20_536.jpg, 0, 0.9903054, 0, 26.95433
C:\Users\Owner\Downloads\simulator-windows-64\dataTrack1\IMG\center_2024_11_20_20_23_20_637.jpg, C:\Users\Owner\Downloads\simulator-windows-64\dataTrack1\IMG\left_2024_11_20_20_23_20_637.jpg, C:\Users\Owner\Downloads\simulator-windows-64\dataTrack1\IMG\right_2024_11_20_20_23_20_637.jpg, 0, 0.796315, 0, 27.84524
C:\Users\Owner\Downloads\simulator-windows-64\dataTrack1\IMG\center_2024_11_20_20_23_20_739.jpg, C:\Users\Owner\Downloads\simulator-windows-64\dataTrack1\IMG\left_2024_11_20_20_23_20_739.jpg, C:\Users\Owner\Downloads\simulator-windows-64\dataTrack1\IMG\right_2024_11_20_20_23_20_739.jpg, 0, 0.8410177, 0, 28.46327
C:\Users\Owner\Downloads\simulator-windows-64\dataTrack1\IMG\center_2024_11_20_20_23_20_845.jpg, C:\Users\Owner\Downloads\simulator-windows-64\dataTrack1\IMG\left_2024_11_20_20_23_20_845.jpg, C:\Users\Owner\Downloads\simulator-windows-64\dataTrack1\IMG\right_2024_11_20_20_23_20_845.jpg, 0, 0.8415383, 0, 29.48871
C:\Users\Owner\Downloads\simulator-windows-64\dataTrack1\IMG\center_2024_11_20_20_23_20_948.jpg, C:\Users\Owner\Downloads\simulator-windows-64\dataTrack1\IMG\left_2024_11_20_20_23_20_948.jpg, C:\Users\Owner\Downloads\simulator-windows-64\dataTrack1\IMG\right_2024_11_20_20_23_20_948.jpg, 0, 0.8446139, 0, 30.11097
C:\Users\Owner\Downloads\simulator-windows-64\dataTrack1\IMG\center_2024_11_20_20_23_21_050.jpg, C:\Users\Owner\Downloads\simulator-windows-64\dataTrack1\IMG\left_2024_11_20_20_23_21_050.jpg, C:\Users\Owner\Downloads\simulator-windows-64\dataTrack1\IMG\right_2024_11_20_20_23_21_050.jpg, 0, 0.8420273, 0, 30.15995
C:\Users\Owner\Downloads\simulator-windows-64\dataTrack1\IMG\center_2024_11_20_20_23_21_156.jpg, C:\Users\Owner\Downloads\simulator-windows-64\dataTrack1\IMG\left_2024_11_20_20_23_21_156.jpg, C:\Users\Owner\Downloads\simulator-windows-64\dataTrack1\IMG\right_2024_11_20_20_23_21_156.jpg, 0, 0.72995, 0, 30.09392
C:\Users\Owner\Downloads\simulator-windows-64\dataTrack1\IMG\center_2024_11_20_20_23_21_261.jpg, C:\Users\Owner\Downloads\simulator-windows-64\dataTrack1\IMG\left_2024_11_20_20_23_21_261.jpg, C:\Users\Owner\Downloads\simulator-windows-64\dataTrack1\IMG\right_2024_11_20_20_23_21_261.jpg, 0, 0.8830752, 0, 30.1759
C:\Users\Owner\Downloads\simulator-windows-64\dataTrack1\IMG\center_2024_11_20_20_23_21_365.jpg, C:\Users\Owner\Downloads\simulator-windows-64\dataTrack1\IMG\left_2024_11_20_20_23_21_365.jpg, C:\Users\Owner\Downloads\simulator-windows-64\dataTrack1\IMG\right_2024_11_20_20_23_21_365.jpg, 0, 0.7178445, 0, 30.11143
C:\Users\Owner\Downloads\simulator-windows-64\dataTrack1\IMG\center_2024_11_20_20_23_21_470.jpg, C:\Users\Owner\Downloads\simulator-windows-64\dataTrack1\IMG\left_2024_11_20_20_23_21_470.jpg, C:\Users\Owner\Downloads\simulator-windows-64\dataTrack1\IMG\right_2024_11_20_20_23_21_470.jpg, 0, 0.8223564, 0, 30.15312
C:\Users\Owner\Downloads\simulator-windows-64\dataTrack1\IMG\center_2024_11_20_20_23_21_571.jpg, C:\Users\Owner\Downloads\simulator-windows-64\dataTrack1\IMG\left_2024_11_20_20_23_21_571.jpg, C:\Users\Owner\Downloads\simulator-windows-64\dataTrack1\IMG\right_2024_11_20_20_23_21_571.jpg, 0, 0.6183486, 0, 30.07975
C:\Users\Owner\Downloads\simulator-windows-64\dataTrack1\IMG\center_2024_11_20_20_23_21_674.jpg, C:\Users\Owner\Downloads\simulator-windows-64\dataTrack1\IMG\left_2024_11_20_20_23_21_674.jpg, C:\Users\Owner\Downloads\simulator-windows-64\dataTrack1\IMG\right_2024_11_20_20_23_21_674.jpg, 0, 0.8242608, 0, 30.16503
C:\Users\Owner\Downloads\simulator-windows-64\dataTrack1\IMG\center_2024_11_20_20_23_21_780.jpg, C:\Users\Owner\Downloads\simulator-windows-64\dataTrack1\IMG\left_2024_11_20_20_23_21_780.jpg, C:\Users\Owner\Downloads\simulator-windows-64\dataTrack1\IMG\right_2024_11_20_20_23_21_780.jpg, 0, 0.5624578, 0, 30.0904
C:\Users\Owner\Downloads\simulator-windows-64\dataTrack1\IMG\center_2024_11_20_20_23_21_881.jpg, C:\Users\Owner\Downloads\simulator-windows-64\dataTrack1\IMG\left_2024_11_20_20_23_21_881.jpg, C:\Users\Owner\Downloads\simulator-windows-64\dataTrack1\IMG\right_2024_11_20_20_23_21_881.jpg, 0, 0.7659972, 0, 30.11923
C:\Users\Owner\Downloads\simulator-windows-64\dataTrack1\IMG\center_2024_11_20_20_23_21_984.jpg, C:\Users\Owner\Downloads\simulator-windows-64\dataTrack1\IMG\left_2024_11_20_20_23_21_984.jpg, C:\Users\Owner\Downloads\simulator-windows-64\dataTrack1\IMG\right_2024_11_20_20_23_21_984.jpg, 0, 0.5022534, 0, 30.07309
C:\Users\Owner\Downloads\simulator-windows-64\dataTrack1\IMG\center_2024_11_20_20_23_22_089.jpg, C:\Users\Owner\Downloads\simulator-windows-64\dataTrack1\IMG\left_2024_11_20_20_23_22_089.jpg, C:\Users\Owner\Downloads\simulator-windows-64\dataTrack1\IMG\right_2024_11_20_20_23_22_089.jpg, 0, 0.5970482, 0, 30.07881
C:\Users\Owner\Downloads\simulator-windows-64\dataTrack1\IMG\center_2024_11_20_20_23_22_195.jpg, C:\Users\Owner\Downloads\simulator-windows-64\dataTrack1\IMG\left_2024_11_20_20_23_22_195.jpg, C:\Users\Owner\Downloads\simulator-windows-64\dataTrack1\IMG\right_2024_11_20_20_23_22_195.jpg, 0, 0.6975731, 0, 30.12039
C:\Users\Owner\Downloads\simulator-windows-64\dataTrack1\IMG\center_2024_11_20_20_23_22_298.jpg, C:\Users\Owner\Downloads\simulator-windows-64\dataTrack1\IMG\left_2024_11_20_20_23_22_298.jpg, C:\Users\Owner\Downloads\simulator-windows-64\dataTrack1\IMG\right_2024_11_20_20_23_22_298.jpg, 0, 0.5891421, 0, 30.05949
C:\Users\Owner\Downloads\simulator-windows-64\dataTrack1\IMG\center_2024_11_20_20_23_22_404.jpg, C:\Users\Owner\Downloads\simulator-windows-64\dataTrack1\IMG\left_2024_11_20_20_23_22_404.jpg, C:\Users\Owner\Downloads\simulator-windows-64\dataTrack1\IMG\right_2024_11_20_20_23_22_404.jpg, 0, 0.7016388, 0, 30.1226
C:\Users\Owner\Downloads\simulator-windows-64\dataTrack1\IMG\center_2024_11_20_20_23_22_505.jpg, C:\Users\Owner\Downloads\simulator-windows-64\dataTrack1\IMG\left_2024_11_20_20_23_22_505.jpg, C:\Users\Owner\Downloads\simulator-windows-64\dataTrack1\IMG\right_2024_11_20_20_23_22_505.jpg, 0, 0.3964752, 0, 30.0478
C:\Users\Owner\Downloads\simulator-windows-64\dataTrack1\IMG\center_2024_11_20_20_23_22_609.jpg, C:\Users\Owner\Downloads\simulator-windows-64\dataTrack1\IMG\left_2024_11_20_20_23_22_609.jpg, C:\Users\Owner\Downloads\simulator-windows-64\dataTrack1\IMG\right_2024_11_20_20_23_22_609.jpg, 0, 0.08520783, 0, 29.94824
C:\Users\Owner\Downloads\simulator-windows-64\dataTrack1\IMG\center_2024_11_20_20_23_22_716.jpg, C:\Users\Owner\Downloads\simulator-windows-64\dataTrack1\IMG\left_2024_11_20_20_23_22_716.jpg, C:\Users\Owner\Downloads\simulator-windows-64\dataTrack1\IMG\right_2024_11_20_20_23_22_716.jpg, 0, 0, 0, 29.66032
C:\Users\Owner\Downloads\simulator-windows-64\dataTrack1\IMG\center_2024_11_20_20_23_22_820.jpg, C:\Users\Owner\Downloads\simulator-windows-64\dataTrack1\IMG\left_2024_11_20_20_23_22_820.jpg, C:\Users\Owner\Downloads\simulator-windows-64\dataTrack1\IMG\right_2024_11_20_20_23_22_820.jpg, 0, 0, 0, 29.36239
C:\Users\Owner\Downloads\simulator-windows-64\dataTrack1\IMG\center_2024_11_20_20_23_22_920.jpg, C:\Users\Owner\Downloads\simulator-windows-64\dataTrack1\IMG\left_2024_11_20_20_23_22_920.jpg, C:\Users\Owner\Downloads\simulator-windows-64\dataTrack1\IMG\right_2024_11_20_20_23_22_920.jpg, 0, 0.1040139, 0, 29.0854
C:\Users\Owner\Downloads\simulator-windows-64\dataTrack1\IMG\center_2024_11_20_20_23_23_023.jpg, C:\Users\Owner\Downloads\simulator-windows-64\dataTrack1\IMG\left_2024_11_20_20_23_23_023.jpg, C:\Users\Owner\Downloads\simulator-windows-64\dataTrack1\IMG\right_2024_11_20_20_23_23_023.jpg, 0, 0.05612191, 0, 28.99623
C:\Users\Owner\Downloads\simulator-windows-64\dataTrack1\IMG\center_2024_11_20_20_23_23_130.jpg, C:\Users\Owner\Downloads\simulator-windows-64\dataTrack1\IMG\left_2024_11_20_20_23_23_130.jpg, C:\Users\Owner\Downloads\simulator-windows-64\dataTrack1\IMG\right_2024_11_20_20_23_23_130.jpg, 0, 0, 0, 28.70857
C:\Users\Owner\Downloads\simulator-windows-64\dataTrack1\IMG\center_2024_11_20_20_23_23_233.jpg, C:\Users\Owner\Downloads\simulator-windows-64\dataTrack1\IMG\left_2024_11_20_20_23_23_233.jpg, C:\Users\Owner\Downloads\simulator-windows-64\dataTrack1\IMG\right_2024_11_20_20_23_23_233.jpg, 0, 0, 0, 28.41997
C:\Users\Owner\Downloads\simulator-windows-64\dataTrack1\IMG\center_2024_11_20_20_23_23_336.jpg, C:\Users\Owner\Downloads\simulator-windows-64\dataTrack1\IMG\left_2024_11_20_20_23_23_336.jpg, C:\Users\Owner\Downloads\simulator-windows-64\dataTrack1\IMG\right_2024_11_20_20_23_23_336.jpg, 0, 0, 0, 28.13458
C:\Users\Owner\Downloads\simulator-windows-64\dataTrack1\IMG\center_2024_11_20_20_23_23_439.jpg, C:\Users\Owner\Downloads\simulator-windows-64\dataTrack1\IMG\left_2024_11_20_20_23_23_439.jpg, C:\Users\Owner\Downloads\simulator-windows-64\dataTrack1\IMG\right_2024_11_20_20_23_23_439.jpg, 0, 0, 0, 27.85208
C:\Users\Owner\Downloads\simulator-windows-64\dataTrack1\IMG\center_2024_11_20_20_23_23_542.jpg, C:\Users\Owner\Downloads\simulator-windows-64\dataTrack1\IMG\left_2024_11_20_20_23_23_542.jpg, C:\Users\Owner\Downloads\simulator-windows-64\dataTrack1\IMG\right_2024_11_20_20_23_23_542.jpg, -0.1595613, 0, 0, 27.50682
C:\Users\Owner\Downloads\simulator-windows-64\dataTrack1\IMG\center_2024_11_20_20_23_23_649.jpg, C:\Users\Owner\Downloads\simulator-windows-64\dataTrack1\IMG\left_2024_11_20_20_23_23_649.jpg, C:\Users\Owner\Downloads\simulator-windows-64\dataTrack1\IMG\right_2024_11_20_20_23_23_649.jpg, -0.478689, 0, 0, 27.08301
C:\Users\Owner\Downloads\simulator-windows-64\dataTrack1\IMG\center_2024_11_20_20_23_23_751.jpg, C:\Users\Owner\Downloads\simulator-windows-64\dataTrack1\IMG\left_2024_11_20_20_23_23_751.jpg, C:\Users\Owner\Downloads\simulator-windows-64\dataTrack1\IMG\right_2024_11_20_20_23_23_751.jpg, -0.3416523, 0, 0, 26.67764
C:\Users\Owner\Downloads\simulator-windows-64\dataTrack1\IMG\center_2024_11_20_20_23_23_856.jpg, C:\Users\Owner\Downloads\simulator-windows-64\dataTrack1\IMG\left_2024_11_20_20_23_23_856.jpg, C:\Users\Owner\Downloads\simulator-windows-64\dataTrack1\IMG\right_2024_11_20_20_23_23_856.jpg, -0.02643965, 0, 0, 26.41343
C:\Users\Owner\Downloads\simulator-windows-64\dataTrack1\IMG\center_2024_11_20_20_23_23_959.jpg, C:\Users\Owner\Downloads\simulator-windows-64\dataTrack1\IMG\left_2024_11_20_20_23_23_959.jpg, C:\Users\Owner\Downloads\simulator-windows-64\dataTrack1\IMG\right_2024_11_20_20_23_23_959.jpg, 0, 0, 0, 26.13421
C:\Users\Owner\Downloads\simulator-windows-64\dataTrack1\IMG\center_2024_11_20_20_23_24_065.jpg, C:\Users\Owner\Downloads\simulator-windows-64\dataTrack1\IMG\left_2024_11_20_20_23_24_065.jpg, C:\Users\Owner\Downloads\simulator-windows-64\dataTrack1\IMG\right_2024_11_20_20_23_24_065.jpg, 0, 0, 0, 25.81758
C:\Users\Owner\Downloads\simulator-windows-64\dataTrack1\IMG\center_2024_11_20_20_23_24_166.jpg, C:\Users\Owner\Downloads\simulator-windows-64\dataTrack1\IMG\left_2024_11_20_20_23_24_166.jpg, C:\Users\Owner\Downloads\simulator-windows-64\dataTrack1\IMG\right_2024_11_20_20_23_24_166.jpg, 0, 0.2000715, 0, 25.64593
C:\Users\Owner\Downloads\simulator-windows-64\dataTrack1\IMG\center_2024_11_20_20_23_24_273.jpg, C:\Users\Owner\Downloads\simulator-windows-64\dataTrack1\IMG\left_2024_11_20_20_23_24_273.jpg, C:\Users\Owner\Downloads\simulator-windows-64\dataTrack1\IMG\right_2024_11_20_20_23_24_273.jpg, 0, 0.2085756, 0, 25.72804
C:\Users\Owner\Downloads\simulator-windows-64\dataTrack1\IMG\center_2024_11_20_20_23_24_376.jpg, C:\Users\Owner\Downloads\simulator-windows-64\dataTrack1\IMG\left_2024_11_20_20_23_24_376.jpg, C:\Users\Owner\Downloads\simulator-windows-64\dataTrack1\IMG\right_2024_11_20_20_23_24_376.jpg, 0, 0.1048035, 0, 25.57338
C:\Users\Owner\Downloads\simulator-windows-64\dataTrack1\IMG\center_2024_11_20_20_23_24_482.jpg, C:\Users\Owner\Downloads\simulator-windows-64\dataTrack1\IMG\left_2024_11_20_20_23_24_482.jpg, C:\Users\Owner\Downloads\simulator-windows-64\dataTrack1\IMG\right_2024_11_20_20_23_24_482.jpg, 0, 0, 0, 25.46364
C:\Users\Owner\Downloads\simulator-windows-64\dataTrack1\IMG\center_2024_11_20_20_23_24_585.jpg, C:\Users\Owner\Downloads\simulator-windows-64\dataTrack1\IMG\left_2024_11_20_20_23_24_585.jpg, C:\Users\Owner\Downloads\simulator-windows-64\dataTrack1\IMG\right_2024_11_20_20_23_24_585.jpg, 0, 0.1007298, 0, 25.22328
C:\Users\Owner\Downloads\simulator-windows-64\dataTrack1\IMG\center_2024_11_20_20_23_24_689.jpg, C:\Users\Owner\Downloads\simulator-windows-64\dataTrack1\IMG\left_2024_11_20_20_23_24_689.jpg, C:\Users\Owner\Downloads\simulator-windows-64\dataTrack1\IMG\right_2024_11_20_20_23_24_689.jpg, 0, 0.099633, 0, 25.19468
C:\Users\Owner\Downloads\simulator-windows-64\dataTrack1\IMG\center_2024_11_20_20_23_24_792.jpg, C:\Users\Owner\Downloads\simulator-windows-64\dataTrack1\IMG\left_2024_11_20_20_23_24_792.jpg, C:\Users\Owner\Downloads\simulator-windows-64\dataTrack1\IMG\right_2024_11_20_20_23_24_792.jpg, 0, 0, 0, 24.95642
C:\Users\Owner\Downloads\simulator-windows-64\dataTrack1\IMG\center_2024_11_20_20_23_24_899.jpg, C:\Users\Owner\Downloads\simulator-windows-64\dataTrack1\IMG\left_2024_11_20_20_23_24_899.jpg, C:\Users\Owner\Downloads\simulator-windows-64\dataTrack1\IMG\right_2024_11_20_20_23_24_899.jpg, 0, 0, 0, 24.70521
C:\Users\Owner\Downloads\simulator-windows-64\dataTrack1\IMG\center_2024_11_20_20_23_24_999.jpg, C:\Users\Owner\Downloads\simulator-windows-64\dataTrack1\IMG\left_2024_11_20_20_23_24_999.jpg, C:\Users\Owner\Downloads\simulator-windows-64\dataTrack1\IMG\right_2024_11_20_20_23_24_999.jpg, 0, 0, 0, 24.45727
C:\Users\Owner\Downloads\simulator-windows-64\dataTrack1\IMG\center_2024_11_20_20_23_25_104.jpg, C:\Users\Owner\Downloads\simulator-windows-64\dataTrack1\IMG\left_2024_11_20_20_23_25_104.jpg, C:\Users\Owner\Downloads\simulator-windows-64\dataTrack1\IMG\right_2024_11_20_20_23_25_104.jpg, 0, 0.1545477, 0, 24.21129
C:\Users\Owner\Downloads\simulator-windows-64\dataTrack1\IMG\center_2024_11_20_20_23_25_209.jpg, C:\Users\Owner\Downloads\simulator-windows-64\dataTrack1\IMG\left_2024_11_20_20_23_25_209.jpg, C:\Users\Owner\Downloads\simulator-windows-64\dataTrack1\IMG\right_2024_11_20_20_23_25_209.jpg, 0, 0.05989501, 0, 24.18181
C:\Users\Owner\Downloads\simulator-windows-64\dataTrack1\IMG\center_2024_11_20_20_23_25_315.jpg, C:\Users\Owner\Downloads\simulator-windows-64\dataTrack1\IMG\left_2024_11_20_20_23_25_315.jpg, C:\Users\Owner\Downloads\simulator-windows-64\dataTrack1\IMG\right_2024_11_20_20_23_25_315.jpg, 0, 0, 0, 23.94858
C:\Users\Owner\Downloads\simulator-windows-64\dataTrack1\IMG\center_2024_11_20_20_23_25_416.jpg, C:\Users\Owner\Downloads\simulator-windows-64\dataTrack1\IMG\left_2024_11_20_20_23_25_416.jpg, C:\Users\Owner\Downloads\simulator-windows-64\dataTrack1\IMG\right_2024_11_20_20_23_25_416.jpg, 0, 0, 0, 23.70654
C:\Users\Owner\Downloads\simulator-windows-64\dataTrack1\IMG\center_2024_11_20_20_23_25_521.jpg, C:\Users\Owner\Downloads\simulator-windows-64\dataTrack1\IMG\left_2024_11_20_20_23_25_521.jpg, C:\Users\Owner\Downloads\simulator-windows-64\dataTrack1\IMG\right_2024_11_20_20_23_25_521.jpg, 0.1691334, 0, 0, 23.45768
C:\Users\Owner\Downloads\simulator-windows-64\dataTrack1\IMG\center_2024_11_20_20_23_25_624.jpg, C:\Users\Owner\Downloads\simulator-windows-64\dataTrack1\IMG\left_2024_11_20_20_23_25_624.jpg, C:\Users\Owner\Downloads\simulator-windows-64\dataTrack1\IMG\right_2024_11_20_20_23_25_624.jpg, 0.1221648, 0, 0, 23.11261
C:\Users\Owner\Downloads\simulator-windows-64\dataTrack1\IMG\center_2024_11_20_20_23_25_730.jpg, C:\Users\Owner\Downloads\simulator-windows-64\dataTrack1\IMG\left_2024_11_20_20_23_25_730.jpg, C:\Users\Owner\Downloads\simulator-windows-64\dataTrack1\IMG\right_2024_11_20_20_23_25_730.jpg, 0, 0, 0, 22.87572
C:\Users\Owner\Downloads\simulator-windows-64\dataTrack1\IMG\center_2024_11_20_20_23_25_835.jpg, C:\Users\Owner\Downloads\simulator-windows-64\dataTrack1\IMG\left_2024_11_20_20_23_25_835.jpg, C:\Users\Owner\Downloads\simulator-windows-64\dataTrack1\IMG\right_2024_11_20_20_23_25_835.jpg, 0, 0, 0, 22.64439
C:\Users\Owner\Downloads\simulator-windows-64\dataTrack1\IMG\center_2024_11_20_20_23_25_937.jpg, C:\Users\Owner\Downloads\simulator-windows-64\dataTrack1\IMG\left_2024_11_20_20_23_25_937.jpg, C:\Users\Owner\Downloads\simulator-windows-64\dataTrack1\IMG\right_2024_11_20_20_23_25_937.jpg, 0, 0, 0, 22.41702
C:\Users\Owner\Downloads\simulator-windows-64\dataTrack1\IMG\center_2024_11_20_20_23_26_043.jpg, C:\Users\Owner\Downloads\simulator-windows-64\dataTrack1\IMG\left_2024_11_20_20_23_26_043.jpg, C:\Users\Owner\Downloads\simulator-windows-64\dataTrack1\IMG\right_2024_11_20_20_23_26_043.jpg, 0, 0.3179352, 0, 22.38654
C:\Users\Owner\Downloads\simulator-windows-64\dataTrack1\IMG\center_2024_11_20_20_23_26_150.jpg, C:\Users\Owner\Downloads\simulator-windows-64\dataTrack1\IMG\left_2024_11_20_20_23_26_150.jpg, C:\Users\Owner\Downloads\simulator-windows-64\dataTrack1\IMG\right_2024_11_20_20_23_26_150.jpg, 0, 0, 0, 22.33104
C:\Users\Owner\Downloads\simulator-windows-64\dataTrack1\IMG\center_2024_11_20_20_23_26_251.jpg, C:\Users\Owner\Downloads\simulator-windows-64\dataTrack1\IMG\left_2024_11_20_20_23_26_251.jpg, C:\Users\Owner\Downloads\simulator-windows-64\dataTrack1\IMG\right_2024_11_20_20_23_26_251.jpg, 0, 0.2234331, 0, 22.19942
C:\Users\Owner\Downloads\simulator-windows-64\dataTrack1\IMG\center_2024_11_20_20_23_26_355.jpg, C:\Users\Owner\Downloads\simulator-windows-64\dataTrack1\IMG\left_2024_11_20_20_23_26_355.jpg, C:\Users\Owner\Downloads\simulator-windows-64\dataTrack1\IMG\right_2024_11_20_20_23_26_355.jpg, 0, 0, 0, 22.10694
C:\Users\Owner\Downloads\simulator-windows-64\dataTrack1\IMG\center_2024_11_20_20_23_26_461.jpg, C:\Users\Owner\Downloads\simulator-windows-64\dataTrack1\IMG\left_2024_11_20_20_23_26_461.jpg, C:\Users\Owner\Downloads\simulator-windows-64\dataTrack1\IMG\right_2024_11_20_20_23_26_461.jpg, 0, 0.2670375, 0, 22.01855
C:\Users\Owner\Downloads\simulator-windows-64\dataTrack1\IMG\center_2024_11_20_20_23_26_568.jpg, C:\Users\Owner\Downloads\simulator-windows-64\dataTrack1\IMG\left_2024_11_20_20_23_26_568.jpg, C:\Users\Owner\Downloads\simulator-windows-64\dataTrack1\IMG\right_2024_11_20_20_23_26_568.jpg, 0, 0, 0, 21.97445
C:\Users\Owner\Downloads\simulator-windows-64\dataTrack1\IMG\center_2024_11_20_20_23_26_671.jpg, C:\Users\Owner\Downloads\simulator-windows-64\dataTrack1\IMG\left_2024_11_20_20_23_26_671.jpg, C:\Users\Owner\Downloads\simulator-windows-64\dataTrack1\IMG\right_2024_11_20_20_23_26_671.jpg, 0, 0.3102036, 0, 21.9769
C:\Users\Owner\Downloads\simulator-windows-64\dataTrack1\IMG\center_2024_11_20_20_23_26_775.jpg, C:\Users\Owner\Downloads\simulator-windows-64\dataTrack1\IMG\left_2024_11_20_20_23_26_775.jpg, C:\Users\Owner\Downloads\simulator-windows-64\dataTrack1\IMG\right_2024_11_20_20_23_26_775.jpg, 0, 0, 0, 21.94703
C:\Users\Owner\Downloads\simulator-windows-64\dataTrack1\IMG\center_2024_11_20_20_23_26_879.jpg, C:\Users\Owner\Downloads\simulator-windows-64\dataTrack1\IMG\left_2024_11_20_20_23_26_879.jpg, C:\Users\Owner\Downloads\simulator-windows-64\dataTrack1\IMG\right_2024_11_20_20_23_26_879.jpg, 0, 0.2639301, 0, 21.875
C:\Users\Owner\Downloads\simulator-windows-64\dataTrack1\IMG\center_2024_11_20_20_23_26_985.jpg, C:\Users\Owner\Downloads\simulator-windows-64\dataTrack1\IMG\left_2024_11_20_20_23_26_985.jpg, C:\Users\Owner\Downloads\simulator-windows-64\dataTrack1\IMG\right_2024_11_20_20_23_26_985.jpg, 0, 0, 0, 21.82283
C:\Users\Owner\Downloads\simulator-windows-64\dataTrack1\IMG\center_2024_11_20_20_23_27_090.jpg, C:\Users\Owner\Downloads\simulator-windows-64\dataTrack1\IMG\left_2024_11_20_20_23_27_090.jpg, C:\Users\Owner\Downloads\simulator-windows-64\dataTrack1\IMG\right_2024_11_20_20_23_27_090.jpg, 0, 0.3167667, 0, 21.81701
C:\Users\Owner\Downloads\simulator-windows-64\dataTrack1\IMG\center_2024_11_20_20_23_27_193.jpg, C:\Users\Owner\Downloads\simulator-windows-64\dataTrack1\IMG\left_2024_11_20_20_23_27_193.jpg, C:\Users\Owner\Downloads\simulator-windows-64\dataTrack1\IMG\right_2024_11_20_20_23_27_193.jpg, 0, 0.1842351, 0, 21.98571
C:\Users\Owner\Downloads\simulator-windows-64\dataTrack1\IMG\center_2024_11_20_20_23_27_299.jpg, C:\Users\Owner\Downloads\simulator-windows-64\dataTrack1\IMG\left_2024_11_20_20_23_27_299.jpg, C:\Users\Owner\Downloads\simulator-windows-64\dataTrack1\IMG\right_2024_11_20_20_23_27_299.jpg, 0, 0.5018409, 0, 22.15367
C:\Users\Owner\Downloads\simulator-windows-64\dataTrack1\IMG\center_2024_11_20_20_23_27_405.jpg, C:\Users\Owner\Downloads\simulator-windows-64\dataTrack1\IMG\left_2024_11_20_20_23_27_405.jpg, C:\Users\Owner\Downloads\simulator-windows-64\dataTrack1\IMG\right_2024_11_20_20_23_27_405.jpg, 0, 0.5083971, 0, 22.76531
C:\Users\Owner\Downloads\simulator-windows-64\dataTrack1\IMG\center_2024_11_20_20_23_27_510.jpg, C:\Users\Owner\Downloads\simulator-windows-64\dataTrack1\IMG\left_2024_11_20_20_23_27_510.jpg, C:\Users\Owner\Downloads\simulator-windows-64\dataTrack1\IMG\right_2024_11_20_20_23_27_510.jpg, 0, 0.606156, 0, 23.12606
C:\Users\Owner\Downloads\simulator-windows-64\dataTrack1\IMG\center_2024_11_20_20_23_27_617.jpg, C:\Users\Owner\Downloads\simulator-windows-64\dataTrack1\IMG\left_2024_11_20_20_23_27_617.jpg, C:\Users\Owner\Downloads\simulator-windows-64\dataTrack1\IMG\right_2024_11_20_20_23_27_617.jpg, 0, 0.7227408, 0, 23.79357
C:\Users\Owner\Downloads\simulator-windows-64\dataTrack1\IMG\center_2024_11_20_20_23_27_722.jpg, C:\Users\Owner\Downloads\simulator-windows-64\dataTrack1\IMG\left_2024_11_20_20_23_27_722.jpg, C:\Users\Owner\Downloads\simulator-windows-64\dataTrack1\IMG\right_2024_11_20_20_23_27_722.jpg, 0, 0.72084, 0, 24.4152
C:\Users\Owner\Downloads\simulator-windows-64\dataTrack1\IMG\center_2024_11_20_20_23_27_825.jpg, C:\Users\Owner\Downloads\simulator-windows-64\dataTrack1\IMG\left_2024_11_20_20_23_27_825.jpg, C:\Users\Owner\Downloads\simulator-windows-64\dataTrack1\IMG\right_2024_11_20_20_23_27_825.jpg, 0, 0.9263672, 0, 25.24517
C:\Users\Owner\Downloads\simulator-windows-64\dataTrack1\IMG\center_2024_11_20_20_23_27_931.jpg, C:\Users\Owner\Downloads\simulator-windows-64\dataTrack1\IMG\left_2024_11_20_20_23_27_931.jpg, C:\Users\Owner\Downloads\simulator-windows-64\dataTrack1\IMG\right_2024_11_20_20_23_27_931.jpg, 0, 0.8275446, 0, 25.9497
C:\Users\Owner\Downloads\simulator-windows-64\dataTrack1\IMG\center_2024_11_20_20_23_28_035.jpg, C:\Users\Owner\Downloads\simulator-windows-64\dataTrack1\IMG\left_2024_11_20_20_23_28_035.jpg, C:\Users\Owner\Downloads\simulator-windows-64\dataTrack1\IMG\right_2024_11_20_20_23_28_035.jpg, 0, 1, 0, 26.8283
C:\Users\Owner\Downloads\simulator-windows-64\dataTrack1\IMG\center_2024_11_20_20_23_28_140.jpg, C:\Users\Owner\Downloads\simulator-windows-64\dataTrack1\IMG\left_2024_11_20_20_23_28_140.jpg, C:\Users\Owner\Downloads\simulator-windows-64\dataTrack1\IMG\right_2024_11_20_20_23_28_140.jpg, 0, 0.7366375, 0, 27.61785
C:\Users\Owner\Downloads\simulator-windows-64\dataTrack1\IMG\center_2024_11_20_20_23_28_245.jpg, C:\Users\Owner\Downloads\simulator-windows-64\dataTrack1\IMG\left_2024_11_20_20_23_28_245.jpg, C:\Users\Owner\Downloads\simulator-windows-64\dataTrack1\IMG\right_2024_11_20_20_23_28_245.jpg, 0, 0.3708849, 0, 28.06061
C:\Users\Owner\Downloads\simulator-windows-64\dataTrack1\IMG\center_2024_11_20_20_23_28_351.jpg, C:\Users\Owner\Downloads\simulator-windows-64\dataTrack1\IMG\left_2024_11_20_20_23_28_351.jpg, C:\Users\Owner\Downloads\simulator-windows-64\dataTrack1\IMG\right_2024_11_20_20_23_28_351.jpg, 0, 0.0521034, 0, 28.02698
C:\Users\Owner\Downloads\simulator-windows-64\dataTrack1\IMG\center_2024_11_20_20_23_28_452.jpg, C:\Users\Owner\Downloads\simulator-windows-64\dataTrack1\IMG\left_2024_11_20_20_23_28_452.jpg, C:\Users\Owner\Downloads\simulator-windows-64\dataTrack1\IMG\right_2024_11_20_20_23_28_452.jpg, -0.1961682, 0, 0, 27.73575
C:\Users\Owner\Downloads\simulator-windows-64\dataTrack1\IMG\center_2024_11_20_20_23_28_556.jpg, C:\Users\Owner\Downloads\simulator-windows-64\dataTrack1\IMG\left_2024_11_20_20_23_28_556.jpg, C:\Users\Owner\Downloads\simulator-windows-64\dataTrack1\IMG\right_2024_11_20_20_23_28_556.jpg, 0, 0, 0, 27.45263
C:\Users\Owner\Downloads\simulator-windows-64\dataTrack1\IMG\center_2024_11_20_20_23_28_665.jpg, C:\Users\Owner\Downloads\simulator-windows-64\dataTrack1\IMG\left_2024_11_20_20_23_28_665.jpg, C:\Users\Owner\Downloads\simulator-windows-64\dataTrack1\IMG\right_2024_11_20_20_23_28_665.jpg, 0, 0.2028972, 0, 27.34535
C:\Users\Owner\Downloads\simulator-windows-64\dataTrack1\IMG\center_2024_11_20_20_23_28_770.jpg, C:\Users\Owner\Downloads\simulator-windows-64\dataTrack1\IMG\left_2024_11_20_20_23_28_770.jpg, C:\Users\Owner\Downloads\simulator-windows-64\dataTrack1\IMG\right_2024_11_20_20_23_28_770.jpg, 0, 0, 0, 27.13455
C:\Users\Owner\Downloads\simulator-windows-64\dataTrack1\IMG\center_2024_11_20_20_23_28_874.jpg, C:\Users\Owner\Downloads\simulator-windows-64\dataTrack1\IMG\left_2024_11_20_20_23_28_874.jpg, C:\Users\Owner\Downloads\simulator-windows-64\dataTrack1\IMG\right_2024_11_20_20_23_28_874.jpg, -0.0532926, 0, 0, 26.86115
C:\Users\Owner\Downloads\simulator-windows-64\dataTrack1\IMG\center_2024_11_20_20_23_28_977.jpg, C:\Users\Owner\Downloads\simulator-windows-64\dataTrack1\IMG\left_2024_11_20_20_23_28_977.jpg, C:\Users\Owner\Downloads\simulator-windows-64\dataTrack1\IMG\right_2024_11_20_20_23_28_977.jpg, -0.3632814, 0, 0, 26.52907
C:\Users\Owner\Downloads\simulator-windows-64\dataTrack1\IMG\center_2024_11_20_20_23_29_084.jpg, C:\Users\Owner\Downloads\simulator-windows-64\dataTrack1\IMG\left_2024_11_20_20_23_29_084.jpg, C:\Users\Owner\Downloads\simulator-windows-64\dataTrack1\IMG\right_2024_11_20_20_23_29_084.jpg, -0.2269704, 0, 0, 26.09757
C:\Users\Owner\Downloads\simulator-windows-64\dataTrack1\IMG\center_2024_11_20_20_23_29_188.jpg, C:\Users\Owner\Downloads\simulator-windows-64\dataTrack1\IMG\left_2024_11_20_20_23_29_188.jpg, C:\Users\Owner\Downloads\simulator-windows-64\dataTrack1\IMG\right_2024_11_20_20_23_29_188.jpg, 0, 0.0539592, 0, 25.82861
C:\Users\Owner\Downloads\simulator-windows-64\dataTrack1\IMG\center_2024_11_20_20_23_29_292.jpg, C:\Users\Owner\Downloads\simulator-windows-64\dataTrack1\IMG\left_2024_11_20_20_23_29_292.jpg, C:\Users\Owner\Downloads\simulator-windows-64\dataTrack1\IMG\right_2024_11_20_20_23_29_292.jpg, 0, 0.1535055, 0, 25.78759
C:\Users\Owner\Downloads\simulator-windows-64\dataTrack1\IMG\center_2024_11_20_20_23_29_394.jpg, C:\Users\Owner\Downloads\simulator-windows-64\dataTrack1\IMG\left_2024_11_20_20_23_29_394.jpg, C:\Users\Owner\Downloads\simulator-windows-64\dataTrack1\IMG\right_2024_11_20_20_23_29_394.jpg, 0, 0, 0, 25.58499
C:\Users\Owner\Downloads\simulator-windows-64\dataTrack1\IMG\center_2024_11_20_20_23_29_502.jpg, C:\Users\Owner\Downloads\simulator-windows-64\dataTrack1\IMG\left_2024_11_20_20_23_29_502.jpg, C:\Users\Owner\Downloads\simulator-windows-64\dataTrack1\IMG\right_2024_11_20_20_23_29_502.jpg, 0, 0.2187177, 0, 25.50961
C:\Users\Owner\Downloads\simulator-windows-64\dataTrack1\IMG\center_2024_11_20_20_23_29_606.jpg, C:\Users\Owner\Downloads\simulator-windows-64\dataTrack1\IMG\left_2024_11_20_20_23_29_606.jpg, C:\Users\Owner\Downloads\simulator-windows-64\dataTrack1\IMG\right_2024_11_20_20_23_29_606.jpg, 0, 0, 0, 25.32737
C:\Users\Owner\Downloads\simulator-windows-64\dataTrack1\IMG\center_2024_11_20_20_23_29_708.jpg, C:\Users\Owner\Downloads\simulator-windows-64\dataTrack1\IMG\left_2024_11_20_20_23_29_708.jpg, C:\Users\Owner\Downloads\simulator-windows-64\dataTrack1\IMG\right_2024_11_20_20_23_29_708.jpg, 0, 0.3044142, 0, 25.25244
C:\Users\Owner\Downloads\simulator-windows-64\dataTrack1\IMG\center_2024_11_20_20_23_29_815.jpg, C:\Users\Owner\Downloads\simulator-windows-64\dataTrack1\IMG\left_2024_11_20_20_23_29_815.jpg, C:\Users\Owner\Downloads\simulator-windows-64\dataTrack1\IMG\right_2024_11_20_20_23_29_815.jpg, 0, 0.08509379, 0, 25.18475
C:\Users\Owner\Downloads\simulator-windows-64\dataTrack1\IMG\center_2024_11_20_20_23_29_919.jpg, C:\Users\Owner\Downloads\simulator-windows-64\dataTrack1\IMG\left_2024_11_20_20_23_29_919.jpg, C:\Users\Owner\Downloads\simulator-windows-64\dataTrack1\IMG\right_2024_11_20_20_23_29_919.jpg, 0, 0.3974997, 0, 25.1818
C:\Users\Owner\Downloads\simulator-windows-64\dataTrack1\IMG\center_2024_11_20_20_23_30_020.jpg, C:\Users\Owner\Downloads\simulator-windows-64\dataTrack1\IMG\left_2024_11_20_20_23_30_020.jpg, C:\Users\Owner\Downloads\simulator-windows-64\dataTrack1\IMG\right_2024_11_20_20_23_30_020.jpg, 0, 0.1462983, 0, 25.28215
C:\Users\Owner\Downloads\simulator-windows-64\dataTrack1\IMG\center_2024_11_20_20_23_30_124.jpg, C:\Users\Owner\Downloads\simulator-windows-64\dataTrack1\IMG\left_2024_11_20_20_23_30_124.jpg, C:\Users\Owner\Downloads\simulator-windows-64\dataTrack1\IMG\right_2024_11_20_20_23_30_124.jpg, 0, 0.4065321, 0, 25.34023
C:\Users\Owner\Downloads\simulator-windows-64\dataTrack1\IMG\center_2024_11_20_20_23_30_231.jpg, C:\Users\Owner\Downloads\simulator-windows-64\dataTrack1\IMG\left_2024_11_20_20_23_30_231.jpg, C:\Users\Owner\Downloads\simulator-windows-64\dataTrack1\IMG\right_2024_11_20_20_23_30_231.jpg, 0, 0.08964272, 0, 25.37694
C:\Users\Owner\Downloads\simulator-windows-64\dataTrack1\IMG\center_2024_11_20_20_23_30_335.jpg, C:\Users\Owner\Downloads\simulator-windows-64\dataTrack1\IMG\left_2024_11_20_20_23_30_335.jpg, C:\Users\Owner\Downloads\simulator-windows-64\dataTrack1\IMG\right_2024_11_20_20_23_30_335.jpg, 0, 0.4049778, 0, 25.40335
C:\Users\Owner\Downloads\simulator-windows-64\dataTrack1\IMG\center_2024_11_20_20_23_30_441.jpg, C:\Users\Owner\Downloads\simulator-windows-64\dataTrack1\IMG\left_2024_11_20_20_23_30_441.jpg, C:\Users\Owner\Downloads\simulator-windows-64\dataTrack1\IMG\right_2024_11_20_20_23_30_441.jpg, 0, 0.0887568, 0, 25.49398
C:\Users\Owner\Downloads\simulator-windows-64\dataTrack1\IMG\center_2024_11_20_20_23_30_541.jpg, C:\Users\Owner\Downloads\simulator-windows-64\dataTrack1\IMG\left_2024_11_20_20_23_30_541.jpg, C:\Users\Owner\Downloads\simulator-windows-64\dataTrack1\IMG\right_2024_11_20_20_23_30_541.jpg, 0, 0.3417135, 0, 25.47491
C:\Users\Owner\Downloads\simulator-windows-64\dataTrack1\IMG\center_2024_11_20_20_23_30_646.jpg, C:\Users\Owner\Downloads\simulator-windows-64\dataTrack1\IMG\left_2024_11_20_20_23_30_646.jpg, C:\Users\Owner\Downloads\simulator-windows-64\dataTrack1\IMG\right_2024_11_20_20_23_30_646.jpg, 0, 0.1902135, 0, 25.51813
C:\Users\Owner\Downloads\simulator-windows-64\dataTrack1\IMG\center_2024_11_20_20_23_30_752.jpg, C:\Users\Owner\Downloads\simulator-windows-64\dataTrack1\IMG\left_2024_11_20_20_23_30_752.jpg, C:\Users\Owner\Downloads\simulator-windows-64\dataTrack1\IMG\right_2024_11_20_20_23_30_752.jpg, 0, 0.5078631, 0, 25.69143
C:\Users\Owner\Downloads\simulator-windows-64\dataTrack1\IMG\center_2024_11_20_20_23_30_858.jpg, C:\Users\Owner\Downloads\simulator-windows-64\dataTrack1\IMG\left_2024_11_20_20_23_30_858.jpg, C:\Users\Owner\Downloads\simulator-windows-64\dataTrack1\IMG\right_2024_11_20_20_23_30_858.jpg, 0, 0.2976501, 0, 25.90431
C:\Users\Owner\Downloads\simulator-windows-64\dataTrack1\IMG\center_2024_11_20_20_23_30_959.jpg, C:\Users\Owner\Downloads\simulator-windows-64\dataTrack1\IMG\left_2024_11_20_20_23_30_959.jpg, C:\Users\Owner\Downloads\simulator-windows-64\dataTrack1\IMG\right_2024_11_20_20_23_30_959.jpg, 0, 0.550371, 0, 26.14505
C:\Users\Owner\Downloads\simulator-windows-64\dataTrack1\IMG\center_2024_11_20_20_23_31_063.jpg, C:\Users\Owner\Downloads\simulator-windows-64\dataTrack1\IMG\left_2024_11_20_20_23_31_063.jpg, C:\Users\Owner\Downloads\simulator-windows-64\dataTrack1\IMG\right_2024_11_20_20_23_31_063.jpg, 0, 0.3979608, 0, 26.48428
C:\Users\Owner\Downloads\simulator-windows-64\dataTrack1\IMG\center_2024_11_20_20_23_31_167.jpg, C:\Users\Owner\Downloads\simulator-windows-64\dataTrack1\IMG\left_2024_11_20_20_23_31_167.jpg, C:\Users\Owner\Downloads\simulator-windows-64\dataTrack1\IMG\right_2024_11_20_20_23_31_167.jpg, 0, 0.7101825, 0, 26.90773
C:\Users\Owner\Downloads\simulator-windows-64\dataTrack1\IMG\center_2024_11_20_20_23_31_273.jpg, C:\Users\Owner\Downloads\simulator-windows-64\dataTrack1\IMG\left_2024_11_20_20_23_31_273.jpg, C:\Users\Owner\Downloads\simulator-windows-64\dataTrack1\IMG\right_2024_11_20_20_23_31_273.jpg, 0, 0.5062642, 0, 27.3177
C:\Users\Owner\Downloads\simulator-windows-64\dataTrack1\IMG\center_2024_11_20_20_23_31_376.jpg, C:\Users\Owner\Downloads\simulator-windows-64\dataTrack1\IMG\left_2024_11_20_20_23_31_376.jpg, C:\Users\Owner\Downloads\simulator-windows-64\dataTrack1\IMG\right_2024_11_20_20_23_31_376.jpg, 0, 0.8145958, 0, 27.8266
C:\Users\Owner\Downloads\simulator-windows-64\dataTrack1\IMG\center_2024_11_20_20_23_31_478.jpg, C:\Users\Owner\Downloads\simulator-windows-64\dataTrack1\IMG\left_2024_11_20_20_23_31_478.jpg, C:\Users\Owner\Downloads\simulator-windows-64\dataTrack1\IMG\right_2024_11_20_20_23_31_478.jpg, 0, 0.5070586, 0, 28.3894
C:\Users\Owner\Downloads\simulator-windows-64\dataTrack1\IMG\center_2024_11_20_20_23_31_583.jpg, C:\Users\Owner\Downloads\simulator-windows-64\dataTrack1\IMG\left_2024_11_20_20_23_31_583.jpg, C:\Users\Owner\Downloads\simulator-windows-64\dataTrack1\IMG\right_2024_11_20_20_23_31_583.jpg, -0.0523794, 0.8212219, 0, 28.99233
C:\Users\Owner\Downloads\simulator-windows-64\dataTrack1\IMG\center_2024_11_20_20_23_31_686.jpg, C:\Users\Owner\Downloads\simulator-windows-64\dataTrack1\IMG\left_2024_11_20_20_23_31_686.jpg, C:\Users\Owner\Downloads\simulator-windows-64\dataTrack1\IMG\right_2024_11_20_20_23_31_686.jpg, -0.2632374, 0.510137, 0, 29.43009
C:\Users\Owner\Downloads\simulator-windows-64\dataTrack1\IMG\center_2024_11_20_20_23_31_791.jpg, C:\Users\Owner\Downloads\simulator-windows-64\dataTrack1\IMG\left_2024_11_20_20_23_31_791.jpg, C:\Users\Owner\Downloads\simulator-windows-64\dataTrack1\IMG\right_2024_11_20_20_23_31_791.jpg, 0, 0.1987898, 0, 29.55272
C:\Users\Owner\Downloads\simulator-windows-64\dataTrack1\IMG\center_2024_11_20_20_23_31_892.jpg, C:\Users\Owner\Downloads\simulator-windows-64\dataTrack1\IMG\left_2024_11_20_20_23_31_892.jpg, C:\Users\Owner\Downloads\simulator-windows-64\dataTrack1\IMG\right_2024_11_20_20_23_31_892.jpg, 0, 0, 0, 29.33999
C:\Users\Owner\Downloads\simulator-windows-64\dataTrack1\IMG\center_2024_11_20_20_23_31_995.jpg, C:\Users\Owner\Downloads\simulator-windows-64\dataTrack1\IMG\left_2024_11_20_20_23_31_995.jpg, C:\Users\Owner\Downloads\simulator-windows-64\dataTrack1\IMG\right_2024_11_20_20_23_31_995.jpg, 0, 0, 0, 29.04381
C:\Users\Owner\Downloads\simulator-windows-64\dataTrack1\IMG\center_2024_11_20_20_23_32_101.jpg, C:\Users\Owner\Downloads\simulator-windows-64\dataTrack1\IMG\left_2024_11_20_20_23_32_101.jpg, C:\Users\Owner\Downloads\simulator-windows-64\dataTrack1\IMG\right_2024_11_20_20_23_32_101.jpg, 0, 0.1049646, 0, 28.77054
C:\Users\Owner\Downloads\simulator-windows-64\dataTrack1\IMG\center_2024_11_20_20_23_32_206.jpg, C:\Users\Owner\Downloads\simulator-windows-64\dataTrack1\IMG\left_2024_11_20_20_23_32_206.jpg, C:\Users\Owner\Downloads\simulator-windows-64\dataTrack1\IMG\right_2024_11_20_20_23_32_206.jpg, 0, 0.2684622, 0, 28.83142
C:\Users\Owner\Downloads\simulator-windows-64\dataTrack1\IMG\center_2024_11_20_20_23_32_309.jpg, C:\Users\Owner\Downloads\simulator-windows-64\dataTrack1\IMG\left_2024_11_20_20_23_32_309.jpg, C:\Users\Owner\Downloads\simulator-windows-64\dataTrack1\IMG\right_2024_11_20_20_23_32_309.jpg, 0, 0.1668807, 0, 28.722
C:\Users\Owner\Downloads\simulator-windows-64\dataTrack1\IMG\center_2024_11_20_20_23_32_413.jpg, C:\Users\Owner\Downloads\simulator-windows-64\dataTrack1\IMG\left_2024_11_20_20_23_32_413.jpg, C:\Users\Owner\Downloads\simulator-windows-64\dataTrack1\IMG\right_2024_11_20_20_23_32_413.jpg, 0, 0.271623, 0, 28.77999
C:\Users\Owner\Downloads\simulator-windows-64\dataTrack1\IMG\center_2024_11_20_20_23_32_519.jpg, C:\Users\Owner\Downloads\simulator-windows-64\dataTrack1\IMG\left_2024_11_20_20_23_32_519.jpg, C:\Users\Owner\Downloads\simulator-windows-64\dataTrack1\IMG\right_2024_11_20_20_23_32_519.jpg, 0, 0.1143192, 0, 28.6693
C:\Users\Owner\Downloads\simulator-windows-64\dataTrack1\IMG\center_2024_11_20_20_23_32_623.jpg, C:\Users\Owner\Downloads\simulator-windows-64\dataTrack1\IMG\left_2024_11_20_20_23_32_623.jpg, C:\Users\Owner\Downloads\simulator-windows-64\dataTrack1\IMG\right_2024_11_20_20_23_32_623.jpg, 0, 0.3662601, 0, 28.76995
C:\Users\Owner\Downloads\simulator-windows-64\dataTrack1\IMG\center_2024_11_20_20_23_32_726.jpg, C:\Users\Owner\Downloads\simulator-windows-64\dataTrack1\IMG\left_2024_11_20_20_23_32_726.jpg, C:\Users\Owner\Downloads\simulator-windows-64\dataTrack1\IMG\right_2024_11_20_20_23_32_726.jpg, 0, 0.2677512, 0, 28.76514
C:\Users\Owner\Downloads\simulator-windows-64\dataTrack1\IMG\center_2024_11_20_20_23_32_834.jpg, C:\Users\Owner\Downloads\simulator-windows-64\dataTrack1\IMG\left_2024_11_20_20_23_32_834.jpg, C:\Users\Owner\Downloads\simulator-windows-64\dataTrack1\IMG\right_2024_11_20_20_23_32_834.jpg, 0, 0.4626055, 0, 28.99579
C:\Users\Owner\Downloads\simulator-windows-64\dataTrack1\IMG\center_2024_11_20_20_23_32_936.jpg, C:\Users\Owner\Downloads\simulator-windows-64\dataTrack1\IMG\left_2024_11_20_20_23_32_936.jpg, C:\Users\Owner\Downloads\simulator-windows-64\dataTrack1\IMG\right_2024_11_20_20_23_32_936.jpg, 0, 0.3599734, 0, 29.112
C:\Users\Owner\Downloads\simulator-windows-64\dataTrack1\IMG\center_2024_11_20_20_23_33_038.jpg, C:\Users\Owner\Downloads\simulator-windows-64\dataTrack1\IMG\left_2024_11_20_20_23_33_038.jpg, C:\Users\Owner\Downloads\simulator-windows-64\dataTrack1\IMG\right_2024_11_20_20_23_33_038.jpg, 0, 0.5626999, 0, 29.40619
C:\Users\Owner\Downloads\simulator-windows-64\dataTrack1\IMG\center_2024_11_20_20_23_33_143.jpg, C:\Users\Owner\Downloads\simulator-windows-64\dataTrack1\IMG\left_2024_11_20_20_23_33_143.jpg, C:\Users\Owner\Downloads\simulator-windows-64\dataTrack1\IMG\right_2024_11_20_20_23_33_143.jpg, 0, 0.4526932, 0, 29.68306
C:\Users\Owner\Downloads\simulator-windows-64\dataTrack1\IMG\center_2024_11_20_20_23_33_248.jpg, C:\Users\Owner\Downloads\simulator-windows-64\dataTrack1\IMG\left_2024_11_20_20_23_33_248.jpg, C:\Users\Owner\Downloads\simulator-windows-64\dataTrack1\IMG\right_2024_11_20_20_23_33_248.jpg, 0, 0.6593269, 0, 30.11619
C:\Users\Owner\Downloads\simulator-windows-64\dataTrack1\IMG\center_2024_11_20_20_23_33_352.jpg, C:\Users\Owner\Downloads\simulator-windows-64\dataTrack1\IMG\left_2024_11_20_20_23_33_352.jpg, C:\Users\Owner\Downloads\simulator-windows-64\dataTrack1\IMG\right_2024_11_20_20_23_33_352.jpg, 0, 0.3440338, 0, 30.03663
C:\Users\Owner\Downloads\simulator-windows-64\dataTrack1\IMG\center_2024_11_20_20_23_33_456.jpg, C:\Users\Owner\Downloads\simulator-windows-64\dataTrack1\IMG\left_2024_11_20_20_23_33_456.jpg, C:\Users\Owner\Downloads\simulator-windows-64\dataTrack1\IMG\right_2024_11_20_20_23_33_456.jpg, 0, 0.03411461, 0, 29.93051
C:\Users\Owner\Downloads\simulator-windows-64\dataTrack1\IMG\center_2024_11_20_20_23_33_559.jpg, C:\Users\Owner\Downloads\simulator-windows-64\dataTrack1\IMG\left_2024_11_20_20_23_33_559.jpg, C:\Users\Owner\Downloads\simulator-windows-64\dataTrack1\IMG\right_2024_11_20_20_23_33_559.jpg, 0, 0, 0, 29.63513
C:\Users\Owner\Downloads\simulator-windows-64\dataTrack1\IMG\center_2024_11_20_20_23_33_673.jpg, C:\Users\Owner\Downloads\simulator-windows-64\dataTrack1\IMG\left_2024_11_20_20_23_33_673.jpg, C:\Users\Owner\Downloads\simulator-windows-64\dataTrack1\IMG\right_2024_11_20_20_23_33_673.jpg, -0.1573518, 0, 0, 29.26843
C:\Users\Owner\Downloads\simulator-windows-64\dataTrack1\IMG\center_2024_11_20_20_23_33_771.jpg, C:\Users\Owner\Downloads\simulator-windows-64\dataTrack1\IMG\left_2024_11_20_20_23_33_771.jpg, C:\Users\Owner\Downloads\simulator-windows-64\dataTrack1\IMG\right_2024_11_20_20_23_33_771.jpg, -0.3633591, 0, 0, 28.84852
C:\Users\Owner\Downloads\simulator-windows-64\dataTrack1\IMG\center_2024_11_20_20_23_33_875.jpg, C:\Users\Owner\Downloads\simulator-windows-64\dataTrack1\IMG\left_2024_11_20_20_23_33_875.jpg, C:\Users\Owner\Downloads\simulator-windows-64\dataTrack1\IMG\right_2024_11_20_20_23_33_875.jpg, -0.04929356, 0, 0, 28.54785
C:\Users\Owner\Downloads\simulator-windows-64\dataTrack1\IMG\center_2024_11_20_20_23_33_976.jpg, C:\Users\Owner\Downloads\simulator-windows-64\dataTrack1\IMG\left_2024_11_20_20_23_33_976.jpg, C:\Users\Owner\Downloads\simulator-windows-64\dataTrack1\IMG\right_2024_11_20_20_23_33_976.jpg, 0, 0.2001696, 0, 28.29545
C:\Users\Owner\Downloads\simulator-windows-64\dataTrack1\IMG\center_2024_11_20_20_23_34_081.jpg, C:\Users\Owner\Downloads\simulator-windows-64\dataTrack1\IMG\left_2024_11_20_20_23_34_081.jpg, C:\Users\Owner\Downloads\simulator-windows-64\dataTrack1\IMG\right_2024_11_20_20_23_34_081.jpg, 0, 0, 0, 28.11514
C:\Users\Owner\Downloads\simulator-windows-64\dataTrack1\IMG\center_2024_11_20_20_23_34_185.jpg, C:\Users\Owner\Downloads\simulator-windows-64\dataTrack1\IMG\left_2024_11_20_20_23_34_185.jpg, C:\Users\Owner\Downloads\simulator-windows-64\dataTrack1\IMG\right_2024_11_20_20_23_34_185.jpg, 0, 0.1546194, 0, 27.82177
C:\Users\Owner\Downloads\simulator-windows-64\dataTrack1\IMG\center_2024_11_20_20_23_34_290.jpg, C:\Users\Owner\Downloads\simulator-windows-64\dataTrack1\IMG\left_2024_11_20_20_23_34_290.jpg, C:\Users\Owner\Downloads\simulator-windows-64\dataTrack1\IMG\right_2024_11_20_20_23_34_290.jpg, 0, 0.04266119, 0, 27.74137
C:\Users\Owner\Downloads\simulator-windows-64\dataTrack1\IMG\center_2024_11_20_20_23_34_392.jpg, C:\Users\Owner\Downloads\simulator-windows-64\dataTrack1\IMG\left_2024_11_20_20_23_34_392.jpg, C:\Users\Owner\Downloads\simulator-windows-64\dataTrack1\IMG\right_2024_11_20_20_23_34_392.jpg, 0, 0.152655, 0, 27.51356
C:\Users\Owner\Downloads\simulator-windows-64\dataTrack1\IMG\center_2024_11_20_20_23_34_494.jpg, C:\Users\Owner\Downloads\simulator-windows-64\dataTrack1\IMG\left_2024_11_20_20_23_34_494.jpg, C:\Users\Owner\Downloads\simulator-windows-64\dataTrack1\IMG\right_2024_11_20_20_23_34_494.jpg, 0, 0.1508145, 0, 27.5177
C:\Users\Owner\Downloads\simulator-windows-64\dataTrack1\IMG\center_2024_11_20_20_23_34_600.jpg, C:\Users\Owner\Downloads\simulator-windows-64\dataTrack1\IMG\left_2024_11_20_20_23_34_600.jpg, C:\Users\Owner\Downloads\simulator-windows-64\dataTrack1\IMG\right_2024_11_20_20_23_34_600.jpg, 0, 0.111261, 0, 27.3003
C:\Users\Owner\Downloads\simulator-windows-64\dataTrack1\IMG\center_2024_11_20_20_23_34_704.jpg, C:\Users\Owner\Downloads\simulator-windows-64\dataTrack1\IMG\left_2024_11_20_20_23_34_704.jpg, C:\Users\Owner\Downloads\simulator-windows-64\dataTrack1\IMG\right_2024_11_20_20_23_34_704.jpg, 0, 0.210588, 0, 27.31396
C:\Users\Owner\Downloads\simulator-windows-64\dataTrack1\IMG\center_2024_11_20_20_23_34_808.jpg, C:\Users\Owner\Downloads\simulator-windows-64\dataTrack1\IMG\left_2024_11_20_20_23_34_808.jpg, C:\Users\Owner\Downloads\simulator-windows-64\dataTrack1\IMG\right_2024_11_20_20_23_34_808.jpg, 0, 0.1102905, 0, 27.13883
C:\Users\Owner\Downloads\simulator-windows-64\dataTrack1\IMG\center_2024_11_20_20_23_34_909.jpg, C:\Users\Owner\Downloads\simulator-windows-64\dataTrack1\IMG\left_2024_11_20_20_23_34_909.jpg, C:\Users\Owner\Downloads\simulator-windows-64\dataTrack1\IMG\right_2024_11_20_20_23_34_909.jpg, 0, 0.2205828, 0, 27.15804
C:\Users\Owner\Downloads\simulator-windows-64\dataTrack1\IMG\center_2024_11_20_20_23_35_014.jpg, C:\Users\Owner\Downloads\simulator-windows-64\dataTrack1\IMG\left_2024_11_20_20_23_35_014.jpg, C:\Users\Owner\Downloads\simulator-windows-64\dataTrack1\IMG\right_2024_11_20_20_23_35_014.jpg, 0, 0.1127463, 0, 27.00488
C:\Users\Owner\Downloads\simulator-windows-64\dataTrack1\IMG\center_2024_11_20_20_23_35_119.jpg, C:\Users\Owner\Downloads\simulator-windows-64\dataTrack1\IMG\left_2024_11_20_20_23_35_119.jpg, C:\Users\Owner\Downloads\simulator-windows-64\dataTrack1\IMG\right_2024_11_20_20_23_35_119.jpg, 0, 0.2691426, 0, 27.01921
C:\Users\Owner\Downloads\simulator-windows-64\dataTrack1\IMG\center_2024_11_20_20_23_35_221.jpg, C:\Users\Owner\Downloads\simulator-windows-64\dataTrack1\IMG\left_2024_11_20_20_23_35_221.jpg, C:\Users\Owner\Downloads\simulator-windows-64\dataTrack1\IMG\right_2024_11_20_20_23_35_221.jpg, 0, 0.06974939, 0, 26.87429
C:\Users\Owner\Downloads\simulator-windows-64\dataTrack1\IMG\center_2024_11_20_20_23_35_326.jpg, C:\Users\Owner\Downloads\simulator-windows-64\dataTrack1\IMG\left_2024_11_20_20_23_35_326.jpg, C:\Users\Owner\Downloads\simulator-windows-64\dataTrack1\IMG\right_2024_11_20_20_23_35_326.jpg, 0, 0.3186075, 0, 26.93425
C:\Users\Owner\Downloads\simulator-windows-64\dataTrack1\IMG\center_2024_11_20_20_23_35_428.jpg, C:\Users\Owner\Downloads\simulator-windows-64\dataTrack1\IMG\left_2024_11_20_20_23_35_428.jpg, C:\Users\Owner\Downloads\simulator-windows-64\dataTrack1\IMG\right_2024_11_20_20_23_35_428.jpg, 0, 0.119754, 0, 26.85525
C:\Users\Owner\Downloads\simulator-windows-64\dataTrack1\IMG\center_2024_11_20_20_23_35_534.jpg, C:\Users\Owner\Downloads\simulator-windows-64\dataTrack1\IMG\left_2024_11_20_20_23_35_534.jpg, C:\Users\Owner\Downloads\simulator-windows-64\dataTrack1\IMG\right_2024_11_20_20_23_35_534.jpg, 0, 0.4368455, 0, 26.91782
C:\Users\Owner\Downloads\simulator-windows-64\dataTrack1\IMG\center_2024_11_20_20_23_35_636.jpg, C:\Users\Owner\Downloads\simulator-windows-64\dataTrack1\IMG\left_2024_11_20_20_23_35_636.jpg, C:\Users\Owner\Downloads\simulator-windows-64\dataTrack1\IMG\right_2024_11_20_20_23_35_636.jpg, -0.202497, 0.1261352, 0, 26.99756
C:\Users\Owner\Downloads\simulator-windows-64\dataTrack1\IMG\center_2024_11_20_20_23_35_741.jpg, C:\Users\Owner\Downloads\simulator-windows-64\dataTrack1\IMG\left_2024_11_20_20_23_35_741.jpg, C:\Users\Owner\Downloads\simulator-windows-64\dataTrack1\IMG\right_2024_11_20_20_23_35_741.jpg, -0.3621012, 0, 0, 26.64516
C:\Users\Owner\Downloads\simulator-windows-64\dataTrack1\IMG\center_2024_11_20_20_23_35_843.jpg, C:\Users\Owner\Downloads\simulator-windows-64\dataTrack1\IMG\left_2024_11_20_20_23_35_843.jpg, C:\Users\Owner\Downloads\simulator-windows-64\dataTrack1\IMG\right_2024_11_20_20_23_35_843.jpg, -0.002645992, 0, 0, 26.3201
C:\Users\Owner\Downloads\simulator-windows-64\dataTrack1\IMG\center_2024_11_20_20_23_35_946.jpg, C:\Users\Owner\Downloads\simulator-windows-64\dataTrack1\IMG\left_2024_11_20_20_23_35_946.jpg, C:\Users\Owner\Downloads\simulator-windows-64\dataTrack1\IMG\right_2024_11_20_20_23_35_946.jpg, 0, 0, 0, 26.04932
C:\Users\Owner\Downloads\simulator-windows-64\dataTrack1\IMG\center_2024_11_20_20_23_36_052.jpg, C:\Users\Owner\Downloads\simulator-windows-64\dataTrack1\IMG\left_2024_11_20_20_23_36_052.jpg, C:\Users\Owner\Downloads\simulator-windows-64\dataTrack1\IMG\right_2024_11_20_20_23_36_052.jpg, 0, 0.3172923, 0, 25.97011
C:\Users\Owner\Downloads\simulator-windows-64\dataTrack1\IMG\center_2024_11_20_20_23_36_154.jpg, C:\Users\Owner\Downloads\simulator-windows-64\dataTrack1\IMG\left_2024_11_20_20_23_36_154.jpg, C:\Users\Owner\Downloads\simulator-windows-64\dataTrack1\IMG\right_2024_11_20_20_23_36_154.jpg, 0, 0.1816269, 0, 26.10566
C:\Users\Owner\Downloads\simulator-windows-64\dataTrack1\IMG\center_2024_11_20_20_23_36_257.jpg, C:\Users\Owner\Downloads\simulator-windows-64\dataTrack1\IMG\left_2024_11_20_20_23_36_257.jpg, C:\Users\Owner\Downloads\simulator-windows-64\dataTrack1\IMG\right_2024_11_20_20_23_36_257.jpg, 0, 0.179133, 0, 25.95197
C:\Users\Owner\Downloads\simulator-windows-64\dataTrack1\IMG\center_2024_11_20_20_23_36_361.jpg, C:\Users\Owner\Downloads\simulator-windows-64\dataTrack1\IMG\left_2024_11_20_20_23_36_361.jpg, C:\Users\Owner\Downloads\simulator-windows-64\dataTrack1\IMG\right_2024_11_20_20_23_36_361.jpg, 0, 0.2365821, 0, 26.02679
C:\Users\Owner\Downloads\simulator-windows-64\dataTrack1\IMG\center_2024_11_20_20_23_36_468.jpg, C:\Users\Owner\Downloads\simulator-windows-64\dataTrack1\IMG\left_2024_11_20_20_23_36_468.jpg, C:\Users\Owner\Downloads\simulator-windows-64\dataTrack1\IMG\right_2024_11_20_20_23_36_468.jpg, 0, 0.2848647, 0, 25.94816
C:\Users\Owner\Downloads\simulator-windows-64\dataTrack1\IMG\center_2024_11_20_20_23_36_570.jpg, C:\Users\Owner\Downloads\simulator-windows-64\dataTrack1\IMG\left_2024_11_20_20_23_36_570.jpg, C:\Users\Owner\Downloads\simulator-windows-64\dataTrack1\IMG\right_2024_11_20_20_23_36_570.jpg, 0, 0.2769078, 0, 26.13213
C:\Users\Owner\Downloads\simulator-windows-64\dataTrack1\IMG\center_2024_11_20_20_23_36_674.jpg, C:\Users\Owner\Downloads\simulator-windows-64\dataTrack1\IMG\left_2024_11_20_20_23_36_674.jpg, C:\Users\Owner\Downloads\simulator-windows-64\dataTrack1\IMG\right_2024_11_20_20_23_36_674.jpg, 0, 0.2752239, 0, 26.10566
C:\Users\Owner\Downloads\simulator-windows-64\dataTrack1\IMG\center_2024_11_20_20_23_36_778.jpg, C:\Users\Owner\Downloads\simulator-windows-64\dataTrack1\IMG\left_2024_11_20_20_23_36_778.jpg, C:\Users\Owner\Downloads\simulator-windows-64\dataTrack1\IMG\right_2024_11_20_20_23_36_778.jpg, 0, 0.2770368, 0, 26.28267
C:\Users\Owner\Downloads\simulator-windows-64\dataTrack1\IMG\center_2024_11_20_20_23_36_879.jpg, C:\Users\Owner\Downloads\simulator-windows-64\dataTrack1\IMG\left_2024_11_20_20_23_36_879.jpg, C:\Users\Owner\Downloads\simulator-windows-64\dataTrack1\IMG\right_2024_11_20_20_23_36_879.jpg, 0, 0.2308449, 0, 26.24862
C:\Users\Owner\Downloads\simulator-windows-64\dataTrack1\IMG\center_2024_11_20_20_23_36_985.jpg, C:\Users\Owner\Downloads\simulator-windows-64\dataTrack1\IMG\left_2024_11_20_20_23_36_985.jpg, C:\Users\Owner\Downloads\simulator-windows-64\dataTrack1\IMG\right_2024_11_20_20_23_36_985.jpg, 0, 0.2890452, 0, 26.46838
C:\Users\Owner\Downloads\simulator-windows-64\dataTrack1\IMG\center_2024_11_20_20_23_37_089.jpg, C:\Users\Owner\Downloads\simulator-windows-64\dataTrack1\IMG\left_2024_11_20_20_23_37_089.jpg, C:\Users\Owner\Downloads\simulator-windows-64\dataTrack1\IMG\right_2024_11_20_20_23_37_089.jpg, 0, 0.1825944, 0, 26.38529
C:\Users\Owner\Downloads\simulator-windows-64\dataTrack1\IMG\center_2024_11_20_20_23_37_192.jpg, C:\Users\Owner\Downloads\simulator-windows-64\dataTrack1\IMG\left_2024_11_20_20_23_37_192.jpg, C:\Users\Owner\Downloads\simulator-windows-64\dataTrack1\IMG\right_2024_11_20_20_23_37_192.jpg, 0, 0.4920669, 0, 26.52351
C:\Users\Owner\Downloads\simulator-windows-64\dataTrack1\IMG\center_2024_11_20_20_23_37_296.jpg, C:\Users\Owner\Downloads\simulator-windows-64\dataTrack1\IMG\left_2024_11_20_20_23_37_296.jpg, C:\Users\Owner\Downloads\simulator-windows-64\dataTrack1\IMG\right_2024_11_20_20_23_37_296.jpg, -0.0532311, 0.1787973, 0, 26.68834
C:\Users\Owner\Downloads\simulator-windows-64\dataTrack1\IMG\center_2024_11_20_20_23_37_400.jpg, C:\Users\Owner\Downloads\simulator-windows-64\dataTrack1\IMG\left_2024_11_20_20_23_37_400.jpg, C:\Users\Owner\Downloads\simulator-windows-64\dataTrack1\IMG\right_2024_11_20_20_23_37_400.jpg, -0.3136848, 0, 0, 26.43971
C:\Users\Owner\Downloads\simulator-windows-64\dataTrack1\IMG\center_2024_11_20_20_23_37_504.jpg, C:\Users\Owner\Downloads\simulator-windows-64\dataTrack1\IMG\left_2024_11_20_20_23_37_504.jpg, C:\Users\Owner\Downloads\simulator-windows-64\dataTrack1\IMG\right_2024_11_20_20_23_37_504.jpg, -0.05709183, 0, 0, 26.09405
C:\Users\Owner\Downloads\simulator-windows-64\dataTrack1\IMG\center_2024_11_20_20_23_37_608.jpg, C:\Users\Owner\Downloads\simulator-windows-64\dataTrack1\IMG\left_2024_11_20_20_23_37_608.jpg, C:\Users\Owner\Downloads\simulator-windows-64\dataTrack1\IMG\right_2024_11_20_20_23_37_608.jpg, 0, 0.1524231, 0, 25.87358
C:\Users\Owner\Downloads\simulator-windows-64\dataTrack1\IMG\center_2024_11_20_20_23_37_714.jpg, C:\Users\Owner\Downloads\simulator-windows-64\dataTrack1\IMG\left_2024_11_20_20_23_37_714.jpg, C:\Users\Owner\Downloads\simulator-windows-64\dataTrack1\IMG\right_2024_11_20_20_23_37_714.jpg, 0, 0.3555675, 0, 25.98388
C:\Users\Owner\Downloads\simulator-windows-64\dataTrack1\IMG\center_2024_11_20_20_23_37_831.jpg, C:\Users\Owner\Downloads\simulator-windows-64\dataTrack1\IMG\left_2024_11_20_20_23_37_831.jpg, C:\Users\Owner\Downloads\simulator-windows-64\dataTrack1\IMG\right_2024_11_20_20_23_37_831.jpg, -0.1548579, 0.004503891, 0, 25.94094
C:\Users\Owner\Downloads\simulator-windows-64\dataTrack1\IMG\center_2024_11_20_20_23_37_938.jpg, C:\Users\Owner\Downloads\simulator-windows-64\dataTrack1\IMG\left_2024_11_20_20_23_37_938.jpg, C:\Users\Owner\Downloads\simulator-windows-64\dataTrack1\IMG\right_2024_11_20_20_23_37_938.jpg, -0.3657015, 0, 0, 25.57306
C:\Users\Owner\Downloads\simulator-windows-64\dataTrack1\IMG\center_2024_11_20_20_23_38_039.jpg, C:\Users\Owner\Downloads\simulator-windows-64\dataTrack1\IMG\left_2024_11_20_20_23_38_039.jpg, C:\Users\Owner\Downloads\simulator-windows-64\dataTrack1\IMG\right_2024_11_20_20_23_38_039.jpg, -0.06451862, 0, 0, 25.30667
C:\Users\Owner\Downloads\simulator-windows-64\dataTrack1\IMG\center_2024_11_20_20_23_38_143.jpg, C:\Users\Owner\Downloads\simulator-windows-64\dataTrack1\IMG\left_2024_11_20_20_23_38_143.jpg, C:\Users\Owner\Downloads\simulator-windows-64\dataTrack1\IMG\right_2024_11_20_20_23_38_143.jpg, 0, 0, 0, 24.99047
C:\Users\Owner\Downloads\simulator-windows-64\dataTrack1\IMG\center_2024_11_20_20_23_38_247.jpg, C:\Users\Owner\Downloads\simulator-windows-64\dataTrack1\IMG\left_2024_11_20_20_23_38_247.jpg, C:\Users\Owner\Downloads\simulator-windows-64\dataTrack1\IMG\right_2024_11_20_20_23_38_247.jpg, 0, 0, 0, 24.73851
C:\Users\Owner\Downloads\simulator-windows-64\dataTrack1\IMG\center_2024_11_20_20_23_38_353.jpg, C:\Users\Owner\Downloads\simulator-windows-64\dataTrack1\IMG\left_2024_11_20_20_23_38_353.jpg, C:\Users\Owner\Downloads\simulator-windows-64\dataTrack1\IMG\right_2024_11_20_20_23_38_353.jpg, 0, 0, 0, 24.48997
C:\Users\Owner\Downloads\simulator-windows-64\dataTrack1\IMG\center_2024_11_20_20_23_38_456.jpg, C:\Users\Owner\Downloads\simulator-windows-64\dataTrack1\IMG\left_2024_11_20_20_23_38_456.jpg, C:\Users\Owner\Downloads\simulator-windows-64\dataTrack1\IMG\right_2024_11_20_20_23_38_456.jpg, 0, 0, 0, 24.24406
C:\Users\Owner\Downloads\simulator-windows-64\dataTrack1\IMG\center_2024_11_20_20_23_38_559.jpg, C:\Users\Owner\Downloads\simulator-windows-64\dataTrack1\IMG\left_2024_11_20_20_23_38_559.jpg, C:\Users\Owner\Downloads\simulator-windows-64\dataTrack1\IMG\right_2024_11_20_20_23_38_559.jpg, 0, 0.1079994, 0, 24.02243
C:\Users\Owner\Downloads\simulator-windows-64\dataTrack1\IMG\center_2024_11_20_20_23_38_662.jpg, C:\Users\Owner\Downloads\simulator-windows-64\dataTrack1\IMG\left_2024_11_20_20_23_38_662.jpg, C:\Users\Owner\Downloads\simulator-windows-64\dataTrack1\IMG\right_2024_11_20_20_23_38_662.jpg, 0, 0.3122586, 0, 24.11176
C:\Users\Owner\Downloads\simulator-windows-64\dataTrack1\IMG\center_2024_11_20_20_23_38_765.jpg, C:\Users\Owner\Downloads\simulator-windows-64\dataTrack1\IMG\left_2024_11_20_20_23_38_765.jpg, C:\Users\Owner\Downloads\simulator-windows-64\dataTrack1\IMG\right_2024_11_20_20_23_38_765.jpg, 0, 0.2572293, 0, 24.07685
C:\Users\Owner\Downloads\simulator-windows-64\dataTrack1\IMG\center_2024_11_20_20_23_38_870.jpg, C:\Users\Owner\Downloads\simulator-windows-64\dataTrack1\IMG\left_2024_11_20_20_23_38_870.jpg, C:\Users\Owner\Downloads\simulator-windows-64\dataTrack1\IMG\right_2024_11_20_20_23_38_870.jpg, 0, 0.3669426, 0, 24.32023
C:\Users\Owner\Downloads\simulator-windows-64\dataTrack1\IMG\center_2024_11_20_20_23_38_973.jpg, C:\Users\Owner\Downloads\simulator-windows-64\dataTrack1\IMG\left_2024_11_20_20_23_38_973.jpg, C:\Users\Owner\Downloads\simulator-windows-64\dataTrack1\IMG\right_2024_11_20_20_23_38_973.jpg, 0, 0.370954, 0, 24.43708
C:\Users\Owner\Downloads\simulator-windows-64\dataTrack1\IMG\center_2024_11_20_20_23_39_076.jpg, C:\Users\Owner\Downloads\simulator-windows-64\dataTrack1\IMG\left_2024_11_20_20_23_39_076.jpg, C:\Users\Owner\Downloads\simulator-windows-64\dataTrack1\IMG\right_2024_11_20_20_23_39_076.jpg, 0, 0.3789382, 0, 24.75215
C:\Users\Owner\Downloads\simulator-windows-64\dataTrack1\IMG\center_2024_11_20_20_23_39_180.jpg, C:\Users\Owner\Downloads\simulator-windows-64\dataTrack1\IMG\left_2024_11_20_20_23_39_180.jpg, C:\Users\Owner\Downloads\simulator-windows-64\dataTrack1\IMG\right_2024_11_20_20_23_39_180.jpg, 0, 0.4210918, 0, 24.90577
C:\Users\Owner\Downloads\simulator-windows-64\dataTrack1\IMG\center_2024_11_20_20_23_39_285.jpg, C:\Users\Owner\Downloads\simulator-windows-64\dataTrack1\IMG\left_2024_11_20_20_23_39_285.jpg, C:\Users\Owner\Downloads\simulator-windows-64\dataTrack1\IMG\right_2024_11_20_20_23_39_285.jpg, 0, 0.3731245, 0, 25.32608
C:\Users\Owner\Downloads\simulator-windows-64\dataTrack1\IMG\center_2024_11_20_20_23_39_389.jpg, C:\Users\Owner\Downloads\simulator-windows-64\dataTrack1\IMG\left_2024_11_20_20_23_39_389.jpg, C:\Users\Owner\Downloads\simulator-windows-64\dataTrack1\IMG\right_2024_11_20_20_23_39_389.jpg, 0, 0.4721919, 0, 25.50362
C:\Users\Owner\Downloads\simulator-windows-64\dataTrack1\IMG\center_2024_11_20_20_23_39_492.jpg, C:\Users\Owner\Downloads\simulator-windows-64\dataTrack1\IMG\left_2024_11_20_20_23_39_492.jpg, C:\Users\Owner\Downloads\simulator-windows-64\dataTrack1\IMG\right_2024_11_20_20_23_39_492.jpg, 0, 0.472204, 0, 25.90512
C:\Users\Owner\Downloads\simulator-windows-64\dataTrack1\IMG\center_2024_11_20_20_23_39_593.jpg, C:\Users\Owner\Downloads\simulator-windows-64\dataTrack1\IMG\left_2024_11_20_20_23_39_593.jpg, C:\Users\Owner\Downloads\simulator-windows-64\dataTrack1\IMG\right_2024_11_20_20_23_39_593.jpg, -0.3071865, 0.1650175, 0, 25.99855
C:\Users\Owner\Downloads\simulator-windows-64\dataTrack1\IMG\center_2024_11_20_20_23_39_696.jpg, C:\Users\Owner\Downloads\simulator-windows-64\dataTrack1\IMG\left_2024_11_20_20_23_39_696.jpg, C:\Users\Owner\Downloads\simulator-windows-64\dataTrack1\IMG\right_2024_11_20_20_23_39_696.jpg, -0.3079869, 0, 0, 25.67456
C:\Users\Owner\Downloads\simulator-windows-64\dataTrack1\IMG\center_2024_11_20_20_23_39_806.jpg, C:\Users\Owner\Downloads\simulator-windows-64\dataTrack1\IMG\left_2024_11_20_20_23_39_806.jpg, C:\Users\Owner\Downloads\simulator-windows-64\dataTrack1\IMG\right_2024_11_20_20_23_39_806.jpg, 0, 0.0569172, 0, 25.36267
C:\Users\Owner\Downloads\simulator-windows-64\dataTrack1\IMG\center_2024_11_20_20_23_39_908.jpg, C:\Users\Owner\Downloads\simulator-windows-64\dataTrack1\IMG\left_2024_11_20_20_23_39_908.jpg, C:\Users\Owner\Downloads\simulator-windows-64\dataTrack1\IMG\right_2024_11_20_20_23_39_908.jpg, 0, 0.3645948, 0, 25.36898
C:\Users\Owner\Downloads\simulator-windows-64\dataTrack1\IMG\center_2024_11_20_20_23_40_010.jpg, C:\Users\Owner\Downloads\simulator-windows-64\dataTrack1\IMG\left_2024_11_20_20_23_40_010.jpg, C:\Users\Owner\Downloads\simulator-windows-64\dataTrack1\IMG\right_2024_11_20_20_23_40_010.jpg, 0, 0.05661085, 0, 25.37613
C:\Users\Owner\Downloads\simulator-windows-64\dataTrack1\IMG\center_2024_11_20_20_23_40_114.jpg, C:\Users\Owner\Downloads\simulator-windows-64\dataTrack1\IMG\left_2024_11_20_20_23_40_114.jpg, C:\Users\Owner\Downloads\simulator-windows-64\dataTrack1\IMG\right_2024_11_20_20_23_40_114.jpg, 0, 0, 0, 25.12339
C:\Users\Owner\Downloads\simulator-windows-64\dataTrack1\IMG\center_2024_11_20_20_23_40_220.jpg, C:\Users\Owner\Downloads\simulator-windows-64\dataTrack1\IMG\left_2024_11_20_20_23_40_220.jpg, C:\Users\Owner\Downloads\simulator-windows-64\dataTrack1\IMG\right_2024_11_20_20_23_40_220.jpg, 0, 0.3171897, 0, 25.0264
C:\Users\Owner\Downloads\simulator-windows-64\dataTrack1\IMG\center_2024_11_20_20_23_40_322.jpg, C:\Users\Owner\Downloads\simulator-windows-64\dataTrack1\IMG\left_2024_11_20_20_23_40_322.jpg, C:\Users\Owner\Downloads\simulator-windows-64\dataTrack1\IMG\right_2024_11_20_20_23_40_322.jpg, 0, 0.2376882, 0, 25.20925
C:\Users\Owner\Downloads\simulator-windows-64\dataTrack1\IMG\center_2024_11_20_20_23_40_427.jpg, C:\Users\Owner\Downloads\simulator-windows-64\dataTrack1\IMG\left_2024_11_20_20_23_40_427.jpg, C:\Users\Owner\Downloads\simulator-windows-64\dataTrack1\IMG\right_2024_11_20_20_23_40_427.jpg, 0, 0.2943672, 0, 25.14552
C:\Users\Owner\Downloads\simulator-windows-64\dataTrack1\IMG\center_2024_11_20_20_23_40_529.jpg, C:\Users\Owner\Downloads\simulator-windows-64\dataTrack1\IMG\left_2024_11_20_20_23_40_529.jpg, C:\Users\Owner\Downloads\simulator-windows-64\dataTrack1\IMG\right_2024_11_20_20_23_40_529.jpg, 0, 0.1952454, 0, 25.26999
C:\Users\Owner\Downloads\simulator-windows-64\dataTrack1\IMG\center_2024_11_20_20_23_40_634.jpg, C:\Users\Owner\Downloads\simulator-windows-64\dataTrack1\IMG\left_2024_11_20_20_23_40_634.jpg, C:\Users\Owner\Downloads\simulator-windows-64\dataTrack1\IMG\right_2024_11_20_20_23_40_634.jpg, -0.3113835, 0, 0, 25.04309
C:\Users\Owner\Downloads\simulator-windows-64\dataTrack1\IMG\center_2024_11_20_20_23_40_741.jpg, C:\Users\Owner\Downloads\simulator-windows-64\dataTrack1\IMG\left_2024_11_20_20_23_40_741.jpg, C:\Users\Owner\Downloads\simulator-windows-64\dataTrack1\IMG\right_2024_11_20_20_23_40_741.jpg, -0.5139495, 0, 0, 24.61098
C:\Users\Owner\Downloads\simulator-windows-64\dataTrack1\IMG\center_2024_11_20_20_23_40_842.jpg, C:\Users\Owner\Downloads\simulator-windows-64\dataTrack1\IMG\left_2024_11_20_20_23_40_842.jpg, C:\Users\Owner\Downloads\simulator-windows-64\dataTrack1\IMG\right_2024_11_20_20_23_40_842.jpg, -0.2653935, 0, 0, 24.33828
C:\Users\Owner\Downloads\simulator-windows-64\dataTrack1\IMG\center_2024_11_20_20_23_40_944.jpg, C:\Users\Owner\Downloads\simulator-windows-64\dataTrack1\IMG\left_2024_11_20_20_23_40_944.jpg, C:\Users\Owner\Downloads\simulator-windows-64\dataTrack1\IMG\right_2024_11_20_20_23_40_944.jpg, 0, 0.3080349, 0, 24.25534
C:\Users\Owner\Downloads\simulator-windows-64\dataTrack1\IMG\center_2024_11_20_20_23_41_047.jpg, C:\Users\Owner\Downloads\simulator-windows-64\dataTrack1\IMG\left_2024_11_20_20_23_41_047.jpg, C:\Users\Owner\Downloads\simulator-windows-64\dataTrack1\IMG\right_2024_11_20_20_23_41_047.jpg, 0, 0.2097753, 0, 24.39532
C:\Users\Owner\Downloads\simulator-windows-64\dataTrack1\IMG\center_2024_11_20_20_23_41_152.jpg, C:\Users\Owner\Downloads\simulator-windows-64\dataTrack1\IMG\left_2024_11_20_20_23_41_152.jpg, C:\Users\Owner\Downloads\simulator-windows-64\dataTrack1\IMG\right_2024_11_20_20_23_41_152.jpg, 0, 0, 0, 24.24347
C:\Users\Owner\Downloads\simulator-windows-64\dataTrack1\IMG\center_2024_11_20_20_23_41_256.jpg, C:\Users\Owner\Downloads\simulator-windows-64\dataTrack1\IMG\left_2024_11_20_20_23_41_256.jpg, C:\Users\Owner\Downloads\simulator-windows-64\dataTrack1\IMG\right_2024_11_20_20_23_41_256.jpg, 0, 0.2088342, 0, 24.06063
C:\Users\Owner\Downloads\simulator-windows-64\dataTrack1\IMG\center_2024_11_20_20_23_41_359.jpg, C:\Users\Owner\Downloads\simulator-windows-64\dataTrack1\IMG\left_2024_11_20_20_23_41_359.jpg, C:\Users\Owner\Downloads\simulator-windows-64\dataTrack1\IMG\right_2024_11_20_20_23_41_359.jpg, 0, 0, 0, 23.92815
C:\Users\Owner\Downloads\simulator-windows-64\dataTrack1\IMG\center_2024_11_20_20_23_41_461.jpg, C:\Users\Owner\Downloads\simulator-windows-64\dataTrack1\IMG\left_2024_11_20_20_23_41_461.jpg, C:\Users\Owner\Downloads\simulator-windows-64\dataTrack1\IMG\right_2024_11_20_20_23_41_461.jpg, 0, 0.1035291, 0, 23.70502
C:\Users\Owner\Downloads\simulator-windows-64\dataTrack1\IMG\center_2024_11_20_20_23_41_565.jpg, C:\Users\Owner\Downloads\simulator-windows-64\dataTrack1\IMG\left_2024_11_20_20_23_41_565.jpg, C:\Users\Owner\Downloads\simulator-windows-64\dataTrack1\IMG\right_2024_11_20_20_23_41_565.jpg, 0, 0.05389141, 0, 23.67942
C:\Users\Owner\Downloads\simulator-windows-64\dataTrack1\IMG\center_2024_11_20_20_23_41_671.jpg, C:\Users\Owner\Downloads\simulator-windows-64\dataTrack1\IMG\left_2024_11_20_20_23_41_671.jpg, C:\Users\Owner\Downloads\simulator-windows-64\dataTrack1\IMG\right_2024_11_20_20_23_41_671.jpg, 0, 0.1584498, 0, 23.49306
C:\Users\Owner\Downloads\simulator-windows-64\dataTrack1\IMG\center_2024_11_20_20_23_41_775.jpg, C:\Users\Owner\Downloads\simulator-windows-64\dataTrack1\IMG\left_2024_11_20_20_23_41_775.jpg, C:\Users\Owner\Downloads\simulator-windows-64\dataTrack1\IMG\right_2024_11_20_20_23_41_775.jpg, 0, 0.05056232, 0, 23.48372
C:\Users\Owner\Downloads\simulator-windows-64\dataTrack1\IMG\center_2024_11_20_20_23_41_878.jpg, C:\Users\Owner\Downloads\simulator-windows-64\dataTrack1\IMG\left_2024_11_20_20_23_41_878.jpg, C:\Users\Owner\Downloads\simulator-windows-64\dataTrack1\IMG\right_2024_11_20_20_23_41_878.jpg, 0, 0.1537218, 0, 23.2689
C:\Users\Owner\Downloads\simulator-windows-64\dataTrack1\IMG\center_2024_11_20_20_23_41_979.jpg, C:\Users\Owner\Downloads\simulator-windows-64\dataTrack1\IMG\left_2024_11_20_20_23_41_979.jpg, C:\Users\Owner\Downloads\simulator-windows-64\dataTrack1\IMG\right_2024_11_20_20_23_41_979.jpg, 0, 0.2067225, 0, 23.33493
C:\Users\Owner\Downloads\simulator-windows-64\dataTrack1\IMG\center_2024_11_20_20_23_42_083.jpg, C:\Users\Owner\Downloads\simulator-windows-64\dataTrack1\IMG\left_2024_11_20_20_23_42_083.jpg, C:\Users\Owner\Downloads\simulator-windows-64\dataTrack1\IMG\right_2024_11_20_20_23_42_083.jpg, 0, 0.1559433, 0, 23.15992
C:\Users\Owner\Downloads\simulator-windows-64\dataTrack1\IMG\center_2024_11_20_20_23_42_187.jpg, C:\Users\Owner\Downloads\simulator-windows-64\dataTrack1\IMG\left_2024_11_20_20_23_42_187.jpg, C:\Users\Owner\Downloads\simulator-windows-64\dataTrack1\IMG\right_2024_11_20_20_23_42_187.jpg, -0.1033992, 0.05292958, 0, 23.14386
C:\Users\Owner\Downloads\simulator-windows-64\dataTrack1\IMG\center_2024_11_20_20_23_42_291.jpg, C:\Users\Owner\Downloads\simulator-windows-64\dataTrack1\IMG\left_2024_11_20_20_23_42_291.jpg, C:\Users\Owner\Downloads\simulator-windows-64\dataTrack1\IMG\right_2024_11_20_20_23_42_291.jpg, -0.4125762, 0, 0, 22.81995
C:\Users\Owner\Downloads\simulator-windows-64\dataTrack1\IMG\center_2024_11_20_20_23_42_394.jpg, C:\Users\Owner\Downloads\simulator-windows-64\dataTrack1\IMG\left_2024_11_20_20_23_42_394.jpg, C:\Users\Owner\Downloads\simulator-windows-64\dataTrack1\IMG\right_2024_11_20_20_23_42_394.jpg, -0.1027389, 0, 0, 22.56827
C:\Users\Owner\Downloads\simulator-windows-64\dataTrack1\IMG\center_2024_11_20_20_23_42_497.jpg, C:\Users\Owner\Downloads\simulator-windows-64\dataTrack1\IMG\left_2024_11_20_20_23_42_497.jpg, C:\Users\Owner\Downloads\simulator-windows-64\dataTrack1\IMG\right_2024_11_20_20_23_42_497.jpg, 0, 0, 0, 22.33492
C:\Users\Owner\Downloads\simulator-windows-64\dataTrack1\IMG\center_2024_11_20_20_23_42_603.jpg, C:\Users\Owner\Downloads\simulator-windows-64\dataTrack1\IMG\left_2024_11_20_20_23_42_603.jpg, C:\Users\Owner\Downloads\simulator-windows-64\dataTrack1\IMG\right_2024_11_20_20_23_42_603.jpg, 0, 0.2032041, 0, 22.15722
C:\Users\Owner\Downloads\simulator-windows-64\dataTrack1\IMG\center_2024_11_20_20_23_42_707.jpg, C:\Users\Owner\Downloads\simulator-windows-64\dataTrack1\IMG\left_2024_11_20_20_23_42_707.jpg, C:\Users\Owner\Downloads\simulator-windows-64\dataTrack1\IMG\right_2024_11_20_20_23_42_707.jpg, 0, 0.2067888, 0, 22.28483
C:\Users\Owner\Downloads\simulator-windows-64\dataTrack1\IMG\center_2024_11_20_20_23_42_810.jpg, C:\Users\Owner\Downloads\simulator-windows-64\dataTrack1\IMG\left_2024_11_20_20_23_42_810.jpg, C:\Users\Owner\Downloads\simulator-windows-64\dataTrack1\IMG\right_2024_11_20_20_23_42_810.jpg, -0.1052082, 0, 0, 22.12835
C:\Users\Owner\Downloads\simulator-windows-64\dataTrack1\IMG\center_2024_11_20_20_23_42_913.jpg, C:\Users\Owner\Downloads\simulator-windows-64\dataTrack1\IMG\left_2024_11_20_20_23_42_913.jpg, C:\Users\Owner\Downloads\simulator-windows-64\dataTrack1\IMG\right_2024_11_20_20_23_42_913.jpg, -0.3062136, 0, 0, 21.82693
C:\Users\Owner\Downloads\simulator-windows-64\dataTrack1\IMG\center_2024_11_20_20_23_43_015.jpg, C:\Users\Owner\Downloads\simulator-windows-64\dataTrack1\IMG\left_2024_11_20_20_23_43_015.jpg, C:\Users\Owner\Downloads\simulator-windows-64\dataTrack1\IMG\right_2024_11_20_20_23_43_015.jpg, -0.0001157857, 0, 0, 21.60263
C:\Users\Owner\Downloads\simulator-windows-64\dataTrack1\IMG\center_2024_11_20_20_23_43_121.jpg, C:\Users\Owner\Downloads\simulator-windows-64\dataTrack1\IMG\left_2024_11_20_20_23_43_121.jpg, C:\Users\Owner\Downloads\simulator-windows-64\dataTrack1\IMG\right_2024_11_20_20_23_43_121.jpg, 0, 0.1584012, 0, 21.42907
C:\Users\Owner\Downloads\simulator-windows-64\dataTrack1\IMG\center_2024_11_20_20_23_43_224.jpg, C:\Users\Owner\Downloads\simulator-windows-64\dataTrack1\IMG\left_2024_11_20_20_23_43_224.jpg, C:\Users\Owner\Downloads\simulator-windows-64\dataTrack1\IMG\right_2024_11_20_20_23_43_224.jpg, -0.0507102, 0.2120388, 0, 21.61154
C:\Users\Owner\Downloads\simulator-windows-64\dataTrack1\IMG\center_2024_11_20_20_23_43_326.jpg, C:\Users\Owner\Downloads\simulator-windows-64\dataTrack1\IMG\left_2024_11_20_20_23_43_326.jpg, C:\Users\Owner\Downloads\simulator-windows-64\dataTrack1\IMG\right_2024_11_20_20_23_43_326.jpg, -0.3587556, 0, 0, 21.3704
C:\Users\Owner\Downloads\simulator-windows-64\dataTrack1\IMG\center_2024_11_20_20_23_43_430.jpg, C:\Users\Owner\Downloads\simulator-windows-64\dataTrack1\IMG\left_2024_11_20_20_23_43_430.jpg, C:\Users\Owner\Downloads\simulator-windows-64\dataTrack1\IMG\right_2024_11_20_20_23_43_430.jpg, -0.3575563, 0, 0, 21.0801
C:\Users\Owner\Downloads\simulator-windows-64\dataTrack1\IMG\center_2024_11_20_20_23_43_534.jpg, C:\Users\Owner\Downloads\simulator-windows-64\dataTrack1\IMG\left_2024_11_20_20_23_43_534.jpg, C:\Users\Owner\Downloads\simulator-windows-64\dataTrack1\IMG\right_2024_11_20_20_23_43_534.jpg, -0.04837924, 0, 0, 20.8049
C:\Users\Owner\Downloads\simulator-windows-64\dataTrack1\IMG\center_2024_11_20_20_23_43_638.jpg, C:\Users\Owner\Downloads\simulator-windows-64\dataTrack1\IMG\left_2024_11_20_20_23_43_638.jpg, C:\Users\Owner\Downloads\simulator-windows-64\dataTrack1\IMG\right_2024_11_20_20_23_43_638.jpg, -0.3582909, 0, 0, 20.70948
C:\Users\Owner\Downloads\simulator-windows-64\dataTrack1\IMG\center_2024_11_20_20_23_43_740.jpg, C:\Users\Owner\Downloads\simulator-windows-64\dataTrack1\IMG\left_2024_11_20_20_23_43_740.jpg, C:\Users\Owner\Downloads\simulator-windows-64\dataTrack1\IMG\right_2024_11_20_20_23_43_740.jpg, -0.2801757, 0, 0, 20.23252
C:\Users\Owner\Downloads\simulator-windows-64\dataTrack1\IMG\center_2024_11_20_20_23_43_846.jpg, C:\Users\Owner\Downloads\simulator-windows-64\dataTrack1\IMG\left_2024_11_20_20_23_43_846.jpg, C:\Users\Owner\Downloads\simulator-windows-64\dataTrack1\IMG\right_2024_11_20_20_23_43_846.jpg, 0, 0, 0, 19.92686
C:\Users\Owner\Downloads\simulator-windows-64\dataTrack1\IMG\center_2024_11_20_20_23_43_951.jpg, C:\Users\Owner\Downloads\simulator-windows-64\dataTrack1\IMG\left_2024_11_20_20_23_43_951.jpg, C:\Users\Owner\Downloads\simulator-windows-64\dataTrack1\IMG\right_2024_11_20_20_23_43_951.jpg, 0, 0.2028696, 0, 20.11904
C:\Users\Owner\Downloads\simulator-windows-64\dataTrack1\IMG\center_2024_11_20_20_23_44_055.jpg, C:\Users\Owner\Downloads\simulator-windows-64\dataTrack1\IMG\left_2024_11_20_20_23_44_055.jpg, C:\Users\Owner\Downloads\simulator-windows-64\dataTrack1\IMG\right_2024_11_20_20_23_44_055.jpg, 0, 0.2103153, 0, 19.97002
C:\Users\Owner\Downloads\simulator-windows-64\dataTrack1\IMG\center_2024_11_20_20_23_44_156.jpg, C:\Users\Owner\Downloads\simulator-windows-64\dataTrack1\IMG\left_2024_11_20_20_23_44_156.jpg, C:\Users\Owner\Downloads\simulator-windows-64\dataTrack1\IMG\right_2024_11_20_20_23_44_156.jpg, 0, 0.1046469, 0, 20.18277
C:\Users\Owner\Downloads\simulator-windows-64\dataTrack1\IMG\center_2024_11_20_20_23_44_260.jpg, C:\Users\Owner\Downloads\simulator-windows-64\dataTrack1\IMG\left_2024_11_20_20_23_44_260.jpg, C:\Users\Owner\Downloads\simulator-windows-64\dataTrack1\IMG\right_2024_11_20_20_23_44_260.jpg, 0, 0.3622947, 0, 19.97004
C:\Users\Owner\Downloads\simulator-windows-64\dataTrack1\IMG\center_2024_11_20_20_23_44_363.jpg, C:\Users\Owner\Downloads\simulator-windows-64\dataTrack1\IMG\left_2024_11_20_20_23_44_363.jpg, C:\Users\Owner\Downloads\simulator-windows-64\dataTrack1\IMG\right_2024_11_20_20_23_44_363.jpg, 0, 0.001037724, 0, 19.93721
C:\Users\Owner\Downloads\simulator-windows-64\dataTrack1\IMG\center_2024_11_20_20_23_44_467.jpg, C:\Users\Owner\Downloads\simulator-windows-64\dataTrack1\IMG\left_2024_11_20_20_23_44_467.jpg, C:\Users\Owner\Downloads\simulator-windows-64\dataTrack1\IMG\right_2024_11_20_20_23_44_467.jpg, -0.3109755, 0, 0, 20.00897
C:\Users\Owner\Downloads\simulator-windows-64\dataTrack1\IMG\center_2024_11_20_20_23_44_573.jpg, C:\Users\Owner\Downloads\simulator-windows-64\dataTrack1\IMG\left_2024_11_20_20_23_44_573.jpg, C:\Users\Owner\Downloads\simulator-windows-64\dataTrack1\IMG\right_2024_11_20_20_23_44_573.jpg, -0.6264915, 0, 0, 19.34411
C:\Users\Owner\Downloads\simulator-windows-64\dataTrack1\IMG\center_2024_11_20_20_23_44_676.jpg, C:\Users\Owner\Downloads\simulator-windows-64\dataTrack1\IMG\left_2024_11_20_20_23_44_676.jpg, C:\Users\Owner\Downloads\simulator-windows-64\dataTrack1\IMG\right_2024_11_20_20_23_44_676.jpg, -0.315192, 0, 0, 19.42562
C:\Users\Owner\Downloads\simulator-windows-64\dataTrack1\IMG\center_2024_11_20_20_23_44_781.jpg, C:\Users\Owner\Downloads\simulator-windows-64\dataTrack1\IMG\left_2024_11_20_20_23_44_781.jpg, C:\Users\Owner\Downloads\simulator-windows-64\dataTrack1\IMG\right_2024_11_20_20_23_44_781.jpg, -0.001901429, 0.1606014, 0, 18.86879
C:\Users\Owner\Downloads\simulator-windows-64\dataTrack1\IMG\center_2024_11_20_20_23_44_882.jpg, C:\Users\Owner\Downloads\simulator-windows-64\dataTrack1\IMG\left_2024_11_20_20_23_44_882.jpg, C:\Users\Owner\Downloads\simulator-windows-64\dataTrack1\IMG\right_2024_11_20_20_23_44_882.jpg, 0, 0.3621357, 0, 19.13039
C:\Users\Owner\Downloads\simulator-windows-64\dataTrack1\IMG\center_2024_11_20_20_23_44_987.jpg, C:\Users\Owner\Downloads\simulator-windows-64\dataTrack1\IMG\left_2024_11_20_20_23_44_987.jpg, C:\Users\Owner\Downloads\simulator-windows-64\dataTrack1\IMG\right_2024_11_20_20_23_44_987.jpg, 0, 0.04862729, 0, 19.48887
C:\Users\Owner\Downloads\simulator-windows-64\dataTrack1\IMG\center_2024_11_20_20_23_45_090.jpg, C:\Users\Owner\Downloads\simulator-windows-64\dataTrack1\IMG\left_2024_11_20_20_23_45_090.jpg, C:\Users\Owner\Downloads\simulator-windows-64\dataTrack1\IMG\right_2024_11_20_20_23_45_090.jpg, 0, 0.1553028, 0, 18.9677
C:\Users\Owner\Downloads\simulator-windows-64\dataTrack1\IMG\center_2024_11_20_20_23_45_192.jpg, C:\Users\Owner\Downloads\simulator-windows-64\dataTrack1\IMG\left_2024_11_20_20_23_45_192.jpg, C:\Users\Owner\Downloads\simulator-windows-64\dataTrack1\IMG\right_2024_11_20_20_23_45_192.jpg, 0, 0.1505328, 0, 19.42601
C:\Users\Owner\Downloads\simulator-windows-64\dataTrack1\IMG\center_2024_11_20_20_23_45_296.jpg, C:\Users\Owner\Downloads\simulator-windows-64\dataTrack1\IMG\left_2024_11_20_20_23_45_296.jpg, C:\Users\Owner\Downloads\simulator-windows-64\dataTrack1\IMG\right_2024_11_20_20_23_45_296.jpg, 0, 0.1040886, 0, 18.92676
C:\Users\Owner\Downloads\simulator-windows-64\dataTrack1\IMG\center_2024_11_20_20_23_45_399.jpg, C:\Users\Owner\Downloads\simulator-windows-64\dataTrack1\IMG\left_2024_11_20_20_23_45_399.jpg, C:\Users\Owner\Downloads\simulator-windows-64\dataTrack1\IMG\right_2024_11_20_20_23_45_399.jpg, 0, 0.3634923, 0, 19.37528
C:\Users\Owner\Downloads\simulator-windows-64\dataTrack1\IMG\center_2024_11_20_20_23_45_504.jpg, C:\Users\Owner\Downloads\simulator-windows-64\dataTrack1\IMG\left_2024_11_20_20_23_45_504.jpg, C:\Users\Owner\Downloads\simulator-windows-64\dataTrack1\IMG\right_2024_11_20_20_23_45_504.jpg, 0, 0.001611028, 0, 19.39185
C:\Users\Owner\Downloads\simulator-windows-64\dataTrack1\IMG\center_2024_11_20_20_23_45_608.jpg, C:\Users\Owner\Downloads\simulator-windows-64\dataTrack1\IMG\left_2024_11_20_20_23_45_608.jpg, C:\Users\Owner\Downloads\simulator-windows-64\dataTrack1\IMG\right_2024_11_20_20_23_45_608.jpg, -0.2044956, 0, 0, 18.80612
C:\Users\Owner\Downloads\simulator-windows-64\dataTrack1\IMG\center_2024_11_20_20_23_45_712.jpg, C:\Users\Owner\Downloads\simulator-windows-64\dataTrack1\IMG\left_2024_11_20_20_23_45_712.jpg, C:\Users\Owner\Downloads\simulator-windows-64\dataTrack1\IMG\right_2024_11_20_20_23_45_712.jpg, -0.4037565, 0, 0, 18.92897
C:\Users\Owner\Downloads\simulator-windows-64\dataTrack1\IMG\center_2024_11_20_20_23_45_813.jpg, C:\Users\Owner\Downloads\simulator-windows-64\dataTrack1\IMG\left_2024_11_20_20_23_45_813.jpg, C:\Users\Owner\Downloads\simulator-windows-64\dataTrack1\IMG\right_2024_11_20_20_23_45_813.jpg, -0.0990459, 0.1081362, 0, 18.4458
C:\Users\Owner\Downloads\simulator-windows-64\dataTrack1\IMG\center_2024_11_20_20_23_45_916.jpg, C:\Users\Owner\Downloads\simulator-windows-64\dataTrack1\IMG\left_2024_11_20_20_23_45_916.jpg, C:\Users\Owner\Downloads\simulator-windows-64\dataTrack1\IMG\right_2024_11_20_20_23_45_916.jpg, 0, 0, 0, 18.71442
C:\Users\Owner\Downloads\simulator-windows-64\dataTrack1\IMG\center_2024_11_20_20_23_46_022.jpg, C:\Users\Owner\Downloads\simulator-windows-64\dataTrack1\IMG\left_2024_11_20_20_23_46_022.jpg, C:\Users\Owner\Downloads\simulator-windows-64\dataTrack1\IMG\right_2024_11_20_20_23_46_022.jpg, 0, 0.259029, 0, 18.2249
C:\Users\Owner\Downloads\simulator-windows-64\dataTrack1\IMG\center_2024_11_20_20_23_46_124.jpg, C:\Users\Owner\Downloads\simulator-windows-64\dataTrack1\IMG\left_2024_11_20_20_23_46_124.jpg, C:\Users\Owner\Downloads\simulator-windows-64\dataTrack1\IMG\right_2024_11_20_20_23_46_124.jpg, 0, 0, 0, 18.07316
C:\Users\Owner\Downloads\simulator-windows-64\dataTrack1\IMG\center_2024_11_20_20_23_46_228.jpg, C:\Users\Owner\Downloads\simulator-windows-64\dataTrack1\IMG\left_2024_11_20_20_23_46_228.jpg, C:\Users\Owner\Downloads\simulator-windows-64\dataTrack1\IMG\right_2024_11_20_20_23_46_228.jpg, 0, 0.1204314, 0, 18.4645
C:\Users\Owner\Downloads\simulator-windows-64\dataTrack1\IMG\center_2024_11_20_20_23_46_331.jpg, C:\Users\Owner\Downloads\simulator-windows-64\dataTrack1\IMG\left_2024_11_20_20_23_46_331.jpg, C:\Users\Owner\Downloads\simulator-windows-64\dataTrack1\IMG\right_2024_11_20_20_23_46_331.jpg, 0, 0, 0, 17.82416
C:\Users\Owner\Downloads\simulator-windows-64\dataTrack1\IMG\center_2024_11_20_20_23_46_434.jpg, C:\Users\Owner\Downloads\simulator-windows-64\dataTrack1\IMG\left_2024_11_20_20_23_46_434.jpg, C:\Users\Owner\Downloads\simulator-windows-64\dataTrack1\IMG\right_2024_11_20_20_23_46_434.jpg, 0, 0.3108171, 0, 18.284
C:\Users\Owner\Downloads\simulator-windows-64\dataTrack1\IMG\center_2024_11_20_20_23_46_540.jpg, C:\Users\Owner\Downloads\simulator-windows-64\dataTrack1\IMG\left_2024_11_20_20_23_46_540.jpg, C:\Users\Owner\Downloads\simulator-windows-64\dataTrack1\IMG\right_2024_11_20_20_23_46_540.jpg, -0.1048851, 0, 0, 17.8783
C:\Users\Owner\Downloads\simulator-windows-64\dataTrack1\IMG\center_2024_11_20_20_23_46_644.jpg, C:\Users\Owner\Downloads\simulator-windows-64\dataTrack1\IMG\left_2024_11_20_20_23_46_644.jpg, C:\Users\Owner\Downloads\simulator-windows-64\dataTrack1\IMG\right_2024_11_20_20_23_46_644.jpg, -0.3022509, 0, 0, 17.55582
C:\Users\Owner\Downloads\simulator-windows-64\dataTrack1\IMG\center_2024_11_20_20_23_46_748.jpg, C:\Users\Owner\Downloads\simulator-windows-64\dataTrack1\IMG\left_2024_11_20_20_23_46_748.jpg, C:\Users\Owner\Downloads\simulator-windows-64\dataTrack1\IMG\right_2024_11_20_20_23_46_748.jpg, 0, 0.1057989, 0, 17.88797
C:\Users\Owner\Downloads\simulator-windows-64\dataTrack1\IMG\center_2024_11_20_20_23_46_848.jpg, C:\Users\Owner\Downloads\simulator-windows-64\dataTrack1\IMG\left_2024_11_20_20_23_46_848.jpg, C:\Users\Owner\Downloads\simulator-windows-64\dataTrack1\IMG\right_2024_11_20_20_23_46_848.jpg, 0, 0.4094085, 0, 17.58841
C:\Users\Owner\Downloads\simulator-windows-64\dataTrack1\IMG\center_2024_11_20_20_23_46_954.jpg, C:\Users\Owner\Downloads\simulator-windows-64\dataTrack1\IMG\left_2024_11_20_20_23_46_954.jpg, C:\Users\Owner\Downloads\simulator-windows-64\dataTrack1\IMG\right_2024_11_20_20_23_46_954.jpg, 0, 0.09544831, 0, 18.15347
C:\Users\Owner\Downloads\simulator-windows-64\dataTrack1\IMG\center_2024_11_20_20_23_47_056.jpg, C:\Users\Owner\Downloads\simulator-windows-64\dataTrack1\IMG\left_2024_11_20_20_23_47_056.jpg, C:\Users\Owner\Downloads\simulator-windows-64\dataTrack1\IMG\right_2024_11_20_20_23_47_056.jpg, 0, 0.2063961, 0, 17.5797
C:\Users\Owner\Downloads\simulator-windows-64\dataTrack1\IMG\center_2024_11_20_20_23_47_159.jpg, C:\Users\Owner\Downloads\simulator-windows-64\dataTrack1\IMG\left_2024_11_20_20_23_47_159.jpg, C:\Users\Owner\Downloads\simulator-windows-64\dataTrack1\IMG\right_2024_11_20_20_23_47_159.jpg, -0.1032669, 0.1005699, 0, 18.16901
C:\Users\Owner\Downloads\simulator-windows-64\dataTrack1\IMG\center_2024_11_20_20_23_47_264.jpg, C:\Users\Owner\Downloads\simulator-windows-64\dataTrack1\IMG\left_2024_11_20_20_23_47_264.jpg, C:\Users\Owner\Downloads\simulator-windows-64\dataTrack1\IMG\right_2024_11_20_20_23_47_264.jpg, -0.309342, 0, 0, 17.93249
C:\Users\Owner\Downloads\simulator-windows-64\dataTrack1\IMG\center_2024_11_20_20_23_47_366.jpg, C:\Users\Owner\Downloads\simulator-windows-64\dataTrack1\IMG\left_2024_11_20_20_23_47_366.jpg, C:\Users\Owner\Downloads\simulator-windows-64\dataTrack1\IMG\right_2024_11_20_20_23_47_366.jpg, 0, 0.1029474, 0, 17.24769
C:\Users\Owner\Downloads\simulator-windows-64\dataTrack1\IMG\center_2024_11_20_20_23_47_472.jpg, C:\Users\Owner\Downloads\simulator-windows-64\dataTrack1\IMG\left_2024_11_20_20_23_47_472.jpg, C:\Users\Owner\Downloads\simulator-windows-64\dataTrack1\IMG\right_2024_11_20_20_23_47_472.jpg, 0, 0.4182411, 0, 17.8524
C:\Users\Owner\Downloads\simulator-windows-64\dataTrack1\IMG\center_2024_11_20_20_23_47_575.jpg, C:\Users\Owner\Downloads\simulator-windows-64\dataTrack1\IMG\left_2024_11_20_20_23_47_575.jpg, C:\Users\Owner\Downloads\simulator-windows-64\dataTrack1\IMG\right_2024_11_20_20_23_47_575.jpg, 0, 0.320172, 0, 17.82517
C:\Users\Owner\Downloads\simulator-windows-64\dataTrack1\IMG\center_2024_11_20_20_23_47_679.jpg, C:\Users\Owner\Downloads\simulator-windows-64\dataTrack1\IMG\left_2024_11_20_20_23_47_679.jpg, C:\Users\Owner\Downloads\simulator-windows-64\dataTrack1\IMG\right_2024_11_20_20_23_47_679.jpg, 0, 0.3179442, 0, 18.31704
C:\Users\Owner\Downloads\simulator-windows-64\dataTrack1\IMG\center_2024_11_20_20_23_47_781.jpg, C:\Users\Owner\Downloads\simulator-windows-64\dataTrack1\IMG\left_2024_11_20_20_23_47_781.jpg, C:\Users\Owner\Downloads\simulator-windows-64\dataTrack1\IMG\right_2024_11_20_20_23_47_781.jpg, -0.1515036, 0.5751072, 0, 18.32553
C:\Users\Owner\Downloads\simulator-windows-64\dataTrack1\IMG\center_2024_11_20_20_23_47_885.jpg, C:\Users\Owner\Downloads\simulator-windows-64\dataTrack1\IMG\left_2024_11_20_20_23_47_885.jpg, C:\Users\Owner\Downloads\simulator-windows-64\dataTrack1\IMG\right_2024_11_20_20_23_47_885.jpg, -0.5133387, 0.727613, 0, 19.13512
C:\Users\Owner\Downloads\simulator-windows-64\dataTrack1\IMG\center_2024_11_20_20_23_47_991.jpg, C:\Users\Owner\Downloads\simulator-windows-64\dataTrack1\IMG\left_2024_11_20_20_23_47_991.jpg, C:\Users\Owner\Downloads\simulator-windows-64\dataTrack1\IMG\right_2024_11_20_20_23_47_991.jpg, -0.5059512, 0.4090523, 0, 19.68896
C:\Users\Owner\Downloads\simulator-windows-64\dataTrack1\IMG\center_2024_11_20_20_23_48_093.jpg, C:\Users\Owner\Downloads\simulator-windows-64\dataTrack1\IMG\left_2024_11_20_20_23_48_093.jpg, C:\Users\Owner\Downloads\simulator-windows-64\dataTrack1\IMG\right_2024_11_20_20_23_48_093.jpg, -0.2016351, 0.1047361, 0, 19.54017
C:\Users\Owner\Downloads\simulator-windows-64\dataTrack1\IMG\center_2024_11_20_20_23_48_197.jpg, C:\Users\Owner\Downloads\simulator-windows-64\dataTrack1\IMG\left_2024_11_20_20_23_48_197.jpg, C:\Users\Owner\Downloads\simulator-windows-64\dataTrack1\IMG\right_2024_11_20_20_23_48_197.jpg, 0, 0.1560759, 0, 19.69139
C:\Users\Owner\Downloads\simulator-windows-64\dataTrack1\IMG\center_2024_11_20_20_23_48_301.jpg, C:\Users\Owner\Downloads\simulator-windows-64\dataTrack1\IMG\left_2024_11_20_20_23_48_301.jpg, C:\Users\Owner\Downloads\simulator-windows-64\dataTrack1\IMG\right_2024_11_20_20_23_48_301.jpg, 0, 0.4156953, 0, 19.50806
C:\Users\Owner\Downloads\simulator-windows-64\dataTrack1\IMG\center_2024_11_20_20_23_48_406.jpg, C:\Users\Owner\Downloads\simulator-windows-64\dataTrack1\IMG\left_2024_11_20_20_23_48_406.jpg, C:\Users\Owner\Downloads\simulator-windows-64\dataTrack1\IMG\right_2024_11_20_20_23_48_406.jpg, 0, 0.7802208, 0, 20.26015
C:\Users\Owner\Downloads\simulator-windows-64\dataTrack1\IMG\center_2024_11_20_20_23_48_509.jpg, C:\Users\Owner\Downloads\simulator-windows-64\dataTrack1\IMG\left_2024_11_20_20_23_48_509.jpg, C:\Users\Owner\Downloads\simulator-windows-64\dataTrack1\IMG\right_2024_11_20_20_23_48_509.jpg, 0, 1, 0, 21.3259
C:\Users\Owner\Downloads\simulator-windows-64\dataTrack1\IMG\center_2024_11_20_20_23_48_612.jpg, C:\Users\Owner\Downloads\simulator-windows-64\dataTrack1\IMG\left_2024_11_20_20_23_48_612.jpg, C:\Users\Owner\Downloads\simulator-windows-64\dataTrack1\IMG\right_2024_11_20_20_23_48_612.jpg, 0, 0.8455573, 0, 22.20488
C:\Users\Owner\Downloads\simulator-windows-64\dataTrack1\IMG\center_2024_11_20_20_23_48_715.jpg, C:\Users\Owner\Downloads\simulator-windows-64\dataTrack1\IMG\left_2024_11_20_20_23_48_715.jpg, C:\Users\Owner\Downloads\simulator-windows-64\dataTrack1\IMG\right_2024_11_20_20_23_48_715.jpg, 0, 0.5380629, 0, 22.86435
C:\Users\Owner\Downloads\simulator-windows-64\dataTrack1\IMG\center_2024_11_20_20_23_48_818.jpg, C:\Users\Owner\Downloads\simulator-windows-64\dataTrack1\IMG\left_2024_11_20_20_23_48_818.jpg, C:\Users\Owner\Downloads\simulator-windows-64\dataTrack1\IMG\right_2024_11_20_20_23_48_818.jpg, 0, 0.5390764, 0, 23.1528
C:\Users\Owner\Downloads\simulator-windows-64\dataTrack1\IMG\center_2024_11_20_20_23_48_924.jpg, C:\Users\Owner\Downloads\simulator-windows-64\dataTrack1\IMG\left_2024_11_20_20_23_48_924.jpg, C:\Users\Owner\Downloads\simulator-windows-64\dataTrack1\IMG\right_2024_11_20_20_23_48_924.jpg, 0, 0.8539561, 0, 23.89274
C:\Users\Owner\Downloads\simulator-windows-64\dataTrack1\IMG\center_2024_11_20_20_23_49_026.jpg, C:\Users\Owner\Downloads\simulator-windows-64\dataTrack1\IMG\left_2024_11_20_20_23_49_026.jpg, C:\Users\Owner\Downloads\simulator-windows-64\dataTrack1\IMG\right_2024_11_20_20_23_49_026.jpg, 0, 1, 0, 24.82634
C:\Users\Owner\Downloads\simulator-windows-64\dataTrack1\IMG\center_2024_11_20_20_23_49_129.jpg, C:\Users\Owner\Downloads\simulator-windows-64\dataTrack1\IMG\left_2024_11_20_20_23_49_129.jpg, C:\Users\Owner\Downloads\simulator-windows-64\dataTrack1\IMG\right_2024_11_20_20_23_49_129.jpg, -0.3121086, 0.6878914, 0, 25.53649
C:\Users\Owner\Downloads\simulator-windows-64\dataTrack1\IMG\center_2024_11_20_20_23_49_233.jpg, C:\Users\Owner\Downloads\simulator-windows-64\dataTrack1\IMG\left_2024_11_20_20_23_49_233.jpg, C:\Users\Owner\Downloads\simulator-windows-64\dataTrack1\IMG\right_2024_11_20_20_23_49_233.jpg, -0.6234007, 0.3765994, 0, 25.70694
C:\Users\Owner\Downloads\simulator-windows-64\dataTrack1\IMG\center_2024_11_20_20_23_49_338.jpg, C:\Users\Owner\Downloads\simulator-windows-64\dataTrack1\IMG\left_2024_11_20_20_23_49_338.jpg, C:\Users\Owner\Downloads\simulator-windows-64\dataTrack1\IMG\right_2024_11_20_20_23_49_338.jpg, -0.3562237, 0.1094224, 0, 25.67294
C:\Users\Owner\Downloads\simulator-windows-64\dataTrack1\IMG\center_2024_11_20_20_23_49_445.jpg, C:\Users\Owner\Downloads\simulator-windows-64\dataTrack1\IMG\left_2024_11_20_20_23_49_445.jpg, C:\Users\Owner\Downloads\simulator-windows-64\dataTrack1\IMG\right_2024_11_20_20_23_49_445.jpg, 0, 0.1549458, 0, 25.42696
C:\Users\Owner\Downloads\simulator-windows-64\dataTrack1\IMG\center_2024_11_20_20_23_49_546.jpg, C:\Users\Owner\Downloads\simulator-windows-64\dataTrack1\IMG\left_2024_11_20_20_23_49_546.jpg, C:\Users\Owner\Downloads\simulator-windows-64\dataTrack1\IMG\right_2024_11_20_20_23_49_546.jpg, 0, 0.460509, 0, 25.54944
C:\Users\Owner\Downloads\simulator-windows-64\dataTrack1\IMG\center_2024_11_20_20_23_49_649.jpg, C:\Users\Owner\Downloads\simulator-windows-64\dataTrack1\IMG\left_2024_11_20_20_23_49_649.jpg, C:\Users\Owner\Downloads\simulator-windows-64\dataTrack1\IMG\right_2024_11_20_20_23_49_649.jpg, 0, 0.5620281, 0, 26.00736
C:\Users\Owner\Downloads\simulator-windows-64\dataTrack1\IMG\center_2024_11_20_20_23_49_753.jpg, C:\Users\Owner\Downloads\simulator-windows-64\dataTrack1\IMG\left_2024_11_20_20_23_49_753.jpg, C:\Users\Owner\Downloads\simulator-windows-64\dataTrack1\IMG\right_2024_11_20_20_23_49_753.jpg, 0, 0.2502753, 0, 26.24558
C:\Users\Owner\Downloads\simulator-windows-64\dataTrack1\IMG\center_2024_11_20_20_23_49_858.jpg, C:\Users\Owner\Downloads\simulator-windows-64\dataTrack1\IMG\left_2024_11_20_20_23_49_858.jpg, C:\Users\Owner\Downloads\simulator-windows-64\dataTrack1\IMG\right_2024_11_20_20_23_49_858.jpg, 0.0535761, 0, 0, 26.12341
C:\Users\Owner\Downloads\simulator-windows-64\dataTrack1\IMG\center_2024_11_20_20_23_49_960.jpg, C:\Users\Owner\Downloads\simulator-windows-64\dataTrack1\IMG\left_2024_11_20_20_23_49_960.jpg, C:\Users\Owner\Downloads\simulator-windows-64\dataTrack1\IMG\right_2024_11_20_20_23_49_960.jpg, 0.3126738, 0, 0, 25.80208
C:\Users\Owner\Downloads\simulator-windows-64\dataTrack1\IMG\center_2024_11_20_20_23_50_066.jpg, C:\Users\Owner\Downloads\simulator-windows-64\dataTrack1\IMG\left_2024_11_20_20_23_50_066.jpg, C:\Users\Owner\Downloads\simulator-windows-64\dataTrack1\IMG\right_2024_11_20_20_23_50_066.jpg, 0.04352762, 0, 0, 25.46866
C:\Users\Owner\Downloads\simulator-windows-64\dataTrack1\IMG\center_2024_11_20_20_23_50_168.jpg, C:\Users\Owner\Downloads\simulator-windows-64\dataTrack1\IMG\left_2024_11_20_20_23_50_168.jpg, C:\Users\Owner\Downloads\simulator-windows-64\dataTrack1\IMG\right_2024_11_20_20_23_50_168.jpg, 0, 0, 0, 25.20673
C:\Users\Owner\Downloads\simulator-windows-64\dataTrack1\IMG\center_2024_11_20_20_23_50_274.jpg, C:\Users\Owner\Downloads\simulator-windows-64\dataTrack1\IMG\left_2024_11_20_20_23_50_274.jpg, C:\Users\Owner\Downloads\simulator-windows-64\dataTrack1\IMG\right_2024_11_20_20_23_50_274.jpg, 0, 0.1023192, 0, 24.97259
C:\Users\Owner\Downloads\simulator-windows-64\dataTrack1\IMG\center_2024_11_20_20_23_50_376.jpg, C:\Users\Owner\Downloads\simulator-windows-64\dataTrack1\IMG\left_2024_11_20_20_23_50_376.jpg, C:\Users\Owner\Downloads\simulator-windows-64\dataTrack1\IMG\right_2024_11_20_20_23_50_376.jpg, 0, 0.4088712, 0, 24.99611
C:\Users\Owner\Downloads\simulator-windows-64\dataTrack1\IMG\center_2024_11_20_20_23_50_480.jpg, C:\Users\Owner\Downloads\simulator-windows-64\dataTrack1\IMG\left_2024_11_20_20_23_50_480.jpg, C:\Users\Owner\Downloads\simulator-windows-64\dataTrack1\IMG\right_2024_11_20_20_23_50_480.jpg, 0, 0.1448397, 0, 25.101
C:\Users\Owner\Downloads\simulator-windows-64\dataTrack1\IMG\center_2024_11_20_20_23_50_583.jpg, C:\Users\Owner\Downloads\simulator-windows-64\dataTrack1\IMG\left_2024_11_20_20_23_50_583.jpg, C:\Users\Owner\Downloads\simulator-windows-64\dataTrack1\IMG\right_2024_11_20_20_23_50_583.jpg, 0, 0.5036493, 0, 25.29237
C:\Users\Owner\Downloads\simulator-windows-64\dataTrack1\IMG\center_2024_11_20_20_23_50_690.jpg, C:\Users\Owner\Downloads\simulator-windows-64\dataTrack1\IMG\left_2024_11_20_20_23_50_690.jpg, C:\Users\Owner\Downloads\simulator-windows-64\dataTrack1\IMG\right_2024_11_20_20_23_50_690.jpg, 0, 0.2949768, 0, 25.44606
C:\Users\Owner\Downloads\simulator-windows-64\dataTrack1\IMG\center_2024_11_20_20_23_50_794.jpg, C:\Users\Owner\Downloads\simulator-windows-64\dataTrack1\IMG\left_2024_11_20_20_23_50_794.jpg, C:\Users\Owner\Downloads\simulator-windows-64\dataTrack1\IMG\right_2024_11_20_20_23_50_794.jpg, 0, 0.4984208, 0, 25.73552
C:\Users\Owner\Downloads\simulator-windows-64\dataTrack1\IMG\center_2024_11_20_20_23_50_898.jpg, C:\Users\Owner\Downloads\simulator-windows-64\dataTrack1\IMG\left_2024_11_20_20_23_50_898.jpg, C:\Users\Owner\Downloads\simulator-windows-64\dataTrack1\IMG\right_2024_11_20_20_23_50_898.jpg, 0, 0.1868798, 0, 25.92782
C:\Users\Owner\Downloads\simulator-windows-64\dataTrack1\IMG\center_2024_11_20_20_23_50_999.jpg, C:\Users\Owner\Downloads\simulator-windows-64\dataTrack1\IMG\left_2024_11_20_20_23_50_999.jpg, C:\Users\Owner\Downloads\simulator-windows-64\dataTrack1\IMG\right_2024_11_20_20_23_50_999.jpg, -0.0477939, 0, 0, 25.74549
C:\Users\Owner\Downloads\simulator-windows-64\dataTrack1\IMG\center_2024_11_20_20_23_51_103.jpg, C:\Users\Owner\Downloads\simulator-windows-64\dataTrack1\IMG\left_2024_11_20_20_23_51_103.jpg, C:\Users\Owner\Downloads\simulator-windows-64\dataTrack1\IMG\right_2024_11_20_20_23_51_103.jpg, -0.0003177151, 0, 0, 25.40932
C:\Users\Owner\Downloads\simulator-windows-64\dataTrack1\IMG\center_2024_11_20_20_23_51_206.jpg, C:\Users\Owner\Downloads\simulator-windows-64\dataTrack1\IMG\left_2024_11_20_20_23_51_206.jpg, C:\Users\Owner\Downloads\simulator-windows-64\dataTrack1\IMG\right_2024_11_20_20_23_51_206.jpg, 0, 0, 0, 25.15306
C:\Users\Owner\Downloads\simulator-windows-64\dataTrack1\IMG\center_2024_11_20_20_23_51_311.jpg, C:\Users\Owner\Downloads\simulator-windows-64\dataTrack1\IMG\left_2024_11_20_20_23_51_311.jpg, C:\Users\Owner\Downloads\simulator-windows-64\dataTrack1\IMG\right_2024_11_20_20_23_51_311.jpg, 0, 0, 0, 24.90032
C:\Users\Owner\Downloads\simulator-windows-64\dataTrack1\IMG\center_2024_11_20_20_23_51_415.jpg, C:\Users\Owner\Downloads\simulator-windows-64\dataTrack1\IMG\left_2024_11_20_20_23_51_415.jpg, C:\Users\Owner\Downloads\simulator-windows-64\dataTrack1\IMG\right_2024_11_20_20_23_51_415.jpg, -0.1065909, 0, 0, 24.64714
C:\Users\Owner\Downloads\simulator-windows-64\dataTrack1\IMG\center_2024_11_20_20_23_51_516.jpg, C:\Users\Owner\Downloads\simulator-windows-64\dataTrack1\IMG\left_2024_11_20_20_23_51_516.jpg, C:\Users\Owner\Downloads\simulator-windows-64\dataTrack1\IMG\right_2024_11_20_20_23_51_516.jpg, -0.4140396, 0, 0, 24.31853
C:\Users\Owner\Downloads\simulator-windows-64\dataTrack1\IMG\center_2024_11_20_20_23_51_621.jpg, C:\Users\Owner\Downloads\simulator-windows-64\dataTrack1\IMG\left_2024_11_20_20_23_51_621.jpg, C:\Users\Owner\Downloads\simulator-windows-64\dataTrack1\IMG\right_2024_11_20_20_23_51_621.jpg, -0.1546956, 0, 0, 24.04474
C:\Users\Owner\Downloads\simulator-windows-64\dataTrack1\IMG\center_2024_11_20_20_23_51_726.jpg, C:\Users\Owner\Downloads\simulator-windows-64\dataTrack1\IMG\left_2024_11_20_20_23_51_726.jpg, C:\Users\Owner\Downloads\simulator-windows-64\dataTrack1\IMG\right_2024_11_20_20_23_51_726.jpg, -0.2025006, 0, 0, 23.74522
C:\Users\Owner\Downloads\simulator-windows-64\dataTrack1\IMG\center_2024_11_20_20_23_51_831.jpg, C:\Users\Owner\Downloads\simulator-windows-64\dataTrack1\IMG\left_2024_11_20_20_23_51_831.jpg, C:\Users\Owner\Downloads\simulator-windows-64\dataTrack1\IMG\right_2024_11_20_20_23_51_831.jpg, 0, 0, 0, 23.50479
C:\Users\Owner\Downloads\simulator-windows-64\dataTrack1\IMG\center_2024_11_20_20_23_51_932.jpg, C:\Users\Owner\Downloads\simulator-windows-64\dataTrack1\IMG\left_2024_11_20_20_23_51_932.jpg, C:\Users\Owner\Downloads\simulator-windows-64\dataTrack1\IMG\right_2024_11_20_20_23_51_932.jpg, 0, 0, 0, 23.26722
C:\Users\Owner\Downloads\simulator-windows-64\dataTrack1\IMG\center_2024_11_20_20_23_52_036.jpg, C:\Users\Owner\Downloads\simulator-windows-64\dataTrack1\IMG\left_2024_11_20_20_23_52_036.jpg, C:\Users\Owner\Downloads\simulator-windows-64\dataTrack1\IMG\right_2024_11_20_20_23_52_036.jpg, 0, 0, 0, 23.03353
C:\Users\Owner\Downloads\simulator-windows-64\dataTrack1\IMG\center_2024_11_20_20_23_52_143.jpg, C:\Users\Owner\Downloads\simulator-windows-64\dataTrack1\IMG\left_2024_11_20_20_23_52_143.jpg, C:\Users\Owner\Downloads\simulator-windows-64\dataTrack1\IMG\right_2024_11_20_20_23_52_143.jpg, 0, 0.0581703, 0, 22.75628
C:\Users\Owner\Downloads\simulator-windows-64\dataTrack1\IMG\center_2024_11_20_20_23_52_243.jpg, C:\Users\Owner\Downloads\simulator-windows-64\dataTrack1\IMG\left_2024_11_20_20_23_52_243.jpg, C:\Users\Owner\Downloads\simulator-windows-64\dataTrack1\IMG\right_2024_11_20_20_23_52_243.jpg, 0, 0.3598329, 0, 22.80037
C:\Users\Owner\Downloads\simulator-windows-64\dataTrack1\IMG\center_2024_11_20_20_23_52_349.jpg, C:\Users\Owner\Downloads\simulator-windows-64\dataTrack1\IMG\left_2024_11_20_20_23_52_349.jpg, C:\Users\Owner\Downloads\simulator-windows-64\dataTrack1\IMG\right_2024_11_20_20_23_52_349.jpg, 0, 0.04277785, 0, 22.80261
C:\Users\Owner\Downloads\simulator-windows-64\dataTrack1\IMG\center_2024_11_20_20_23_52_452.jpg, C:\Users\Owner\Downloads\simulator-windows-64\dataTrack1\IMG\left_2024_11_20_20_23_52_452.jpg, C:\Users\Owner\Downloads\simulator-windows-64\dataTrack1\IMG\right_2024_11_20_20_23_52_452.jpg, 0, 0.3522765, 0, 22.79653
C:\Users\Owner\Downloads\simulator-windows-64\dataTrack1\IMG\center_2024_11_20_20_23_52_556.jpg, C:\Users\Owner\Downloads\simulator-windows-64\dataTrack1\IMG\left_2024_11_20_20_23_52_556.jpg, C:\Users\Owner\Downloads\simulator-windows-64\dataTrack1\IMG\right_2024_11_20_20_23_52_556.jpg, 0, 0.2506353, 0, 23.07619
C:\Users\Owner\Downloads\simulator-windows-64\dataTrack1\IMG\center_2024_11_20_20_23_52_660.jpg, C:\Users\Owner\Downloads\simulator-windows-64\dataTrack1\IMG\left_2024_11_20_20_23_52_660.jpg, C:\Users\Owner\Downloads\simulator-windows-64\dataTrack1\IMG\right_2024_11_20_20_23_52_660.jpg, 0, 0.5086641, 0, 23.2712
C:\Users\Owner\Downloads\simulator-windows-64\dataTrack1\IMG\center_2024_11_20_20_23_52_764.jpg, C:\Users\Owner\Downloads\simulator-windows-64\dataTrack1\IMG\left_2024_11_20_20_23_52_764.jpg, C:\Users\Owner\Downloads\simulator-windows-64\dataTrack1\IMG\right_2024_11_20_20_23_52_764.jpg, -0.3662871, 0.2474915, 0, 23.48968
C:\Users\Owner\Downloads\simulator-windows-64\dataTrack1\IMG\center_2024_11_20_20_23_52_869.jpg, C:\Users\Owner\Downloads\simulator-windows-64\dataTrack1\IMG\left_2024_11_20_20_23_52_869.jpg, C:\Users\Owner\Downloads\simulator-windows-64\dataTrack1\IMG\right_2024_11_20_20_23_52_869.jpg, -0.05368834, 0, 0, 23.36535
C:\Users\Owner\Downloads\simulator-windows-64\dataTrack1\IMG\center_2024_11_20_20_23_52_972.jpg, C:\Users\Owner\Downloads\simulator-windows-64\dataTrack1\IMG\left_2024_11_20_20_23_52_972.jpg, C:\Users\Owner\Downloads\simulator-windows-64\dataTrack1\IMG\right_2024_11_20_20_23_52_972.jpg, 0, 0, 0, 23.11653
C:\Users\Owner\Downloads\simulator-windows-64\dataTrack1\IMG\center_2024_11_20_20_23_53_075.jpg, C:\Users\Owner\Downloads\simulator-windows-64\dataTrack1\IMG\left_2024_11_20_20_23_53_075.jpg, C:\Users\Owner\Downloads\simulator-windows-64\dataTrack1\IMG\right_2024_11_20_20_23_53_075.jpg, 0, 0, 0, 22.88625
C:\Users\Owner\Downloads\simulator-windows-64\dataTrack1\IMG\center_2024_11_20_20_23_53_179.jpg, C:\Users\Owner\Downloads\simulator-windows-64\dataTrack1\IMG\left_2024_11_20_20_23_53_179.jpg, C:\Users\Owner\Downloads\simulator-windows-64\dataTrack1\IMG\right_2024_11_20_20_23_53_179.jpg, 0, 0.2597133, 0, 22.80378
C:\Users\Owner\Downloads\simulator-windows-64\dataTrack1\IMG\center_2024_11_20_20_23_53_284.jpg, C:\Users\Owner\Downloads\simulator-windows-64\dataTrack1\IMG\left_2024_11_20_20_23_53_284.jpg, C:\Users\Owner\Downloads\simulator-windows-64\dataTrack1\IMG\right_2024_11_20_20_23_53_284.jpg, 0, 0, 0, 22.74988
C:\Users\Owner\Downloads\simulator-windows-64\dataTrack1\IMG\center_2024_11_20_20_23_53_387.jpg, C:\Users\Owner\Downloads\simulator-windows-64\dataTrack1\IMG\left_2024_11_20_20_23_53_387.jpg, C:\Users\Owner\Downloads\simulator-windows-64\dataTrack1\IMG\right_2024_11_20_20_23_53_387.jpg, 0, 0.2203095, 0, 22.63729
C:\Users\Owner\Downloads\simulator-windows-64\dataTrack1\IMG\center_2024_11_20_20_23_53_493.jpg, C:\Users\Owner\Downloads\simulator-windows-64\dataTrack1\IMG\left_2024_11_20_20_23_53_493.jpg, C:\Users\Owner\Downloads\simulator-windows-64\dataTrack1\IMG\right_2024_11_20_20_23_53_493.jpg, 0, 0.1180623, 0, 22.70449
C:\Users\Owner\Downloads\simulator-windows-64\dataTrack1\IMG\center_2024_11_20_20_23_53_595.jpg, C:\Users\Owner\Downloads\simulator-windows-64\dataTrack1\IMG\left_2024_11_20_20_23_53_595.jpg, C:\Users\Owner\Downloads\simulator-windows-64\dataTrack1\IMG\right_2024_11_20_20_23_53_595.jpg, 0, 0.4269525, 0, 22.78997
C:\Users\Owner\Downloads\simulator-windows-64\dataTrack1\IMG\center_2024_11_20_20_23_53_699.jpg, C:\Users\Owner\Downloads\simulator-windows-64\dataTrack1\IMG\left_2024_11_20_20_23_53_699.jpg, C:\Users\Owner\Downloads\simulator-windows-64\dataTrack1\IMG\right_2024_11_20_20_23_53_699.jpg, 0, 0.1172322, 0, 22.94067
C:\Users\Owner\Downloads\simulator-windows-64\dataTrack1\IMG\center_2024_11_20_20_23_53_801.jpg, C:\Users\Owner\Downloads\simulator-windows-64\dataTrack1\IMG\left_2024_11_20_20_23_53_801.jpg, C:\Users\Owner\Downloads\simulator-windows-64\dataTrack1\IMG\right_2024_11_20_20_23_53_801.jpg, 0, 0.3720957, 0, 22.97072
C:\Users\Owner\Downloads\simulator-windows-64\dataTrack1\IMG\center_2024_11_20_20_23_53_904.jpg, C:\Users\Owner\Downloads\simulator-windows-64\dataTrack1\IMG\left_2024_11_20_20_23_53_904.jpg, C:\Users\Owner\Downloads\simulator-windows-64\dataTrack1\IMG\right_2024_11_20_20_23_53_904.jpg, 0, 0.1120695, 0, 22.94247
C:\Users\Owner\Downloads\simulator-windows-64\dataTrack1\IMG\center_2024_11_20_20_23_54_009.jpg, C:\Users\Owner\Downloads\simulator-windows-64\dataTrack1\IMG\left_2024_11_20_20_23_54_009.jpg, C:\Users\Owner\Downloads\simulator-windows-64\dataTrack1\IMG\right_2024_11_20_20_23_54_009.jpg, 0, 0.3186555, 0, 23.09075
C:\Users\Owner\Downloads\simulator-windows-64\dataTrack1\IMG\center_2024_11_20_20_23_54_111.jpg, C:\Users\Owner\Downloads\simulator-windows-64\dataTrack1\IMG\left_2024_11_20_20_23_54_111.jpg, C:\Users\Owner\Downloads\simulator-windows-64\dataTrack1\IMG\right_2024_11_20_20_23_54_111.jpg, 0, 0.2095137, 0, 23.07753
C:\Users\Owner\Downloads\simulator-windows-64\dataTrack1\IMG\center_2024_11_20_20_23_54_216.jpg, C:\Users\Owner\Downloads\simulator-windows-64\dataTrack1\IMG\left_2024_11_20_20_23_54_216.jpg, C:\Users\Owner\Downloads\simulator-windows-64\dataTrack1\IMG\right_2024_11_20_20_23_54_216.jpg, 0, 0.4190619, 0, 23.25464
C:\Users\Owner\Downloads\simulator-windows-64\dataTrack1\IMG\center_2024_11_20_20_23_54_319.jpg, C:\Users\Owner\Downloads\simulator-windows-64\dataTrack1\IMG\left_2024_11_20_20_23_54_319.jpg, C:\Users\Owner\Downloads\simulator-windows-64\dataTrack1\IMG\right_2024_11_20_20_23_54_319.jpg, 0, 0.2148048, 0, 23.38683
C:\Users\Owner\Downloads\simulator-windows-64\dataTrack1\IMG\center_2024_11_20_20_23_54_424.jpg, C:\Users\Owner\Downloads\simulator-windows-64\dataTrack1\IMG\left_2024_11_20_20_23_54_424.jpg, C:\Users\Owner\Downloads\simulator-windows-64\dataTrack1\IMG\right_2024_11_20_20_23_54_424.jpg, 0, 0.5257233, 0, 23.64524
C:\Users\Owner\Downloads\simulator-windows-64\dataTrack1\IMG\center_2024_11_20_20_23_54_528.jpg, C:\Users\Owner\Downloads\simulator-windows-64\dataTrack1\IMG\left_2024_11_20_20_23_54_528.jpg, C:\Users\Owner\Downloads\simulator-windows-64\dataTrack1\IMG\right_2024_11_20_20_23_54_528.jpg, 0, 0.2145565, 0, 23.83486
C:\Users\Owner\Downloads\simulator-windows-64\dataTrack1\IMG\center_2024_11_20_20_23_54_629.jpg, C:\Users\Owner\Downloads\simulator-windows-64\dataTrack1\IMG\left_2024_11_20_20_23_54_629.jpg, C:\Users\Owner\Downloads\simulator-windows-64\dataTrack1\IMG\right_2024_11_20_20_23_54_629.jpg, 0, 0.521787, 0, 24.05085
C:\Users\Owner\Downloads\simulator-windows-64\dataTrack1\IMG\center_2024_11_20_20_23_54_734.jpg, C:\Users\Owner\Downloads\simulator-windows-64\dataTrack1\IMG\left_2024_11_20_20_23_54_734.jpg, C:\Users\Owner\Downloads\simulator-windows-64\dataTrack1\IMG\right_2024_11_20_20_23_54_734.jpg, 0, 0.3828249, 0, 24.44412
C:\Users\Owner\Downloads\simulator-windows-64\dataTrack1\IMG\center_2024_11_20_20_23_54_836.jpg, C:\Users\Owner\Downloads\simulator-windows-64\dataTrack1\IMG\left_2024_11_20_20_23_54_836.jpg, C:\Users\Owner\Downloads\simulator-windows-64\dataTrack1\IMG\right_2024_11_20_20_23_54_836.jpg, 0, 0.6915025, 0, 24.80598
C:\Users\Owner\Downloads\simulator-windows-64\dataTrack1\IMG\center_2024_11_20_20_23_54_940.jpg, C:\Users\Owner\Downloads\simulator-windows-64\dataTrack1\IMG\left_2024_11_20_20_23_54_940.jpg, C:\Users\Owner\Downloads\simulator-windows-64\dataTrack1\IMG\right_2024_11_20_20_23_54_940.jpg, 0, 0.6424482, 0, 25.46195
C:\Users\Owner\Downloads\simulator-windows-64\dataTrack1\IMG\center_2024_11_20_20_23_55_045.jpg, C:\Users\Owner\Downloads\simulator-windows-64\dataTrack1\IMG\left_2024_11_20_20_23_55_045.jpg, C:\Users\Owner\Downloads\simulator-windows-64\dataTrack1\IMG\right_2024_11_20_20_23_55_045.jpg, 0, 0.6917076, 0, 25.97904
C:\Users\Owner\Downloads\simulator-windows-64\dataTrack1\IMG\center_2024_11_20_20_23_55_147.jpg, C:\Users\Owner\Downloads\simulator-windows-64\dataTrack1\IMG\left_2024_11_20_20_23_55_147.jpg, C:\Users\Owner\Downloads\simulator-windows-64\dataTrack1\IMG\right_2024_11_20_20_23_55_147.jpg, -0.0999321, 0.8009211, 0, 26.71569
C:\Users\Owner\Downloads\simulator-windows-64\dataTrack1\IMG\center_2024_11_20_20_23_55_251.jpg, C:\Users\Owner\Downloads\simulator-windows-64\dataTrack1\IMG\left_2024_11_20_20_23_55_251.jpg, C:\Users\Owner\Downloads\simulator-windows-64\dataTrack1\IMG\right_2024_11_20_20_23_55_251.jpg, -0.4116324, 0.4892207, 0, 27.13235
C:\Users\Owner\Downloads\simulator-windows-64\dataTrack1\IMG\center_2024_11_20_20_23_55_355.jpg, C:\Users\Owner\Downloads\simulator-windows-64\dataTrack1\IMG\left_2024_11_20_20_23_55_355.jpg, C:\Users\Owner\Downloads\simulator-windows-64\dataTrack1\IMG\right_2024_11_20_20_23_55_355.jpg, -0.1013907, 0.178979, 0, 27.24735
C:\Users\Owner\Downloads\simulator-windows-64\dataTrack1\IMG\center_2024_11_20_20_23_55_460.jpg, C:\Users\Owner\Downloads\simulator-windows-64\dataTrack1\IMG\left_2024_11_20_20_23_55_460.jpg, C:\Users\Owner\Downloads\simulator-windows-64\dataTrack1\IMG\right_2024_11_20_20_23_55_460.jpg, 0, 0.2803301, 0, 27.12843
C:\Users\Owner\Downloads\simulator-windows-64\dataTrack1\IMG\center_2024_11_20_20_23_55_563.jpg, C:\Users\Owner\Downloads\simulator-windows-64\dataTrack1\IMG\left_2024_11_20_20_23_55_563.jpg, C:\Users\Owner\Downloads\simulator-windows-64\dataTrack1\IMG\right_2024_11_20_20_23_55_563.jpg, 0, 0.2842835, 0, 27.34079
C:\Users\Owner\Downloads\simulator-windows-64\dataTrack1\IMG\center_2024_11_20_20_23_55_667.jpg, C:\Users\Owner\Downloads\simulator-windows-64\dataTrack1\IMG\left_2024_11_20_20_23_55_667.jpg, C:\Users\Owner\Downloads\simulator-windows-64\dataTrack1\IMG\right_2024_11_20_20_23_55_667.jpg, 0, 0.1765097, 0, 27.24814
C:\Users\Owner\Downloads\simulator-windows-64\dataTrack1\IMG\center_2024_11_20_20_23_55_769.jpg, C:\Users\Owner\Downloads\simulator-windows-64\dataTrack1\IMG\left_2024_11_20_20_23_55_769.jpg, C:\Users\Owner\Downloads\simulator-windows-64\dataTrack1\IMG\right_2024_11_20_20_23_55_769.jpg, 0, 0.2756255, 0, 27.34254
C:\Users\Owner\Downloads\simulator-windows-64\dataTrack1\IMG\center_2024_11_20_20_23_55_875.jpg, C:\Users\Owner\Downloads\simulator-windows-64\dataTrack1\IMG\left_2024_11_20_20_23_55_875.jpg, C:\Users\Owner\Downloads\simulator-windows-64\dataTrack1\IMG\right_2024_11_20_20_23_55_875.jpg, 0, 0.07869982, 0, 27.2252
C:\Users\Owner\Downloads\simulator-windows-64\dataTrack1\IMG\center_2024_11_20_20_23_55_976.jpg, C:\Users\Owner\Downloads\simulator-windows-64\dataTrack1\IMG\left_2024_11_20_20_23_55_976.jpg, C:\Users\Owner\Downloads\simulator-windows-64\dataTrack1\IMG\right_2024_11_20_20_23_55_976.jpg, 0, 0.3812516, 0, 27.21157
C:\Users\Owner\Downloads\simulator-windows-64\dataTrack1\IMG\center_2024_11_20_20_23_56_080.jpg, C:\Users\Owner\Downloads\simulator-windows-64\dataTrack1\IMG\left_2024_11_20_20_23_56_080.jpg, C:\Users\Owner\Downloads\simulator-windows-64\dataTrack1\IMG\right_2024_11_20_20_23_56_080.jpg, 0, 0.120276, 0, 27.25138
C:\Users\Owner\Downloads\simulator-windows-64\dataTrack1\IMG\center_2024_11_20_20_23_56_182.jpg, C:\Users\Owner\Downloads\simulator-windows-64\dataTrack1\IMG\left_2024_11_20_20_23_56_182.jpg, C:\Users\Owner\Downloads\simulator-windows-64\dataTrack1\IMG\right_2024_11_20_20_23_56_182.jpg, 0, 0.3740091, 0, 27.24182
C:\Users\Owner\Downloads\simulator-windows-64\dataTrack1\IMG\center_2024_11_20_20_23_56_285.jpg, C:\Users\Owner\Downloads\simulator-windows-64\dataTrack1\IMG\left_2024_11_20_20_23_56_285.jpg, C:\Users\Owner\Downloads\simulator-windows-64\dataTrack1\IMG\right_2024_11_20_20_23_56_285.jpg, 0, 0.2442393, 0, 27.41583
C:\Users\Owner\Downloads\simulator-windows-64\dataTrack1\IMG\center_2024_11_20_20_23_56_391.jpg, C:\Users\Owner\Downloads\simulator-windows-64\dataTrack1\IMG\left_2024_11_20_20_23_56_391.jpg, C:\Users\Owner\Downloads\simulator-windows-64\dataTrack1\IMG\right_2024_11_20_20_23_56_391.jpg, 0, 0.3422286, 0, 27.41356
C:\Users\Owner\Downloads\simulator-windows-64\dataTrack1\IMG\center_2024_11_20_20_23_56_494.jpg, C:\Users\Owner\Downloads\simulator-windows-64\dataTrack1\IMG\left_2024_11_20_20_23_56_494.jpg, C:\Users\Owner\Downloads\simulator-windows-64\dataTrack1\IMG\right_2024_11_20_20_23_56_494.jpg, 0, 0.3419894, 0, 27.64661
C:\Users\Owner\Downloads\simulator-windows-64\dataTrack1\IMG\center_2024_11_20_20_23_56_598.jpg, C:\Users\Owner\Downloads\simulator-windows-64\dataTrack1\IMG\left_2024_11_20_20_23_56_598.jpg, C:\Users\Owner\Downloads\simulator-windows-64\dataTrack1\IMG\right_2024_11_20_20_23_56_598.jpg, 0, 0.3446867, 0, 27.68065
C:\Users\Owner\Downloads\simulator-windows-64\dataTrack1\IMG\center_2024_11_20_20_23_56_701.jpg, C:\Users\Owner\Downloads\simulator-windows-64\dataTrack1\IMG\left_2024_11_20_20_23_56_701.jpg, C:\Users\Owner\Downloads\simulator-windows-64\dataTrack1\IMG\right_2024_11_20_20_23_56_701.jpg, 0, 0.6085652, 0, 27.97555
C:\Users\Owner\Downloads\simulator-windows-64\dataTrack1\IMG\center_2024_11_20_20_23_56_805.jpg, C:\Users\Owner\Downloads\simulator-windows-64\dataTrack1\IMG\left_2024_11_20_20_23_56_805.jpg, C:\Users\Owner\Downloads\simulator-windows-64\dataTrack1\IMG\right_2024_11_20_20_23_56_805.jpg, 0, 0.247616, 0, 28.24642
C:\Users\Owner\Downloads\simulator-windows-64\dataTrack1\IMG\center_2024_11_20_20_23_56_911.jpg, C:\Users\Owner\Downloads\simulator-windows-64\dataTrack1\IMG\left_2024_11_20_20_23_56_911.jpg, C:\Users\Owner\Downloads\simulator-windows-64\dataTrack1\IMG\right_2024_11_20_20_23_56_911.jpg, -0.208308, 0, 0, 28.02545
C:\Users\Owner\Downloads\simulator-windows-64\dataTrack1\IMG\center_2024_11_20_20_23_57_013.jpg, C:\Users\Owner\Downloads\simulator-windows-64\dataTrack1\IMG\left_2024_11_20_20_23_57_013.jpg, C:\Users\Owner\Downloads\simulator-windows-64\dataTrack1\IMG\right_2024_11_20_20_23_57_013.jpg, 0, 0, 0, 27.74144
C:\Users\Owner\Downloads\simulator-windows-64\dataTrack1\IMG\center_2024_11_20_20_23_57_116.jpg, C:\Users\Owner\Downloads\simulator-windows-64\dataTrack1\IMG\left_2024_11_20_20_23_57_116.jpg, C:\Users\Owner\Downloads\simulator-windows-64\dataTrack1\IMG\right_2024_11_20_20_23_57_116.jpg, 0, 0, 0, 27.46156
C:\Users\Owner\Downloads\simulator-windows-64\dataTrack1\IMG\center_2024_11_20_20_23_57_219.jpg, C:\Users\Owner\Downloads\simulator-windows-64\dataTrack1\IMG\left_2024_11_20_20_23_57_219.jpg, C:\Users\Owner\Downloads\simulator-windows-64\dataTrack1\IMG\right_2024_11_20_20_23_57_219.jpg, 0, 0, 0, 27.18561
C:\Users\Owner\Downloads\simulator-windows-64\dataTrack1\IMG\center_2024_11_20_20_23_57_323.jpg, C:\Users\Owner\Downloads\simulator-windows-64\dataTrack1\IMG\left_2024_11_20_20_23_57_323.jpg, C:\Users\Owner\Downloads\simulator-windows-64\dataTrack1\IMG\right_2024_11_20_20_23_57_323.jpg, -0.3136509, 0, 0, 26.8056
C:\Users\Owner\Downloads\simulator-windows-64\dataTrack1\IMG\center_2024_11_20_20_23_57_427.jpg, C:\Users\Owner\Downloads\simulator-windows-64\dataTrack1\IMG\left_2024_11_20_20_23_57_427.jpg, C:\Users\Owner\Downloads\simulator-windows-64\dataTrack1\IMG\right_2024_11_20_20_23_57_427.jpg, -0.1673148, 0, 0, 26.48195
C:\Users\Owner\Downloads\simulator-windows-64\dataTrack1\IMG\center_2024_11_20_20_23_57_531.jpg, C:\Users\Owner\Downloads\simulator-windows-64\dataTrack1\IMG\left_2024_11_20_20_23_57_531.jpg, C:\Users\Owner\Downloads\simulator-windows-64\dataTrack1\IMG\right_2024_11_20_20_23_57_531.jpg, 0, 0.1602549, 0, 26.25784
C:\Users\Owner\Downloads\simulator-windows-64\dataTrack1\IMG\center_2024_11_20_20_23_57_634.jpg, C:\Users\Owner\Downloads\simulator-windows-64\dataTrack1\IMG\left_2024_11_20_20_23_57_634.jpg, C:\Users\Owner\Downloads\simulator-windows-64\dataTrack1\IMG\right_2024_11_20_20_23_57_634.jpg, 0, 0.3671733, 0, 26.41381
C:\Users\Owner\Downloads\simulator-windows-64\dataTrack1\IMG\center_2024_11_20_20_23_57_737.jpg, C:\Users\Owner\Downloads\simulator-windows-64\dataTrack1\IMG\left_2024_11_20_20_23_57_737.jpg, C:\Users\Owner\Downloads\simulator-windows-64\dataTrack1\IMG\right_2024_11_20_20_23_57_737.jpg, 0, 0.1620672, 0, 26.33969
C:\Users\Owner\Downloads\simulator-windows-64\dataTrack1\IMG\center_2024_11_20_20_23_57_844.jpg, C:\Users\Owner\Downloads\simulator-windows-64\dataTrack1\IMG\left_2024_11_20_20_23_57_844.jpg, C:\Users\Owner\Downloads\simulator-windows-64\dataTrack1\IMG\right_2024_11_20_20_23_57_844.jpg, 0, 0.3721482, 0, 26.48916
C:\Users\Owner\Downloads\simulator-windows-64\dataTrack1\IMG\center_2024_11_20_20_23_57_946.jpg, C:\Users\Owner\Downloads\simulator-windows-64\dataTrack1\IMG\left_2024_11_20_20_23_57_946.jpg, C:\Users\Owner\Downloads\simulator-windows-64\dataTrack1\IMG\right_2024_11_20_20_23_57_946.jpg, 0, 0.06318571, 0, 26.49539
C:\Users\Owner\Downloads\simulator-windows-64\dataTrack1\IMG\center_2024_11_20_20_23_58_050.jpg, C:\Users\Owner\Downloads\simulator-windows-64\dataTrack1\IMG\left_2024_11_20_20_23_58_050.jpg, C:\Users\Owner\Downloads\simulator-windows-64\dataTrack1\IMG\right_2024_11_20_20_23_58_050.jpg, 0, 0.3762051, 0, 26.50013
C:\Users\Owner\Downloads\simulator-windows-64\dataTrack1\IMG\center_2024_11_20_20_23_58_152.jpg, C:\Users\Owner\Downloads\simulator-windows-64\dataTrack1\IMG\left_2024_11_20_20_23_58_152.jpg, C:\Users\Owner\Downloads\simulator-windows-64\dataTrack1\IMG\right_2024_11_20_20_23_58_152.jpg, 0, 0.06874888, 0, 26.51433
C:\Users\Owner\Downloads\simulator-windows-64\dataTrack1\IMG\center_2024_11_20_20_23_58_258.jpg, C:\Users\Owner\Downloads\simulator-windows-64\dataTrack1\IMG\left_2024_11_20_20_23_58_258.jpg, C:\Users\Owner\Downloads\simulator-windows-64\dataTrack1\IMG\right_2024_11_20_20_23_58_258.jpg, 0, 0.3837015, 0, 26.4721
C:\Users\Owner\Downloads\simulator-windows-64\dataTrack1\IMG\center_2024_11_20_20_23_58_363.jpg, C:\Users\Owner\Downloads\simulator-windows-64\dataTrack1\IMG\left_2024_11_20_20_23_58_363.jpg, C:\Users\Owner\Downloads\simulator-windows-64\dataTrack1\IMG\right_2024_11_20_20_23_58_363.jpg, 0, 0.2805834, 0, 26.75653
C:\Users\Owner\Downloads\simulator-windows-64\dataTrack1\IMG\center_2024_11_20_20_23_58_466.jpg, C:\Users\Owner\Downloads\simulator-windows-64\dataTrack1\IMG\left_2024_11_20_20_23_58_466.jpg, C:\Users\Owner\Downloads\simulator-windows-64\dataTrack1\IMG\right_2024_11_20_20_23_58_466.jpg, 0, 0.3933047, 0, 26.81835
C:\Users\Owner\Downloads\simulator-windows-64\dataTrack1\IMG\center_2024_11_20_20_23_58_570.jpg, C:\Users\Owner\Downloads\simulator-windows-64\dataTrack1\IMG\left_2024_11_20_20_23_58_570.jpg, C:\Users\Owner\Downloads\simulator-windows-64\dataTrack1\IMG\right_2024_11_20_20_23_58_570.jpg, 0, 0.5970023, 0, 27.22099
C:\Users\Owner\Downloads\simulator-windows-64\dataTrack1\IMG\center_2024_11_20_20_23_58_671.jpg, C:\Users\Owner\Downloads\simulator-windows-64\dataTrack1\IMG\left_2024_11_20_20_23_58_671.jpg, C:\Users\Owner\Downloads\simulator-windows-64\dataTrack1\IMG\right_2024_11_20_20_23_58_671.jpg, 0, 0.29615, 0, 27.49123
C:\Users\Owner\Downloads\simulator-windows-64\dataTrack1\IMG\center_2024_11_20_20_23_58_775.jpg, C:\Users\Owner\Downloads\simulator-windows-64\dataTrack1\IMG\left_2024_11_20_20_23_58_775.jpg, C:\Users\Owner\Downloads\simulator-windows-64\dataTrack1\IMG\right_2024_11_20_20_23_58_775.jpg, 0, 0, 0, 27.39783
C:\Users\Owner\Downloads\simulator-windows-64\dataTrack1\IMG\center_2024_11_20_20_23_58_879.jpg, C:\Users\Owner\Downloads\simulator-windows-64\dataTrack1\IMG\left_2024_11_20_20_23_58_879.jpg, C:\Users\Owner\Downloads\simulator-windows-64\dataTrack1\IMG\right_2024_11_20_20_23_58_879.jpg, 0, 0, 0, 27.12114
C:\Users\Owner\Downloads\simulator-windows-64\dataTrack1\IMG\center_2024_11_20_20_23_58_984.jpg, C:\Users\Owner\Downloads\simulator-windows-64\dataTrack1\IMG\left_2024_11_20_20_23_58_984.jpg, C:\Users\Owner\Downloads\simulator-windows-64\dataTrack1\IMG\right_2024_11_20_20_23_58_984.jpg, 0, 0, 0, 26.79297
C:\Users\Owner\Downloads\simulator-windows-64\dataTrack1\IMG\center_2024_11_20_20_23_59_085.jpg, C:\Users\Owner\Downloads\simulator-windows-64\dataTrack1\IMG\left_2024_11_20_20_23_59_085.jpg, C:\Users\Owner\Downloads\simulator-windows-64\dataTrack1\IMG\right_2024_11_20_20_23_59_085.jpg, 0.1029117, 0, 0, 26.51913
C:\Users\Owner\Downloads\simulator-windows-64\dataTrack1\IMG\center_2024_11_20_20_23_59_190.jpg, C:\Users\Owner\Downloads\simulator-windows-64\dataTrack1\IMG\left_2024_11_20_20_23_59_190.jpg, C:\Users\Owner\Downloads\simulator-windows-64\dataTrack1\IMG\right_2024_11_20_20_23_59_190.jpg, 0.1055286, 0, 0, 26.21694
C:\Users\Owner\Downloads\simulator-windows-64\dataTrack1\IMG\center_2024_11_20_20_23_59_296.jpg, C:\Users\Owner\Downloads\simulator-windows-64\dataTrack1\IMG\left_2024_11_20_20_23_59_296.jpg, C:\Users\Owner\Downloads\simulator-windows-64\dataTrack1\IMG\right_2024_11_20_20_23_59_296.jpg, 0, 0, 0, 25.94973
C:\Users\Owner\Downloads\simulator-windows-64\dataTrack1\IMG\center_2024_11_20_20_23_59_399.jpg, C:\Users\Owner\Downloads\simulator-windows-64\dataTrack1\IMG\left_2024_11_20_20_23_59_399.jpg, C:\Users\Owner\Downloads\simulator-windows-64\dataTrack1\IMG\right_2024_11_20_20_23_59_399.jpg, 0, 0.2064189, 0, 25.73525
C:\Users\Owner\Downloads\simulator-windows-64\dataTrack1\IMG\center_2024_11_20_20_23_59_503.jpg, C:\Users\Owner\Downloads\simulator-windows-64\dataTrack1\IMG\left_2024_11_20_20_23_59_503.jpg, C:\Users\Owner\Downloads\simulator-windows-64\dataTrack1\IMG\right_2024_11_20_20_23_59_503.jpg, 0, 0.5176165, 0, 25.95441
C:\Users\Owner\Downloads\simulator-windows-64\dataTrack1\IMG\center_2024_11_20_20_23_59_605.jpg, C:\Users\Owner\Downloads\simulator-windows-64\dataTrack1\IMG\left_2024_11_20_20_23_59_605.jpg, C:\Users\Owner\Downloads\simulator-windows-64\dataTrack1\IMG\right_2024_11_20_20_23_59_605.jpg, 0, 0.8252667, 0, 26.5118
C:\Users\Owner\Downloads\simulator-windows-64\dataTrack1\IMG\center_2024_11_20_20_23_59_710.jpg, C:\Users\Owner\Downloads\simulator-windows-64\dataTrack1\IMG\left_2024_11_20_20_23_59_710.jpg, C:\Users\Owner\Downloads\simulator-windows-64\dataTrack1\IMG\right_2024_11_20_20_23_59_710.jpg, 0, 1, 0, 27.40103
C:\Users\Owner\Downloads\simulator-windows-64\dataTrack1\IMG\center_2024_11_20_20_23_59_813.jpg, C:\Users\Owner\Downloads\simulator-windows-64\dataTrack1\IMG\left_2024_11_20_20_23_59_813.jpg, C:\Users\Owner\Downloads\simulator-windows-64\dataTrack1\IMG\right_2024_11_20_20_23_59_813.jpg, 0, 1, 0, 28.33217
C:\Users\Owner\Downloads\simulator-windows-64\dataTrack1\IMG\center_2024_11_20_20_23_59_920.jpg, C:\Users\Owner\Downloads\simulator-windows-64\dataTrack1\IMG\left_2024_11_20_20_23_59_920.jpg, C:\Users\Owner\Downloads\simulator-windows-64\dataTrack1\IMG\right_2024_11_20_20_23_59_920.jpg, 0, 1, 0, 29.25384
C:\Users\Owner\Downloads\simulator-windows-64\dataTrack1\IMG\center_2024_11_20_20_24_00_021.jpg, C:\Users\Owner\Downloads\simulator-windows-64\dataTrack1\IMG\left_2024_11_20_20_24_00_021.jpg, C:\Users\Owner\Downloads\simulator-windows-64\dataTrack1\IMG\right_2024_11_20_20_24_00_021.jpg, 0, 1, 0, 30.16621
C:\Users\Owner\Downloads\simulator-windows-64\dataTrack1\IMG\center_2024_11_20_20_24_00_128.jpg, C:\Users\Owner\Downloads\simulator-windows-64\dataTrack1\IMG\left_2024_11_20_20_24_00_128.jpg, C:\Users\Owner\Downloads\simulator-windows-64\dataTrack1\IMG\right_2024_11_20_20_24_00_128.jpg, 0, 1, 0, 30.18991
C:\Users\Owner\Downloads\simulator-windows-64\dataTrack1\IMG\center_2024_11_20_20_24_00_231.jpg, C:\Users\Owner\Downloads\simulator-windows-64\dataTrack1\IMG\left_2024_11_20_20_24_00_231.jpg, C:\Users\Owner\Downloads\simulator-windows-64\dataTrack1\IMG\right_2024_11_20_20_24_00_231.jpg, 0, 1, 0, 30.18992
C:\Users\Owner\Downloads\simulator-windows-64\dataTrack1\IMG\center_2024_11_20_20_24_00_334.jpg, C:\Users\Owner\Downloads\simulator-windows-64\dataTrack1\IMG\left_2024_11_20_20_24_00_334.jpg, C:\Users\Owner\Downloads\simulator-windows-64\dataTrack1\IMG\right_2024_11_20_20_24_00_334.jpg, 0, 1, 0, 30.18994
C:\Users\Owner\Downloads\simulator-windows-64\dataTrack1\IMG\center_2024_11_20_20_24_00_439.jpg, C:\Users\Owner\Downloads\simulator-windows-64\dataTrack1\IMG\left_2024_11_20_20_24_00_439.jpg, C:\Users\Owner\Downloads\simulator-windows-64\dataTrack1\IMG\right_2024_11_20_20_24_00_439.jpg, 0, 1, 0, 30.18991
C:\Users\Owner\Downloads\simulator-windows-64\dataTrack1\IMG\center_2024_11_20_20_24_00_549.jpg, C:\Users\Owner\Downloads\simulator-windows-64\dataTrack1\IMG\left_2024_11_20_20_24_00_549.jpg, C:\Users\Owner\Downloads\simulator-windows-64\dataTrack1\IMG\right_2024_11_20_20_24_00_549.jpg, 0, 1, 0, 30.18995
C:\Users\Owner\Downloads\simulator-windows-64\dataTrack1\IMG\center_2024_11_20_20_24_00_651.jpg, C:\Users\Owner\Downloads\simulator-windows-64\dataTrack1\IMG\left_2024_11_20_20_24_00_651.jpg, C:\Users\Owner\Downloads\simulator-windows-64\dataTrack1\IMG\right_2024_11_20_20_24_00_651.jpg, 0, 1, 0, 30.18993
C:\Users\Owner\Downloads\simulator-windows-64\dataTrack1\IMG\center_2024_11_20_20_24_00_753.jpg, C:\Users\Owner\Downloads\simulator-windows-64\dataTrack1\IMG\left_2024_11_20_20_24_00_753.jpg, C:\Users\Owner\Downloads\simulator-windows-64\dataTrack1\IMG\right_2024_11_20_20_24_00_753.jpg, 0, 1, 0, 30.18995
C:\Users\Owner\Downloads\simulator-windows-64\dataTrack1\IMG\center_2024_11_20_20_24_00_859.jpg, C:\Users\Owner\Downloads\simulator-windows-64\dataTrack1\IMG\left_2024_11_20_20_24_00_859.jpg, C:\Users\Owner\Downloads\simulator-windows-64\dataTrack1\IMG\right_2024_11_20_20_24_00_859.jpg, 0, 1, 0, 30.18993
C:\Users\Owner\Downloads\simulator-windows-64\dataTrack1\IMG\center_2024_11_20_20_24_00_963.jpg, C:\Users\Owner\Downloads\simulator-windows-64\dataTrack1\IMG\left_2024_11_20_20_24_00_963.jpg, C:\Users\Owner\Downloads\simulator-windows-64\dataTrack1\IMG\right_2024_11_20_20_24_00_963.jpg, 0, 1, 0, 30.18996
C:\Users\Owner\Downloads\simulator-windows-64\dataTrack1\IMG\center_2024_11_20_20_24_01_067.jpg, C:\Users\Owner\Downloads\simulator-windows-64\dataTrack1\IMG\left_2024_11_20_20_24_01_067.jpg, C:\Users\Owner\Downloads\simulator-windows-64\dataTrack1\IMG\right_2024_11_20_20_24_01_067.jpg, 0, 1, 0, 30.18994
C:\Users\Owner\Downloads\simulator-windows-64\dataTrack1\IMG\center_2024_11_20_20_24_01_171.jpg, C:\Users\Owner\Downloads\simulator-windows-64\dataTrack1\IMG\left_2024_11_20_20_24_01_171.jpg, C:\Users\Owner\Downloads\simulator-windows-64\dataTrack1\IMG\right_2024_11_20_20_24_01_171.jpg, 0, 1, 0, 30.18993
C:\Users\Owner\Downloads\simulator-windows-64\dataTrack1\IMG\center_2024_11_20_20_24_01_273.jpg, C:\Users\Owner\Downloads\simulator-windows-64\dataTrack1\IMG\left_2024_11_20_20_24_01_273.jpg, C:\Users\Owner\Downloads\simulator-windows-64\dataTrack1\IMG\right_2024_11_20_20_24_01_273.jpg, 0, 1, 0, 30.18995
C:\Users\Owner\Downloads\simulator-windows-64\dataTrack1\IMG\center_2024_11_20_20_24_01_379.jpg, C:\Users\Owner\Downloads\simulator-windows-64\dataTrack1\IMG\left_2024_11_20_20_24_01_379.jpg, C:\Users\Owner\Downloads\simulator-windows-64\dataTrack1\IMG\right_2024_11_20_20_24_01_379.jpg, 0, 1, 0, 30.18994
C:\Users\Owner\Downloads\simulator-windows-64\dataTrack1\IMG\center_2024_11_20_20_24_01_482.jpg, C:\Users\Owner\Downloads\simulator-windows-64\dataTrack1\IMG\left_2024_11_20_20_24_01_482.jpg, C:\Users\Owner\Downloads\simulator-windows-64\dataTrack1\IMG\right_2024_11_20_20_24_01_482.jpg, 0, 1, 0, 30.18995
C:\Users\Owner\Downloads\simulator-windows-64\dataTrack1\IMG\center_2024_11_20_20_24_01_585.jpg, C:\Users\Owner\Downloads\simulator-windows-64\dataTrack1\IMG\left_2024_11_20_20_24_01_585.jpg, C:\Users\Owner\Downloads\simulator-windows-64\dataTrack1\IMG\right_2024_11_20_20_24_01_585.jpg, 0, 1, 0, 30.18994
C:\Users\Owner\Downloads\simulator-windows-64\dataTrack1\IMG\center_2024_11_20_20_24_01_688.jpg, C:\Users\Owner\Downloads\simulator-windows-64\dataTrack1\IMG\left_2024_11_20_20_24_01_688.jpg, C:\Users\Owner\Downloads\simulator-windows-64\dataTrack1\IMG\right_2024_11_20_20_24_01_688.jpg, 0, 1, 0, 30.18992
C:\Users\Owner\Downloads\simulator-windows-64\dataTrack1\IMG\center_2024_11_20_20_24_01_794.jpg, C:\Users\Owner\Downloads\simulator-windows-64\dataTrack1\IMG\left_2024_11_20_20_24_01_794.jpg, C:\Users\Owner\Downloads\simulator-windows-64\dataTrack1\IMG\right_2024_11_20_20_24_01_794.jpg, 0, 1, 0, 30.18993
C:\Users\Owner\Downloads\simulator-windows-64\dataTrack1\IMG\center_2024_11_20_20_24_01_897.jpg, C:\Users\Owner\Downloads\simulator-windows-64\dataTrack1\IMG\left_2024_11_20_20_24_01_897.jpg, C:\Users\Owner\Downloads\simulator-windows-64\dataTrack1\IMG\right_2024_11_20_20_24_01_897.jpg, 0, 1, 0, 30.18992
C:\Users\Owner\Downloads\simulator-windows-64\dataTrack1\IMG\center_2024_11_20_20_24_02_000.jpg, C:\Users\Owner\Downloads\simulator-windows-64\dataTrack1\IMG\left_2024_11_20_20_24_02_000.jpg, C:\Users\Owner\Downloads\simulator-windows-64\dataTrack1\IMG\right_2024_11_20_20_24_02_000.jpg, 0, 1, 0, 30.18994
C:\Users\Owner\Downloads\simulator-windows-64\dataTrack1\IMG\center_2024_11_20_20_24_02_103.jpg, C:\Users\Owner\Downloads\simulator-windows-64\dataTrack1\IMG\left_2024_11_20_20_24_02_103.jpg, C:\Users\Owner\Downloads\simulator-windows-64\dataTrack1\IMG\right_2024_11_20_20_24_02_103.jpg, 0, 1, 0, 30.18992
C:\Users\Owner\Downloads\simulator-windows-64\dataTrack1\IMG\center_2024_11_20_20_24_02_206.jpg, C:\Users\Owner\Downloads\simulator-windows-64\dataTrack1\IMG\left_2024_11_20_20_24_02_206.jpg, C:\Users\Owner\Downloads\simulator-windows-64\dataTrack1\IMG\right_2024_11_20_20_24_02_206.jpg, 0, 1, 0, 30.18991
C:\Users\Owner\Downloads\simulator-windows-64\dataTrack1\IMG\center_2024_11_20_20_24_02_311.jpg, C:\Users\Owner\Downloads\simulator-windows-64\dataTrack1\IMG\left_2024_11_20_20_24_02_311.jpg, C:\Users\Owner\Downloads\simulator-windows-64\dataTrack1\IMG\right_2024_11_20_20_24_02_311.jpg, 0, 1, 0, 30.18995
C:\Users\Owner\Downloads\simulator-windows-64\dataTrack1\IMG\center_2024_11_20_20_24_02_416.jpg, C:\Users\Owner\Downloads\simulator-windows-64\dataTrack1\IMG\left_2024_11_20_20_24_02_416.jpg, C:\Users\Owner\Downloads\simulator-windows-64\dataTrack1\IMG\right_2024_11_20_20_24_02_416.jpg, 0, 1, 0, 30.18993
C:\Users\Owner\Downloads\simulator-windows-64\dataTrack1\IMG\center_2024_11_20_20_24_02_519.jpg, C:\Users\Owner\Downloads\simulator-windows-64\dataTrack1\IMG\left_2024_11_20_20_24_02_519.jpg, C:\Users\Owner\Downloads\simulator-windows-64\dataTrack1\IMG\right_2024_11_20_20_24_02_519.jpg, 0, 1, 0, 30.18993
C:\Users\Owner\Downloads\simulator-windows-64\dataTrack1\IMG\center_2024_11_20_20_24_02_621.jpg, C:\Users\Owner\Downloads\simulator-windows-64\dataTrack1\IMG\left_2024_11_20_20_24_02_621.jpg, C:\Users\Owner\Downloads\simulator-windows-64\dataTrack1\IMG\right_2024_11_20_20_24_02_621.jpg, 0, 1, 0, 30.18994
C:\Users\Owner\Downloads\simulator-windows-64\dataTrack1\IMG\center_2024_11_20_20_24_02_726.jpg, C:\Users\Owner\Downloads\simulator-windows-64\dataTrack1\IMG\left_2024_11_20_20_24_02_726.jpg, C:\Users\Owner\Downloads\simulator-windows-64\dataTrack1\IMG\right_2024_11_20_20_24_02_726.jpg, 0, 1, 0, 30.18993
C:\Users\Owner\Downloads\simulator-windows-64\dataTrack1\IMG\center_2024_11_20_20_24_02_831.jpg, C:\Users\Owner\Downloads\simulator-windows-64\dataTrack1\IMG\left_2024_11_20_20_24_02_831.jpg, C:\Users\Owner\Downloads\simulator-windows-64\dataTrack1\IMG\right_2024_11_20_20_24_02_831.jpg, 0, 1, 0, 30.18993
C:\Users\Owner\Downloads\simulator-windows-64\dataTrack1\IMG\center_2024_11_20_20_24_02_936.jpg, C:\Users\Owner\Downloads\simulator-windows-64\dataTrack1\IMG\left_2024_11_20_20_24_02_936.jpg, C:\Users\Owner\Downloads\simulator-windows-64\dataTrack1\IMG\right_2024_11_20_20_24_02_936.jpg, 0, 1, 0, 30.18993
C:\Users\Owner\Downloads\simulator-windows-64\dataTrack1\IMG\center_2024_11_20_20_24_03_037.jpg, C:\Users\Owner\Downloads\simulator-windows-64\dataTrack1\IMG\left_2024_11_20_20_24_03_037.jpg, C:\Users\Owner\Downloads\simulator-windows-64\dataTrack1\IMG\right_2024_11_20_20_24_03_037.jpg, 0, 1, 0, 30.18993
C:\Users\Owner\Downloads\simulator-windows-64\dataTrack1\IMG\center_2024_11_20_20_24_03_140.jpg, C:\Users\Owner\Downloads\simulator-windows-64\dataTrack1\IMG\left_2024_11_20_20_24_03_140.jpg, C:\Users\Owner\Downloads\simulator-windows-64\dataTrack1\IMG\right_2024_11_20_20_24_03_140.jpg, 0, 1, 0, 30.18996
C:\Users\Owner\Downloads\simulator-windows-64\dataTrack1\IMG\center_2024_11_20_20_24_03_247.jpg, C:\Users\Owner\Downloads\simulator-windows-64\dataTrack1\IMG\left_2024_11_20_20_24_03_247.jpg, C:\Users\Owner\Downloads\simulator-windows-64\dataTrack1\IMG\right_2024_11_20_20_24_03_247.jpg, 0, 1, 0, 30.18994
C:\Users\Owner\Downloads\simulator-windows-64\dataTrack1\IMG\center_2024_11_20_20_24_03_348.jpg, C:\Users\Owner\Downloads\simulator-windows-64\dataTrack1\IMG\left_2024_11_20_20_24_03_348.jpg, C:\Users\Owner\Downloads\simulator-windows-64\dataTrack1\IMG\right_2024_11_20_20_24_03_348.jpg, 0, 1, 0, 30.18994
C:\Users\Owner\Downloads\simulator-windows-64\dataTrack1\IMG\center_2024_11_20_20_24_03_452.jpg, C:\Users\Owner\Downloads\simulator-windows-64\dataTrack1\IMG\left_2024_11_20_20_24_03_452.jpg, C:\Users\Owner\Downloads\simulator-windows-64\dataTrack1\IMG\right_2024_11_20_20_24_03_452.jpg, 0, 1, 0, 30.18994
C:\Users\Owner\Downloads\simulator-windows-64\dataTrack1\IMG\center_2024_11_20_20_24_03_556.jpg, C:\Users\Owner\Downloads\simulator-windows-64\dataTrack1\IMG\left_2024_11_20_20_24_03_556.jpg, C:\Users\Owner\Downloads\simulator-windows-64\dataTrack1\IMG\right_2024_11_20_20_24_03_556.jpg, 0, 1, 0, 30.18992
C:\Users\Owner\Downloads\simulator-windows-64\dataTrack1\IMG\center_2024_11_20_20_24_03_663.jpg, C:\Users\Owner\Downloads\simulator-windows-64\dataTrack1\IMG\left_2024_11_20_20_24_03_663.jpg, C:\Users\Owner\Downloads\simulator-windows-64\dataTrack1\IMG\right_2024_11_20_20_24_03_663.jpg, 0, 1, 0, 30.18996
C:\Users\Owner\Downloads\simulator-windows-64\dataTrack1\IMG\center_2024_11_20_20_24_03_766.jpg, C:\Users\Owner\Downloads\simulator-windows-64\dataTrack1\IMG\left_2024_11_20_20_24_03_766.jpg, C:\Users\Owner\Downloads\simulator-windows-64\dataTrack1\IMG\right_2024_11_20_20_24_03_766.jpg, 0, 1, 0, 30.18995
C:\Users\Owner\Downloads\simulator-windows-64\dataTrack1\IMG\center_2024_11_20_20_24_03_872.jpg, C:\Users\Owner\Downloads\simulator-windows-64\dataTrack1\IMG\left_2024_11_20_20_24_03_872.jpg, C:\Users\Owner\Downloads\simulator-windows-64\dataTrack1\IMG\right_2024_11_20_20_24_03_872.jpg, 0, 1, 0, 30.18993
C:\Users\Owner\Downloads\simulator-windows-64\dataTrack1\IMG\center_2024_11_20_20_24_03_973.jpg, C:\Users\Owner\Downloads\simulator-windows-64\dataTrack1\IMG\left_2024_11_20_20_24_03_973.jpg, C:\Users\Owner\Downloads\simulator-windows-64\dataTrack1\IMG\right_2024_11_20_20_24_03_973.jpg, 0, 1, 0, 30.18995
C:\Users\Owner\Downloads\simulator-windows-64\dataTrack1\IMG\center_2024_11_20_20_24_04_081.jpg, C:\Users\Owner\Downloads\simulator-windows-64\dataTrack1\IMG\left_2024_11_20_20_24_04_081.jpg, C:\Users\Owner\Downloads\simulator-windows-64\dataTrack1\IMG\right_2024_11_20_20_24_04_081.jpg, 0, 1, 0, 30.18995
C:\Users\Owner\Downloads\simulator-windows-64\dataTrack1\IMG\center_2024_11_20_20_24_04_188.jpg, C:\Users\Owner\Downloads\simulator-windows-64\dataTrack1\IMG\left_2024_11_20_20_24_04_188.jpg, C:\Users\Owner\Downloads\simulator-windows-64\dataTrack1\IMG\right_2024_11_20_20_24_04_188.jpg, 0, 1, 0, 30.18992
C:\Users\Owner\Downloads\simulator-windows-64\dataTrack1\IMG\center_2024_11_20_20_24_04_294.jpg, C:\Users\Owner\Downloads\simulator-windows-64\dataTrack1\IMG\left_2024_11_20_20_24_04_294.jpg, C:\Users\Owner\Downloads\simulator-windows-64\dataTrack1\IMG\right_2024_11_20_20_24_04_294.jpg, 0, 1, 0, 30.18993
C:\Users\Owner\Downloads\simulator-windows-64\dataTrack1\IMG\center_2024_11_20_20_24_04_398.jpg, C:\Users\Owner\Downloads\simulator-windows-64\dataTrack1\IMG\left_2024_11_20_20_24_04_398.jpg, C:\Users\Owner\Downloads\simulator-windows-64\dataTrack1\IMG\right_2024_11_20_20_24_04_398.jpg, 0, 0.6873247, 0, 30.13513
C:\Users\Owner\Downloads\simulator-windows-64\dataTrack1\IMG\center_2024_11_20_20_24_04_503.jpg, C:\Users\Owner\Downloads\simulator-windows-64\dataTrack1\IMG\left_2024_11_20_20_24_04_503.jpg, C:\Users\Owner\Downloads\simulator-windows-64\dataTrack1\IMG\right_2024_11_20_20_24_04_503.jpg, 0, 0.3734596, 0, 30.04164
C:\Users\Owner\Downloads\simulator-windows-64\dataTrack1\IMG\center_2024_11_20_20_24_04_605.jpg, C:\Users\Owner\Downloads\simulator-windows-64\dataTrack1\IMG\left_2024_11_20_20_24_04_605.jpg, C:\Users\Owner\Downloads\simulator-windows-64\dataTrack1\IMG\right_2024_11_20_20_24_04_605.jpg, 0, 0.06692204, 0, 29.93272
C:\Users\Owner\Downloads\simulator-windows-64\dataTrack1\IMG\center_2024_11_20_20_24_04_709.jpg, C:\Users\Owner\Downloads\simulator-windows-64\dataTrack1\IMG\left_2024_11_20_20_24_04_709.jpg, C:\Users\Owner\Downloads\simulator-windows-64\dataTrack1\IMG\right_2024_11_20_20_24_04_709.jpg, 0, 0, 0, 29.64072
C:\Users\Owner\Downloads\simulator-windows-64\dataTrack1\IMG\center_2024_11_20_20_24_04_816.jpg, C:\Users\Owner\Downloads\simulator-windows-64\dataTrack1\IMG\left_2024_11_20_20_24_04_816.jpg, C:\Users\Owner\Downloads\simulator-windows-64\dataTrack1\IMG\right_2024_11_20_20_24_04_816.jpg, 0, 0, 0, 29.34128
C:\Users\Owner\Downloads\simulator-windows-64\dataTrack1\IMG\center_2024_11_20_20_24_04_920.jpg, C:\Users\Owner\Downloads\simulator-windows-64\dataTrack1\IMG\left_2024_11_20_20_24_04_920.jpg, C:\Users\Owner\Downloads\simulator-windows-64\dataTrack1\IMG\right_2024_11_20_20_24_04_920.jpg, 0, 0, 0, 29.04494
C:\Users\Owner\Downloads\simulator-windows-64\dataTrack1\IMG\center_2024_11_20_20_24_05_022.jpg, C:\Users\Owner\Downloads\simulator-windows-64\dataTrack1\IMG\left_2024_11_20_20_24_05_022.jpg, C:\Users\Owner\Downloads\simulator-windows-64\dataTrack1\IMG\right_2024_11_20_20_24_05_022.jpg, 0, 0, 0, 28.69324
C:\Users\Owner\Downloads\simulator-windows-64\dataTrack1\IMG\center_2024_11_20_20_24_05_129.jpg, C:\Users\Owner\Downloads\simulator-windows-64\dataTrack1\IMG\left_2024_11_20_20_24_05_129.jpg, C:\Users\Owner\Downloads\simulator-windows-64\dataTrack1\IMG\right_2024_11_20_20_24_05_129.jpg, 0, 0, 0, 28.4034
C:\Users\Owner\Downloads\simulator-windows-64\dataTrack1\IMG\center_2024_11_20_20_24_05_233.jpg, C:\Users\Owner\Downloads\simulator-windows-64\dataTrack1\IMG\left_2024_11_20_20_24_05_233.jpg, C:\Users\Owner\Downloads\simulator-windows-64\dataTrack1\IMG\right_2024_11_20_20_24_05_233.jpg, 0, 0, 0, 28.11647
C:\Users\Owner\Downloads\simulator-windows-64\dataTrack1\IMG\center_2024_11_20_20_24_05_336.jpg, C:\Users\Owner\Downloads\simulator-windows-64\dataTrack1\IMG\left_2024_11_20_20_24_05_336.jpg, C:\Users\Owner\Downloads\simulator-windows-64\dataTrack1\IMG\right_2024_11_20_20_24_05_336.jpg, 0, 0, 0, 27.83243
C:\Users\Owner\Downloads\simulator-windows-64\dataTrack1\IMG\center_2024_11_20_20_24_05_441.jpg, C:\Users\Owner\Downloads\simulator-windows-64\dataTrack1\IMG\left_2024_11_20_20_24_05_441.jpg, C:\Users\Owner\Downloads\simulator-windows-64\dataTrack1\IMG\right_2024_11_20_20_24_05_441.jpg, 0, 0, 0, 27.55124
C:\Users\Owner\Downloads\simulator-windows-64\dataTrack1\IMG\center_2024_11_20_20_24_05_546.jpg, C:\Users\Owner\Downloads\simulator-windows-64\dataTrack1\IMG\left_2024_11_20_20_24_05_546.jpg, C:\Users\Owner\Downloads\simulator-windows-64\dataTrack1\IMG\right_2024_11_20_20_24_05_546.jpg, 0, 0, 0, 27.21754
C:\Users\Owner\Downloads\simulator-windows-64\dataTrack1\IMG\center_2024_11_20_20_24_05_650.jpg, C:\Users\Owner\Downloads\simulator-windows-64\dataTrack1\IMG\left_2024_11_20_20_24_05_650.jpg, C:\Users\Owner\Downloads\simulator-windows-64\dataTrack1\IMG\right_2024_11_20_20_24_05_650.jpg, 0, 0, 0, 26.94252
C:\Users\Owner\Downloads\simulator-windows-64\dataTrack1\IMG\center_2024_11_20_20_24_05_754.jpg, C:\Users\Owner\Downloads\simulator-windows-64\dataTrack1\IMG\left_2024_11_20_20_24_05_754.jpg, C:\Users\Owner\Downloads\simulator-windows-64\dataTrack1\IMG\right_2024_11_20_20_24_05_754.jpg, 0, 0, 0, 26.67027
C:\Users\Owner\Downloads\simulator-windows-64\dataTrack1\IMG\center_2024_11_20_20_24_05_857.jpg, C:\Users\Owner\Downloads\simulator-windows-64\dataTrack1\IMG\left_2024_11_20_20_24_05_857.jpg, C:\Users\Owner\Downloads\simulator-windows-64\dataTrack1\IMG\right_2024_11_20_20_24_05_857.jpg, 0, 0, 0, 26.40075
C:\Users\Owner\Downloads\simulator-windows-64\dataTrack1\IMG\center_2024_11_20_20_24_05_965.jpg, C:\Users\Owner\Downloads\simulator-windows-64\dataTrack1\IMG\left_2024_11_20_20_24_05_965.jpg, C:\Users\Owner\Downloads\simulator-windows-64\dataTrack1\IMG\right_2024_11_20_20_24_05_965.jpg, 0, 0, 0, 26.08092
C:\Users\Owner\Downloads\simulator-windows-64\dataTrack1\IMG\center_2024_11_20_20_24_06_070.jpg, C:\Users\Owner\Downloads\simulator-windows-64\dataTrack1\IMG\left_2024_11_20_20_24_06_070.jpg, C:\Users\Owner\Downloads\simulator-windows-64\dataTrack1\IMG\right_2024_11_20_20_24_06_070.jpg, 0, 0, 0, 25.82549
C:\Users\Owner\Downloads\simulator-windows-64\dataTrack1\IMG\center_2024_11_20_20_24_06_172.jpg, C:\Users\Owner\Downloads\simulator-windows-64\dataTrack1\IMG\left_2024_11_20_20_24_06_172.jpg, C:\Users\Owner\Downloads\simulator-windows-64\dataTrack1\IMG\right_2024_11_20_20_24_06_172.jpg, 0, 0, 0, 25.53011
C:\Users\Owner\Downloads\simulator-windows-64\dataTrack1\IMG\center_2024_11_20_20_24_06_276.jpg, C:\Users\Owner\Downloads\simulator-windows-64\dataTrack1\IMG\left_2024_11_20_20_24_06_276.jpg, C:\Users\Owner\Downloads\simulator-windows-64\dataTrack1\IMG\right_2024_11_20_20_24_06_276.jpg, 0, 0.0531801, 0, 25.37663
C:\Users\Owner\Downloads\simulator-windows-64\dataTrack1\IMG\center_2024_11_20_20_24_06_382.jpg, C:\Users\Owner\Downloads\simulator-windows-64\dataTrack1\IMG\left_2024_11_20_20_24_06_382.jpg, C:\Users\Owner\Downloads\simulator-windows-64\dataTrack1\IMG\right_2024_11_20_20_24_06_382.jpg, 0, 0.1674021, 0, 25.08043
C:\Users\Owner\Downloads\simulator-windows-64\dataTrack1\IMG\center_2024_11_20_20_24_06_486.jpg, C:\Users\Owner\Downloads\simulator-windows-64\dataTrack1\IMG\left_2024_11_20_20_24_06_486.jpg, C:\Users\Owner\Downloads\simulator-windows-64\dataTrack1\IMG\right_2024_11_20_20_24_06_486.jpg, 0, 0, 0, 25.10504
C:\Users\Owner\Downloads\simulator-windows-64\dataTrack1\IMG\center_2024_11_20_20_24_06_588.jpg, C:\Users\Owner\Downloads\simulator-windows-64\dataTrack1\IMG\left_2024_11_20_20_24_06_588.jpg, C:\Users\Owner\Downloads\simulator-windows-64\dataTrack1\IMG\right_2024_11_20_20_24_06_588.jpg, -0.3070002, 0, 0, 24.74255
C:\Users\Owner\Downloads\simulator-windows-64\dataTrack1\IMG\center_2024_11_20_20_24_06_696.jpg, C:\Users\Owner\Downloads\simulator-windows-64\dataTrack1\IMG\left_2024_11_20_20_24_06_696.jpg, C:\Users\Owner\Downloads\simulator-windows-64\dataTrack1\IMG\right_2024_11_20_20_24_06_696.jpg, 0, 0, 0, 24.48531
C:\Users\Owner\Downloads\simulator-windows-64\dataTrack1\IMG\center_2024_11_20_20_24_06_801.jpg, C:\Users\Owner\Downloads\simulator-windows-64\dataTrack1\IMG\left_2024_11_20_20_24_06_801.jpg, C:\Users\Owner\Downloads\simulator-windows-64\dataTrack1\IMG\right_2024_11_20_20_24_06_801.jpg, 0, 0, 0, 24.23594
C:\Users\Owner\Downloads\simulator-windows-64\dataTrack1\IMG\center_2024_11_20_20_24_06_905.jpg, C:\Users\Owner\Downloads\simulator-windows-64\dataTrack1\IMG\left_2024_11_20_20_24_06_905.jpg, C:\Users\Owner\Downloads\simulator-windows-64\dataTrack1\IMG\right_2024_11_20_20_24_06_905.jpg, 0, 0, 0, 23.9437
C:\Users\Owner\Downloads\simulator-windows-64\dataTrack1\IMG\center_2024_11_20_20_24_07_012.jpg, C:\Users\Owner\Downloads\simulator-windows-64\dataTrack1\IMG\left_2024_11_20_20_24_07_012.jpg, C:\Users\Owner\Downloads\simulator-windows-64\dataTrack1\IMG\right_2024_11_20_20_24_07_012.jpg, -0.0995685, 0, 0, 23.70092
C:\Users\Owner\Downloads\simulator-windows-64\dataTrack1\IMG\center_2024_11_20_20_24_07_116.jpg, C:\Users\Owner\Downloads\simulator-windows-64\dataTrack1\IMG\left_2024_11_20_20_24_07_116.jpg, C:\Users\Owner\Downloads\simulator-windows-64\dataTrack1\IMG\right_2024_11_20_20_24_07_116.jpg, -0.4128864, 0, 0, 23.38252
C:\Users\Owner\Downloads\simulator-windows-64\dataTrack1\IMG\center_2024_11_20_20_24_07_221.jpg, C:\Users\Owner\Downloads\simulator-windows-64\dataTrack1\IMG\left_2024_11_20_20_24_07_221.jpg, C:\Users\Owner\Downloads\simulator-windows-64\dataTrack1\IMG\right_2024_11_20_20_24_07_221.jpg, -0.1539351, 0, 0, 23.11813
C:\Users\Owner\Downloads\simulator-windows-64\dataTrack1\IMG\center_2024_11_20_20_24_07_324.jpg, C:\Users\Owner\Downloads\simulator-windows-64\dataTrack1\IMG\left_2024_11_20_20_24_07_324.jpg, C:\Users\Owner\Downloads\simulator-windows-64\dataTrack1\IMG\right_2024_11_20_20_24_07_324.jpg, 0, 0.260481, 0, 23.13102
C:\Users\Owner\Downloads\simulator-windows-64\dataTrack1\IMG\center_2024_11_20_20_24_07_430.jpg, C:\Users\Owner\Downloads\simulator-windows-64\dataTrack1\IMG\left_2024_11_20_20_24_07_430.jpg, C:\Users\Owner\Downloads\simulator-windows-64\dataTrack1\IMG\right_2024_11_20_20_24_07_430.jpg, 0, 0, 0, 22.9922
C:\Users\Owner\Downloads\simulator-windows-64\dataTrack1\IMG\center_2024_11_20_20_24_07_534.jpg, C:\Users\Owner\Downloads\simulator-windows-64\dataTrack1\IMG\left_2024_11_20_20_24_07_534.jpg, C:\Users\Owner\Downloads\simulator-windows-64\dataTrack1\IMG\right_2024_11_20_20_24_07_534.jpg, 0, 0.313095, 0, 22.94884
C:\Users\Owner\Downloads\simulator-windows-64\dataTrack1\IMG\center_2024_11_20_20_24_07_640.jpg, C:\Users\Owner\Downloads\simulator-windows-64\dataTrack1\IMG\left_2024_11_20_20_24_07_640.jpg, C:\Users\Owner\Downloads\simulator-windows-64\dataTrack1\IMG\right_2024_11_20_20_24_07_640.jpg, 0, 0.0461166, 0, 22.94598
C:\Users\Owner\Downloads\simulator-windows-64\dataTrack1\IMG\center_2024_11_20_20_24_07_741.jpg, C:\Users\Owner\Downloads\simulator-windows-64\dataTrack1\IMG\left_2024_11_20_20_24_07_741.jpg, C:\Users\Owner\Downloads\simulator-windows-64\dataTrack1\IMG\right_2024_11_20_20_24_07_741.jpg, 0, 0.2569563, 0, 22.85629
C:\Users\Owner\Downloads\simulator-windows-64\dataTrack1\IMG\center_2024_11_20_20_24_07_848.jpg, C:\Users\Owner\Downloads\simulator-windows-64\dataTrack1\IMG\left_2024_11_20_20_24_07_848.jpg, C:\Users\Owner\Downloads\simulator-windows-64\dataTrack1\IMG\right_2024_11_20_20_24_07_848.jpg, 0, 0.0534363, 0, 22.68609
C:\Users\Owner\Downloads\simulator-windows-64\dataTrack1\IMG\center_2024_11_20_20_24_07_954.jpg, C:\Users\Owner\Downloads\simulator-windows-64\dataTrack1\IMG\left_2024_11_20_20_24_07_954.jpg, C:\Users\Owner\Downloads\simulator-windows-64\dataTrack1\IMG\right_2024_11_20_20_24_07_954.jpg, 0, 0.1654059, 0, 22.69523
C:\Users\Owner\Downloads\simulator-windows-64\dataTrack1\IMG\center_2024_11_20_20_24_08_057.jpg, C:\Users\Owner\Downloads\simulator-windows-64\dataTrack1\IMG\left_2024_11_20_20_24_08_057.jpg, C:\Users\Owner\Downloads\simulator-windows-64\dataTrack1\IMG\right_2024_11_20_20_24_08_057.jpg, 0, 0.1051425, 0, 22.55322
C:\Users\Owner\Downloads\simulator-windows-64\dataTrack1\IMG\center_2024_11_20_20_24_08_160.jpg, C:\Users\Owner\Downloads\simulator-windows-64\dataTrack1\IMG\left_2024_11_20_20_24_08_160.jpg, C:\Users\Owner\Downloads\simulator-windows-64\dataTrack1\IMG\right_2024_11_20_20_24_08_160.jpg, 0, 0.3620985, 0, 22.59643
C:\Users\Owner\Downloads\simulator-windows-64\dataTrack1\IMG\center_2024_11_20_20_24_08_264.jpg, C:\Users\Owner\Downloads\simulator-windows-64\dataTrack1\IMG\left_2024_11_20_20_24_08_264.jpg, C:\Users\Owner\Downloads\simulator-windows-64\dataTrack1\IMG\right_2024_11_20_20_24_08_264.jpg, 0, 0.3017385, 0, 22.64778
C:\Users\Owner\Downloads\simulator-windows-64\dataTrack1\IMG\center_2024_11_20_20_24_08_366.jpg, C:\Users\Owner\Downloads\simulator-windows-64\dataTrack1\IMG\left_2024_11_20_20_24_08_366.jpg, C:\Users\Owner\Downloads\simulator-windows-64\dataTrack1\IMG\right_2024_11_20_20_24_08_366.jpg, 0, 0.4065957, 0, 22.9803
C:\Users\Owner\Downloads\simulator-windows-64\dataTrack1\IMG\center_2024_11_20_20_24_08_470.jpg, C:\Users\Owner\Downloads\simulator-windows-64\dataTrack1\IMG\left_2024_11_20_20_24_08_470.jpg, C:\Users\Owner\Downloads\simulator-windows-64\dataTrack1\IMG\right_2024_11_20_20_24_08_470.jpg, 0, 0.4067565, 0, 23.1171
C:\Users\Owner\Downloads\simulator-windows-64\dataTrack1\IMG\center_2024_11_20_20_24_08_575.jpg, C:\Users\Owner\Downloads\simulator-windows-64\dataTrack1\IMG\left_2024_11_20_20_24_08_575.jpg, C:\Users\Owner\Downloads\simulator-windows-64\dataTrack1\IMG\right_2024_11_20_20_24_08_575.jpg, 0, 0.4094687, 0, 23.49184
C:\Users\Owner\Downloads\simulator-windows-64\dataTrack1\IMG\center_2024_11_20_20_24_08_682.jpg, C:\Users\Owner\Downloads\simulator-windows-64\dataTrack1\IMG\left_2024_11_20_20_24_08_682.jpg, C:\Users\Owner\Downloads\simulator-windows-64\dataTrack1\IMG\right_2024_11_20_20_24_08_682.jpg, -0.3206022, 0.08886652, 0, 23.51119
C:\Users\Owner\Downloads\simulator-windows-64\dataTrack1\IMG\center_2024_11_20_20_24_08_787.jpg, C:\Users\Owner\Downloads\simulator-windows-64\dataTrack1\IMG\left_2024_11_20_20_24_08_787.jpg, C:\Users\Owner\Downloads\simulator-windows-64\dataTrack1\IMG\right_2024_11_20_20_24_08_787.jpg, -0.4273254, 0, 0, 23.13938
C:\Users\Owner\Downloads\simulator-windows-64\dataTrack1\IMG\center_2024_11_20_20_24_08_889.jpg, C:\Users\Owner\Downloads\simulator-windows-64\dataTrack1\IMG\left_2024_11_20_20_24_08_889.jpg, C:\Users\Owner\Downloads\simulator-windows-64\dataTrack1\IMG\right_2024_11_20_20_24_08_889.jpg, -0.1204425, 0, 0, 22.90334
C:\Users\Owner\Downloads\simulator-windows-64\dataTrack1\IMG\center_2024_11_20_20_24_08_997.jpg, C:\Users\Owner\Downloads\simulator-windows-64\dataTrack1\IMG\left_2024_11_20_20_24_08_997.jpg, C:\Users\Owner\Downloads\simulator-windows-64\dataTrack1\IMG\right_2024_11_20_20_24_08_997.jpg, 0, 0, 0, 22.66264
C:\Users\Owner\Downloads\simulator-windows-64\dataTrack1\IMG\center_2024_11_20_20_24_09_100.jpg, C:\Users\Owner\Downloads\simulator-windows-64\dataTrack1\IMG\left_2024_11_20_20_24_09_100.jpg, C:\Users\Owner\Downloads\simulator-windows-64\dataTrack1\IMG\right_2024_11_20_20_24_09_100.jpg, 0, 0.1556916, 0, 22.47836
C:\Users\Owner\Downloads\simulator-windows-64\dataTrack1\IMG\center_2024_11_20_20_24_09_201.jpg, C:\Users\Owner\Downloads\simulator-windows-64\dataTrack1\IMG\left_2024_11_20_20_24_09_201.jpg, C:\Users\Owner\Downloads\simulator-windows-64\dataTrack1\IMG\right_2024_11_20_20_24_09_201.jpg, 0, 0.2542383, 0, 22.60011
C:\Users\Owner\Downloads\simulator-windows-64\dataTrack1\IMG\center_2024_11_20_20_24_09_306.jpg, C:\Users\Owner\Downloads\simulator-windows-64\dataTrack1\IMG\left_2024_11_20_20_24_09_306.jpg, C:\Users\Owner\Downloads\simulator-windows-64\dataTrack1\IMG\right_2024_11_20_20_24_09_306.jpg, 0, 0, 0, 22.42476
C:\Users\Owner\Downloads\simulator-windows-64\dataTrack1\IMG\center_2024_11_20_20_24_09_412.jpg, C:\Users\Owner\Downloads\simulator-windows-64\dataTrack1\IMG\left_2024_11_20_20_24_09_412.jpg, C:\Users\Owner\Downloads\simulator-windows-64\dataTrack1\IMG\right_2024_11_20_20_24_09_412.jpg, 0, 0.209565, 0, 22.31794
C:\Users\Owner\Downloads\simulator-windows-64\dataTrack1\IMG\center_2024_11_20_20_24_09_516.jpg, C:\Users\Owner\Downloads\simulator-windows-64\dataTrack1\IMG\left_2024_11_20_20_24_09_516.jpg, C:\Users\Owner\Downloads\simulator-windows-64\dataTrack1\IMG\right_2024_11_20_20_24_09_516.jpg, 0, 0, 0, 22.17821
C:\Users\Owner\Downloads\simulator-windows-64\dataTrack1\IMG\center_2024_11_20_20_24_09_619.jpg, C:\Users\Owner\Downloads\simulator-windows-64\dataTrack1\IMG\left_2024_11_20_20_24_09_619.jpg, C:\Users\Owner\Downloads\simulator-windows-64\dataTrack1\IMG\right_2024_11_20_20_24_09_619.jpg, 0, 0.1511856, 0, 22.00891
C:\Users\Owner\Downloads\simulator-windows-64\dataTrack1\IMG\center_2024_11_20_20_24_09_723.jpg, C:\Users\Owner\Downloads\simulator-windows-64\dataTrack1\IMG\left_2024_11_20_20_24_09_723.jpg, C:\Users\Owner\Downloads\simulator-windows-64\dataTrack1\IMG\right_2024_11_20_20_24_09_723.jpg, 0, 0.09231569, 0, 22.06812
C:\Users\Owner\Downloads\simulator-windows-64\dataTrack1\IMG\center_2024_11_20_20_24_09_826.jpg, C:\Users\Owner\Downloads\simulator-windows-64\dataTrack1\IMG\left_2024_11_20_20_24_09_826.jpg, C:\Users\Owner\Downloads\simulator-windows-64\dataTrack1\IMG\right_2024_11_20_20_24_09_826.jpg, 0, 0.1538418, 0, 21.89742
C:\Users\Owner\Downloads\simulator-windows-64\dataTrack1\IMG\center_2024_11_20_20_24_09_932.jpg, C:\Users\Owner\Downloads\simulator-windows-64\dataTrack1\IMG\left_2024_11_20_20_24_09_932.jpg, C:\Users\Owner\Downloads\simulator-windows-64\dataTrack1\IMG\right_2024_11_20_20_24_09_932.jpg, 0, 0.1567083, 0, 21.97768
C:\Users\Owner\Downloads\simulator-windows-64\dataTrack1\IMG\center_2024_11_20_20_24_10_038.jpg, C:\Users\Owner\Downloads\simulator-windows-64\dataTrack1\IMG\left_2024_11_20_20_24_10_038.jpg, C:\Users\Owner\Downloads\simulator-windows-64\dataTrack1\IMG\right_2024_11_20_20_24_10_038.jpg, 0, 0, 0, 21.80621
C:\Users\Owner\Downloads\simulator-windows-64\dataTrack1\IMG\center_2024_11_20_20_24_10_141.jpg, C:\Users\Owner\Downloads\simulator-windows-64\dataTrack1\IMG\left_2024_11_20_20_24_10_141.jpg, C:\Users\Owner\Downloads\simulator-windows-64\dataTrack1\IMG\right_2024_11_20_20_24_10_141.jpg, 0, 0, 0, 21.57894
C:\Users\Owner\Downloads\simulator-windows-64\dataTrack1\IMG\center_2024_11_20_20_24_10_253.jpg, C:\Users\Owner\Downloads\simulator-windows-64\dataTrack1\IMG\left_2024_11_20_20_24_10_253.jpg, C:\Users\Owner\Downloads\simulator-windows-64\dataTrack1\IMG\right_2024_11_20_20_24_10_253.jpg, -0.1592427, 0, 0, 21.31042
C:\Users\Owner\Downloads\simulator-windows-64\dataTrack1\IMG\center_2024_11_20_20_24_10_354.jpg, C:\Users\Owner\Downloads\simulator-windows-64\dataTrack1\IMG\left_2024_11_20_20_24_10_354.jpg, C:\Users\Owner\Downloads\simulator-windows-64\dataTrack1\IMG\right_2024_11_20_20_24_10_354.jpg, -0.3484392, 0, 0, 21.00392
C:\Users\Owner\Downloads\simulator-windows-64\dataTrack1\IMG\center_2024_11_20_20_24_10_470.jpg, C:\Users\Owner\Downloads\simulator-windows-64\dataTrack1\IMG\left_2024_11_20_20_24_10_470.jpg, C:\Users\Owner\Downloads\simulator-windows-64\dataTrack1\IMG\right_2024_11_20_20_24_10_470.jpg, -0.0003278702, 0, 0, 20.74805
C:\Users\Owner\Downloads\simulator-windows-64\dataTrack1\IMG\center_2024_11_20_20_24_10_574.jpg, C:\Users\Owner\Downloads\simulator-windows-64\dataTrack1\IMG\left_2024_11_20_20_24_10_574.jpg, C:\Users\Owner\Downloads\simulator-windows-64\dataTrack1\IMG\right_2024_11_20_20_24_10_574.jpg, 0, 0, 0, 20.52888
C:\Users\Owner\Downloads\simulator-windows-64\dataTrack1\IMG\center_2024_11_20_20_24_10_691.jpg, C:\Users\Owner\Downloads\simulator-windows-64\dataTrack1\IMG\left_2024_11_20_20_24_10_691.jpg, C:\Users\Owner\Downloads\simulator-windows-64\dataTrack1\IMG\right_2024_11_20_20_24_10_691.jpg, 0, 0, 0, 20.28008
C:\Users\Owner\Downloads\simulator-windows-64\dataTrack1\IMG\center_2024_11_20_20_24_10_804.jpg, C:\Users\Owner\Downloads\simulator-windows-64\dataTrack1\IMG\left_2024_11_20_20_24_10_804.jpg, C:\Users\Owner\Downloads\simulator-windows-64\dataTrack1\IMG\right_2024_11_20_20_24_10_804.jpg, 0, 0.3374109, 0, 20.31562
C:\Users\Owner\Downloads\simulator-windows-64\dataTrack1\IMG\center_2024_11_20_20_24_10_914.jpg, C:\Users\Owner\Downloads\simulator-windows-64\dataTrack1\IMG\left_2024_11_20_20_24_10_914.jpg, C:\Users\Owner\Downloads\simulator-windows-64\dataTrack1\IMG\right_2024_11_20_20_24_10_914.jpg, 0, 0.0070761, 0, 20.29334
C:\Users\Owner\Downloads\simulator-windows-64\dataTrack1\IMG\center_2024_11_20_20_24_11_019.jpg, C:\Users\Owner\Downloads\simulator-windows-64\dataTrack1\IMG\left_2024_11_20_20_24_11_019.jpg, C:\Users\Owner\Downloads\simulator-windows-64\dataTrack1\IMG\right_2024_11_20_20_24_11_019.jpg, -0.3149301, 0, 0, 20.05764
C:\Users\Owner\Downloads\simulator-windows-64\dataTrack1\IMG\center_2024_11_20_20_24_11_122.jpg, C:\Users\Owner\Downloads\simulator-windows-64\dataTrack1\IMG\left_2024_11_20_20_24_11_122.jpg, C:\Users\Owner\Downloads\simulator-windows-64\dataTrack1\IMG\right_2024_11_20_20_24_11_122.jpg, -0.4174656, 0, 0, 19.66324
C:\Users\Owner\Downloads\simulator-windows-64\dataTrack1\IMG\center_2024_11_20_20_24_11_236.jpg, C:\Users\Owner\Downloads\simulator-windows-64\dataTrack1\IMG\left_2024_11_20_20_24_11_236.jpg, C:\Users\Owner\Downloads\simulator-windows-64\dataTrack1\IMG\right_2024_11_20_20_24_11_236.jpg, -0.07629747, 0, 0, 19.39299
C:\Users\Owner\Downloads\simulator-windows-64\dataTrack1\IMG\center_2024_11_20_20_24_11_348.jpg, C:\Users\Owner\Downloads\simulator-windows-64\dataTrack1\IMG\left_2024_11_20_20_24_11_348.jpg, C:\Users\Owner\Downloads\simulator-windows-64\dataTrack1\IMG\right_2024_11_20_20_24_11_348.jpg, 0, 0, 0, 19.09382
C:\Users\Owner\Downloads\simulator-windows-64\dataTrack1\IMG\center_2024_11_20_20_24_11_452.jpg, C:\Users\Owner\Downloads\simulator-windows-64\dataTrack1\IMG\left_2024_11_20_20_24_11_452.jpg, C:\Users\Owner\Downloads\simulator-windows-64\dataTrack1\IMG\right_2024_11_20_20_24_11_452.jpg, -0.02357879, 0, 0, 19.15149
C:\Users\Owner\Downloads\simulator-windows-64\dataTrack1\IMG\center_2024_11_20_20_24_11_558.jpg, C:\Users\Owner\Downloads\simulator-windows-64\dataTrack1\IMG\left_2024_11_20_20_24_11_558.jpg, C:\Users\Owner\Downloads\simulator-windows-64\dataTrack1\IMG\right_2024_11_20_20_24_11_558.jpg, 0, 0, 0, 18.59377
C:\Users\Owner\Downloads\simulator-windows-64\dataTrack1\IMG\center_2024_11_20_20_24_11_671.jpg, C:\Users\Owner\Downloads\simulator-windows-64\dataTrack1\IMG\left_2024_11_20_20_24_11_671.jpg, C:\Users\Owner\Downloads\simulator-windows-64\dataTrack1\IMG\right_2024_11_20_20_24_11_671.jpg, -0.0557064, 0, 0, 18.32267
C:\Users\Owner\Downloads\simulator-windows-64\dataTrack1\IMG\center_2024_11_20_20_24_11_774.jpg, C:\Users\Owner\Downloads\simulator-windows-64\dataTrack1\IMG\left_2024_11_20_20_24_11_774.jpg, C:\Users\Owner\Downloads\simulator-windows-64\dataTrack1\IMG\right_2024_11_20_20_24_11_774.jpg, -0.3641709, 0, 0, 18.53488
C:\Users\Owner\Downloads\simulator-windows-64\dataTrack1\IMG\center_2024_11_20_20_24_11_885.jpg, C:\Users\Owner\Downloads\simulator-windows-64\dataTrack1\IMG\left_2024_11_20_20_24_11_885.jpg, C:\Users\Owner\Downloads\simulator-windows-64\dataTrack1\IMG\right_2024_11_20_20_24_11_885.jpg, -0.3846018, 0, 0, 18.21453
C:\Users\Owner\Downloads\simulator-windows-64\dataTrack1\IMG\center_2024_11_20_20_24_11_990.jpg, C:\Users\Owner\Downloads\simulator-windows-64\dataTrack1\IMG\left_2024_11_20_20_24_11_990.jpg, C:\Users\Owner\Downloads\simulator-windows-64\dataTrack1\IMG\right_2024_11_20_20_24_11_990.jpg, -0.06766444, 0.0538122, 0, 17.53867
C:\Users\Owner\Downloads\simulator-windows-64\dataTrack1\IMG\center_2024_11_20_20_24_12_099.jpg, C:\Users\Owner\Downloads\simulator-windows-64\dataTrack1\IMG\left_2024_11_20_20_24_12_099.jpg, C:\Users\Owner\Downloads\simulator-windows-64\dataTrack1\IMG\right_2024_11_20_20_24_12_099.jpg, 0, 0.1118928, 0, 18.03391
C:\Users\Owner\Downloads\simulator-windows-64\dataTrack1\IMG\center_2024_11_20_20_24_12_216.jpg, C:\Users\Owner\Downloads\simulator-windows-64\dataTrack1\IMG\left_2024_11_20_20_24_12_216.jpg, C:\Users\Owner\Downloads\simulator-windows-64\dataTrack1\IMG\right_2024_11_20_20_24_12_216.jpg, -0.0605064, 0, 0, 17.85697
C:\Users\Owner\Downloads\simulator-windows-64\dataTrack1\IMG\center_2024_11_20_20_24_12_317.jpg, C:\Users\Owner\Downloads\simulator-windows-64\dataTrack1\IMG\left_2024_11_20_20_24_12_317.jpg, C:\Users\Owner\Downloads\simulator-windows-64\dataTrack1\IMG\right_2024_11_20_20_24_12_317.jpg, -0.3659382, 0, 0, 17.14606
C:\Users\Owner\Downloads\simulator-windows-64\dataTrack1\IMG\center_2024_11_20_20_24_12_428.jpg, C:\Users\Owner\Downloads\simulator-windows-64\dataTrack1\IMG\left_2024_11_20_20_24_12_428.jpg, C:\Users\Owner\Downloads\simulator-windows-64\dataTrack1\IMG\right_2024_11_20_20_24_12_428.jpg, -0.4875264, 0, 0, 16.75024
C:\Users\Owner\Downloads\simulator-windows-64\dataTrack1\IMG\center_2024_11_20_20_24_12_545.jpg, C:\Users\Owner\Downloads\simulator-windows-64\dataTrack1\IMG\left_2024_11_20_20_24_12_545.jpg, C:\Users\Owner\Downloads\simulator-windows-64\dataTrack1\IMG\right_2024_11_20_20_24_12_545.jpg, -0.2434932, 0, 0, 16.54739
C:\Users\Owner\Downloads\simulator-windows-64\dataTrack1\IMG\center_2024_11_20_20_24_12_648.jpg, C:\Users\Owner\Downloads\simulator-windows-64\dataTrack1\IMG\left_2024_11_20_20_24_12_648.jpg, C:\Users\Owner\Downloads\simulator-windows-64\dataTrack1\IMG\right_2024_11_20_20_24_12_648.jpg, -0.5537595, 0, 0, 16.83828
C:\Users\Owner\Downloads\simulator-windows-64\dataTrack1\IMG\center_2024_11_20_20_24_12_752.jpg, C:\Users\Owner\Downloads\simulator-windows-64\dataTrack1\IMG\left_2024_11_20_20_24_12_752.jpg, C:\Users\Owner\Downloads\simulator-windows-64\dataTrack1\IMG\right_2024_11_20_20_24_12_752.jpg, -0.242043, 0, 0, 16.15325
C:\Users\Owner\Downloads\simulator-windows-64\dataTrack1\IMG\center_2024_11_20_20_24_12_863.jpg, C:\Users\Owner\Downloads\simulator-windows-64\dataTrack1\IMG\left_2024_11_20_20_24_12_863.jpg, C:\Users\Owner\Downloads\simulator-windows-64\dataTrack1\IMG\right_2024_11_20_20_24_12_863.jpg, 0, 0, 0, 15.93131
C:\Users\Owner\Downloads\simulator-windows-64\dataTrack1\IMG\center_2024_11_20_20_24_12_971.jpg, C:\Users\Owner\Downloads\simulator-windows-64\dataTrack1\IMG\left_2024_11_20_20_24_12_971.jpg, C:\Users\Owner\Downloads\simulator-windows-64\dataTrack1\IMG\right_2024_11_20_20_24_12_971.jpg, -0.3239979, 0, 0, 16.28708
C:\Users\Owner\Downloads\simulator-windows-64\dataTrack1\IMG\center_2024_11_20_20_24_13_079.jpg, C:\Users\Owner\Downloads\simulator-windows-64\dataTrack1\IMG\left_2024_11_20_20_24_13_079.jpg, C:\Users\Owner\Downloads\simulator-windows-64\dataTrack1\IMG\right_2024_11_20_20_24_13_079.jpg, -0.540549, 0, 0, 15.50185
C:\Users\Owner\Downloads\simulator-windows-64\dataTrack1\IMG\center_2024_11_20_20_24_13_184.jpg, C:\Users\Owner\Downloads\simulator-windows-64\dataTrack1\IMG\left_2024_11_20_20_24_13_184.jpg, C:\Users\Owner\Downloads\simulator-windows-64\dataTrack1\IMG\right_2024_11_20_20_24_13_184.jpg, -0.2246172, 0, 0, 15.32281
C:\Users\Owner\Downloads\simulator-windows-64\dataTrack1\IMG\center_2024_11_20_20_24_13_288.jpg, C:\Users\Owner\Downloads\simulator-windows-64\dataTrack1\IMG\left_2024_11_20_20_24_13_288.jpg, C:\Users\Owner\Downloads\simulator-windows-64\dataTrack1\IMG\right_2024_11_20_20_24_13_288.jpg, 0, 0, 0, 15.67365
C:\Users\Owner\Downloads\simulator-windows-64\dataTrack1\IMG\center_2024_11_20_20_24_13_395.jpg, C:\Users\Owner\Downloads\simulator-windows-64\dataTrack1\IMG\left_2024_11_20_20_24_13_395.jpg, C:\Users\Owner\Downloads\simulator-windows-64\dataTrack1\IMG\right_2024_11_20_20_24_13_395.jpg, 0, 0.2211828, 0, 15.02497
C:\Users\Owner\Downloads\simulator-windows-64\dataTrack1\IMG\center_2024_11_20_20_24_13_502.jpg, C:\Users\Owner\Downloads\simulator-windows-64\dataTrack1\IMG\left_2024_11_20_20_24_13_502.jpg, C:\Users\Owner\Downloads\simulator-windows-64\dataTrack1\IMG\right_2024_11_20_20_24_13_502.jpg, 0, 0.3286749, 0, 15.46237
C:\Users\Owner\Downloads\simulator-windows-64\dataTrack1\IMG\center_2024_11_20_20_24_13_605.jpg, C:\Users\Owner\Downloads\simulator-windows-64\dataTrack1\IMG\left_2024_11_20_20_24_13_605.jpg, C:\Users\Owner\Downloads\simulator-windows-64\dataTrack1\IMG\right_2024_11_20_20_24_13_605.jpg, -0.3094962, 0.0191787, 0, 15.87482
C:\Users\Owner\Downloads\simulator-windows-64\dataTrack1\IMG\center_2024_11_20_20_24_13_711.jpg, C:\Users\Owner\Downloads\simulator-windows-64\dataTrack1\IMG\left_2024_11_20_20_24_13_711.jpg, C:\Users\Owner\Downloads\simulator-windows-64\dataTrack1\IMG\right_2024_11_20_20_24_13_711.jpg, -0.6251884, 0, 0, 15.09408
C:\Users\Owner\Downloads\simulator-windows-64\dataTrack1\IMG\center_2024_11_20_20_24_13_820.jpg, C:\Users\Owner\Downloads\simulator-windows-64\dataTrack1\IMG\left_2024_11_20_20_24_13_820.jpg, C:\Users\Owner\Downloads\simulator-windows-64\dataTrack1\IMG\right_2024_11_20_20_24_13_820.jpg, -0.3501459, 0.2750424, 0, 15.53009
C:\Users\Owner\Downloads\simulator-windows-64\dataTrack1\IMG\center_2024_11_20_20_24_13_927.jpg, C:\Users\Owner\Downloads\simulator-windows-64\dataTrack1\IMG\left_2024_11_20_20_24_13_927.jpg, C:\Users\Owner\Downloads\simulator-windows-64\dataTrack1\IMG\right_2024_11_20_20_24_13_927.jpg, 0, 0.4440387, 0, 15.97267
C:\Users\Owner\Downloads\simulator-windows-64\dataTrack1\IMG\center_2024_11_20_20_24_14_033.jpg, C:\Users\Owner\Downloads\simulator-windows-64\dataTrack1\IMG\left_2024_11_20_20_24_14_033.jpg, C:\Users\Owner\Downloads\simulator-windows-64\dataTrack1\IMG\right_2024_11_20_20_24_14_033.jpg, 0, 0.1288956, 0, 15.8555
C:\Users\Owner\Downloads\simulator-windows-64\dataTrack1\IMG\center_2024_11_20_20_24_14_139.jpg, C:\Users\Owner\Downloads\simulator-windows-64\dataTrack1\IMG\left_2024_11_20_20_24_14_139.jpg, C:\Users\Owner\Downloads\simulator-windows-64\dataTrack1\IMG\right_2024_11_20_20_24_14_139.jpg, 0, 0.3991545, 0, 16.23198
C:\Users\Owner\Downloads\simulator-windows-64\dataTrack1\IMG\center_2024_11_20_20_24_14_244.jpg, C:\Users\Owner\Downloads\simulator-windows-64\dataTrack1\IMG\left_2024_11_20_20_24_14_244.jpg, C:\Users\Owner\Downloads\simulator-windows-64\dataTrack1\IMG\right_2024_11_20_20_24_14_244.jpg, -0.3109962, 0.6602428, 0, 16.90628
C:\Users\Owner\Downloads\simulator-windows-64\dataTrack1\IMG\center_2024_11_20_20_24_14_351.jpg, C:\Users\Owner\Downloads\simulator-windows-64\dataTrack1\IMG\left_2024_11_20_20_24_14_351.jpg, C:\Users\Owner\Downloads\simulator-windows-64\dataTrack1\IMG\right_2024_11_20_20_24_14_351.jpg, -0.6349674, 0.3362716, 0, 17.06581
C:\Users\Owner\Downloads\simulator-windows-64\dataTrack1\IMG\center_2024_11_20_20_24_14_456.jpg, C:\Users\Owner\Downloads\simulator-windows-64\dataTrack1\IMG\left_2024_11_20_20_24_14_456.jpg, C:\Users\Owner\Downloads\simulator-windows-64\dataTrack1\IMG\right_2024_11_20_20_24_14_456.jpg, -0.5037087, 0.02221148, 0, 17.08216
C:\Users\Owner\Downloads\simulator-windows-64\dataTrack1\IMG\center_2024_11_20_20_24_14_572.jpg, C:\Users\Owner\Downloads\simulator-windows-64\dataTrack1\IMG\left_2024_11_20_20_24_14_572.jpg, C:\Users\Owner\Downloads\simulator-windows-64\dataTrack1\IMG\right_2024_11_20_20_24_14_572.jpg, -0.1563378, 0.3695824, 0, 17.2775
C:\Users\Owner\Downloads\simulator-windows-64\dataTrack1\IMG\center_2024_11_20_20_24_14_676.jpg, C:\Users\Owner\Downloads\simulator-windows-64\dataTrack1\IMG\left_2024_11_20_20_24_14_676.jpg, C:\Users\Owner\Downloads\simulator-windows-64\dataTrack1\IMG\right_2024_11_20_20_24_14_676.jpg, -0.156717, 0.4793254, 0, 17.62755
C:\Users\Owner\Downloads\simulator-windows-64\dataTrack1\IMG\center_2024_11_20_20_24_14_792.jpg, C:\Users\Owner\Downloads\simulator-windows-64\dataTrack1\IMG\left_2024_11_20_20_24_14_792.jpg, C:\Users\Owner\Downloads\simulator-windows-64\dataTrack1\IMG\right_2024_11_20_20_24_14_792.jpg, -0.3958071, 0.1328419, 0, 17.72404
C:\Users\Owner\Downloads\simulator-windows-64\dataTrack1\IMG\center_2024_11_20_20_24_14_898.jpg, C:\Users\Owner\Downloads\simulator-windows-64\dataTrack1\IMG\left_2024_11_20_20_24_14_898.jpg, C:\Users\Owner\Downloads\simulator-windows-64\dataTrack1\IMG\right_2024_11_20_20_24_14_898.jpg, -0.07882205, 0, 0, 17.7048
C:\Users\Owner\Downloads\simulator-windows-64\dataTrack1\IMG\center_2024_11_20_20_24_15_004.jpg, C:\Users\Owner\Downloads\simulator-windows-64\dataTrack1\IMG\left_2024_11_20_20_24_15_004.jpg, C:\Users\Owner\Downloads\simulator-windows-64\dataTrack1\IMG\right_2024_11_20_20_24_15_004.jpg, 0, 0.2064018, 0, 17.56268
C:\Users\Owner\Downloads\simulator-windows-64\dataTrack1\IMG\center_2024_11_20_20_24_15_116.jpg, C:\Users\Owner\Downloads\simulator-windows-64\dataTrack1\IMG\left_2024_11_20_20_24_15_116.jpg, C:\Users\Owner\Downloads\simulator-windows-64\dataTrack1\IMG\right_2024_11_20_20_24_15_116.jpg, 0, 0.5439459, 0, 17.73021
C:\Users\Owner\Downloads\simulator-windows-64\dataTrack1\IMG\center_2024_11_20_20_24_15_217.jpg, C:\Users\Owner\Downloads\simulator-windows-64\dataTrack1\IMG\left_2024_11_20_20_24_15_217.jpg, C:\Users\Owner\Downloads\simulator-windows-64\dataTrack1\IMG\right_2024_11_20_20_24_15_217.jpg, -0.3012771, 0.2426688, 0, 18.08657
C:\Users\Owner\Downloads\simulator-windows-64\dataTrack1\IMG\center_2024_11_20_20_24_15_319.jpg, C:\Users\Owner\Downloads\simulator-windows-64\dataTrack1\IMG\left_2024_11_20_20_24_15_319.jpg, C:\Users\Owner\Downloads\simulator-windows-64\dataTrack1\IMG\right_2024_11_20_20_24_15_319.jpg, -0.261753, 0, 0, 17.90023
C:\Users\Owner\Downloads\simulator-windows-64\dataTrack1\IMG\center_2024_11_20_20_24_15_421.jpg, C:\Users\Owner\Downloads\simulator-windows-64\dataTrack1\IMG\left_2024_11_20_20_24_15_421.jpg, C:\Users\Owner\Downloads\simulator-windows-64\dataTrack1\IMG\right_2024_11_20_20_24_15_421.jpg, 0, 0, 0, 17.76042
C:\Users\Owner\Downloads\simulator-windows-64\dataTrack1\IMG\center_2024_11_20_20_24_15_525.jpg, C:\Users\Owner\Downloads\simulator-windows-64\dataTrack1\IMG\left_2024_11_20_20_24_15_525.jpg, C:\Users\Owner\Downloads\simulator-windows-64\dataTrack1\IMG\right_2024_11_20_20_24_15_525.jpg, -0.3119013, 0, 0, 17.51801
C:\Users\Owner\Downloads\simulator-windows-64\dataTrack1\IMG\center_2024_11_20_20_24_15_638.jpg, C:\Users\Owner\Downloads\simulator-windows-64\dataTrack1\IMG\left_2024_11_20_20_24_15_638.jpg, C:\Users\Owner\Downloads\simulator-windows-64\dataTrack1\IMG\right_2024_11_20_20_24_15_638.jpg, -0.6492639, 0, 0, 17.18229
C:\Users\Owner\Downloads\simulator-windows-64\dataTrack1\IMG\center_2024_11_20_20_24_15_741.jpg, C:\Users\Owner\Downloads\simulator-windows-64\dataTrack1\IMG\left_2024_11_20_20_24_15_741.jpg, C:\Users\Owner\Downloads\simulator-windows-64\dataTrack1\IMG\right_2024_11_20_20_24_15_741.jpg, -0.389394, 0.1542279, 0, 16.9805
C:\Users\Owner\Downloads\simulator-windows-64\dataTrack1\IMG\center_2024_11_20_20_24_15_854.jpg, C:\Users\Owner\Downloads\simulator-windows-64\dataTrack1\IMG\left_2024_11_20_20_24_15_854.jpg, C:\Users\Owner\Downloads\simulator-windows-64\dataTrack1\IMG\right_2024_11_20_20_24_15_854.jpg, 0, 0.5442455, 0, 17.31887
C:\Users\Owner\Downloads\simulator-windows-64\dataTrack1\IMG\center_2024_11_20_20_24_16_062.jpg, C:\Users\Owner\Downloads\simulator-windows-64\dataTrack1\IMG\left_2024_11_20_20_24_16_062.jpg, C:\Users\Owner\Downloads\simulator-windows-64\dataTrack1\IMG\right_2024_11_20_20_24_16_062.jpg, -0.6201861, 0, 0, 16.75287
C:\Users\Owner\Downloads\simulator-windows-64\dataTrack1\IMG\center_2024_11_20_20_24_16_166.jpg, C:\Users\Owner\Downloads\simulator-windows-64\dataTrack1\IMG\left_2024_11_20_20_24_16_166.jpg, C:\Users\Owner\Downloads\simulator-windows-64\dataTrack1\IMG\right_2024_11_20_20_24_16_166.jpg, -0.3048773, 0, 0, 16.5717
C:\Users\Owner\Downloads\simulator-windows-64\dataTrack1\IMG\center_2024_11_20_20_24_16_271.jpg, C:\Users\Owner\Downloads\simulator-windows-64\dataTrack1\IMG\left_2024_11_20_20_24_16_271.jpg, C:\Users\Owner\Downloads\simulator-windows-64\dataTrack1\IMG\right_2024_11_20_20_24_16_271.jpg, 0, 0.3150378, 0, 16.7118
C:\Users\Owner\Downloads\simulator-windows-64\dataTrack1\IMG\center_2024_11_20_20_24_16_380.jpg, C:\Users\Owner\Downloads\simulator-windows-64\dataTrack1\IMG\left_2024_11_20_20_24_16_380.jpg, C:\Users\Owner\Downloads\simulator-windows-64\dataTrack1\IMG\right_2024_11_20_20_24_16_380.jpg, 0, 0.3812829, 0, 17.00005
C:\Users\Owner\Downloads\simulator-windows-64\dataTrack1\IMG\center_2024_11_20_20_24_16_490.jpg, C:\Users\Owner\Downloads\simulator-windows-64\dataTrack1\IMG\left_2024_11_20_20_24_16_490.jpg, C:\Users\Owner\Downloads\simulator-windows-64\dataTrack1\IMG\right_2024_11_20_20_24_16_490.jpg, 0, 0, 0, 16.99454
C:\Users\Owner\Downloads\simulator-windows-64\dataTrack1\IMG\center_2024_11_20_20_24_16_594.jpg, C:\Users\Owner\Downloads\simulator-windows-64\dataTrack1\IMG\left_2024_11_20_20_24_16_594.jpg, C:\Users\Owner\Downloads\simulator-windows-64\dataTrack1\IMG\right_2024_11_20_20_24_16_594.jpg, 0, 0, 0, 16.83326
C:\Users\Owner\Downloads\simulator-windows-64\dataTrack1\IMG\center_2024_11_20_20_24_16_701.jpg, C:\Users\Owner\Downloads\simulator-windows-64\dataTrack1\IMG\left_2024_11_20_20_24_16_701.jpg, C:\Users\Owner\Downloads\simulator-windows-64\dataTrack1\IMG\right_2024_11_20_20_24_16_701.jpg, 0.2699628, 0, 0, 16.62957
C:\Users\Owner\Downloads\simulator-windows-64\dataTrack1\IMG\center_2024_11_20_20_24_16_802.jpg, C:\Users\Owner\Downloads\simulator-windows-64\dataTrack1\IMG\left_2024_11_20_20_24_16_802.jpg, C:\Users\Owner\Downloads\simulator-windows-64\dataTrack1\IMG\right_2024_11_20_20_24_16_802.jpg, 0.02043721, 0, 0, 16.42018
C:\Users\Owner\Downloads\simulator-windows-64\dataTrack1\IMG\center_2024_11_20_20_24_16_903.jpg, C:\Users\Owner\Downloads\simulator-windows-64\dataTrack1\IMG\left_2024_11_20_20_24_16_903.jpg, C:\Users\Owner\Downloads\simulator-windows-64\dataTrack1\IMG\right_2024_11_20_20_24_16_903.jpg, 0, 0, 0, 16.24129
C:\Users\Owner\Downloads\simulator-windows-64\dataTrack1\IMG\center_2024_11_20_20_24_17_021.jpg, C:\Users\Owner\Downloads\simulator-windows-64\dataTrack1\IMG\left_2024_11_20_20_24_17_021.jpg, C:\Users\Owner\Downloads\simulator-windows-64\dataTrack1\IMG\right_2024_11_20_20_24_17_021.jpg, 0, 0, 0, 16.07933
C:\Users\Owner\Downloads\simulator-windows-64\dataTrack1\IMG\center_2024_11_20_20_24_17_126.jpg, C:\Users\Owner\Downloads\simulator-windows-64\dataTrack1\IMG\left_2024_11_20_20_24_17_126.jpg, C:\Users\Owner\Downloads\simulator-windows-64\dataTrack1\IMG\right_2024_11_20_20_24_17_126.jpg, 0, 0.3130383, 0, 16.1156
C:\Users\Owner\Downloads\simulator-windows-64\dataTrack1\IMG\center_2024_11_20_20_24_17_229.jpg, C:\Users\Owner\Downloads\simulator-windows-64\dataTrack1\IMG\left_2024_11_20_20_24_17_229.jpg, C:\Users\Owner\Downloads\simulator-windows-64\dataTrack1\IMG\right_2024_11_20_20_24_17_229.jpg, 0, 0.3139965, 0, 16.4187
C:\Users\Owner\Downloads\simulator-windows-64\dataTrack1\IMG\center_2024_11_20_20_24_17_340.jpg, C:\Users\Owner\Downloads\simulator-windows-64\dataTrack1\IMG\left_2024_11_20_20_24_17_340.jpg, C:\Users\Owner\Downloads\simulator-windows-64\dataTrack1\IMG\right_2024_11_20_20_24_17_340.jpg, 0, 0.5969034, 0, 16.90615
C:\Users\Owner\Downloads\simulator-windows-64\dataTrack1\IMG\center_2024_11_20_20_24_17_450.jpg, C:\Users\Owner\Downloads\simulator-windows-64\dataTrack1\IMG\left_2024_11_20_20_24_17_450.jpg, C:\Users\Owner\Downloads\simulator-windows-64\dataTrack1\IMG\right_2024_11_20_20_24_17_450.jpg, 0, 0.8698553, 0, 17.91186
C:\Users\Owner\Downloads\simulator-windows-64\dataTrack1\IMG\center_2024_11_20_20_24_17_560.jpg, C:\Users\Owner\Downloads\simulator-windows-64\dataTrack1\IMG\left_2024_11_20_20_24_17_560.jpg, C:\Users\Owner\Downloads\simulator-windows-64\dataTrack1\IMG\right_2024_11_20_20_24_17_560.jpg, 0, 1, 0, 18.90674
C:\Users\Owner\Downloads\simulator-windows-64\dataTrack1\IMG\center_2024_11_20_20_24_17_668.jpg, C:\Users\Owner\Downloads\simulator-windows-64\dataTrack1\IMG\left_2024_11_20_20_24_17_668.jpg, C:\Users\Owner\Downloads\simulator-windows-64\dataTrack1\IMG\right_2024_11_20_20_24_17_668.jpg, 0, 1, 0, 20.13489
C:\Users\Owner\Downloads\simulator-windows-64\dataTrack1\IMG\center_2024_11_20_20_24_17_768.jpg, C:\Users\Owner\Downloads\simulator-windows-64\dataTrack1\IMG\left_2024_11_20_20_24_17_768.jpg, C:\Users\Owner\Downloads\simulator-windows-64\dataTrack1\IMG\right_2024_11_20_20_24_17_768.jpg, 0, 1, 0, 21.14733
C:\Users\Owner\Downloads\simulator-windows-64\dataTrack1\IMG\center_2024_11_20_20_24_17_872.jpg, C:\Users\Owner\Downloads\simulator-windows-64\dataTrack1\IMG\left_2024_11_20_20_24_17_872.jpg, C:\Users\Owner\Downloads\simulator-windows-64\dataTrack1\IMG\right_2024_11_20_20_24_17_872.jpg, 0, 0.8955754, 0, 22.11865
C:\Users\Owner\Downloads\simulator-windows-64\dataTrack1\IMG\center_2024_11_20_20_24_17_974.jpg, C:\Users\Owner\Downloads\simulator-windows-64\dataTrack1\IMG\left_2024_11_20_20_24_17_974.jpg, C:\Users\Owner\Downloads\simulator-windows-64\dataTrack1\IMG\right_2024_11_20_20_24_17_974.jpg, 0, 0.5894128, 0, 22.79457
C:\Users\Owner\Downloads\simulator-windows-64\dataTrack1\IMG\center_2024_11_20_20_24_18_080.jpg, C:\Users\Owner\Downloads\simulator-windows-64\dataTrack1\IMG\left_2024_11_20_20_24_18_080.jpg, C:\Users\Owner\Downloads\simulator-windows-64\dataTrack1\IMG\right_2024_11_20_20_24_18_080.jpg, 0, 0.3255916, 0, 23.07805
C:\Users\Owner\Downloads\simulator-windows-64\dataTrack1\IMG\center_2024_11_20_20_24_18_189.jpg, C:\Users\Owner\Downloads\simulator-windows-64\dataTrack1\IMG\left_2024_11_20_20_24_18_189.jpg, C:\Users\Owner\Downloads\simulator-windows-64\dataTrack1\IMG\right_2024_11_20_20_24_18_189.jpg, 0, 0, 0, 22.96035
C:\Users\Owner\Downloads\simulator-windows-64\dataTrack1\IMG\center_2024_11_20_20_24_18_296.jpg, C:\Users\Owner\Downloads\simulator-windows-64\dataTrack1\IMG\left_2024_11_20_20_24_18_296.jpg, C:\Users\Owner\Downloads\simulator-windows-64\dataTrack1\IMG\right_2024_11_20_20_24_18_296.jpg, 0, 0.320979, 0, 22.93415
C:\Users\Owner\Downloads\simulator-windows-64\dataTrack1\IMG\center_2024_11_20_20_24_18_406.jpg, C:\Users\Owner\Downloads\simulator-windows-64\dataTrack1\IMG\left_2024_11_20_20_24_18_406.jpg, C:\Users\Owner\Downloads\simulator-windows-64\dataTrack1\IMG\right_2024_11_20_20_24_18_406.jpg, 0, 0.3432801, 0, 23.27754
C:\Users\Owner\Downloads\simulator-windows-64\dataTrack1\IMG\center_2024_11_20_20_24_18_516.jpg, C:\Users\Owner\Downloads\simulator-windows-64\dataTrack1\IMG\left_2024_11_20_20_24_18_516.jpg, C:\Users\Owner\Downloads\simulator-windows-64\dataTrack1\IMG\right_2024_11_20_20_24_18_516.jpg, -0.2283816, 0.01411558, 0, 23.21487
C:\Users\Owner\Downloads\simulator-windows-64\dataTrack1\IMG\center_2024_11_20_20_24_18_623.jpg, C:\Users\Owner\Downloads\simulator-windows-64\dataTrack1\IMG\left_2024_11_20_20_24_18_623.jpg, C:\Users\Owner\Downloads\simulator-windows-64\dataTrack1\IMG\right_2024_11_20_20_24_18_623.jpg, -0.2436974, 0, 0, 22.84116
C:\Users\Owner\Downloads\simulator-windows-64\dataTrack1\IMG\center_2024_11_20_20_24_18_730.jpg, C:\Users\Owner\Downloads\simulator-windows-64\dataTrack1\IMG\left_2024_11_20_20_24_18_730.jpg, C:\Users\Owner\Downloads\simulator-windows-64\dataTrack1\IMG\right_2024_11_20_20_24_18_730.jpg, 0, 0, 0, 22.61278
C:\Users\Owner\Downloads\simulator-windows-64\dataTrack1\IMG\center_2024_11_20_20_24_18_836.jpg, C:\Users\Owner\Downloads\simulator-windows-64\dataTrack1\IMG\left_2024_11_20_20_24_18_836.jpg, C:\Users\Owner\Downloads\simulator-windows-64\dataTrack1\IMG\right_2024_11_20_20_24_18_836.jpg, 0, 0.0516423, 0, 22.37916
C:\Users\Owner\Downloads\simulator-windows-64\dataTrack1\IMG\center_2024_11_20_20_24_18_940.jpg, C:\Users\Owner\Downloads\simulator-windows-64\dataTrack1\IMG\left_2024_11_20_20_24_18_940.jpg, C:\Users\Owner\Downloads\simulator-windows-64\dataTrack1\IMG\right_2024_11_20_20_24_18_940.jpg, 0, 0.3142941, 0, 22.37163
C:\Users\Owner\Downloads\simulator-windows-64\dataTrack1\IMG\center_2024_11_20_20_24_19_043.jpg, C:\Users\Owner\Downloads\simulator-windows-64\dataTrack1\IMG\left_2024_11_20_20_24_19_043.jpg, C:\Users\Owner\Downloads\simulator-windows-64\dataTrack1\IMG\right_2024_11_20_20_24_19_043.jpg, 0, 0.2280951, 0, 22.64013
C:\Users\Owner\Downloads\simulator-windows-64\dataTrack1\IMG\center_2024_11_20_20_24_19_150.jpg, C:\Users\Owner\Downloads\simulator-windows-64\dataTrack1\IMG\left_2024_11_20_20_24_19_150.jpg, C:\Users\Owner\Downloads\simulator-windows-64\dataTrack1\IMG\right_2024_11_20_20_24_19_150.jpg, -0.1580904, 0, 0, 22.48761
C:\Users\Owner\Downloads\simulator-windows-64\dataTrack1\IMG\center_2024_11_20_20_24_19_254.jpg, C:\Users\Owner\Downloads\simulator-windows-64\dataTrack1\IMG\left_2024_11_20_20_24_19_254.jpg, C:\Users\Owner\Downloads\simulator-windows-64\dataTrack1\IMG\right_2024_11_20_20_24_19_254.jpg, -0.4736832, 0, 0, 22.14336
C:\Users\Owner\Downloads\simulator-windows-64\dataTrack1\IMG\center_2024_11_20_20_24_19_356.jpg, C:\Users\Owner\Downloads\simulator-windows-64\dataTrack1\IMG\left_2024_11_20_20_24_19_356.jpg, C:\Users\Owner\Downloads\simulator-windows-64\dataTrack1\IMG\right_2024_11_20_20_24_19_356.jpg, -0.1680318, 0, 0, 21.88877
C:\Users\Owner\Downloads\simulator-windows-64\dataTrack1\IMG\center_2024_11_20_20_24_19_463.jpg, C:\Users\Owner\Downloads\simulator-windows-64\dataTrack1\IMG\left_2024_11_20_20_24_19_463.jpg, C:\Users\Owner\Downloads\simulator-windows-64\dataTrack1\IMG\right_2024_11_20_20_24_19_463.jpg, 0, 0.2088078, 0, 21.70548
C:\Users\Owner\Downloads\simulator-windows-64\dataTrack1\IMG\center_2024_11_20_20_24_19_568.jpg, C:\Users\Owner\Downloads\simulator-windows-64\dataTrack1\IMG\left_2024_11_20_20_24_19_568.jpg, C:\Users\Owner\Downloads\simulator-windows-64\dataTrack1\IMG\right_2024_11_20_20_24_19_568.jpg, 0, 0.2038434, 0, 21.84236
C:\Users\Owner\Downloads\simulator-windows-64\dataTrack1\IMG\center_2024_11_20_20_24_19_672.jpg, C:\Users\Owner\Downloads\simulator-windows-64\dataTrack1\IMG\left_2024_11_20_20_24_19_672.jpg, C:\Users\Owner\Downloads\simulator-windows-64\dataTrack1\IMG\right_2024_11_20_20_24_19_672.jpg, 0, 0.1022199, 0, 21.72382
C:\Users\Owner\Downloads\simulator-windows-64\dataTrack1\IMG\center_2024_11_20_20_24_19_778.jpg, C:\Users\Owner\Downloads\simulator-windows-64\dataTrack1\IMG\left_2024_11_20_20_24_19_778.jpg, C:\Users\Owner\Downloads\simulator-windows-64\dataTrack1\IMG\right_2024_11_20_20_24_19_778.jpg, 0, 0.3169584, 0, 21.79417
C:\Users\Owner\Downloads\simulator-windows-64\dataTrack1\IMG\center_2024_11_20_20_24_19_878.jpg, C:\Users\Owner\Downloads\simulator-windows-64\dataTrack1\IMG\left_2024_11_20_20_24_19_878.jpg, C:\Users\Owner\Downloads\simulator-windows-64\dataTrack1\IMG\right_2024_11_20_20_24_19_878.jpg, 0, 0.01466732, 0, 21.8227
C:\Users\Owner\Downloads\simulator-windows-64\dataTrack1\IMG\center_2024_11_20_20_24_19_984.jpg, C:\Users\Owner\Downloads\simulator-windows-64\dataTrack1\IMG\left_2024_11_20_20_24_19_984.jpg, C:\Users\Owner\Downloads\simulator-windows-64\dataTrack1\IMG\right_2024_11_20_20_24_19_984.jpg, 0, 0.3303249, 0, 21.82667
C:\Users\Owner\Downloads\simulator-windows-64\dataTrack1\IMG\center_2024_11_20_20_24_20_095.jpg, C:\Users\Owner\Downloads\simulator-windows-64\dataTrack1\IMG\left_2024_11_20_20_24_20_095.jpg, C:\Users\Owner\Downloads\simulator-windows-64\dataTrack1\IMG\right_2024_11_20_20_24_20_095.jpg, 0, 0, 0, 21.70786
C:\Users\Owner\Downloads\simulator-windows-64\dataTrack1\IMG\center_2024_11_20_20_24_20_203.jpg, C:\Users\Owner\Downloads\simulator-windows-64\dataTrack1\IMG\left_2024_11_20_20_24_20_203.jpg, C:\Users\Owner\Downloads\simulator-windows-64\dataTrack1\IMG\right_2024_11_20_20_24_20_203.jpg, 0, 0, 0, 21.36791
C:\Users\Owner\Downloads\simulator-windows-64\dataTrack1\IMG\center_2024_11_20_20_24_20_312.jpg, C:\Users\Owner\Downloads\simulator-windows-64\dataTrack1\IMG\left_2024_11_20_20_24_20_312.jpg, C:\Users\Owner\Downloads\simulator-windows-64\dataTrack1\IMG\right_2024_11_20_20_24_20_312.jpg, -0.055965, 0, 0, 21.40389
C:\Users\Owner\Downloads\simulator-windows-64\dataTrack1\IMG\center_2024_11_20_20_24_20_413.jpg, C:\Users\Owner\Downloads\simulator-windows-64\dataTrack1\IMG\left_2024_11_20_20_24_20_413.jpg, C:\Users\Owner\Downloads\simulator-windows-64\dataTrack1\IMG\right_2024_11_20_20_24_20_413.jpg, -0.1522371, 0, 0, 20.86016
C:\Users\Owner\Downloads\simulator-windows-64\dataTrack1\IMG\center_2024_11_20_20_24_20_527.jpg, C:\Users\Owner\Downloads\simulator-windows-64\dataTrack1\IMG\left_2024_11_20_20_24_20_527.jpg, C:\Users\Owner\Downloads\simulator-windows-64\dataTrack1\IMG\right_2024_11_20_20_24_20_527.jpg, 0, 0.3450708, 0, 20.90934
C:\Users\Owner\Downloads\simulator-windows-64\dataTrack1\IMG\center_2024_11_20_20_24_20_637.jpg, C:\Users\Owner\Downloads\simulator-windows-64\dataTrack1\IMG\left_2024_11_20_20_24_20_637.jpg, C:\Users\Owner\Downloads\simulator-windows-64\dataTrack1\IMG\right_2024_11_20_20_24_20_637.jpg, 0, 0.2740171, 0, 21.42902
C:\Users\Owner\Downloads\simulator-windows-64\dataTrack1\IMG\center_2024_11_20_20_24_20_746.jpg, C:\Users\Owner\Downloads\simulator-windows-64\dataTrack1\IMG\left_2024_11_20_20_24_20_746.jpg, C:\Users\Owner\Downloads\simulator-windows-64\dataTrack1\IMG\right_2024_11_20_20_24_20_746.jpg, 0, 0.2567596, 0, 21.43066
C:\Users\Owner\Downloads\simulator-windows-64\dataTrack1\IMG\center_2024_11_20_20_24_20_854.jpg, C:\Users\Owner\Downloads\simulator-windows-64\dataTrack1\IMG\left_2024_11_20_20_24_20_854.jpg, C:\Users\Owner\Downloads\simulator-windows-64\dataTrack1\IMG\right_2024_11_20_20_24_20_854.jpg, 0, 0.2776588, 0, 21.41815
C:\Users\Owner\Downloads\simulator-windows-64\dataTrack1\IMG\center_2024_11_20_20_24_20_955.jpg, C:\Users\Owner\Downloads\simulator-windows-64\dataTrack1\IMG\left_2024_11_20_20_24_20_955.jpg, C:\Users\Owner\Downloads\simulator-windows-64\dataTrack1\IMG\right_2024_11_20_20_24_20_955.jpg, -0.1551933, 0, 0, 21.57917
C:\Users\Owner\Downloads\simulator-windows-64\dataTrack1\IMG\center_2024_11_20_20_24_21_058.jpg, C:\Users\Owner\Downloads\simulator-windows-64\dataTrack1\IMG\left_2024_11_20_20_24_21_058.jpg, C:\Users\Owner\Downloads\simulator-windows-64\dataTrack1\IMG\right_2024_11_20_20_24_21_058.jpg, -0.2536503, 0, 0, 20.99671
C:\Users\Owner\Downloads\simulator-windows-64\dataTrack1\IMG\center_2024_11_20_20_24_21_160.jpg, C:\Users\Owner\Downloads\simulator-windows-64\dataTrack1\IMG\left_2024_11_20_20_24_21_160.jpg, C:\Users\Owner\Downloads\simulator-windows-64\dataTrack1\IMG\right_2024_11_20_20_24_21_160.jpg, 0, 0.1223322, 0, 21.10876
C:\Users\Owner\Downloads\simulator-windows-64\dataTrack1\IMG\center_2024_11_20_20_24_21_262.jpg, C:\Users\Owner\Downloads\simulator-windows-64\dataTrack1\IMG\left_2024_11_20_20_24_21_262.jpg, C:\Users\Owner\Downloads\simulator-windows-64\dataTrack1\IMG\right_2024_11_20_20_24_21_262.jpg, 0, 0.1779309, 0, 21.21634
C:\Users\Owner\Downloads\simulator-windows-64\dataTrack1\IMG\center_2024_11_20_20_24_21_370.jpg, C:\Users\Owner\Downloads\simulator-windows-64\dataTrack1\IMG\left_2024_11_20_20_24_21_370.jpg, C:\Users\Owner\Downloads\simulator-windows-64\dataTrack1\IMG\right_2024_11_20_20_24_21_370.jpg, 0, 0.1069716, 0, 20.79098
C:\Users\Owner\Downloads\simulator-windows-64\dataTrack1\IMG\center_2024_11_20_20_24_21_479.jpg, C:\Users\Owner\Downloads\simulator-windows-64\dataTrack1\IMG\left_2024_11_20_20_24_21_479.jpg, C:\Users\Owner\Downloads\simulator-windows-64\dataTrack1\IMG\right_2024_11_20_20_24_21_479.jpg, 0, 0.2255508, 0, 21.15439
C:\Users\Owner\Downloads\simulator-windows-64\dataTrack1\IMG\center_2024_11_20_20_24_21_585.jpg, C:\Users\Owner\Downloads\simulator-windows-64\dataTrack1\IMG\left_2024_11_20_20_24_21_585.jpg, C:\Users\Owner\Downloads\simulator-windows-64\dataTrack1\IMG\right_2024_11_20_20_24_21_585.jpg, 0, 0.1185774, 0, 21.02684
C:\Users\Owner\Downloads\simulator-windows-64\dataTrack1\IMG\center_2024_11_20_20_24_21_688.jpg, C:\Users\Owner\Downloads\simulator-windows-64\dataTrack1\IMG\left_2024_11_20_20_24_21_688.jpg, C:\Users\Owner\Downloads\simulator-windows-64\dataTrack1\IMG\right_2024_11_20_20_24_21_688.jpg, 0, 0.1203885, 0, 20.78775
C:\Users\Owner\Downloads\simulator-windows-64\dataTrack1\IMG\center_2024_11_20_20_24_21_793.jpg, C:\Users\Owner\Downloads\simulator-windows-64\dataTrack1\IMG\left_2024_11_20_20_24_21_793.jpg, C:\Users\Owner\Downloads\simulator-windows-64\dataTrack1\IMG\right_2024_11_20_20_24_21_793.jpg, 0, 0.154644, 0, 20.92384
C:\Users\Owner\Downloads\simulator-windows-64\dataTrack1\IMG\center_2024_11_20_20_24_21_908.jpg, C:\Users\Owner\Downloads\simulator-windows-64\dataTrack1\IMG\left_2024_11_20_20_24_21_908.jpg, C:\Users\Owner\Downloads\simulator-windows-64\dataTrack1\IMG\right_2024_11_20_20_24_21_908.jpg, 0, 0.1883553, 0, 21.07951
C:\Users\Owner\Downloads\simulator-windows-64\dataTrack1\IMG\center_2024_11_20_20_24_22_016.jpg, C:\Users\Owner\Downloads\simulator-windows-64\dataTrack1\IMG\left_2024_11_20_20_24_22_016.jpg, C:\Users\Owner\Downloads\simulator-windows-64\dataTrack1\IMG\right_2024_11_20_20_24_22_016.jpg, 0, 0.1708224, 0, 20.71025
C:\Users\Owner\Downloads\simulator-windows-64\dataTrack1\IMG\center_2024_11_20_20_24_22_121.jpg, C:\Users\Owner\Downloads\simulator-windows-64\dataTrack1\IMG\left_2024_11_20_20_24_22_121.jpg, C:\Users\Owner\Downloads\simulator-windows-64\dataTrack1\IMG\right_2024_11_20_20_24_22_121.jpg, 0, 0.2205681, 0, 21.08471
C:\Users\Owner\Downloads\simulator-windows-64\dataTrack1\IMG\center_2024_11_20_20_24_22_225.jpg, C:\Users\Owner\Downloads\simulator-windows-64\dataTrack1\IMG\left_2024_11_20_20_24_22_225.jpg, C:\Users\Owner\Downloads\simulator-windows-64\dataTrack1\IMG\right_2024_11_20_20_24_22_225.jpg, 0, 0.1802403, 0, 20.97888
C:\Users\Owner\Downloads\simulator-windows-64\dataTrack1\IMG\center_2024_11_20_20_24_22_327.jpg, C:\Users\Owner\Downloads\simulator-windows-64\dataTrack1\IMG\left_2024_11_20_20_24_22_327.jpg, C:\Users\Owner\Downloads\simulator-windows-64\dataTrack1\IMG\right_2024_11_20_20_24_22_327.jpg, 0, 0.08237849, 0, 20.73552
C:\Users\Owner\Downloads\simulator-windows-64\dataTrack1\IMG\center_2024_11_20_20_24_22_435.jpg, C:\Users\Owner\Downloads\simulator-windows-64\dataTrack1\IMG\left_2024_11_20_20_24_22_435.jpg, C:\Users\Owner\Downloads\simulator-windows-64\dataTrack1\IMG\right_2024_11_20_20_24_22_435.jpg, 0, 0.2106609, 0, 20.88006
C:\Users\Owner\Downloads\simulator-windows-64\dataTrack1\IMG\center_2024_11_20_20_24_22_539.jpg, C:\Users\Owner\Downloads\simulator-windows-64\dataTrack1\IMG\left_2024_11_20_20_24_22_539.jpg, C:\Users\Owner\Downloads\simulator-windows-64\dataTrack1\IMG\right_2024_11_20_20_24_22_539.jpg, 0, 0.2111574, 0, 20.78299
C:\Users\Owner\Downloads\simulator-windows-64\dataTrack1\IMG\center_2024_11_20_20_24_22_643.jpg, C:\Users\Owner\Downloads\simulator-windows-64\dataTrack1\IMG\left_2024_11_20_20_24_22_643.jpg, C:\Users\Owner\Downloads\simulator-windows-64\dataTrack1\IMG\right_2024_11_20_20_24_22_643.jpg, 0, 0.1053513, 0, 20.61916
C:\Users\Owner\Downloads\simulator-windows-64\dataTrack1\IMG\center_2024_11_20_20_24_22_745.jpg, C:\Users\Owner\Downloads\simulator-windows-64\dataTrack1\IMG\left_2024_11_20_20_24_22_745.jpg, C:\Users\Owner\Downloads\simulator-windows-64\dataTrack1\IMG\right_2024_11_20_20_24_22_745.jpg, 0, 0.3102765, 0, 21.01557
C:\Users\Owner\Downloads\simulator-windows-64\dataTrack1\IMG\center_2024_11_20_20_24_22_851.jpg, C:\Users\Owner\Downloads\simulator-windows-64\dataTrack1\IMG\left_2024_11_20_20_24_22_851.jpg, C:\Users\Owner\Downloads\simulator-windows-64\dataTrack1\IMG\right_2024_11_20_20_24_22_851.jpg, 0, 0, 0, 20.69617
C:\Users\Owner\Downloads\simulator-windows-64\dataTrack1\IMG\center_2024_11_20_20_24_22_955.jpg, C:\Users\Owner\Downloads\simulator-windows-64\dataTrack1\IMG\left_2024_11_20_20_24_22_955.jpg, C:\Users\Owner\Downloads\simulator-windows-64\dataTrack1\IMG\right_2024_11_20_20_24_22_955.jpg, 0, 0, 0, 20.78423
C:\Users\Owner\Downloads\simulator-windows-64\dataTrack1\IMG\center_2024_11_20_20_24_23_058.jpg, C:\Users\Owner\Downloads\simulator-windows-64\dataTrack1\IMG\left_2024_11_20_20_24_23_058.jpg, C:\Users\Owner\Downloads\simulator-windows-64\dataTrack1\IMG\right_2024_11_20_20_24_23_058.jpg, 0, 0.3085389, 0, 20.43267
C:\Users\Owner\Downloads\simulator-windows-64\dataTrack1\IMG\center_2024_11_20_20_24_23_162.jpg, C:\Users\Owner\Downloads\simulator-windows-64\dataTrack1\IMG\left_2024_11_20_20_24_23_162.jpg, C:\Users\Owner\Downloads\simulator-windows-64\dataTrack1\IMG\right_2024_11_20_20_24_23_162.jpg, 0, 0.6227664, 0, 20.92732
C:\Users\Owner\Downloads\simulator-windows-64\dataTrack1\IMG\center_2024_11_20_20_24_23_263.jpg, C:\Users\Owner\Downloads\simulator-windows-64\dataTrack1\IMG\left_2024_11_20_20_24_23_263.jpg, C:\Users\Owner\Downloads\simulator-windows-64\dataTrack1\IMG\right_2024_11_20_20_24_23_263.jpg, 0, 0.3200343, 0, 21.46873
C:\Users\Owner\Downloads\simulator-windows-64\dataTrack1\IMG\center_2024_11_20_20_24_23_369.jpg, C:\Users\Owner\Downloads\simulator-windows-64\dataTrack1\IMG\left_2024_11_20_20_24_23_369.jpg, C:\Users\Owner\Downloads\simulator-windows-64\dataTrack1\IMG\right_2024_11_20_20_24_23_369.jpg, 0.3197253, 0.0003090203, 0, 21.14627
C:\Users\Owner\Downloads\simulator-windows-64\dataTrack1\IMG\center_2024_11_20_20_24_23_474.jpg, C:\Users\Owner\Downloads\simulator-windows-64\dataTrack1\IMG\left_2024_11_20_20_24_23_474.jpg, C:\Users\Owner\Downloads\simulator-windows-64\dataTrack1\IMG\right_2024_11_20_20_24_23_474.jpg, 0.008462422, 0.2199477, 0, 21.26371
C:\Users\Owner\Downloads\simulator-windows-64\dataTrack1\IMG\center_2024_11_20_20_24_23_579.jpg, C:\Users\Owner\Downloads\simulator-windows-64\dataTrack1\IMG\left_2024_11_20_20_24_23_579.jpg, C:\Users\Owner\Downloads\simulator-windows-64\dataTrack1\IMG\right_2024_11_20_20_24_23_579.jpg, 0, 0.1166388, 0, 21.11758
C:\Users\Owner\Downloads\simulator-windows-64\dataTrack1\IMG\center_2024_11_20_20_24_23_679.jpg, C:\Users\Owner\Downloads\simulator-windows-64\dataTrack1\IMG\left_2024_11_20_20_24_23_679.jpg, C:\Users\Owner\Downloads\simulator-windows-64\dataTrack1\IMG\right_2024_11_20_20_24_23_679.jpg, 0, 0, 0, 21.19498
C:\Users\Owner\Downloads\simulator-windows-64\dataTrack1\IMG\center_2024_11_20_20_24_23_785.jpg, C:\Users\Owner\Downloads\simulator-windows-64\dataTrack1\IMG\left_2024_11_20_20_24_23_785.jpg, C:\Users\Owner\Downloads\simulator-windows-64\dataTrack1\IMG\right_2024_11_20_20_24_23_785.jpg, 0, 0.2240142, 0, 21.03448
C:\Users\Owner\Downloads\simulator-windows-64\dataTrack1\IMG\center_2024_11_20_20_24_23_890.jpg, C:\Users\Owner\Downloads\simulator-windows-64\dataTrack1\IMG\left_2024_11_20_20_24_23_890.jpg, C:\Users\Owner\Downloads\simulator-windows-64\dataTrack1\IMG\right_2024_11_20_20_24_23_890.jpg, 0, 0.1188597, 0, 20.84473
C:\Users\Owner\Downloads\simulator-windows-64\dataTrack1\IMG\center_2024_11_20_20_24_23_995.jpg, C:\Users\Owner\Downloads\simulator-windows-64\dataTrack1\IMG\left_2024_11_20_20_24_23_995.jpg, C:\Users\Owner\Downloads\simulator-windows-64\dataTrack1\IMG\right_2024_11_20_20_24_23_995.jpg, 0, 0.0580308, 0, 20.93881
C:\Users\Owner\Downloads\simulator-windows-64\dataTrack1\IMG\center_2024_11_20_20_24_24_095.jpg, C:\Users\Owner\Downloads\simulator-windows-64\dataTrack1\IMG\left_2024_11_20_20_24_24_095.jpg, C:\Users\Owner\Downloads\simulator-windows-64\dataTrack1\IMG\right_2024_11_20_20_24_24_095.jpg, 0, 0.3584427, 0, 20.67791
C:\Users\Owner\Downloads\simulator-windows-64\dataTrack1\IMG\center_2024_11_20_20_24_24_198.jpg, C:\Users\Owner\Downloads\simulator-windows-64\dataTrack1\IMG\left_2024_11_20_20_24_24_198.jpg, C:\Users\Owner\Downloads\simulator-windows-64\dataTrack1\IMG\right_2024_11_20_20_24_24_198.jpg, 0, 0.04831292, 0, 21.02609
C:\Users\Owner\Downloads\simulator-windows-64\dataTrack1\IMG\center_2024_11_20_20_24_24_304.jpg, C:\Users\Owner\Downloads\simulator-windows-64\dataTrack1\IMG\left_2024_11_20_20_24_24_304.jpg, C:\Users\Owner\Downloads\simulator-windows-64\dataTrack1\IMG\right_2024_11_20_20_24_24_304.jpg, 0, 0.1578567, 0, 20.82712
C:\Users\Owner\Downloads\simulator-windows-64\dataTrack1\IMG\center_2024_11_20_20_24_24_406.jpg, C:\Users\Owner\Downloads\simulator-windows-64\dataTrack1\IMG\left_2024_11_20_20_24_24_406.jpg, C:\Users\Owner\Downloads\simulator-windows-64\dataTrack1\IMG\right_2024_11_20_20_24_24_406.jpg, 0, 0.4652907, 0, 20.76232
C:\Users\Owner\Downloads\simulator-windows-64\dataTrack1\IMG\center_2024_11_20_20_24_24_509.jpg, C:\Users\Owner\Downloads\simulator-windows-64\dataTrack1\IMG\left_2024_11_20_20_24_24_509.jpg, C:\Users\Owner\Downloads\simulator-windows-64\dataTrack1\IMG\right_2024_11_20_20_24_24_509.jpg, 0, 0.462111, 0, 21.42751
C:\Users\Owner\Downloads\simulator-windows-64\dataTrack1\IMG\center_2024_11_20_20_24_24_612.jpg, C:\Users\Owner\Downloads\simulator-windows-64\dataTrack1\IMG\left_2024_11_20_20_24_24_612.jpg, C:\Users\Owner\Downloads\simulator-windows-64\dataTrack1\IMG\right_2024_11_20_20_24_24_612.jpg, 0.1025526, 0.1529208, 0, 21.38766
C:\Users\Owner\Downloads\simulator-windows-64\dataTrack1\IMG\center_2024_11_20_20_24_24_720.jpg, C:\Users\Owner\Downloads\simulator-windows-64\dataTrack1\IMG\left_2024_11_20_20_24_24_720.jpg, C:\Users\Owner\Downloads\simulator-windows-64\dataTrack1\IMG\right_2024_11_20_20_24_24_720.jpg, 0.4254837, 0.1124445, 0, 21.34243
C:\Users\Owner\Downloads\simulator-windows-64\dataTrack1\IMG\center_2024_11_20_20_24_24_822.jpg, C:\Users\Owner\Downloads\simulator-windows-64\dataTrack1\IMG\left_2024_11_20_20_24_24_822.jpg, C:\Users\Owner\Downloads\simulator-windows-64\dataTrack1\IMG\right_2024_11_20_20_24_24_822.jpg, 0.2881984, 0.3158007, 0, 21.3718
C:\Users\Owner\Downloads\simulator-windows-64\dataTrack1\IMG\center_2024_11_20_20_24_24_926.jpg, C:\Users\Owner\Downloads\simulator-windows-64\dataTrack1\IMG\left_2024_11_20_20_24_24_926.jpg, C:\Users\Owner\Downloads\simulator-windows-64\dataTrack1\IMG\right_2024_11_20_20_24_24_926.jpg, 0, 0.002489373, 0, 21.07706
C:\Users\Owner\Downloads\simulator-windows-64\dataTrack1\IMG\center_2024_11_20_20_24_25_032.jpg, C:\Users\Owner\Downloads\simulator-windows-64\dataTrack1\IMG\left_2024_11_20_20_24_25_032.jpg, C:\Users\Owner\Downloads\simulator-windows-64\dataTrack1\IMG\right_2024_11_20_20_24_25_032.jpg, 0, 0, 0, 21.12571
C:\Users\Owner\Downloads\simulator-windows-64\dataTrack1\IMG\center_2024_11_20_20_24_25_137.jpg, C:\Users\Owner\Downloads\simulator-windows-64\dataTrack1\IMG\left_2024_11_20_20_24_25_137.jpg, C:\Users\Owner\Downloads\simulator-windows-64\dataTrack1\IMG\right_2024_11_20_20_24_25_137.jpg, 0, 0, 0, 20.6094
C:\Users\Owner\Downloads\simulator-windows-64\dataTrack1\IMG\center_2024_11_20_20_24_25_241.jpg, C:\Users\Owner\Downloads\simulator-windows-64\dataTrack1\IMG\left_2024_11_20_20_24_25_241.jpg, C:\Users\Owner\Downloads\simulator-windows-64\dataTrack1\IMG\right_2024_11_20_20_24_25_241.jpg, 0, 0, 0, 20.71249
C:\Users\Owner\Downloads\simulator-windows-64\dataTrack1\IMG\center_2024_11_20_20_24_25_343.jpg, C:\Users\Owner\Downloads\simulator-windows-64\dataTrack1\IMG\left_2024_11_20_20_24_25_343.jpg, C:\Users\Owner\Downloads\simulator-windows-64\dataTrack1\IMG\right_2024_11_20_20_24_25_343.jpg, 0, 0.3061089, 0, 20.67224
C:\Users\Owner\Downloads\simulator-windows-64\dataTrack1\IMG\center_2024_11_20_20_24_25_447.jpg, C:\Users\Owner\Downloads\simulator-windows-64\dataTrack1\IMG\left_2024_11_20_20_24_25_447.jpg, C:\Users\Owner\Downloads\simulator-windows-64\dataTrack1\IMG\right_2024_11_20_20_24_25_447.jpg, 0, 0, 0, 20.34356
C:\Users\Owner\Downloads\simulator-windows-64\dataTrack1\IMG\center_2024_11_20_20_24_25_551.jpg, C:\Users\Owner\Downloads\simulator-windows-64\dataTrack1\IMG\left_2024_11_20_20_24_25_551.jpg, C:\Users\Owner\Downloads\simulator-windows-64\dataTrack1\IMG\right_2024_11_20_20_24_25_551.jpg, 0, 0, 0, 20.44616
C:\Users\Owner\Downloads\simulator-windows-64\dataTrack1\IMG\center_2024_11_20_20_24_25_655.jpg, C:\Users\Owner\Downloads\simulator-windows-64\dataTrack1\IMG\left_2024_11_20_20_24_25_655.jpg, C:\Users\Owner\Downloads\simulator-windows-64\dataTrack1\IMG\right_2024_11_20_20_24_25_655.jpg, 0, 0.2258223, 0, 20.0173
C:\Users\Owner\Downloads\simulator-windows-64\dataTrack1\IMG\center_2024_11_20_20_24_25_759.jpg, C:\Users\Owner\Downloads\simulator-windows-64\dataTrack1\IMG\left_2024_11_20_20_24_25_759.jpg, C:\Users\Owner\Downloads\simulator-windows-64\dataTrack1\IMG\right_2024_11_20_20_24_25_759.jpg, 0, 0.3269961, 0, 20.52412
C:\Users\Owner\Downloads\simulator-windows-64\dataTrack1\IMG\center_2024_11_20_20_24_25_864.jpg, C:\Users\Owner\Downloads\simulator-windows-64\dataTrack1\IMG\left_2024_11_20_20_24_25_864.jpg, C:\Users\Owner\Downloads\simulator-windows-64\dataTrack1\IMG\right_2024_11_20_20_24_25_864.jpg, 0, 0.01203809, 0, 20.54001
C:\Users\Owner\Downloads\simulator-windows-64\dataTrack1\IMG\center_2024_11_20_20_24_25_964.jpg, C:\Users\Owner\Downloads\simulator-windows-64\dataTrack1\IMG\left_2024_11_20_20_24_25_964.jpg, C:\Users\Owner\Downloads\simulator-windows-64\dataTrack1\IMG\right_2024_11_20_20_24_25_964.jpg, 0, 0, 0, 20.01528
C:\Users\Owner\Downloads\simulator-windows-64\dataTrack1\IMG\center_2024_11_20_20_24_26_069.jpg, C:\Users\Owner\Downloads\simulator-windows-64\dataTrack1\IMG\left_2024_11_20_20_24_26_069.jpg, C:\Users\Owner\Downloads\simulator-windows-64\dataTrack1\IMG\right_2024_11_20_20_24_26_069.jpg, 0, 0.2216388, 0, 20.23891
C:\Users\Owner\Downloads\simulator-windows-64\dataTrack1\IMG\center_2024_11_20_20_24_26_175.jpg, C:\Users\Owner\Downloads\simulator-windows-64\dataTrack1\IMG\left_2024_11_20_20_24_26_175.jpg, C:\Users\Owner\Downloads\simulator-windows-64\dataTrack1\IMG\right_2024_11_20_20_24_26_175.jpg, 0, 0.3243057, 0, 20.18464
C:\Users\Owner\Downloads\simulator-windows-64\dataTrack1\IMG\center_2024_11_20_20_24_26_277.jpg, C:\Users\Owner\Downloads\simulator-windows-64\dataTrack1\IMG\left_2024_11_20_20_24_26_277.jpg, C:\Users\Owner\Downloads\simulator-windows-64\dataTrack1\IMG\right_2024_11_20_20_24_26_277.jpg, 0.1045779, 0.017466, 0, 20.49095
C:\Users\Owner\Downloads\simulator-windows-64\dataTrack1\IMG\center_2024_11_20_20_24_26_379.jpg, C:\Users\Owner\Downloads\simulator-windows-64\dataTrack1\IMG\left_2024_11_20_20_24_26_379.jpg, C:\Users\Owner\Downloads\simulator-windows-64\dataTrack1\IMG\right_2024_11_20_20_24_26_379.jpg, 0.4103445, 0, 0, 19.91371
C:\Users\Owner\Downloads\simulator-windows-64\dataTrack1\IMG\center_2024_11_20_20_24_26_482.jpg, C:\Users\Owner\Downloads\simulator-windows-64\dataTrack1\IMG\left_2024_11_20_20_24_26_482.jpg, C:\Users\Owner\Downloads\simulator-windows-64\dataTrack1\IMG\right_2024_11_20_20_24_26_482.jpg, 0.7217472, 0, 0, 19.43976
C:\Users\Owner\Downloads\simulator-windows-64\dataTrack1\IMG\center_2024_11_20_20_24_26_588.jpg, C:\Users\Owner\Downloads\simulator-windows-64\dataTrack1\IMG\left_2024_11_20_20_24_26_588.jpg, C:\Users\Owner\Downloads\simulator-windows-64\dataTrack1\IMG\right_2024_11_20_20_24_26_588.jpg, 0.6205974, 0, 0, 19.38462
C:\Users\Owner\Downloads\simulator-windows-64\dataTrack1\IMG\center_2024_11_20_20_24_26_691.jpg, C:\Users\Owner\Downloads\simulator-windows-64\dataTrack1\IMG\left_2024_11_20_20_24_26_691.jpg, C:\Users\Owner\Downloads\simulator-windows-64\dataTrack1\IMG\right_2024_11_20_20_24_26_691.jpg, 0.3114483, 0, 0, 18.83587
C:\Users\Owner\Downloads\simulator-windows-64\dataTrack1\IMG\center_2024_11_20_20_24_26_794.jpg, C:\Users\Owner\Downloads\simulator-windows-64\dataTrack1\IMG\left_2024_11_20_20_24_26_794.jpg, C:\Users\Owner\Downloads\simulator-windows-64\dataTrack1\IMG\right_2024_11_20_20_24_26_794.jpg, 0, 0, 0, 19.03025
C:\Users\Owner\Downloads\simulator-windows-64\dataTrack1\IMG\center_2024_11_20_20_24_26_897.jpg, C:\Users\Owner\Downloads\simulator-windows-64\dataTrack1\IMG\left_2024_11_20_20_24_26_897.jpg, C:\Users\Owner\Downloads\simulator-windows-64\dataTrack1\IMG\right_2024_11_20_20_24_26_897.jpg, 0, 0, 0, 18.40305
C:\Users\Owner\Downloads\simulator-windows-64\dataTrack1\IMG\center_2024_11_20_20_24_27_003.jpg, C:\Users\Owner\Downloads\simulator-windows-64\dataTrack1\IMG\left_2024_11_20_20_24_27_003.jpg, C:\Users\Owner\Downloads\simulator-windows-64\dataTrack1\IMG\right_2024_11_20_20_24_27_003.jpg, 0, 0.1003992, 0, 18.17558
C:\Users\Owner\Downloads\simulator-windows-64\dataTrack1\IMG\center_2024_11_20_20_24_27_108.jpg, C:\Users\Owner\Downloads\simulator-windows-64\dataTrack1\IMG\left_2024_11_20_20_24_27_108.jpg, C:\Users\Owner\Downloads\simulator-windows-64\dataTrack1\IMG\right_2024_11_20_20_24_27_108.jpg, 0, 0.003431387, 0, 18.60341
C:\Users\Owner\Downloads\simulator-windows-64\dataTrack1\IMG\center_2024_11_20_20_24_27_211.jpg, C:\Users\Owner\Downloads\simulator-windows-64\dataTrack1\IMG\left_2024_11_20_20_24_27_211.jpg, C:\Users\Owner\Downloads\simulator-windows-64\dataTrack1\IMG\right_2024_11_20_20_24_27_211.jpg, 0, 0.0480213, 0, 17.9261
C:\Users\Owner\Downloads\simulator-windows-64\dataTrack1\IMG\center_2024_11_20_20_24_27_313.jpg, C:\Users\Owner\Downloads\simulator-windows-64\dataTrack1\IMG\left_2024_11_20_20_24_27_313.jpg, C:\Users\Owner\Downloads\simulator-windows-64\dataTrack1\IMG\right_2024_11_20_20_24_27_313.jpg, 0, 0.1492149, 0, 18.42494
C:\Users\Owner\Downloads\simulator-windows-64\dataTrack1\IMG\center_2024_11_20_20_24_27_417.jpg, C:\Users\Owner\Downloads\simulator-windows-64\dataTrack1\IMG\left_2024_11_20_20_24_27_417.jpg, C:\Users\Owner\Downloads\simulator-windows-64\dataTrack1\IMG\right_2024_11_20_20_24_27_417.jpg, 0, 0, 0, 17.8146
C:\Users\Owner\Downloads\simulator-windows-64\dataTrack1\IMG\center_2024_11_20_20_24_27_521.jpg, C:\Users\Owner\Downloads\simulator-windows-64\dataTrack1\IMG\left_2024_11_20_20_24_27_521.jpg, C:\Users\Owner\Downloads\simulator-windows-64\dataTrack1\IMG\right_2024_11_20_20_24_27_521.jpg, 0, 0.2582874, 0, 18.25811
C:\Users\Owner\Downloads\simulator-windows-64\dataTrack1\IMG\center_2024_11_20_20_24_27_623.jpg, C:\Users\Owner\Downloads\simulator-windows-64\dataTrack1\IMG\left_2024_11_20_20_24_27_623.jpg, C:\Users\Owner\Downloads\simulator-windows-64\dataTrack1\IMG\right_2024_11_20_20_24_27_623.jpg, 0, 0.2183907, 0, 18.51641
C:\Users\Owner\Downloads\simulator-windows-64\dataTrack1\IMG\center_2024_11_20_20_24_27_729.jpg, C:\Users\Owner\Downloads\simulator-windows-64\dataTrack1\IMG\left_2024_11_20_20_24_27_729.jpg, C:\Users\Owner\Downloads\simulator-windows-64\dataTrack1\IMG\right_2024_11_20_20_24_27_729.jpg, 0.1623258, 0, 0, 17.9601
C:\Users\Owner\Downloads\simulator-windows-64\dataTrack1\IMG\center_2024_11_20_20_24_27_831.jpg, C:\Users\Owner\Downloads\simulator-windows-64\dataTrack1\IMG\left_2024_11_20_20_24_27_831.jpg, C:\Users\Owner\Downloads\simulator-windows-64\dataTrack1\IMG\right_2024_11_20_20_24_27_831.jpg, 0.3625632, 0.0527658, 0, 18.17602
C:\Users\Owner\Downloads\simulator-windows-64\dataTrack1\IMG\center_2024_11_20_20_24_27_936.jpg, C:\Users\Owner\Downloads\simulator-windows-64\dataTrack1\IMG\left_2024_11_20_20_24_27_936.jpg, C:\Users\Owner\Downloads\simulator-windows-64\dataTrack1\IMG\right_2024_11_20_20_24_27_936.jpg, 0.04813621, 0.250689, 0, 17.77787
C:\Users\Owner\Downloads\simulator-windows-64\dataTrack1\IMG\center_2024_11_20_20_24_28_039.jpg, C:\Users\Owner\Downloads\simulator-windows-64\dataTrack1\IMG\left_2024_11_20_20_24_28_039.jpg, C:\Users\Owner\Downloads\simulator-windows-64\dataTrack1\IMG\right_2024_11_20_20_24_28_039.jpg, 0, 0, 0, 18.18076
C:\Users\Owner\Downloads\simulator-windows-64\dataTrack1\IMG\center_2024_11_20_20_24_28_143.jpg, C:\Users\Owner\Downloads\simulator-windows-64\dataTrack1\IMG\left_2024_11_20_20_24_28_143.jpg, C:\Users\Owner\Downloads\simulator-windows-64\dataTrack1\IMG\right_2024_11_20_20_24_28_143.jpg, 0.1054053, 0, 0, 17.9679
C:\Users\Owner\Downloads\simulator-windows-64\dataTrack1\IMG\center_2024_11_20_20_24_28_247.jpg, C:\Users\Owner\Downloads\simulator-windows-64\dataTrack1\IMG\left_2024_11_20_20_24_28_247.jpg, C:\Users\Owner\Downloads\simulator-windows-64\dataTrack1\IMG\right_2024_11_20_20_24_28_247.jpg, 0.3098637, 0, 0, 17.21029
C:\Users\Owner\Downloads\simulator-windows-64\dataTrack1\IMG\center_2024_11_20_20_24_28_350.jpg, C:\Users\Owner\Downloads\simulator-windows-64\dataTrack1\IMG\left_2024_11_20_20_24_28_350.jpg, C:\Users\Owner\Downloads\simulator-windows-64\dataTrack1\IMG\right_2024_11_20_20_24_28_350.jpg, 0.1080948, 0, 0, 17.55816
C:\Users\Owner\Downloads\simulator-windows-64\dataTrack1\IMG\center_2024_11_20_20_24_28_456.jpg, C:\Users\Owner\Downloads\simulator-windows-64\dataTrack1\IMG\left_2024_11_20_20_24_28_456.jpg, C:\Users\Owner\Downloads\simulator-windows-64\dataTrack1\IMG\right_2024_11_20_20_24_28_456.jpg, 0.4224996, 0, 0, 16.8296
C:\Users\Owner\Downloads\simulator-windows-64\dataTrack1\IMG\center_2024_11_20_20_24_28_558.jpg, C:\Users\Owner\Downloads\simulator-windows-64\dataTrack1\IMG\left_2024_11_20_20_24_28_558.jpg, C:\Users\Owner\Downloads\simulator-windows-64\dataTrack1\IMG\right_2024_11_20_20_24_28_558.jpg, 0.7312834, 0, 0, 16.96576
C:\Users\Owner\Downloads\simulator-windows-64\dataTrack1\IMG\center_2024_11_20_20_24_28_662.jpg, C:\Users\Owner\Downloads\simulator-windows-64\dataTrack1\IMG\left_2024_11_20_20_24_28_662.jpg, C:\Users\Owner\Downloads\simulator-windows-64\dataTrack1\IMG\right_2024_11_20_20_24_28_662.jpg, 0.4182385, 0, 0, 16.7622
C:\Users\Owner\Downloads\simulator-windows-64\dataTrack1\IMG\center_2024_11_20_20_24_28_764.jpg, C:\Users\Owner\Downloads\simulator-windows-64\dataTrack1\IMG\left_2024_11_20_20_24_28_764.jpg, C:\Users\Owner\Downloads\simulator-windows-64\dataTrack1\IMG\right_2024_11_20_20_24_28_764.jpg, 0.1128063, 0, 0, 16.09034
C:\Users\Owner\Downloads\simulator-windows-64\dataTrack1\IMG\center_2024_11_20_20_24_28_869.jpg, C:\Users\Owner\Downloads\simulator-windows-64\dataTrack1\IMG\left_2024_11_20_20_24_28_869.jpg, C:\Users\Owner\Downloads\simulator-windows-64\dataTrack1\IMG\right_2024_11_20_20_24_28_869.jpg, 0.4260186, 0, 0, 16.44422
C:\Users\Owner\Downloads\simulator-windows-64\dataTrack1\IMG\center_2024_11_20_20_24_28_974.jpg, C:\Users\Owner\Downloads\simulator-windows-64\dataTrack1\IMG\left_2024_11_20_20_24_28_974.jpg, C:\Users\Owner\Downloads\simulator-windows-64\dataTrack1\IMG\right_2024_11_20_20_24_28_974.jpg, 0.1100118, 0, 0, 15.75929
C:\Users\Owner\Downloads\simulator-windows-64\dataTrack1\IMG\center_2024_11_20_20_24_29_078.jpg, C:\Users\Owner\Downloads\simulator-windows-64\dataTrack1\IMG\left_2024_11_20_20_24_29_078.jpg, C:\Users\Owner\Downloads\simulator-windows-64\dataTrack1\IMG\right_2024_11_20_20_24_29_078.jpg, 0, 0, 0, 16.10363
C:\Users\Owner\Downloads\simulator-windows-64\dataTrack1\IMG\center_2024_11_20_20_24_29_180.jpg, C:\Users\Owner\Downloads\simulator-windows-64\dataTrack1\IMG\left_2024_11_20_20_24_29_180.jpg, C:\Users\Owner\Downloads\simulator-windows-64\dataTrack1\IMG\right_2024_11_20_20_24_29_180.jpg, 0.2575995, 0, 0, 15.40471
C:\Users\Owner\Downloads\simulator-windows-64\dataTrack1\IMG\center_2024_11_20_20_24_29_285.jpg, C:\Users\Owner\Downloads\simulator-windows-64\dataTrack1\IMG\left_2024_11_20_20_24_29_285.jpg, C:\Users\Owner\Downloads\simulator-windows-64\dataTrack1\IMG\right_2024_11_20_20_24_29_285.jpg, 0.6197205, 0, 0, 15.06651
C:\Users\Owner\Downloads\simulator-windows-64\dataTrack1\IMG\center_2024_11_20_20_24_29_391.jpg, C:\Users\Owner\Downloads\simulator-windows-64\dataTrack1\IMG\left_2024_11_20_20_24_29_391.jpg, C:\Users\Owner\Downloads\simulator-windows-64\dataTrack1\IMG\right_2024_11_20_20_24_29_391.jpg, 0.2982849, 0, 0, 15.44557
C:\Users\Owner\Downloads\simulator-windows-64\dataTrack1\IMG\center_2024_11_20_20_24_29_491.jpg, C:\Users\Owner\Downloads\simulator-windows-64\dataTrack1\IMG\left_2024_11_20_20_24_29_491.jpg, C:\Users\Owner\Downloads\simulator-windows-64\dataTrack1\IMG\right_2024_11_20_20_24_29_491.jpg, 0.392919, 0, 0, 14.77393
C:\Users\Owner\Downloads\simulator-windows-64\dataTrack1\IMG\center_2024_11_20_20_24_29_594.jpg, C:\Users\Owner\Downloads\simulator-windows-64\dataTrack1\IMG\left_2024_11_20_20_24_29_594.jpg, C:\Users\Owner\Downloads\simulator-windows-64\dataTrack1\IMG\right_2024_11_20_20_24_29_594.jpg, 0.701968, 0, 0, 15.02589
C:\Users\Owner\Downloads\simulator-windows-64\dataTrack1\IMG\center_2024_11_20_20_24_29_698.jpg, C:\Users\Owner\Downloads\simulator-windows-64\dataTrack1\IMG\left_2024_11_20_20_24_29_698.jpg, C:\Users\Owner\Downloads\simulator-windows-64\dataTrack1\IMG\right_2024_11_20_20_24_29_698.jpg, 0.6998714, 0, 0, 14.23568
C:\Users\Owner\Downloads\simulator-windows-64\dataTrack1\IMG\center_2024_11_20_20_24_29_806.jpg, C:\Users\Owner\Downloads\simulator-windows-64\dataTrack1\IMG\left_2024_11_20_20_24_29_806.jpg, C:\Users\Owner\Downloads\simulator-windows-64\dataTrack1\IMG\right_2024_11_20_20_24_29_806.jpg, 0.3762768, 0, 0, 14.04549
C:\Users\Owner\Downloads\simulator-windows-64\dataTrack1\IMG\center_2024_11_20_20_24_29_908.jpg, C:\Users\Owner\Downloads\simulator-windows-64\dataTrack1\IMG\left_2024_11_20_20_24_29_908.jpg, C:\Users\Owner\Downloads\simulator-windows-64\dataTrack1\IMG\right_2024_11_20_20_24_29_908.jpg, 0.0703719, 0.1966935, 0, 14.44836
C:\Users\Owner\Downloads\simulator-windows-64\dataTrack1\IMG\center_2024_11_20_20_24_30_013.jpg, C:\Users\Owner\Downloads\simulator-windows-64\dataTrack1\IMG\left_2024_11_20_20_24_30_013.jpg, C:\Users\Owner\Downloads\simulator-windows-64\dataTrack1\IMG\right_2024_11_20_20_24_30_013.jpg, 0, 0.0659346, 0, 14.05075
C:\Users\Owner\Downloads\simulator-windows-64\dataTrack1\IMG\center_2024_11_20_20_24_30_116.jpg, C:\Users\Owner\Downloads\simulator-windows-64\dataTrack1\IMG\left_2024_11_20_20_24_30_116.jpg, C:\Users\Owner\Downloads\simulator-windows-64\dataTrack1\IMG\right_2024_11_20_20_24_30_116.jpg, 0, 0, 0, 14.49611
C:\Users\Owner\Downloads\simulator-windows-64\dataTrack1\IMG\center_2024_11_20_20_24_30_221.jpg, C:\Users\Owner\Downloads\simulator-windows-64\dataTrack1\IMG\left_2024_11_20_20_24_30_221.jpg, C:\Users\Owner\Downloads\simulator-windows-64\dataTrack1\IMG\right_2024_11_20_20_24_30_221.jpg, 0, 0.1075623, 0, 13.82139
C:\Users\Owner\Downloads\simulator-windows-64\dataTrack1\IMG\center_2024_11_20_20_24_30_326.jpg, C:\Users\Owner\Downloads\simulator-windows-64\dataTrack1\IMG\left_2024_11_20_20_24_30_326.jpg, C:\Users\Owner\Downloads\simulator-windows-64\dataTrack1\IMG\right_2024_11_20_20_24_30_326.jpg, 0, 0.4699179, 0, 14.15766
C:\Users\Owner\Downloads\simulator-windows-64\dataTrack1\IMG\center_2024_11_20_20_24_30_427.jpg, C:\Users\Owner\Downloads\simulator-windows-64\dataTrack1\IMG\left_2024_11_20_20_24_30_427.jpg, C:\Users\Owner\Downloads\simulator-windows-64\dataTrack1\IMG\right_2024_11_20_20_24_30_427.jpg, 0.1027482, 0.7742658, 0, 15.07877
C:\Users\Owner\Downloads\simulator-windows-64\dataTrack1\IMG\center_2024_11_20_20_24_30_533.jpg, C:\Users\Owner\Downloads\simulator-windows-64\dataTrack1\IMG\left_2024_11_20_20_24_30_533.jpg, C:\Users\Owner\Downloads\simulator-windows-64\dataTrack1\IMG\right_2024_11_20_20_24_30_533.jpg, 0, 0.6509771, 0, 15.79525
C:\Users\Owner\Downloads\simulator-windows-64\dataTrack1\IMG\center_2024_11_20_20_24_30_640.jpg, C:\Users\Owner\Downloads\simulator-windows-64\dataTrack1\IMG\left_2024_11_20_20_24_30_640.jpg, C:\Users\Owner\Downloads\simulator-windows-64\dataTrack1\IMG\right_2024_11_20_20_24_30_640.jpg, 0, 0.3849533, 0, 16.34603
C:\Users\Owner\Downloads\simulator-windows-64\dataTrack1\IMG\center_2024_11_20_20_24_30_744.jpg, C:\Users\Owner\Downloads\simulator-windows-64\dataTrack1\IMG\left_2024_11_20_20_24_30_744.jpg, C:\Users\Owner\Downloads\simulator-windows-64\dataTrack1\IMG\right_2024_11_20_20_24_30_744.jpg, 0.309288, 0.01910902, 0, 16.35128
C:\Users\Owner\Downloads\simulator-windows-64\dataTrack1\IMG\center_2024_11_20_20_24_30_850.jpg, C:\Users\Owner\Downloads\simulator-windows-64\dataTrack1\IMG\left_2024_11_20_20_24_30_850.jpg, C:\Users\Owner\Downloads\simulator-windows-64\dataTrack1\IMG\right_2024_11_20_20_24_30_850.jpg, 0.1741698, 0, 0, 15.95476
C:\Users\Owner\Downloads\simulator-windows-64\dataTrack1\IMG\center_2024_11_20_20_24_30_952.jpg, C:\Users\Owner\Downloads\simulator-windows-64\dataTrack1\IMG\left_2024_11_20_20_24_30_952.jpg, C:\Users\Owner\Downloads\simulator-windows-64\dataTrack1\IMG\right_2024_11_20_20_24_30_952.jpg, 0.2754948, 0, 0, 16.00707
C:\Users\Owner\Downloads\simulator-windows-64\dataTrack1\IMG\center_2024_11_20_20_24_31_057.jpg, C:\Users\Owner\Downloads\simulator-windows-64\dataTrack1\IMG\left_2024_11_20_20_24_31_057.jpg, C:\Users\Owner\Downloads\simulator-windows-64\dataTrack1\IMG\right_2024_11_20_20_24_31_057.jpg, 0.594336, 0, 0, 15.53409
C:\Users\Owner\Downloads\simulator-windows-64\dataTrack1\IMG\center_2024_11_20_20_24_31_162.jpg, C:\Users\Owner\Downloads\simulator-windows-64\dataTrack1\IMG\left_2024_11_20_20_24_31_162.jpg, C:\Users\Owner\Downloads\simulator-windows-64\dataTrack1\IMG\right_2024_11_20_20_24_31_162.jpg, 0.2808189, 0, 0, 15.34748
C:\Users\Owner\Downloads\simulator-windows-64\dataTrack1\IMG\center_2024_11_20_20_24_31_264.jpg, C:\Users\Owner\Downloads\simulator-windows-64\dataTrack1\IMG\left_2024_11_20_20_24_31_264.jpg, C:\Users\Owner\Downloads\simulator-windows-64\dataTrack1\IMG\right_2024_11_20_20_24_31_264.jpg, 0, 0, 0, 15.40278
C:\Users\Owner\Downloads\simulator-windows-64\dataTrack1\IMG\center_2024_11_20_20_24_31_372.jpg, C:\Users\Owner\Downloads\simulator-windows-64\dataTrack1\IMG\left_2024_11_20_20_24_31_372.jpg, C:\Users\Owner\Downloads\simulator-windows-64\dataTrack1\IMG\right_2024_11_20_20_24_31_372.jpg, 0.05924521, 0, 0, 15.01972
C:\Users\Owner\Downloads\simulator-windows-64\dataTrack1\IMG\center_2024_11_20_20_24_31_474.jpg, C:\Users\Owner\Downloads\simulator-windows-64\dataTrack1\IMG\left_2024_11_20_20_24_31_474.jpg, C:\Users\Owner\Downloads\simulator-windows-64\dataTrack1\IMG\right_2024_11_20_20_24_31_474.jpg, 0.3675591, 0, 0, 15.03966
C:\Users\Owner\Downloads\simulator-windows-64\dataTrack1\IMG\center_2024_11_20_20_24_31_579.jpg, C:\Users\Owner\Downloads\simulator-windows-64\dataTrack1\IMG\left_2024_11_20_20_24_31_579.jpg, C:\Users\Owner\Downloads\simulator-windows-64\dataTrack1\IMG\right_2024_11_20_20_24_31_579.jpg, 0.05421485, 0, 0, 14.6615
C:\Users\Owner\Downloads\simulator-windows-64\dataTrack1\IMG\center_2024_11_20_20_24_31_681.jpg, C:\Users\Owner\Downloads\simulator-windows-64\dataTrack1\IMG\left_2024_11_20_20_24_31_681.jpg, C:\Users\Owner\Downloads\simulator-windows-64\dataTrack1\IMG\right_2024_11_20_20_24_31_681.jpg, 0, 0, 0, 14.72897
C:\Users\Owner\Downloads\simulator-windows-64\dataTrack1\IMG\center_2024_11_20_20_24_31_783.jpg, C:\Users\Owner\Downloads\simulator-windows-64\dataTrack1\IMG\left_2024_11_20_20_24_31_783.jpg, C:\Users\Owner\Downloads\simulator-windows-64\dataTrack1\IMG\right_2024_11_20_20_24_31_783.jpg, 0.3058194, 0, 0, 14.52646
C:\Users\Owner\Downloads\simulator-windows-64\dataTrack1\IMG\center_2024_11_20_20_24_31_890.jpg, C:\Users\Owner\Downloads\simulator-windows-64\dataTrack1\IMG\left_2024_11_20_20_24_31_890.jpg, C:\Users\Owner\Downloads\simulator-windows-64\dataTrack1\IMG\right_2024_11_20_20_24_31_890.jpg, 0.6264318, 0, 0, 14.00428
C:\Users\Owner\Downloads\simulator-windows-64\dataTrack1\IMG\center_2024_11_20_20_24_31_993.jpg, C:\Users\Owner\Downloads\simulator-windows-64\dataTrack1\IMG\left_2024_11_20_20_24_31_993.jpg, C:\Users\Owner\Downloads\simulator-windows-64\dataTrack1\IMG\right_2024_11_20_20_24_31_993.jpg, 0.5258604, 0.1546332, 0, 14.01743
C:\Users\Owner\Downloads\simulator-windows-64\dataTrack1\IMG\center_2024_11_20_20_24_32_097.jpg, C:\Users\Owner\Downloads\simulator-windows-64\dataTrack1\IMG\left_2024_11_20_20_24_32_097.jpg, C:\Users\Owner\Downloads\simulator-windows-64\dataTrack1\IMG\right_2024_11_20_20_24_32_097.jpg, 0.2157171, 0.1514307, 0, 13.93738
C:\Users\Owner\Downloads\simulator-windows-64\dataTrack1\IMG\center_2024_11_20_20_24_32_200.jpg, C:\Users\Owner\Downloads\simulator-windows-64\dataTrack1\IMG\left_2024_11_20_20_24_32_200.jpg, C:\Users\Owner\Downloads\simulator-windows-64\dataTrack1\IMG\right_2024_11_20_20_24_32_200.jpg, 0, 0, 0, 14.12749
C:\Users\Owner\Downloads\simulator-windows-64\dataTrack1\IMG\center_2024_11_20_20_24_32_309.jpg, C:\Users\Owner\Downloads\simulator-windows-64\dataTrack1\IMG\left_2024_11_20_20_24_32_309.jpg, C:\Users\Owner\Downloads\simulator-windows-64\dataTrack1\IMG\right_2024_11_20_20_24_32_309.jpg, 0, 0.3257154, 0, 14.17366
C:\Users\Owner\Downloads\simulator-windows-64\dataTrack1\IMG\center_2024_11_20_20_24_32_411.jpg, C:\Users\Owner\Downloads\simulator-windows-64\dataTrack1\IMG\left_2024_11_20_20_24_32_411.jpg, C:\Users\Owner\Downloads\simulator-windows-64\dataTrack1\IMG\right_2024_11_20_20_24_32_411.jpg, 0, 0.6323031, 0, 14.35895
C:\Users\Owner\Downloads\simulator-windows-64\dataTrack1\IMG\center_2024_11_20_20_24_32_515.jpg, C:\Users\Owner\Downloads\simulator-windows-64\dataTrack1\IMG\left_2024_11_20_20_24_32_515.jpg, C:\Users\Owner\Downloads\simulator-windows-64\dataTrack1\IMG\right_2024_11_20_20_24_32_515.jpg, 0, 0.9462174, 0, 15.39248
C:\Users\Owner\Downloads\simulator-windows-64\dataTrack1\IMG\center_2024_11_20_20_24_32_622.jpg, C:\Users\Owner\Downloads\simulator-windows-64\dataTrack1\IMG\left_2024_11_20_20_24_32_622.jpg, C:\Users\Owner\Downloads\simulator-windows-64\dataTrack1\IMG\right_2024_11_20_20_24_32_622.jpg, 0, 0.9483028, 0, 16.39668
C:\Users\Owner\Downloads\simulator-windows-64\dataTrack1\IMG\center_2024_11_20_20_24_32_726.jpg, C:\Users\Owner\Downloads\simulator-windows-64\dataTrack1\IMG\left_2024_11_20_20_24_32_726.jpg, C:\Users\Owner\Downloads\simulator-windows-64\dataTrack1\IMG\right_2024_11_20_20_24_32_726.jpg, 0, 0.5778582, 0, 17.24813
C:\Users\Owner\Downloads\simulator-windows-64\dataTrack1\IMG\center_2024_11_20_20_24_32_831.jpg, C:\Users\Owner\Downloads\simulator-windows-64\dataTrack1\IMG\left_2024_11_20_20_24_32_831.jpg, C:\Users\Owner\Downloads\simulator-windows-64\dataTrack1\IMG\right_2024_11_20_20_24_32_831.jpg, 0.1039599, 0.2622864, 0, 17.62569
C:\Users\Owner\Downloads\simulator-windows-64\dataTrack1\IMG\center_2024_11_20_20_24_32_933.jpg, C:\Users\Owner\Downloads\simulator-windows-64\dataTrack1\IMG\left_2024_11_20_20_24_32_933.jpg, C:\Users\Owner\Downloads\simulator-windows-64\dataTrack1\IMG\right_2024_11_20_20_24_32_933.jpg, 0.4117023, 0, 0, 17.43315
C:\Users\Owner\Downloads\simulator-windows-64\dataTrack1\IMG\center_2024_11_20_20_24_33_039.jpg, C:\Users\Owner\Downloads\simulator-windows-64\dataTrack1\IMG\left_2024_11_20_20_24_33_039.jpg, C:\Users\Owner\Downloads\simulator-windows-64\dataTrack1\IMG\right_2024_11_20_20_24_33_039.jpg, 0.2992122, 0.1116597, 0, 17.25566
C:\Users\Owner\Downloads\simulator-windows-64\dataTrack1\IMG\center_2024_11_20_20_24_33_145.jpg, C:\Users\Owner\Downloads\simulator-windows-64\dataTrack1\IMG\left_2024_11_20_20_24_33_145.jpg, C:\Users\Owner\Downloads\simulator-windows-64\dataTrack1\IMG\right_2024_11_20_20_24_33_145.jpg, 0, 0.2138778, 0, 17.39387
C:\Users\Owner\Downloads\simulator-windows-64\dataTrack1\IMG\center_2024_11_20_20_24_33_249.jpg, C:\Users\Owner\Downloads\simulator-windows-64\dataTrack1\IMG\left_2024_11_20_20_24_33_249.jpg, C:\Users\Owner\Downloads\simulator-windows-64\dataTrack1\IMG\right_2024_11_20_20_24_33_249.jpg, 0, 0, 0, 17.26396
C:\Users\Owner\Downloads\simulator-windows-64\dataTrack1\IMG\center_2024_11_20_20_24_33_356.jpg, C:\Users\Owner\Downloads\simulator-windows-64\dataTrack1\IMG\left_2024_11_20_20_24_33_356.jpg, C:\Users\Owner\Downloads\simulator-windows-64\dataTrack1\IMG\right_2024_11_20_20_24_33_356.jpg, 0, 0.1635003, 0, 17.11686
C:\Users\Owner\Downloads\simulator-windows-64\dataTrack1\IMG\center_2024_11_20_20_24_33_460.jpg, C:\Users\Owner\Downloads\simulator-windows-64\dataTrack1\IMG\left_2024_11_20_20_24_33_460.jpg, C:\Users\Owner\Downloads\simulator-windows-64\dataTrack1\IMG\right_2024_11_20_20_24_33_460.jpg, 0, 0.4220268, 0, 17.3189
C:\Users\Owner\Downloads\simulator-windows-64\dataTrack1\IMG\center_2024_11_20_20_24_33_564.jpg, C:\Users\Owner\Downloads\simulator-windows-64\dataTrack1\IMG\left_2024_11_20_20_24_33_564.jpg, C:\Users\Owner\Downloads\simulator-windows-64\dataTrack1\IMG\right_2024_11_20_20_24_33_564.jpg, 0, 0.7881706, 0, 18.06746
C:\Users\Owner\Downloads\simulator-windows-64\dataTrack1\IMG\center_2024_11_20_20_24_33_668.jpg, C:\Users\Owner\Downloads\simulator-windows-64\dataTrack1\IMG\left_2024_11_20_20_24_33_668.jpg, C:\Users\Owner\Downloads\simulator-windows-64\dataTrack1\IMG\right_2024_11_20_20_24_33_668.jpg, 0, 1, 0, 19.03606
C:\Users\Owner\Downloads\simulator-windows-64\dataTrack1\IMG\center_2024_11_20_20_24_33_774.jpg, C:\Users\Owner\Downloads\simulator-windows-64\dataTrack1\IMG\left_2024_11_20_20_24_33_774.jpg, C:\Users\Owner\Downloads\simulator-windows-64\dataTrack1\IMG\right_2024_11_20_20_24_33_774.jpg, 0, 1, 0, 20.05914
C:\Users\Owner\Downloads\simulator-windows-64\dataTrack1\IMG\center_2024_11_20_20_24_33_880.jpg, C:\Users\Owner\Downloads\simulator-windows-64\dataTrack1\IMG\left_2024_11_20_20_24_33_880.jpg, C:\Users\Owner\Downloads\simulator-windows-64\dataTrack1\IMG\right_2024_11_20_20_24_33_880.jpg, 0, 0.9433408, 0, 21.06659
C:\Users\Owner\Downloads\simulator-windows-64\dataTrack1\IMG\center_2024_11_20_20_24_33_982.jpg, C:\Users\Owner\Downloads\simulator-windows-64\dataTrack1\IMG\left_2024_11_20_20_24_33_982.jpg, C:\Users\Owner\Downloads\simulator-windows-64\dataTrack1\IMG\right_2024_11_20_20_24_33_982.jpg, 0, 0.6380863, 0, 21.95178
C:\Users\Owner\Downloads\simulator-windows-64\dataTrack1\IMG\center_2024_11_20_20_24_34_090.jpg, C:\Users\Owner\Downloads\simulator-windows-64\dataTrack1\IMG\left_2024_11_20_20_24_34_090.jpg, C:\Users\Owner\Downloads\simulator-windows-64\dataTrack1\IMG\right_2024_11_20_20_24_34_090.jpg, 0, 0.3141862, 0, 22.30026
C:\Users\Owner\Downloads\simulator-windows-64\dataTrack1\IMG\center_2024_11_20_20_24_34_195.jpg, C:\Users\Owner\Downloads\simulator-windows-64\dataTrack1\IMG\left_2024_11_20_20_24_34_195.jpg, C:\Users\Owner\Downloads\simulator-windows-64\dataTrack1\IMG\right_2024_11_20_20_24_34_195.jpg, 0, 0.4572402, 0, 22.44624
C:\Users\Owner\Downloads\simulator-windows-64\dataTrack1\IMG\center_2024_11_20_20_24_34_298.jpg, C:\Users\Owner\Downloads\simulator-windows-64\dataTrack1\IMG\left_2024_11_20_20_24_34_298.jpg, C:\Users\Owner\Downloads\simulator-windows-64\dataTrack1\IMG\right_2024_11_20_20_24_34_298.jpg, 0, 0.7654287, 0, 22.91698
C:\Users\Owner\Downloads\simulator-windows-64\dataTrack1\IMG\center_2024_11_20_20_24_34_400.jpg, C:\Users\Owner\Downloads\simulator-windows-64\dataTrack1\IMG\left_2024_11_20_20_24_34_400.jpg, C:\Users\Owner\Downloads\simulator-windows-64\dataTrack1\IMG\right_2024_11_20_20_24_34_400.jpg, 0, 1, 0, 23.78311
C:\Users\Owner\Downloads\simulator-windows-64\dataTrack1\IMG\center_2024_11_20_20_24_34_507.jpg, C:\Users\Owner\Downloads\simulator-windows-64\dataTrack1\IMG\left_2024_11_20_20_24_34_507.jpg, C:\Users\Owner\Downloads\simulator-windows-64\dataTrack1\IMG\right_2024_11_20_20_24_34_507.jpg, 0, 1, 0, 24.94494
C:\Users\Owner\Downloads\simulator-windows-64\dataTrack1\IMG\center_2024_11_20_20_24_34_612.jpg, C:\Users\Owner\Downloads\simulator-windows-64\dataTrack1\IMG\left_2024_11_20_20_24_34_612.jpg, C:\Users\Owner\Downloads\simulator-windows-64\dataTrack1\IMG\right_2024_11_20_20_24_34_612.jpg, 0, 0.7858639, 0, 25.80672
C:\Users\Owner\Downloads\simulator-windows-64\dataTrack1\IMG\center_2024_11_20_20_24_34_716.jpg, C:\Users\Owner\Downloads\simulator-windows-64\dataTrack1\IMG\left_2024_11_20_20_24_34_716.jpg, C:\Users\Owner\Downloads\simulator-windows-64\dataTrack1\IMG\right_2024_11_20_20_24_34_716.jpg, 0, 0.6785254, 0, 26.36283
C:\Users\Owner\Downloads\simulator-windows-64\dataTrack1\IMG\center_2024_11_20_20_24_34_817.jpg, C:\Users\Owner\Downloads\simulator-windows-64\dataTrack1\IMG\left_2024_11_20_20_24_34_817.jpg, C:\Users\Owner\Downloads\simulator-windows-64\dataTrack1\IMG\right_2024_11_20_20_24_34_817.jpg, 0, 0.981971, 0, 27.06227
C:\Users\Owner\Downloads\simulator-windows-64\dataTrack1\IMG\center_2024_11_20_20_24_34_923.jpg, C:\Users\Owner\Downloads\simulator-windows-64\dataTrack1\IMG\left_2024_11_20_20_24_34_923.jpg, C:\Users\Owner\Downloads\simulator-windows-64\dataTrack1\IMG\right_2024_11_20_20_24_34_923.jpg, 0, 1, 0, 28.1891
C:\Users\Owner\Downloads\simulator-windows-64\dataTrack1\IMG\center_2024_11_20_20_24_35_026.jpg, C:\Users\Owner\Downloads\simulator-windows-64\dataTrack1\IMG\left_2024_11_20_20_24_35_026.jpg, C:\Users\Owner\Downloads\simulator-windows-64\dataTrack1\IMG\right_2024_11_20_20_24_35_026.jpg, 0, 1, 0, 29.11401
C:\Users\Owner\Downloads\simulator-windows-64\dataTrack1\IMG\center_2024_11_20_20_24_35_132.jpg, C:\Users\Owner\Downloads\simulator-windows-64\dataTrack1\IMG\left_2024_11_20_20_24_35_132.jpg, C:\Users\Owner\Downloads\simulator-windows-64\dataTrack1\IMG\right_2024_11_20_20_24_35_132.jpg, 0, 1, 0, 30.02948
C:\Users\Owner\Downloads\simulator-windows-64\dataTrack1\IMG\center_2024_11_20_20_24_35_233.jpg, C:\Users\Owner\Downloads\simulator-windows-64\dataTrack1\IMG\left_2024_11_20_20_24_35_233.jpg, C:\Users\Owner\Downloads\simulator-windows-64\dataTrack1\IMG\right_2024_11_20_20_24_35_233.jpg, 0, 1, 0, 30.19024
C:\Users\Owner\Downloads\simulator-windows-64\dataTrack1\IMG\center_2024_11_20_20_24_35_342.jpg, C:\Users\Owner\Downloads\simulator-windows-64\dataTrack1\IMG\left_2024_11_20_20_24_35_342.jpg, C:\Users\Owner\Downloads\simulator-windows-64\dataTrack1\IMG\right_2024_11_20_20_24_35_342.jpg, 0, 1, 0, 30.19025
C:\Users\Owner\Downloads\simulator-windows-64\dataTrack1\IMG\center_2024_11_20_20_24_35_443.jpg, C:\Users\Owner\Downloads\simulator-windows-64\dataTrack1\IMG\left_2024_11_20_20_24_35_443.jpg, C:\Users\Owner\Downloads\simulator-windows-64\dataTrack1\IMG\right_2024_11_20_20_24_35_443.jpg, 0, 1, 0, 30.19028
C:\Users\Owner\Downloads\simulator-windows-64\dataTrack1\IMG\center_2024_11_20_20_24_35_547.jpg, C:\Users\Owner\Downloads\simulator-windows-64\dataTrack1\IMG\left_2024_11_20_20_24_35_547.jpg, C:\Users\Owner\Downloads\simulator-windows-64\dataTrack1\IMG\right_2024_11_20_20_24_35_547.jpg, 0, 1, 0, 30.19029
C:\Users\Owner\Downloads\simulator-windows-64\dataTrack1\IMG\center_2024_11_20_20_24_35_656.jpg, C:\Users\Owner\Downloads\simulator-windows-64\dataTrack1\IMG\left_2024_11_20_20_24_35_656.jpg, C:\Users\Owner\Downloads\simulator-windows-64\dataTrack1\IMG\right_2024_11_20_20_24_35_656.jpg, 0, 1, 0, 30.19031
C:\Users\Owner\Downloads\simulator-windows-64\dataTrack1\IMG\center_2024_11_20_20_24_35_759.jpg, C:\Users\Owner\Downloads\simulator-windows-64\dataTrack1\IMG\left_2024_11_20_20_24_35_759.jpg, C:\Users\Owner\Downloads\simulator-windows-64\dataTrack1\IMG\right_2024_11_20_20_24_35_759.jpg, 0, 1, 0, 30.19029
C:\Users\Owner\Downloads\simulator-windows-64\dataTrack1\IMG\center_2024_11_20_20_24_35_863.jpg, C:\Users\Owner\Downloads\simulator-windows-64\dataTrack1\IMG\left_2024_11_20_20_24_35_863.jpg, C:\Users\Owner\Downloads\simulator-windows-64\dataTrack1\IMG\right_2024_11_20_20_24_35_863.jpg, 0, 1, 0, 30.19028
C:\Users\Owner\Downloads\simulator-windows-64\dataTrack1\IMG\center_2024_11_20_20_24_35_966.jpg, C:\Users\Owner\Downloads\simulator-windows-64\dataTrack1\IMG\left_2024_11_20_20_24_35_966.jpg, C:\Users\Owner\Downloads\simulator-windows-64\dataTrack1\IMG\right_2024_11_20_20_24_35_966.jpg, 0, 1, 0, 30.19029
C:\Users\Owner\Downloads\simulator-windows-64\dataTrack1\IMG\center_2024_11_20_20_24_36_070.jpg, C:\Users\Owner\Downloads\simulator-windows-64\dataTrack1\IMG\left_2024_11_20_20_24_36_070.jpg, C:\Users\Owner\Downloads\simulator-windows-64\dataTrack1\IMG\right_2024_11_20_20_24_36_070.jpg, 0, 1, 0, 30.19031
C:\Users\Owner\Downloads\simulator-windows-64\dataTrack1\IMG\center_2024_11_20_20_24_36_175.jpg, C:\Users\Owner\Downloads\simulator-windows-64\dataTrack1\IMG\left_2024_11_20_20_24_36_175.jpg, C:\Users\Owner\Downloads\simulator-windows-64\dataTrack1\IMG\right_2024_11_20_20_24_36_175.jpg, 0, 1, 0, 30.19029
C:\Users\Owner\Downloads\simulator-windows-64\dataTrack1\IMG\center_2024_11_20_20_24_36_280.jpg, C:\Users\Owner\Downloads\simulator-windows-64\dataTrack1\IMG\left_2024_11_20_20_24_36_280.jpg, C:\Users\Owner\Downloads\simulator-windows-64\dataTrack1\IMG\right_2024_11_20_20_24_36_280.jpg, 0, 1, 0, 30.19029
C:\Users\Owner\Downloads\simulator-windows-64\dataTrack1\IMG\center_2024_11_20_20_24_36_383.jpg, C:\Users\Owner\Downloads\simulator-windows-64\dataTrack1\IMG\left_2024_11_20_20_24_36_383.jpg, C:\Users\Owner\Downloads\simulator-windows-64\dataTrack1\IMG\right_2024_11_20_20_24_36_383.jpg, 0, 1, 0, 30.19028
C:\Users\Owner\Downloads\simulator-windows-64\dataTrack1\IMG\center_2024_11_20_20_24_36_484.jpg, C:\Users\Owner\Downloads\simulator-windows-64\dataTrack1\IMG\left_2024_11_20_20_24_36_484.jpg, C:\Users\Owner\Downloads\simulator-windows-64\dataTrack1\IMG\right_2024_11_20_20_24_36_484.jpg, 0, 1, 0, 30.19031
C:\Users\Owner\Downloads\simulator-windows-64\dataTrack1\IMG\center_2024_11_20_20_24_36_592.jpg, C:\Users\Owner\Downloads\simulator-windows-64\dataTrack1\IMG\left_2024_11_20_20_24_36_592.jpg, C:\Users\Owner\Downloads\simulator-windows-64\dataTrack1\IMG\right_2024_11_20_20_24_36_592.jpg, 0, 1, 0, 30.19029
C:\Users\Owner\Downloads\simulator-windows-64\dataTrack1\IMG\center_2024_11_20_20_24_36_697.jpg, C:\Users\Owner\Downloads\simulator-windows-64\dataTrack1\IMG\left_2024_11_20_20_24_36_697.jpg, C:\Users\Owner\Downloads\simulator-windows-64\dataTrack1\IMG\right_2024_11_20_20_24_36_697.jpg, 0, 1, 0, 30.19031
C:\Users\Owner\Downloads\simulator-windows-64\dataTrack1\IMG\center_2024_11_20_20_24_36_801.jpg, C:\Users\Owner\Downloads\simulator-windows-64\dataTrack1\IMG\left_2024_11_20_20_24_36_801.jpg, C:\Users\Owner\Downloads\simulator-windows-64\dataTrack1\IMG\right_2024_11_20_20_24_36_801.jpg, 0, 1, 0, 30.1903
C:\Users\Owner\Downloads\simulator-windows-64\dataTrack1\IMG\center_2024_11_20_20_24_36_903.jpg, C:\Users\Owner\Downloads\simulator-windows-64\dataTrack1\IMG\left_2024_11_20_20_24_36_903.jpg, C:\Users\Owner\Downloads\simulator-windows-64\dataTrack1\IMG\right_2024_11_20_20_24_36_903.jpg, 0, 1, 0, 30.19029
C:\Users\Owner\Downloads\simulator-windows-64\dataTrack1\IMG\center_2024_11_20_20_24_37_008.jpg, C:\Users\Owner\Downloads\simulator-windows-64\dataTrack1\IMG\left_2024_11_20_20_24_37_008.jpg, C:\Users\Owner\Downloads\simulator-windows-64\dataTrack1\IMG\right_2024_11_20_20_24_37_008.jpg, 0, 1, 0, 30.19029
C:\Users\Owner\Downloads\simulator-windows-64\dataTrack1\IMG\center_2024_11_20_20_24_37_112.jpg, C:\Users\Owner\Downloads\simulator-windows-64\dataTrack1\IMG\left_2024_11_20_20_24_37_112.jpg, C:\Users\Owner\Downloads\simulator-windows-64\dataTrack1\IMG\right_2024_11_20_20_24_37_112.jpg, 0, 1, 0, 30.19032
C:\Users\Owner\Downloads\simulator-windows-64\dataTrack1\IMG\center_2024_11_20_20_24_37_215.jpg, C:\Users\Owner\Downloads\simulator-windows-64\dataTrack1\IMG\left_2024_11_20_20_24_37_215.jpg, C:\Users\Owner\Downloads\simulator-windows-64\dataTrack1\IMG\right_2024_11_20_20_24_37_215.jpg, 0, 0.7927369, 0, 30.14468
C:\Users\Owner\Downloads\simulator-windows-64\dataTrack1\IMG\center_2024_11_20_20_24_37_317.jpg, C:\Users\Owner\Downloads\simulator-windows-64\dataTrack1\IMG\left_2024_11_20_20_24_37_317.jpg, C:\Users\Owner\Downloads\simulator-windows-64\dataTrack1\IMG\right_2024_11_20_20_24_37_317.jpg, 0, 0.485782, 0, 30.08425
C:\Users\Owner\Downloads\simulator-windows-64\dataTrack1\IMG\center_2024_11_20_20_24_37_421.jpg, C:\Users\Owner\Downloads\simulator-windows-64\dataTrack1\IMG\left_2024_11_20_20_24_37_421.jpg, C:\Users\Owner\Downloads\simulator-windows-64\dataTrack1\IMG\right_2024_11_20_20_24_37_421.jpg, 0, 0.5633776, 0, 30.06891
C:\Users\Owner\Downloads\simulator-windows-64\dataTrack1\IMG\center_2024_11_20_20_24_37_526.jpg, C:\Users\Owner\Downloads\simulator-windows-64\dataTrack1\IMG\left_2024_11_20_20_24_37_526.jpg, C:\Users\Owner\Downloads\simulator-windows-64\dataTrack1\IMG\right_2024_11_20_20_24_37_526.jpg, 0, 0.9307336, 0, 30.16346
C:\Users\Owner\Downloads\simulator-windows-64\dataTrack1\IMG\center_2024_11_20_20_24_37_630.jpg, C:\Users\Owner\Downloads\simulator-windows-64\dataTrack1\IMG\left_2024_11_20_20_24_37_630.jpg, C:\Users\Owner\Downloads\simulator-windows-64\dataTrack1\IMG\right_2024_11_20_20_24_37_630.jpg, 0, 1, 0, 30.1901
C:\Users\Owner\Downloads\simulator-windows-64\dataTrack1\IMG\center_2024_11_20_20_24_37_734.jpg, C:\Users\Owner\Downloads\simulator-windows-64\dataTrack1\IMG\left_2024_11_20_20_24_37_734.jpg, C:\Users\Owner\Downloads\simulator-windows-64\dataTrack1\IMG\right_2024_11_20_20_24_37_734.jpg, 0, 1, 0, 30.19025
C:\Users\Owner\Downloads\simulator-windows-64\dataTrack1\IMG\center_2024_11_20_20_24_37_836.jpg, C:\Users\Owner\Downloads\simulator-windows-64\dataTrack1\IMG\left_2024_11_20_20_24_37_836.jpg, C:\Users\Owner\Downloads\simulator-windows-64\dataTrack1\IMG\right_2024_11_20_20_24_37_836.jpg, 0, 0.9469003, 0, 30.19029
C:\Users\Owner\Downloads\simulator-windows-64\dataTrack1\IMG\center_2024_11_20_20_24_37_943.jpg, C:\Users\Owner\Downloads\simulator-windows-64\dataTrack1\IMG\left_2024_11_20_20_24_37_943.jpg, C:\Users\Owner\Downloads\simulator-windows-64\dataTrack1\IMG\right_2024_11_20_20_24_37_943.jpg, -0.1055046, 0.6296641, 0, 30.10177
C:\Users\Owner\Downloads\simulator-windows-64\dataTrack1\IMG\center_2024_11_20_20_24_38_046.jpg, C:\Users\Owner\Downloads\simulator-windows-64\dataTrack1\IMG\left_2024_11_20_20_24_38_046.jpg, C:\Users\Owner\Downloads\simulator-windows-64\dataTrack1\IMG\right_2024_11_20_20_24_38_046.jpg, -0.4160223, 0.3191463, 0, 29.99006
C:\Users\Owner\Downloads\simulator-windows-64\dataTrack1\IMG\center_2024_11_20_20_24_38_149.jpg, C:\Users\Owner\Downloads\simulator-windows-64\dataTrack1\IMG\left_2024_11_20_20_24_38_149.jpg, C:\Users\Owner\Downloads\simulator-windows-64\dataTrack1\IMG\right_2024_11_20_20_24_38_149.jpg, -0.1079397, 0.01106373, 0, 29.86024
C:\Users\Owner\Downloads\simulator-windows-64\dataTrack1\IMG\center_2024_11_20_20_24_38_251.jpg, C:\Users\Owner\Downloads\simulator-windows-64\dataTrack1\IMG\left_2024_11_20_20_24_38_251.jpg, C:\Users\Owner\Downloads\simulator-windows-64\dataTrack1\IMG\right_2024_11_20_20_24_38_251.jpg, 0, 0, 0, 29.55296
C:\Users\Owner\Downloads\simulator-windows-64\dataTrack1\IMG\center_2024_11_20_20_24_38_359.jpg, C:\Users\Owner\Downloads\simulator-windows-64\dataTrack1\IMG\left_2024_11_20_20_24_38_359.jpg, C:\Users\Owner\Downloads\simulator-windows-64\dataTrack1\IMG\right_2024_11_20_20_24_38_359.jpg, 0, 0, 0, 29.25486
C:\Users\Owner\Downloads\simulator-windows-64\dataTrack1\IMG\center_2024_11_20_20_24_38_460.jpg, C:\Users\Owner\Downloads\simulator-windows-64\dataTrack1\IMG\left_2024_11_20_20_24_38_460.jpg, C:\Users\Owner\Downloads\simulator-windows-64\dataTrack1\IMG\right_2024_11_20_20_24_38_460.jpg, 0, 0, 0, 28.96079
C:\Users\Owner\Downloads\simulator-windows-64\dataTrack1\IMG\center_2024_11_20_20_24_38_564.jpg, C:\Users\Owner\Downloads\simulator-windows-64\dataTrack1\IMG\left_2024_11_20_20_24_38_564.jpg, C:\Users\Owner\Downloads\simulator-windows-64\dataTrack1\IMG\right_2024_11_20_20_24_38_564.jpg, 0, 0.0523143, 0, 28.61205
C:\Users\Owner\Downloads\simulator-windows-64\dataTrack1\IMG\center_2024_11_20_20_24_38_668.jpg, C:\Users\Owner\Downloads\simulator-windows-64\dataTrack1\IMG\left_2024_11_20_20_24_38_668.jpg, C:\Users\Owner\Downloads\simulator-windows-64\dataTrack1\IMG\right_2024_11_20_20_24_38_668.jpg, 0, 0.3630753, 0, 28.58481
C:\Users\Owner\Downloads\simulator-windows-64\dataTrack1\IMG\center_2024_11_20_20_24_38_772.jpg, C:\Users\Owner\Downloads\simulator-windows-64\dataTrack1\IMG\left_2024_11_20_20_24_38_772.jpg, C:\Users\Owner\Downloads\simulator-windows-64\dataTrack1\IMG\right_2024_11_20_20_24_38_772.jpg, 0, 0.0518127, 0, 28.56135
C:\Users\Owner\Downloads\simulator-windows-64\dataTrack1\IMG\center_2024_11_20_20_24_38_874.jpg, C:\Users\Owner\Downloads\simulator-windows-64\dataTrack1\IMG\left_2024_11_20_20_24_38_874.jpg, C:\Users\Owner\Downloads\simulator-windows-64\dataTrack1\IMG\right_2024_11_20_20_24_38_874.jpg, 0, 0.2046489, 0, 28.34577
C:\Users\Owner\Downloads\simulator-windows-64\dataTrack1\IMG\center_2024_11_20_20_24_38_978.jpg, C:\Users\Owner\Downloads\simulator-windows-64\dataTrack1\IMG\left_2024_11_20_20_24_38_978.jpg, C:\Users\Owner\Downloads\simulator-windows-64\dataTrack1\IMG\right_2024_11_20_20_24_38_978.jpg, 0, 0.2594349, 0, 28.42141
C:\Users\Owner\Downloads\simulator-windows-64\dataTrack1\IMG\center_2024_11_20_20_24_39_084.jpg, C:\Users\Owner\Downloads\simulator-windows-64\dataTrack1\IMG\left_2024_11_20_20_24_39_084.jpg, C:\Users\Owner\Downloads\simulator-windows-64\dataTrack1\IMG\right_2024_11_20_20_24_39_084.jpg, -0.2276313, 0, 0, 28.16982
C:\Users\Owner\Downloads\simulator-windows-64\dataTrack1\IMG\center_2024_11_20_20_24_39_185.jpg, C:\Users\Owner\Downloads\simulator-windows-64\dataTrack1\IMG\left_2024_11_20_20_24_39_185.jpg, C:\Users\Owner\Downloads\simulator-windows-64\dataTrack1\IMG\right_2024_11_20_20_24_39_185.jpg, -0.5326494, 0, 0, 27.70401
C:\Users\Owner\Downloads\simulator-windows-64\dataTrack1\IMG\center_2024_11_20_20_24_39_292.jpg, C:\Users\Owner\Downloads\simulator-windows-64\dataTrack1\IMG\left_2024_11_20_20_24_39_292.jpg, C:\Users\Owner\Downloads\simulator-windows-64\dataTrack1\IMG\right_2024_11_20_20_24_39_292.jpg, -0.2141966, 0, 0, 27.38734
C:\Users\Owner\Downloads\simulator-windows-64\dataTrack1\IMG\center_2024_11_20_20_24_39_394.jpg, C:\Users\Owner\Downloads\simulator-windows-64\dataTrack1\IMG\left_2024_11_20_20_24_39_394.jpg, C:\Users\Owner\Downloads\simulator-windows-64\dataTrack1\IMG\right_2024_11_20_20_24_39_394.jpg, 0, 0, 0, 27.1046
C:\Users\Owner\Downloads\simulator-windows-64\dataTrack1\IMG\center_2024_11_20_20_24_39_496.jpg, C:\Users\Owner\Downloads\simulator-windows-64\dataTrack1\IMG\left_2024_11_20_20_24_39_496.jpg, C:\Users\Owner\Downloads\simulator-windows-64\dataTrack1\IMG\right_2024_11_20_20_24_39_496.jpg, -0.2023725, 0, 0, 26.82364
C:\Users\Owner\Downloads\simulator-windows-64\dataTrack1\IMG\center_2024_11_20_20_24_39_599.jpg, C:\Users\Owner\Downloads\simulator-windows-64\dataTrack1\IMG\left_2024_11_20_20_24_39_599.jpg, C:\Users\Owner\Downloads\simulator-windows-64\dataTrack1\IMG\right_2024_11_20_20_24_39_599.jpg, 0, 0, 0, 26.55281
C:\Users\Owner\Downloads\simulator-windows-64\dataTrack1\IMG\center_2024_11_20_20_24_39_703.jpg, C:\Users\Owner\Downloads\simulator-windows-64\dataTrack1\IMG\left_2024_11_20_20_24_39_703.jpg, C:\Users\Owner\Downloads\simulator-windows-64\dataTrack1\IMG\right_2024_11_20_20_24_39_703.jpg, 0, 0.3113457, 0, 26.45148
C:\Users\Owner\Downloads\simulator-windows-64\dataTrack1\IMG\center_2024_11_20_20_24_39_809.jpg, C:\Users\Owner\Downloads\simulator-windows-64\dataTrack1\IMG\left_2024_11_20_20_24_39_809.jpg, C:\Users\Owner\Downloads\simulator-windows-64\dataTrack1\IMG\right_2024_11_20_20_24_39_809.jpg, 0, 0.2194425, 0, 26.58505
C:\Users\Owner\Downloads\simulator-windows-64\dataTrack1\IMG\center_2024_11_20_20_24_39_913.jpg, C:\Users\Owner\Downloads\simulator-windows-64\dataTrack1\IMG\left_2024_11_20_20_24_39_913.jpg, C:\Users\Owner\Downloads\simulator-windows-64\dataTrack1\IMG\right_2024_11_20_20_24_39_913.jpg, 0, 0, 0, 26.41609
C:\Users\Owner\Downloads\simulator-windows-64\dataTrack1\IMG\center_2024_11_20_20_24_40_016.jpg, C:\Users\Owner\Downloads\simulator-windows-64\dataTrack1\IMG\left_2024_11_20_20_24_40_016.jpg, C:\Users\Owner\Downloads\simulator-windows-64\dataTrack1\IMG\right_2024_11_20_20_24_40_016.jpg, 0, 0, 0, 26.14809
C:\Users\Owner\Downloads\simulator-windows-64\dataTrack1\IMG\center_2024_11_20_20_24_40_120.jpg, C:\Users\Owner\Downloads\simulator-windows-64\dataTrack1\IMG\left_2024_11_20_20_24_40_120.jpg, C:\Users\Owner\Downloads\simulator-windows-64\dataTrack1\IMG\right_2024_11_20_20_24_40_120.jpg, 0, 0.1667511, 0, 25.93908
C:\Users\Owner\Downloads\simulator-windows-64\dataTrack1\IMG\center_2024_11_20_20_24_40_226.jpg, C:\Users\Owner\Downloads\simulator-windows-64\dataTrack1\IMG\left_2024_11_20_20_24_40_226.jpg, C:\Users\Owner\Downloads\simulator-windows-64\dataTrack1\IMG\right_2024_11_20_20_24_40_226.jpg, 0, 0, 0, 25.73264
C:\Users\Owner\Downloads\simulator-windows-64\dataTrack1\IMG\center_2024_11_20_20_24_40_330.jpg, C:\Users\Owner\Downloads\simulator-windows-64\dataTrack1\IMG\left_2024_11_20_20_24_40_330.jpg, C:\Users\Owner\Downloads\simulator-windows-64\dataTrack1\IMG\right_2024_11_20_20_24_40_330.jpg, 0, 0.2027157, 0, 25.55162
C:\Users\Owner\Downloads\simulator-windows-64\dataTrack1\IMG\center_2024_11_20_20_24_40_433.jpg, C:\Users\Owner\Downloads\simulator-windows-64\dataTrack1\IMG\left_2024_11_20_20_24_40_433.jpg, C:\Users\Owner\Downloads\simulator-windows-64\dataTrack1\IMG\right_2024_11_20_20_24_40_433.jpg, -0.3099186, 0, 0, 25.33171
C:\Users\Owner\Downloads\simulator-windows-64\dataTrack1\IMG\center_2024_11_20_20_24_40_535.jpg, C:\Users\Owner\Downloads\simulator-windows-64\dataTrack1\IMG\left_2024_11_20_20_24_40_535.jpg, C:\Users\Owner\Downloads\simulator-windows-64\dataTrack1\IMG\right_2024_11_20_20_24_40_535.jpg, -0.5168661, 0, 0, 24.88259
C:\Users\Owner\Downloads\simulator-windows-64\dataTrack1\IMG\center_2024_11_20_20_24_40_639.jpg, C:\Users\Owner\Downloads\simulator-windows-64\dataTrack1\IMG\left_2024_11_20_20_24_40_639.jpg, C:\Users\Owner\Downloads\simulator-windows-64\dataTrack1\IMG\right_2024_11_20_20_24_40_639.jpg, -0.2549053, 0, 0, 24.60994
C:\Users\Owner\Downloads\simulator-windows-64\dataTrack1\IMG\center_2024_11_20_20_24_40_743.jpg, C:\Users\Owner\Downloads\simulator-windows-64\dataTrack1\IMG\left_2024_11_20_20_24_40_743.jpg, C:\Users\Owner\Downloads\simulator-windows-64\dataTrack1\IMG\right_2024_11_20_20_24_40_743.jpg, 0, 0, 0, 24.30098
C:\Users\Owner\Downloads\simulator-windows-64\dataTrack1\IMG\center_2024_11_20_20_24_40_848.jpg, C:\Users\Owner\Downloads\simulator-windows-64\dataTrack1\IMG\left_2024_11_20_20_24_40_848.jpg, C:\Users\Owner\Downloads\simulator-windows-64\dataTrack1\IMG\right_2024_11_20_20_24_40_848.jpg, 0, 0, 0, 24.05375
C:\Users\Owner\Downloads\simulator-windows-64\dataTrack1\IMG\center_2024_11_20_20_24_40_951.jpg, C:\Users\Owner\Downloads\simulator-windows-64\dataTrack1\IMG\left_2024_11_20_20_24_40_951.jpg, C:\Users\Owner\Downloads\simulator-windows-64\dataTrack1\IMG\right_2024_11_20_20_24_40_951.jpg, -0.2075322, 0, 0, 23.78358
C:\Users\Owner\Downloads\simulator-windows-64\dataTrack1\IMG\center_2024_11_20_20_24_41_054.jpg, C:\Users\Owner\Downloads\simulator-windows-64\dataTrack1\IMG\left_2024_11_20_20_24_41_054.jpg, C:\Users\Owner\Downloads\simulator-windows-64\dataTrack1\IMG\right_2024_11_20_20_24_41_054.jpg, 0, 0, 0, 23.54447
C:\Users\Owner\Downloads\simulator-windows-64\dataTrack1\IMG\center_2024_11_20_20_24_41_159.jpg, C:\Users\Owner\Downloads\simulator-windows-64\dataTrack1\IMG\left_2024_11_20_20_24_41_159.jpg, C:\Users\Owner\Downloads\simulator-windows-64\dataTrack1\IMG\right_2024_11_20_20_24_41_159.jpg, 0, 0, 0, 23.30763
C:\Users\Owner\Downloads\simulator-windows-64\dataTrack1\IMG\center_2024_11_20_20_24_41_261.jpg, C:\Users\Owner\Downloads\simulator-windows-64\dataTrack1\IMG\left_2024_11_20_20_24_41_261.jpg, C:\Users\Owner\Downloads\simulator-windows-64\dataTrack1\IMG\right_2024_11_20_20_24_41_261.jpg, -0.2593158, 0, 0, 23.04798
C:\Users\Owner\Downloads\simulator-windows-64\dataTrack1\IMG\center_2024_11_20_20_24_41_366.jpg, C:\Users\Owner\Downloads\simulator-windows-64\dataTrack1\IMG\left_2024_11_20_20_24_41_366.jpg, C:\Users\Owner\Downloads\simulator-windows-64\dataTrack1\IMG\right_2024_11_20_20_24_41_366.jpg, -0.3073719, 0, 0, 22.64103
C:\Users\Owner\Downloads\simulator-windows-64\dataTrack1\IMG\center_2024_11_20_20_24_41_468.jpg, C:\Users\Owner\Downloads\simulator-windows-64\dataTrack1\IMG\left_2024_11_20_20_24_41_468.jpg, C:\Users\Owner\Downloads\simulator-windows-64\dataTrack1\IMG\right_2024_11_20_20_24_41_468.jpg, -1.706928E-05, 0, 0, 22.41778
C:\Users\Owner\Downloads\simulator-windows-64\dataTrack1\IMG\center_2024_11_20_20_24_41_572.jpg, C:\Users\Owner\Downloads\simulator-windows-64\dataTrack1\IMG\left_2024_11_20_20_24_41_572.jpg, C:\Users\Owner\Downloads\simulator-windows-64\dataTrack1\IMG\right_2024_11_20_20_24_41_572.jpg, -0.1537497, 0, 0, 22.18554
C:\Users\Owner\Downloads\simulator-windows-64\dataTrack1\IMG\center_2024_11_20_20_24_41_675.jpg, C:\Users\Owner\Downloads\simulator-windows-64\dataTrack1\IMG\left_2024_11_20_20_24_41_675.jpg, C:\Users\Owner\Downloads\simulator-windows-64\dataTrack1\IMG\right_2024_11_20_20_24_41_675.jpg, -0.2611731, 0, 0, 21.92039
C:\Users\Owner\Downloads\simulator-windows-64\dataTrack1\IMG\center_2024_11_20_20_24_41_778.jpg, C:\Users\Owner\Downloads\simulator-windows-64\dataTrack1\IMG\left_2024_11_20_20_24_41_778.jpg, C:\Users\Owner\Downloads\simulator-windows-64\dataTrack1\IMG\right_2024_11_20_20_24_41_778.jpg, 0, 0, 0, 21.69917
C:\Users\Owner\Downloads\simulator-windows-64\dataTrack1\IMG\center_2024_11_20_20_24_41_883.jpg, C:\Users\Owner\Downloads\simulator-windows-64\dataTrack1\IMG\left_2024_11_20_20_24_41_883.jpg, C:\Users\Owner\Downloads\simulator-windows-64\dataTrack1\IMG\right_2024_11_20_20_24_41_883.jpg, -0.1564989, 0, 0, 21.43295
C:\Users\Owner\Downloads\simulator-windows-64\dataTrack1\IMG\center_2024_11_20_20_24_41_986.jpg, C:\Users\Owner\Downloads\simulator-windows-64\dataTrack1\IMG\left_2024_11_20_20_24_41_986.jpg, C:\Users\Owner\Downloads\simulator-windows-64\dataTrack1\IMG\right_2024_11_20_20_24_41_986.jpg, -0.4653888, 0, 0, 21.11452
C:\Users\Owner\Downloads\simulator-windows-64\dataTrack1\IMG\center_2024_11_20_20_24_42_090.jpg, C:\Users\Owner\Downloads\simulator-windows-64\dataTrack1\IMG\left_2024_11_20_20_24_42_090.jpg, C:\Users\Owner\Downloads\simulator-windows-64\dataTrack1\IMG\right_2024_11_20_20_24_42_090.jpg, -0.1547145, 0, 0, 20.89024
C:\Users\Owner\Downloads\simulator-windows-64\dataTrack1\IMG\center_2024_11_20_20_24_42_194.jpg, C:\Users\Owner\Downloads\simulator-windows-64\dataTrack1\IMG\left_2024_11_20_20_24_42_194.jpg, C:\Users\Owner\Downloads\simulator-windows-64\dataTrack1\IMG\right_2024_11_20_20_24_42_194.jpg, -0.2581239, 0, 0, 20.67895
C:\Users\Owner\Downloads\simulator-windows-64\dataTrack1\IMG\center_2024_11_20_20_24_42_296.jpg, C:\Users\Owner\Downloads\simulator-windows-64\dataTrack1\IMG\left_2024_11_20_20_24_42_296.jpg, C:\Users\Owner\Downloads\simulator-windows-64\dataTrack1\IMG\right_2024_11_20_20_24_42_296.jpg, -0.5683029, 0, 0, 20.3665
C:\Users\Owner\Downloads\simulator-windows-64\dataTrack1\IMG\center_2024_11_20_20_24_42_400.jpg, C:\Users\Owner\Downloads\simulator-windows-64\dataTrack1\IMG\left_2024_11_20_20_24_42_400.jpg, C:\Users\Owner\Downloads\simulator-windows-64\dataTrack1\IMG\right_2024_11_20_20_24_42_400.jpg, -0.5253223, 0, 0, 20.02482
C:\Users\Owner\Downloads\simulator-windows-64\dataTrack1\IMG\center_2024_11_20_20_24_42_503.jpg, C:\Users\Owner\Downloads\simulator-windows-64\dataTrack1\IMG\left_2024_11_20_20_24_42_503.jpg, C:\Users\Owner\Downloads\simulator-windows-64\dataTrack1\IMG\right_2024_11_20_20_24_42_503.jpg, -0.1628461, 0, 0, 19.82283
C:\Users\Owner\Downloads\simulator-windows-64\dataTrack1\IMG\center_2024_11_20_20_24_42_609.jpg, C:\Users\Owner\Downloads\simulator-windows-64\dataTrack1\IMG\left_2024_11_20_20_24_42_609.jpg, C:\Users\Owner\Downloads\simulator-windows-64\dataTrack1\IMG\right_2024_11_20_20_24_42_609.jpg, 0, 0, 0, 19.48402
C:\Users\Owner\Downloads\simulator-windows-64\dataTrack1\IMG\center_2024_11_20_20_24_42_713.jpg, C:\Users\Owner\Downloads\simulator-windows-64\dataTrack1\IMG\left_2024_11_20_20_24_42_713.jpg, C:\Users\Owner\Downloads\simulator-windows-64\dataTrack1\IMG\right_2024_11_20_20_24_42_713.jpg, -0.3134535, 0, 0, 19.44728
C:\Users\Owner\Downloads\simulator-windows-64\dataTrack1\IMG\center_2024_11_20_20_24_42_817.jpg, C:\Users\Owner\Downloads\simulator-windows-64\dataTrack1\IMG\left_2024_11_20_20_24_42_817.jpg, C:\Users\Owner\Downloads\simulator-windows-64\dataTrack1\IMG\right_2024_11_20_20_24_42_817.jpg, -0.001183219, 0, 0, 18.97995
C:\Users\Owner\Downloads\simulator-windows-64\dataTrack1\IMG\center_2024_11_20_20_24_42_919.jpg, C:\Users\Owner\Downloads\simulator-windows-64\dataTrack1\IMG\left_2024_11_20_20_24_42_919.jpg, C:\Users\Owner\Downloads\simulator-windows-64\dataTrack1\IMG\right_2024_11_20_20_24_42_919.jpg, -0.0535569, 0, 0, 19.13942
C:\Users\Owner\Downloads\simulator-windows-64\dataTrack1\IMG\center_2024_11_20_20_24_43_024.jpg, C:\Users\Owner\Downloads\simulator-windows-64\dataTrack1\IMG\left_2024_11_20_20_24_43_024.jpg, C:\Users\Owner\Downloads\simulator-windows-64\dataTrack1\IMG\right_2024_11_20_20_24_43_024.jpg, -0.2590143, 0, 0, 18.89251
C:\Users\Owner\Downloads\simulator-windows-64\dataTrack1\IMG\center_2024_11_20_20_24_43_128.jpg, C:\Users\Owner\Downloads\simulator-windows-64\dataTrack1\IMG\left_2024_11_20_20_24_43_128.jpg, C:\Users\Owner\Downloads\simulator-windows-64\dataTrack1\IMG\right_2024_11_20_20_24_43_128.jpg, 0, 0, 0, 18.22809
C:\Users\Owner\Downloads\simulator-windows-64\dataTrack1\IMG\center_2024_11_20_20_24_43_232.jpg, C:\Users\Owner\Downloads\simulator-windows-64\dataTrack1\IMG\left_2024_11_20_20_24_43_232.jpg, C:\Users\Owner\Downloads\simulator-windows-64\dataTrack1\IMG\right_2024_11_20_20_24_43_232.jpg, 0, 0, 0, 18.52669
C:\Users\Owner\Downloads\simulator-windows-64\dataTrack1\IMG\center_2024_11_20_20_24_43_336.jpg, C:\Users\Owner\Downloads\simulator-windows-64\dataTrack1\IMG\left_2024_11_20_20_24_43_336.jpg, C:\Users\Owner\Downloads\simulator-windows-64\dataTrack1\IMG\right_2024_11_20_20_24_43_336.jpg, -0.1101969, 0, 0, 17.83528
C:\Users\Owner\Downloads\simulator-windows-64\dataTrack1\IMG\center_2024_11_20_20_24_43_436.jpg, C:\Users\Owner\Downloads\simulator-windows-64\dataTrack1\IMG\left_2024_11_20_20_24_43_436.jpg, C:\Users\Owner\Downloads\simulator-windows-64\dataTrack1\IMG\right_2024_11_20_20_24_43_436.jpg, -0.4114203, 0, 0, 18.0625
C:\Users\Owner\Downloads\simulator-windows-64\dataTrack1\IMG\center_2024_11_20_20_24_43_541.jpg, C:\Users\Owner\Downloads\simulator-windows-64\dataTrack1\IMG\left_2024_11_20_20_24_43_541.jpg, C:\Users\Owner\Downloads\simulator-windows-64\dataTrack1\IMG\right_2024_11_20_20_24_43_541.jpg, -0.6727663, 0, 0, 17.27992
C:\Users\Owner\Downloads\simulator-windows-64\dataTrack1\IMG\center_2024_11_20_20_24_43_647.jpg, C:\Users\Owner\Downloads\simulator-windows-64\dataTrack1\IMG\left_2024_11_20_20_24_43_647.jpg, C:\Users\Owner\Downloads\simulator-windows-64\dataTrack1\IMG\right_2024_11_20_20_24_43_647.jpg, -0.4127523, 0, 0, 16.96932
C:\Users\Owner\Downloads\simulator-windows-64\dataTrack1\IMG\center_2024_11_20_20_24_43_752.jpg, C:\Users\Owner\Downloads\simulator-windows-64\dataTrack1\IMG\left_2024_11_20_20_24_43_752.jpg, C:\Users\Owner\Downloads\simulator-windows-64\dataTrack1\IMG\right_2024_11_20_20_24_43_752.jpg, -0.09900815, 0, 0, 17.30934
C:\Users\Owner\Downloads\simulator-windows-64\dataTrack1\IMG\center_2024_11_20_20_24_43_853.jpg, C:\Users\Owner\Downloads\simulator-windows-64\dataTrack1\IMG\left_2024_11_20_20_24_43_853.jpg, C:\Users\Owner\Downloads\simulator-windows-64\dataTrack1\IMG\right_2024_11_20_20_24_43_853.jpg, -0.2373577, 0, 0, 16.6159
C:\Users\Owner\Downloads\simulator-windows-64\dataTrack1\IMG\center_2024_11_20_20_24_43_959.jpg, C:\Users\Owner\Downloads\simulator-windows-64\dataTrack1\IMG\left_2024_11_20_20_24_43_959.jpg, C:\Users\Owner\Downloads\simulator-windows-64\dataTrack1\IMG\right_2024_11_20_20_24_43_959.jpg, 0, 0, 0, 16.97821
C:\Users\Owner\Downloads\simulator-windows-64\dataTrack1\IMG\center_2024_11_20_20_24_44_063.jpg, C:\Users\Owner\Downloads\simulator-windows-64\dataTrack1\IMG\left_2024_11_20_20_24_44_063.jpg, C:\Users\Owner\Downloads\simulator-windows-64\dataTrack1\IMG\right_2024_11_20_20_24_44_063.jpg, 0, 0.3117882, 0, 16.94316
C:\Users\Owner\Downloads\simulator-windows-64\dataTrack1\IMG\center_2024_11_20_20_24_44_167.jpg, C:\Users\Owner\Downloads\simulator-windows-64\dataTrack1\IMG\left_2024_11_20_20_24_44_167.jpg, C:\Users\Owner\Downloads\simulator-windows-64\dataTrack1\IMG\right_2024_11_20_20_24_44_167.jpg, 0, 0.1666647, 0, 16.66054
C:\Users\Owner\Downloads\simulator-windows-64\dataTrack1\IMG\center_2024_11_20_20_24_44_270.jpg, C:\Users\Owner\Downloads\simulator-windows-64\dataTrack1\IMG\left_2024_11_20_20_24_44_270.jpg, C:\Users\Owner\Downloads\simulator-windows-64\dataTrack1\IMG\right_2024_11_20_20_24_44_270.jpg, 0, 0.4770525, 0, 17.35487
C:\Users\Owner\Downloads\simulator-windows-64\dataTrack1\IMG\center_2024_11_20_20_24_44_372.jpg, C:\Users\Owner\Downloads\simulator-windows-64\dataTrack1\IMG\left_2024_11_20_20_24_44_372.jpg, C:\Users\Owner\Downloads\simulator-windows-64\dataTrack1\IMG\right_2024_11_20_20_24_44_372.jpg, 0, 0.5782302, 0, 17.56194
C:\Users\Owner\Downloads\simulator-windows-64\dataTrack1\IMG\center_2024_11_20_20_24_44_477.jpg, C:\Users\Owner\Downloads\simulator-windows-64\dataTrack1\IMG\left_2024_11_20_20_24_44_477.jpg, C:\Users\Owner\Downloads\simulator-windows-64\dataTrack1\IMG\right_2024_11_20_20_24_44_477.jpg, 0, 0.6840216, 0, 18.3597
C:\Users\Owner\Downloads\simulator-windows-64\dataTrack1\IMG\center_2024_11_20_20_24_44_582.jpg, C:\Users\Owner\Downloads\simulator-windows-64\dataTrack1\IMG\left_2024_11_20_20_24_44_582.jpg, C:\Users\Owner\Downloads\simulator-windows-64\dataTrack1\IMG\right_2024_11_20_20_24_44_582.jpg, -0.1030188, 0.8970489, 0, 19.3223
C:\Users\Owner\Downloads\simulator-windows-64\dataTrack1\IMG\center_2024_11_20_20_24_44_687.jpg, C:\Users\Owner\Downloads\simulator-windows-64\dataTrack1\IMG\left_2024_11_20_20_24_44_687.jpg, C:\Users\Owner\Downloads\simulator-windows-64\dataTrack1\IMG\right_2024_11_20_20_24_44_687.jpg, -0.4176309, 0.5824368, 0, 19.72024
C:\Users\Owner\Downloads\simulator-windows-64\dataTrack1\IMG\center_2024_11_20_20_24_44_793.jpg, C:\Users\Owner\Downloads\simulator-windows-64\dataTrack1\IMG\left_2024_11_20_20_24_44_793.jpg, C:\Users\Owner\Downloads\simulator-windows-64\dataTrack1\IMG\right_2024_11_20_20_24_44_793.jpg, -0.4135383, 0.2682552, 0, 20.13119
C:\Users\Owner\Downloads\simulator-windows-64\dataTrack1\IMG\center_2024_11_20_20_24_44_895.jpg, C:\Users\Owner\Downloads\simulator-windows-64\dataTrack1\IMG\left_2024_11_20_20_24_44_895.jpg, C:\Users\Owner\Downloads\simulator-windows-64\dataTrack1\IMG\right_2024_11_20_20_24_44_895.jpg, -0.1025673, 0.3782544, 0, 19.9689
C:\Users\Owner\Downloads\simulator-windows-64\dataTrack1\IMG\center_2024_11_20_20_24_45_002.jpg, C:\Users\Owner\Downloads\simulator-windows-64\dataTrack1\IMG\left_2024_11_20_20_24_45_002.jpg, C:\Users\Owner\Downloads\simulator-windows-64\dataTrack1\IMG\right_2024_11_20_20_24_45_002.jpg, 0, 0.4865601, 0, 20.47728
C:\Users\Owner\Downloads\simulator-windows-64\dataTrack1\IMG\center_2024_11_20_20_24_45_103.jpg, C:\Users\Owner\Downloads\simulator-windows-64\dataTrack1\IMG\left_2024_11_20_20_24_45_103.jpg, C:\Users\Owner\Downloads\simulator-windows-64\dataTrack1\IMG\right_2024_11_20_20_24_45_103.jpg, -0.1031721, 0.1828818, 0, 20.88083
C:\Users\Owner\Downloads\simulator-windows-64\dataTrack1\IMG\center_2024_11_20_20_24_45_209.jpg, C:\Users\Owner\Downloads\simulator-windows-64\dataTrack1\IMG\left_2024_11_20_20_24_45_209.jpg, C:\Users\Owner\Downloads\simulator-windows-64\dataTrack1\IMG\right_2024_11_20_20_24_45_209.jpg, -0.4189227, 0.3215568, 0, 20.57135
C:\Users\Owner\Downloads\simulator-windows-64\dataTrack1\IMG\center_2024_11_20_20_24_45_312.jpg, C:\Users\Owner\Downloads\simulator-windows-64\dataTrack1\IMG\left_2024_11_20_20_24_45_312.jpg, C:\Users\Owner\Downloads\simulator-windows-64\dataTrack1\IMG\right_2024_11_20_20_24_45_312.jpg, -0.1080657, 0.6324138, 0, 21.1529
C:\Users\Owner\Downloads\simulator-windows-64\dataTrack1\IMG\center_2024_11_20_20_24_45_413.jpg, C:\Users\Owner\Downloads\simulator-windows-64\dataTrack1\IMG\left_2024_11_20_20_24_45_413.jpg, C:\Users\Owner\Downloads\simulator-windows-64\dataTrack1\IMG\right_2024_11_20_20_24_45_413.jpg, 0, 0.329232, 0, 21.35211
C:\Users\Owner\Downloads\simulator-windows-64\dataTrack1\IMG\center_2024_11_20_20_24_45_516.jpg, C:\Users\Owner\Downloads\simulator-windows-64\dataTrack1\IMG\left_2024_11_20_20_24_45_516.jpg, C:\Users\Owner\Downloads\simulator-windows-64\dataTrack1\IMG\right_2024_11_20_20_24_45_516.jpg, -0.3104859, 0.01874615, 0, 21.54175
C:\Users\Owner\Downloads\simulator-windows-64\dataTrack1\IMG\center_2024_11_20_20_24_45_620.jpg, C:\Users\Owner\Downloads\simulator-windows-64\dataTrack1\IMG\left_2024_11_20_20_24_45_620.jpg, C:\Users\Owner\Downloads\simulator-windows-64\dataTrack1\IMG\right_2024_11_20_20_24_45_620.jpg, -0.3623445, 0.1037328, 0, 20.97979
C:\Users\Owner\Downloads\simulator-windows-64\dataTrack1\IMG\center_2024_11_20_20_24_45_727.jpg, C:\Users\Owner\Downloads\simulator-windows-64\dataTrack1\IMG\left_2024_11_20_20_24_45_727.jpg, C:\Users\Owner\Downloads\simulator-windows-64\dataTrack1\IMG\right_2024_11_20_20_24_45_727.jpg, 0, 0.4724112, 0, 21.21949
C:\Users\Owner\Downloads\simulator-windows-64\dataTrack1\IMG\center_2024_11_20_20_24_45_830.jpg, C:\Users\Owner\Downloads\simulator-windows-64\dataTrack1\IMG\left_2024_11_20_20_24_45_830.jpg, C:\Users\Owner\Downloads\simulator-windows-64\dataTrack1\IMG\right_2024_11_20_20_24_45_830.jpg, -0.049179, 0.5791842, 0, 21.90746
C:\Users\Owner\Downloads\simulator-windows-64\dataTrack1\IMG\center_2024_11_20_20_24_45_931.jpg, C:\Users\Owner\Downloads\simulator-windows-64\dataTrack1\IMG\left_2024_11_20_20_24_45_931.jpg, C:\Users\Owner\Downloads\simulator-windows-64\dataTrack1\IMG\right_2024_11_20_20_24_45_931.jpg, -0.2457072, 0.2788891, 0, 22.04939
C:\Users\Owner\Downloads\simulator-windows-64\dataTrack1\IMG\center_2024_11_20_20_24_46_035.jpg, C:\Users\Owner\Downloads\simulator-windows-64\dataTrack1\IMG\left_2024_11_20_20_24_46_035.jpg, C:\Users\Owner\Downloads\simulator-windows-64\dataTrack1\IMG\right_2024_11_20_20_24_46_035.jpg, 0, 0.07089936, 0, 22.07825
C:\Users\Owner\Downloads\simulator-windows-64\dataTrack1\IMG\center_2024_11_20_20_24_46_137.jpg, C:\Users\Owner\Downloads\simulator-windows-64\dataTrack1\IMG\left_2024_11_20_20_24_46_137.jpg, C:\Users\Owner\Downloads\simulator-windows-64\dataTrack1\IMG\right_2024_11_20_20_24_46_137.jpg, 0, 0.3785764, 0, 21.97267
C:\Users\Owner\Downloads\simulator-windows-64\dataTrack1\IMG\center_2024_11_20_20_24_46_242.jpg, C:\Users\Owner\Downloads\simulator-windows-64\dataTrack1\IMG\left_2024_11_20_20_24_46_242.jpg, C:\Users\Owner\Downloads\simulator-windows-64\dataTrack1\IMG\right_2024_11_20_20_24_46_242.jpg, -0.1543203, 0.5350621, 0, 22.48708
C:\Users\Owner\Downloads\simulator-windows-64\dataTrack1\IMG\center_2024_11_20_20_24_46_347.jpg, C:\Users\Owner\Downloads\simulator-windows-64\dataTrack1\IMG\left_2024_11_20_20_24_46_347.jpg, C:\Users\Owner\Downloads\simulator-windows-64\dataTrack1\IMG\right_2024_11_20_20_24_46_347.jpg, -0.06679618, 0.1656868, 0, 22.63066
C:\Users\Owner\Downloads\simulator-windows-64\dataTrack1\IMG\center_2024_11_20_20_24_46_451.jpg, C:\Users\Owner\Downloads\simulator-windows-64\dataTrack1\IMG\left_2024_11_20_20_24_46_451.jpg, C:\Users\Owner\Downloads\simulator-windows-64\dataTrack1\IMG\right_2024_11_20_20_24_46_451.jpg, 0, 0.2635678, 0, 22.50948
C:\Users\Owner\Downloads\simulator-windows-64\dataTrack1\IMG\center_2024_11_20_20_24_46_554.jpg, C:\Users\Owner\Downloads\simulator-windows-64\dataTrack1\IMG\left_2024_11_20_20_24_46_554.jpg, C:\Users\Owner\Downloads\simulator-windows-64\dataTrack1\IMG\right_2024_11_20_20_24_46_554.jpg, 0, 0.5744076, 0, 22.84194
C:\Users\Owner\Downloads\simulator-windows-64\dataTrack1\IMG\center_2024_11_20_20_24_46_662.jpg, C:\Users\Owner\Downloads\simulator-windows-64\dataTrack1\IMG\left_2024_11_20_20_24_46_662.jpg, C:\Users\Owner\Downloads\simulator-windows-64\dataTrack1\IMG\right_2024_11_20_20_24_46_662.jpg, 0, 0.8992911, 0, 23.62528
C:\Users\Owner\Downloads\simulator-windows-64\dataTrack1\IMG\center_2024_11_20_20_24_46_765.jpg, C:\Users\Owner\Downloads\simulator-windows-64\dataTrack1\IMG\left_2024_11_20_20_24_46_765.jpg, C:\Users\Owner\Downloads\simulator-windows-64\dataTrack1\IMG\right_2024_11_20_20_24_46_765.jpg, -0.1599366, 1, 0, 24.55343
C:\Users\Owner\Downloads\simulator-windows-64\dataTrack1\IMG\center_2024_11_20_20_24_46_869.jpg, C:\Users\Owner\Downloads\simulator-windows-64\dataTrack1\IMG\left_2024_11_20_20_24_46_869.jpg, C:\Users\Owner\Downloads\simulator-windows-64\dataTrack1\IMG\right_2024_11_20_20_24_46_869.jpg, -0.07049522, 0.6887686, 0, 25.30371
C:\Users\Owner\Downloads\simulator-windows-64\dataTrack1\IMG\center_2024_11_20_20_24_46_972.jpg, C:\Users\Owner\Downloads\simulator-windows-64\dataTrack1\IMG\left_2024_11_20_20_24_46_972.jpg, C:\Users\Owner\Downloads\simulator-windows-64\dataTrack1\IMG\right_2024_11_20_20_24_46_972.jpg, 0, 0.3803227, 0, 25.69235
C:\Users\Owner\Downloads\simulator-windows-64\dataTrack1\IMG\center_2024_11_20_20_24_47_079.jpg, C:\Users\Owner\Downloads\simulator-windows-64\dataTrack1\IMG\left_2024_11_20_20_24_47_079.jpg, C:\Users\Owner\Downloads\simulator-windows-64\dataTrack1\IMG\right_2024_11_20_20_24_47_079.jpg, 0, 0.7014266, 0, 26.04452
C:\Users\Owner\Downloads\simulator-windows-64\dataTrack1\IMG\center_2024_11_20_20_24_47_182.jpg, C:\Users\Owner\Downloads\simulator-windows-64\dataTrack1\IMG\left_2024_11_20_20_24_47_182.jpg, C:\Users\Owner\Downloads\simulator-windows-64\dataTrack1\IMG\right_2024_11_20_20_24_47_182.jpg, 0, 1, 0, 26.97198
C:\Users\Owner\Downloads\simulator-windows-64\dataTrack1\IMG\center_2024_11_20_20_24_47_284.jpg, C:\Users\Owner\Downloads\simulator-windows-64\dataTrack1\IMG\left_2024_11_20_20_24_47_284.jpg, C:\Users\Owner\Downloads\simulator-windows-64\dataTrack1\IMG\right_2024_11_20_20_24_47_284.jpg, 0, 1, 0, 27.91031
C:\Users\Owner\Downloads\simulator-windows-64\dataTrack1\IMG\center_2024_11_20_20_24_47_388.jpg, C:\Users\Owner\Downloads\simulator-windows-64\dataTrack1\IMG\left_2024_11_20_20_24_47_388.jpg, C:\Users\Owner\Downloads\simulator-windows-64\dataTrack1\IMG\right_2024_11_20_20_24_47_388.jpg, -0.1123653, 0.6878998, 0, 28.64323
C:\Users\Owner\Downloads\simulator-windows-64\dataTrack1\IMG\center_2024_11_20_20_24_47_492.jpg, C:\Users\Owner\Downloads\simulator-windows-64\dataTrack1\IMG\left_2024_11_20_20_24_47_492.jpg, C:\Users\Owner\Downloads\simulator-windows-64\dataTrack1\IMG\right_2024_11_20_20_24_47_492.jpg, 0, 0.3783562, 0, 29.0065
C:\Users\Owner\Downloads\simulator-windows-64\dataTrack1\IMG\center_2024_11_20_20_24_47_596.jpg, C:\Users\Owner\Downloads\simulator-windows-64\dataTrack1\IMG\left_2024_11_20_20_24_47_596.jpg, C:\Users\Owner\Downloads\simulator-windows-64\dataTrack1\IMG\right_2024_11_20_20_24_47_596.jpg, 0, 0.0637588, 0, 28.99854
C:\Users\Owner\Downloads\simulator-windows-64\dataTrack1\IMG\center_2024_11_20_20_24_47_699.jpg, C:\Users\Owner\Downloads\simulator-windows-64\dataTrack1\IMG\left_2024_11_20_20_24_47_699.jpg, C:\Users\Owner\Downloads\simulator-windows-64\dataTrack1\IMG\right_2024_11_20_20_24_47_699.jpg, -0.2096091, 0, 0, 28.70375
C:\Users\Owner\Downloads\simulator-windows-64\dataTrack1\IMG\center_2024_11_20_20_24_47_803.jpg, C:\Users\Owner\Downloads\simulator-windows-64\dataTrack1\IMG\left_2024_11_20_20_24_47_803.jpg, C:\Users\Owner\Downloads\simulator-windows-64\dataTrack1\IMG\right_2024_11_20_20_24_47_803.jpg, -0.3221543, 0, 0, 28.21905
C:\Users\Owner\Downloads\simulator-windows-64\dataTrack1\IMG\center_2024_11_20_20_24_47_905.jpg, C:\Users\Owner\Downloads\simulator-windows-64\dataTrack1\IMG\left_2024_11_20_20_24_47_905.jpg, C:\Users\Owner\Downloads\simulator-windows-64\dataTrack1\IMG\right_2024_11_20_20_24_47_905.jpg, -0.01311743, 0.3090369, 0, 28.1272
C:\Users\Owner\Downloads\simulator-windows-64\dataTrack1\IMG\center_2024_11_20_20_24_48_011.jpg, C:\Users\Owner\Downloads\simulator-windows-64\dataTrack1\IMG\left_2024_11_20_20_24_48_011.jpg, C:\Users\Owner\Downloads\simulator-windows-64\dataTrack1\IMG\right_2024_11_20_20_24_48_011.jpg, 0, 0.6248517, 0, 28.39798
C:\Users\Owner\Downloads\simulator-windows-64\dataTrack1\IMG\center_2024_11_20_20_24_48_115.jpg, C:\Users\Owner\Downloads\simulator-windows-64\dataTrack1\IMG\left_2024_11_20_20_24_48_115.jpg, C:\Users\Owner\Downloads\simulator-windows-64\dataTrack1\IMG\right_2024_11_20_20_24_48_115.jpg, 0, 0.3148158, 0, 28.70498
C:\Users\Owner\Downloads\simulator-windows-64\dataTrack1\IMG\center_2024_11_20_20_24_48_219.jpg, C:\Users\Owner\Downloads\simulator-windows-64\dataTrack1\IMG\left_2024_11_20_20_24_48_219.jpg, C:\Users\Owner\Downloads\simulator-windows-64\dataTrack1\IMG\right_2024_11_20_20_24_48_219.jpg, 0, 0.00272939, 0, 28.65154
C:\Users\Owner\Downloads\simulator-windows-64\dataTrack1\IMG\center_2024_11_20_20_24_48_320.jpg, C:\Users\Owner\Downloads\simulator-windows-64\dataTrack1\IMG\left_2024_11_20_20_24_48_320.jpg, C:\Users\Owner\Downloads\simulator-windows-64\dataTrack1\IMG\right_2024_11_20_20_24_48_320.jpg, 0, 0.2571417, 0, 28.50129
C:\Users\Owner\Downloads\simulator-windows-64\dataTrack1\IMG\center_2024_11_20_20_24_48_426.jpg, C:\Users\Owner\Downloads\simulator-windows-64\dataTrack1\IMG\left_2024_11_20_20_24_48_426.jpg, C:\Users\Owner\Downloads\simulator-windows-64\dataTrack1\IMG\right_2024_11_20_20_24_48_426.jpg, -0.2030919, 0.4128174, 0, 28.76945
C:\Users\Owner\Downloads\simulator-windows-64\dataTrack1\IMG\center_2024_11_20_20_24_48_531.jpg, C:\Users\Owner\Downloads\simulator-windows-64\dataTrack1\IMG\left_2024_11_20_20_24_48_531.jpg, C:\Users\Owner\Downloads\simulator-windows-64\dataTrack1\IMG\right_2024_11_20_20_24_48_531.jpg, -0.5216198, 0.09428944, 0, 28.62143
C:\Users\Owner\Downloads\simulator-windows-64\dataTrack1\IMG\center_2024_11_20_20_24_48_635.jpg, C:\Users\Owner\Downloads\simulator-windows-64\dataTrack1\IMG\left_2024_11_20_20_24_48_635.jpg, C:\Users\Owner\Downloads\simulator-windows-64\dataTrack1\IMG\right_2024_11_20_20_24_48_635.jpg, -0.2102891, 0, 0, 28.29717
C:\Users\Owner\Downloads\simulator-windows-64\dataTrack1\IMG\center_2024_11_20_20_24_48_739.jpg, C:\Users\Owner\Downloads\simulator-windows-64\dataTrack1\IMG\left_2024_11_20_20_24_48_739.jpg, C:\Users\Owner\Downloads\simulator-windows-64\dataTrack1\IMG\right_2024_11_20_20_24_48_739.jpg, 0, 0.1687959, 0, 28.06102
C:\Users\Owner\Downloads\simulator-windows-64\dataTrack1\IMG\center_2024_11_20_20_24_48_848.jpg, C:\Users\Owner\Downloads\simulator-windows-64\dataTrack1\IMG\left_2024_11_20_20_24_48_848.jpg, C:\Users\Owner\Downloads\simulator-windows-64\dataTrack1\IMG\right_2024_11_20_20_24_48_848.jpg, 0, 0.2330733, 0, 28.16887
C:\Users\Owner\Downloads\simulator-windows-64\dataTrack1\IMG\center_2024_11_20_20_24_48_951.jpg, C:\Users\Owner\Downloads\simulator-windows-64\dataTrack1\IMG\left_2024_11_20_20_24_48_951.jpg, C:\Users\Owner\Downloads\simulator-windows-64\dataTrack1\IMG\right_2024_11_20_20_24_48_951.jpg, 0, 0.0542679, 0, 27.99477
C:\Users\Owner\Downloads\simulator-windows-64\dataTrack1\IMG\center_2024_11_20_20_24_49_054.jpg, C:\Users\Owner\Downloads\simulator-windows-64\dataTrack1\IMG\left_2024_11_20_20_24_49_054.jpg, C:\Users\Owner\Downloads\simulator-windows-64\dataTrack1\IMG\right_2024_11_20_20_24_49_054.jpg, 0, 0.362559, 0, 27.94998
C:\Users\Owner\Downloads\simulator-windows-64\dataTrack1\IMG\center_2024_11_20_20_24_49_155.jpg, C:\Users\Owner\Downloads\simulator-windows-64\dataTrack1\IMG\left_2024_11_20_20_24_49_155.jpg, C:\Users\Owner\Downloads\simulator-windows-64\dataTrack1\IMG\right_2024_11_20_20_24_49_155.jpg, 0, 0.05617195, 0, 27.94798
C:\Users\Owner\Downloads\simulator-windows-64\dataTrack1\IMG\center_2024_11_20_20_24_49_263.jpg, C:\Users\Owner\Downloads\simulator-windows-64\dataTrack1\IMG\left_2024_11_20_20_24_49_263.jpg, C:\Users\Owner\Downloads\simulator-windows-64\dataTrack1\IMG\right_2024_11_20_20_24_49_263.jpg, 0, 0.2719598, 0, 27.91787
C:\Users\Owner\Downloads\simulator-windows-64\dataTrack1\IMG\center_2024_11_20_20_24_49_367.jpg, C:\Users\Owner\Downloads\simulator-windows-64\dataTrack1\IMG\left_2024_11_20_20_24_49_367.jpg, C:\Users\Owner\Downloads\simulator-windows-64\dataTrack1\IMG\right_2024_11_20_20_24_49_367.jpg, 0, 0, 0, 27.76988
C:\Users\Owner\Downloads\simulator-windows-64\dataTrack1\IMG\center_2024_11_20_20_24_49_471.jpg, C:\Users\Owner\Downloads\simulator-windows-64\dataTrack1\IMG\left_2024_11_20_20_24_49_471.jpg, C:\Users\Owner\Downloads\simulator-windows-64\dataTrack1\IMG\right_2024_11_20_20_24_49_471.jpg, 0, 0.2025726, 0, 27.67015
C:\Users\Owner\Downloads\simulator-windows-64\dataTrack1\IMG\center_2024_11_20_20_24_49_573.jpg, C:\Users\Owner\Downloads\simulator-windows-64\dataTrack1\IMG\left_2024_11_20_20_24_49_573.jpg, C:\Users\Owner\Downloads\simulator-windows-64\dataTrack1\IMG\right_2024_11_20_20_24_49_573.jpg, 0, 0, 0, 27.48414
C:\Users\Owner\Downloads\simulator-windows-64\dataTrack1\IMG\center_2024_11_20_20_24_49_679.jpg, C:\Users\Owner\Downloads\simulator-windows-64\dataTrack1\IMG\left_2024_11_20_20_24_49_679.jpg, C:\Users\Owner\Downloads\simulator-windows-64\dataTrack1\IMG\right_2024_11_20_20_24_49_679.jpg, 0, 0.3153861, 0, 27.35885
C:\Users\Owner\Downloads\simulator-windows-64\dataTrack1\IMG\center_2024_11_20_20_24_49_784.jpg, C:\Users\Owner\Downloads\simulator-windows-64\dataTrack1\IMG\left_2024_11_20_20_24_49_784.jpg, C:\Users\Owner\Downloads\simulator-windows-64\dataTrack1\IMG\right_2024_11_20_20_24_49_784.jpg, -0.1080888, 0.0005123951, 0, 27.27611
C:\Users\Owner\Downloads\simulator-windows-64\dataTrack1\IMG\center_2024_11_20_20_24_49_887.jpg, C:\Users\Owner\Downloads\simulator-windows-64\dataTrack1\IMG\left_2024_11_20_20_24_49_887.jpg, C:\Users\Owner\Downloads\simulator-windows-64\dataTrack1\IMG\right_2024_11_20_20_24_49_887.jpg, -0.4159026, 0, 0, 26.89097
C:\Users\Owner\Downloads\simulator-windows-64\dataTrack1\IMG\center_2024_11_20_20_24_49_989.jpg, C:\Users\Owner\Downloads\simulator-windows-64\dataTrack1\IMG\left_2024_11_20_20_24_49_989.jpg, C:\Users\Owner\Downloads\simulator-windows-64\dataTrack1\IMG\right_2024_11_20_20_24_49_989.jpg, -0.1084254, 0, 0, 26.59749
C:\Users\Owner\Downloads\simulator-windows-64\dataTrack1\IMG\center_2024_11_20_20_24_50_097.jpg, C:\Users\Owner\Downloads\simulator-windows-64\dataTrack1\IMG\left_2024_11_20_20_24_50_097.jpg, C:\Users\Owner\Downloads\simulator-windows-64\dataTrack1\IMG\right_2024_11_20_20_24_50_097.jpg, 0, 0.3209895, 0, 26.48466
C:\Users\Owner\Downloads\simulator-windows-64\dataTrack1\IMG\center_2024_11_20_20_24_50_201.jpg, C:\Users\Owner\Downloads\simulator-windows-64\dataTrack1\IMG\left_2024_11_20_20_24_50_201.jpg, C:\Users\Owner\Downloads\simulator-windows-64\dataTrack1\IMG\right_2024_11_20_20_24_50_201.jpg, 0, 0.06207269, 0, 26.46514
C:\Users\Owner\Downloads\simulator-windows-64\dataTrack1\IMG\center_2024_11_20_20_24_50_305.jpg, C:\Users\Owner\Downloads\simulator-windows-64\dataTrack1\IMG\left_2024_11_20_20_24_50_305.jpg, C:\Users\Owner\Downloads\simulator-windows-64\dataTrack1\IMG\right_2024_11_20_20_24_50_305.jpg, 0, 0.1012992, 0, 26.17003
C:\Users\Owner\Downloads\simulator-windows-64\dataTrack1\IMG\center_2024_11_20_20_24_50_408.jpg, C:\Users\Owner\Downloads\simulator-windows-64\dataTrack1\IMG\left_2024_11_20_20_24_50_408.jpg, C:\Users\Owner\Downloads\simulator-windows-64\dataTrack1\IMG\right_2024_11_20_20_24_50_408.jpg, 0, 0.2057559, 0, 26.1848
C:\Users\Owner\Downloads\simulator-windows-64\dataTrack1\IMG\center_2024_11_20_20_24_50_513.jpg, C:\Users\Owner\Downloads\simulator-windows-64\dataTrack1\IMG\left_2024_11_20_20_24_50_513.jpg, C:\Users\Owner\Downloads\simulator-windows-64\dataTrack1\IMG\right_2024_11_20_20_24_50_513.jpg, -0.3150795, 0, 0, 25.96314
C:\Users\Owner\Downloads\simulator-windows-64\dataTrack1\IMG\center_2024_11_20_20_24_50_615.jpg, C:\Users\Owner\Downloads\simulator-windows-64\dataTrack1\IMG\left_2024_11_20_20_24_50_615.jpg, C:\Users\Owner\Downloads\simulator-windows-64\dataTrack1\IMG\right_2024_11_20_20_24_50_615.jpg, -0.524436, 0, 0, 25.52037
C:\Users\Owner\Downloads\simulator-windows-64\dataTrack1\IMG\center_2024_11_20_20_24_50_720.jpg, C:\Users\Owner\Downloads\simulator-windows-64\dataTrack1\IMG\left_2024_11_20_20_24_50_720.jpg, C:\Users\Owner\Downloads\simulator-windows-64\dataTrack1\IMG\right_2024_11_20_20_24_50_720.jpg, -0.2644359, 0.2600001, 0, 25.38713
C:\Users\Owner\Downloads\simulator-windows-64\dataTrack1\IMG\center_2024_11_20_20_24_50_825.jpg, C:\Users\Owner\Downloads\simulator-windows-64\dataTrack1\IMG\left_2024_11_20_20_24_50_825.jpg, C:\Users\Owner\Downloads\simulator-windows-64\dataTrack1\IMG\right_2024_11_20_20_24_50_825.jpg, 0, 0.000112202, 0, 25.2977
C:\Users\Owner\Downloads\simulator-windows-64\dataTrack1\IMG\center_2024_11_20_20_24_50_931.jpg, C:\Users\Owner\Downloads\simulator-windows-64\dataTrack1\IMG\left_2024_11_20_20_24_50_931.jpg, C:\Users\Owner\Downloads\simulator-windows-64\dataTrack1\IMG\right_2024_11_20_20_24_50_931.jpg, 0, 0, 0, 25.03843
C:\Users\Owner\Downloads\simulator-windows-64\dataTrack1\IMG\center_2024_11_20_20_24_51_034.jpg, C:\Users\Owner\Downloads\simulator-windows-64\dataTrack1\IMG\left_2024_11_20_20_24_51_034.jpg, C:\Users\Owner\Downloads\simulator-windows-64\dataTrack1\IMG\right_2024_11_20_20_24_51_034.jpg, 0, 0, 0, 24.78506
C:\Users\Owner\Downloads\simulator-windows-64\dataTrack1\IMG\center_2024_11_20_20_24_51_140.jpg, C:\Users\Owner\Downloads\simulator-windows-64\dataTrack1\IMG\left_2024_11_20_20_24_51_140.jpg, C:\Users\Owner\Downloads\simulator-windows-64\dataTrack1\IMG\right_2024_11_20_20_24_51_140.jpg, 0, 0.0558141, 0, 24.53482
C:\Users\Owner\Downloads\simulator-windows-64\dataTrack1\IMG\center_2024_11_20_20_24_51_241.jpg, C:\Users\Owner\Downloads\simulator-windows-64\dataTrack1\IMG\left_2024_11_20_20_24_51_241.jpg, C:\Users\Owner\Downloads\simulator-windows-64\dataTrack1\IMG\right_2024_11_20_20_24_51_241.jpg, 0, 0.2057373, 0, 24.50209
C:\Users\Owner\Downloads\simulator-windows-64\dataTrack1\IMG\center_2024_11_20_20_24_51_345.jpg, C:\Users\Owner\Downloads\simulator-windows-64\dataTrack1\IMG\left_2024_11_20_20_24_51_345.jpg, C:\Users\Owner\Downloads\simulator-windows-64\dataTrack1\IMG\right_2024_11_20_20_24_51_345.jpg, 0, 0, 0, 24.25901
C:\Users\Owner\Downloads\simulator-windows-64\dataTrack1\IMG\center_2024_11_20_20_24_51_450.jpg, C:\Users\Owner\Downloads\simulator-windows-64\dataTrack1\IMG\left_2024_11_20_20_24_51_450.jpg, C:\Users\Owner\Downloads\simulator-windows-64\dataTrack1\IMG\right_2024_11_20_20_24_51_450.jpg, 0.100323, 0, 0, 24.01544
C:\Users\Owner\Downloads\simulator-windows-64\dataTrack1\IMG\center_2024_11_20_20_24_51_554.jpg, C:\Users\Owner\Downloads\simulator-windows-64\dataTrack1\IMG\left_2024_11_20_20_24_51_554.jpg, C:\Users\Owner\Downloads\simulator-windows-64\dataTrack1\IMG\right_2024_11_20_20_24_51_554.jpg, 0.4137558, 0, 0, 23.68082
C:\Users\Owner\Downloads\simulator-windows-64\dataTrack1\IMG\center_2024_11_20_20_24_51_658.jpg, C:\Users\Owner\Downloads\simulator-windows-64\dataTrack1\IMG\left_2024_11_20_20_24_51_658.jpg, C:\Users\Owner\Downloads\simulator-windows-64\dataTrack1\IMG\right_2024_11_20_20_24_51_658.jpg, 0.1012638, 0, 0, 23.4182
C:\Users\Owner\Downloads\simulator-windows-64\dataTrack1\IMG\center_2024_11_20_20_24_51_765.jpg, C:\Users\Owner\Downloads\simulator-windows-64\dataTrack1\IMG\left_2024_11_20_20_24_51_765.jpg, C:\Users\Owner\Downloads\simulator-windows-64\dataTrack1\IMG\right_2024_11_20_20_24_51_765.jpg, 0, 0, 0, 23.12442
C:\Users\Owner\Downloads\simulator-windows-64\dataTrack1\IMG\center_2024_11_20_20_24_51_870.jpg, C:\Users\Owner\Downloads\simulator-windows-64\dataTrack1\IMG\left_2024_11_20_20_24_51_870.jpg, C:\Users\Owner\Downloads\simulator-windows-64\dataTrack1\IMG\right_2024_11_20_20_24_51_870.jpg, 0, 0.1565226, 0, 22.94227
C:\Users\Owner\Downloads\simulator-windows-64\dataTrack1\IMG\center_2024_11_20_20_24_51_972.jpg, C:\Users\Owner\Downloads\simulator-windows-64\dataTrack1\IMG\left_2024_11_20_20_24_51_972.jpg, C:\Users\Owner\Downloads\simulator-windows-64\dataTrack1\IMG\right_2024_11_20_20_24_51_972.jpg, -0.0543183, 0.3560283, 0, 23.08236
C:\Users\Owner\Downloads\simulator-windows-64\dataTrack1\IMG\center_2024_11_20_20_24_52_075.jpg, C:\Users\Owner\Downloads\simulator-windows-64\dataTrack1\IMG\left_2024_11_20_20_24_52_075.jpg, C:\Users\Owner\Downloads\simulator-windows-64\dataTrack1\IMG\right_2024_11_20_20_24_52_075.jpg, -0.2600172, 0.04697522, 0, 23.03651
C:\Users\Owner\Downloads\simulator-windows-64\dataTrack1\IMG\center_2024_11_20_20_24_52_181.jpg, C:\Users\Owner\Downloads\simulator-windows-64\dataTrack1\IMG\left_2024_11_20_20_24_52_181.jpg, C:\Users\Owner\Downloads\simulator-windows-64\dataTrack1\IMG\right_2024_11_20_20_24_52_181.jpg, 0, 0.1729434, 0, 22.8698
C:\Users\Owner\Downloads\simulator-windows-64\dataTrack1\IMG\center_2024_11_20_20_24_52_285.jpg, C:\Users\Owner\Downloads\simulator-windows-64\dataTrack1\IMG\left_2024_11_20_20_24_52_285.jpg, C:\Users\Owner\Downloads\simulator-windows-64\dataTrack1\IMG\right_2024_11_20_20_24_52_285.jpg, 0, 0.1223721, 0, 22.95519
C:\Users\Owner\Downloads\simulator-windows-64\dataTrack1\IMG\center_2024_11_20_20_24_52_389.jpg, C:\Users\Owner\Downloads\simulator-windows-64\dataTrack1\IMG\left_2024_11_20_20_24_52_389.jpg, C:\Users\Owner\Downloads\simulator-windows-64\dataTrack1\IMG\right_2024_11_20_20_24_52_389.jpg, 0, 0.1068405, 0, 22.76381
C:\Users\Owner\Downloads\simulator-windows-64\dataTrack1\IMG\center_2024_11_20_20_24_52_501.jpg, C:\Users\Owner\Downloads\simulator-windows-64\dataTrack1\IMG\left_2024_11_20_20_24_52_501.jpg, C:\Users\Owner\Downloads\simulator-windows-64\dataTrack1\IMG\right_2024_11_20_20_24_52_501.jpg, 0, 0.3869949, 0, 22.83854
C:\Users\Owner\Downloads\simulator-windows-64\dataTrack1\IMG\center_2024_11_20_20_24_52_605.jpg, C:\Users\Owner\Downloads\simulator-windows-64\dataTrack1\IMG\left_2024_11_20_20_24_52_605.jpg, C:\Users\Owner\Downloads\simulator-windows-64\dataTrack1\IMG\right_2024_11_20_20_24_52_605.jpg, 0, 0.1268397, 0, 22.82843
C:\Users\Owner\Downloads\simulator-windows-64\dataTrack1\IMG\center_2024_11_20_20_24_52_708.jpg, C:\Users\Owner\Downloads\simulator-windows-64\dataTrack1\IMG\left_2024_11_20_20_24_52_708.jpg, C:\Users\Owner\Downloads\simulator-windows-64\dataTrack1\IMG\right_2024_11_20_20_24_52_708.jpg, -0.1032669, 0.335907, 0, 22.9849
C:\Users\Owner\Downloads\simulator-windows-64\dataTrack1\IMG\center_2024_11_20_20_24_52_816.jpg, C:\Users\Owner\Downloads\simulator-windows-64\dataTrack1\IMG\left_2024_11_20_20_24_52_816.jpg, C:\Users\Owner\Downloads\simulator-windows-64\dataTrack1\IMG\right_2024_11_20_20_24_52_816.jpg, -0.424263, 0.01491087, 0, 22.88167
C:\Users\Owner\Downloads\simulator-windows-64\dataTrack1\IMG\center_2024_11_20_20_24_52_921.jpg, C:\Users\Owner\Downloads\simulator-windows-64\dataTrack1\IMG\left_2024_11_20_20_24_52_921.jpg, C:\Users\Owner\Downloads\simulator-windows-64\dataTrack1\IMG\right_2024_11_20_20_24_52_921.jpg, -0.1604397, 0, 0, 22.61971
C:\Users\Owner\Downloads\simulator-windows-64\dataTrack1\IMG\center_2024_11_20_20_24_53_022.jpg, C:\Users\Owner\Downloads\simulator-windows-64\dataTrack1\IMG\left_2024_11_20_20_24_53_022.jpg, C:\Users\Owner\Downloads\simulator-windows-64\dataTrack1\IMG\right_2024_11_20_20_24_53_022.jpg, 0, 0.3049182, 0, 22.55902
C:\Users\Owner\Downloads\simulator-windows-64\dataTrack1\IMG\center_2024_11_20_20_24_53_130.jpg, C:\Users\Owner\Downloads\simulator-windows-64\dataTrack1\IMG\left_2024_11_20_20_24_53_130.jpg, C:\Users\Owner\Downloads\simulator-windows-64\dataTrack1\IMG\right_2024_11_20_20_24_53_130.jpg, 0, 0.1697247, 0, 22.68594
C:\Users\Owner\Downloads\simulator-windows-64\dataTrack1\IMG\center_2024_11_20_20_24_53_234.jpg, C:\Users\Owner\Downloads\simulator-windows-64\dataTrack1\IMG\left_2024_11_20_20_24_53_234.jpg, C:\Users\Owner\Downloads\simulator-windows-64\dataTrack1\IMG\right_2024_11_20_20_24_53_234.jpg, 0, 0.0543633, 0, 22.53893
C:\Users\Owner\Downloads\simulator-windows-64\dataTrack1\IMG\center_2024_11_20_20_24_53_338.jpg, C:\Users\Owner\Downloads\simulator-windows-64\dataTrack1\IMG\left_2024_11_20_20_24_53_338.jpg, C:\Users\Owner\Downloads\simulator-windows-64\dataTrack1\IMG\right_2024_11_20_20_24_53_338.jpg, 0, 0.2616957, 0, 22.51544
C:\Users\Owner\Downloads\simulator-windows-64\dataTrack1\IMG\center_2024_11_20_20_24_53_441.jpg, C:\Users\Owner\Downloads\simulator-windows-64\dataTrack1\IMG\left_2024_11_20_20_24_53_441.jpg, C:\Users\Owner\Downloads\simulator-windows-64\dataTrack1\IMG\right_2024_11_20_20_24_53_441.jpg, 0, 0.004370093, 0, 22.4749
C:\Users\Owner\Downloads\simulator-windows-64\dataTrack1\IMG\center_2024_11_20_20_24_53_545.jpg, C:\Users\Owner\Downloads\simulator-windows-64\dataTrack1\IMG\left_2024_11_20_20_24_53_545.jpg, C:\Users\Owner\Downloads\simulator-windows-64\dataTrack1\IMG\right_2024_11_20_20_24_53_545.jpg, -0.3134454, 0.1000425, 0, 22.23754
C:\Users\Owner\Downloads\simulator-windows-64\dataTrack1\IMG\center_2024_11_20_20_24_53_651.jpg, C:\Users\Owner\Downloads\simulator-windows-64\dataTrack1\IMG\left_2024_11_20_20_24_53_651.jpg, C:\Users\Owner\Downloads\simulator-windows-64\dataTrack1\IMG\right_2024_11_20_20_24_53_651.jpg, -0.5229714, 0, 0, 21.82902
C:\Users\Owner\Downloads\simulator-windows-64\dataTrack1\IMG\center_2024_11_20_20_24_53_753.jpg, C:\Users\Owner\Downloads\simulator-windows-64\dataTrack1\IMG\left_2024_11_20_20_24_53_753.jpg, C:\Users\Owner\Downloads\simulator-windows-64\dataTrack1\IMG\right_2024_11_20_20_24_53_753.jpg, -0.2171502, 0.223491, 0, 21.70484
C:\Users\Owner\Downloads\simulator-windows-64\dataTrack1\IMG\center_2024_11_20_20_24_53_856.jpg, C:\Users\Owner\Downloads\simulator-windows-64\dataTrack1\IMG\left_2024_11_20_20_24_53_856.jpg, C:\Users\Owner\Downloads\simulator-windows-64\dataTrack1\IMG\right_2024_11_20_20_24_53_856.jpg, 0, 0.1228761, 0, 21.79826
C:\Users\Owner\Downloads\simulator-windows-64\dataTrack1\IMG\center_2024_11_20_20_24_53_963.jpg, C:\Users\Owner\Downloads\simulator-windows-64\dataTrack1\IMG\left_2024_11_20_20_24_53_963.jpg, C:\Users\Owner\Downloads\simulator-windows-64\dataTrack1\IMG\right_2024_11_20_20_24_53_963.jpg, 0, 0, 0, 21.54691
C:\Users\Owner\Downloads\simulator-windows-64\dataTrack1\IMG\center_2024_11_20_20_24_54_067.jpg, C:\Users\Owner\Downloads\simulator-windows-64\dataTrack1\IMG\left_2024_11_20_20_24_54_067.jpg, C:\Users\Owner\Downloads\simulator-windows-64\dataTrack1\IMG\right_2024_11_20_20_24_54_067.jpg, 0, 0.2079576, 0, 21.45126
C:\Users\Owner\Downloads\simulator-windows-64\dataTrack1\IMG\center_2024_11_20_20_24_54_171.jpg, C:\Users\Owner\Downloads\simulator-windows-64\dataTrack1\IMG\left_2024_11_20_20_24_54_171.jpg, C:\Users\Owner\Downloads\simulator-windows-64\dataTrack1\IMG\right_2024_11_20_20_24_54_171.jpg, 0, 0.1027449, 0, 21.46237
C:\Users\Owner\Downloads\simulator-windows-64\dataTrack1\IMG\center_2024_11_20_20_24_54_273.jpg, C:\Users\Owner\Downloads\simulator-windows-64\dataTrack1\IMG\left_2024_11_20_20_24_54_273.jpg, C:\Users\Owner\Downloads\simulator-windows-64\dataTrack1\IMG\right_2024_11_20_20_24_54_273.jpg, 0, 0.1471323, 0, 21.37596
C:\Users\Owner\Downloads\simulator-windows-64\dataTrack1\IMG\center_2024_11_20_20_24_54_377.jpg, C:\Users\Owner\Downloads\simulator-windows-64\dataTrack1\IMG\left_2024_11_20_20_24_54_377.jpg, C:\Users\Owner\Downloads\simulator-windows-64\dataTrack1\IMG\right_2024_11_20_20_24_54_377.jpg, 0, 0.04487493, 0, 21.22716
C:\Users\Owner\Downloads\simulator-windows-64\dataTrack1\IMG\center_2024_11_20_20_24_54_482.jpg, C:\Users\Owner\Downloads\simulator-windows-64\dataTrack1\IMG\left_2024_11_20_20_24_54_482.jpg, C:\Users\Owner\Downloads\simulator-windows-64\dataTrack1\IMG\right_2024_11_20_20_24_54_482.jpg, 0, 0.1551417, 0, 20.97202
C:\Users\Owner\Downloads\simulator-windows-64\dataTrack1\IMG\center_2024_11_20_20_24_54_584.jpg, C:\Users\Owner\Downloads\simulator-windows-64\dataTrack1\IMG\left_2024_11_20_20_24_54_584.jpg, C:\Users\Owner\Downloads\simulator-windows-64\dataTrack1\IMG\right_2024_11_20_20_24_54_584.jpg, 0, 0, 0, 21.08358
C:\Users\Owner\Downloads\simulator-windows-64\dataTrack1\IMG\center_2024_11_20_20_24_54_688.jpg, C:\Users\Owner\Downloads\simulator-windows-64\dataTrack1\IMG\left_2024_11_20_20_24_54_688.jpg, C:\Users\Owner\Downloads\simulator-windows-64\dataTrack1\IMG\right_2024_11_20_20_24_54_688.jpg, 0, 0.2065812, 0, 20.80114
C:\Users\Owner\Downloads\simulator-windows-64\dataTrack1\IMG\center_2024_11_20_20_24_54_792.jpg, C:\Users\Owner\Downloads\simulator-windows-64\dataTrack1\IMG\left_2024_11_20_20_24_54_792.jpg, C:\Users\Owner\Downloads\simulator-windows-64\dataTrack1\IMG\right_2024_11_20_20_24_54_792.jpg, 0, 0, 0, 20.94381
C:\Users\Owner\Downloads\simulator-windows-64\dataTrack1\IMG\center_2024_11_20_20_24_54_896.jpg, C:\Users\Owner\Downloads\simulator-windows-64\dataTrack1\IMG\left_2024_11_20_20_24_54_896.jpg, C:\Users\Owner\Downloads\simulator-windows-64\dataTrack1\IMG\right_2024_11_20_20_24_54_896.jpg, 0, 0, 0, 20.41788
C:\Users\Owner\Downloads\simulator-windows-64\dataTrack1\IMG\center_2024_11_20_20_24_55_000.jpg, C:\Users\Owner\Downloads\simulator-windows-64\dataTrack1\IMG\left_2024_11_20_20_24_55_000.jpg, C:\Users\Owner\Downloads\simulator-windows-64\dataTrack1\IMG\right_2024_11_20_20_24_55_000.jpg, 0, 0, 0, 20.53198
C:\Users\Owner\Downloads\simulator-windows-64\dataTrack1\IMG\center_2024_11_20_20_24_55_104.jpg, C:\Users\Owner\Downloads\simulator-windows-64\dataTrack1\IMG\left_2024_11_20_20_24_55_104.jpg, C:\Users\Owner\Downloads\simulator-windows-64\dataTrack1\IMG\right_2024_11_20_20_24_55_104.jpg, 0, 0, 0, 20.29071
C:\Users\Owner\Downloads\simulator-windows-64\dataTrack1\IMG\center_2024_11_20_20_24_55_206.jpg, C:\Users\Owner\Downloads\simulator-windows-64\dataTrack1\IMG\left_2024_11_20_20_24_55_206.jpg, C:\Users\Owner\Downloads\simulator-windows-64\dataTrack1\IMG\right_2024_11_20_20_24_55_206.jpg, 0, 0, 0, 19.74482
C:\Users\Owner\Downloads\simulator-windows-64\dataTrack1\IMG\center_2024_11_20_20_24_55_314.jpg, C:\Users\Owner\Downloads\simulator-windows-64\dataTrack1\IMG\left_2024_11_20_20_24_55_314.jpg, C:\Users\Owner\Downloads\simulator-windows-64\dataTrack1\IMG\right_2024_11_20_20_24_55_314.jpg, 0, 0, 0, 19.89919
C:\Users\Owner\Downloads\simulator-windows-64\dataTrack1\IMG\center_2024_11_20_20_24_55_416.jpg, C:\Users\Owner\Downloads\simulator-windows-64\dataTrack1\IMG\left_2024_11_20_20_24_55_416.jpg, C:\Users\Owner\Downloads\simulator-windows-64\dataTrack1\IMG\right_2024_11_20_20_24_55_416.jpg, 0, 0, 0, 19.32479
C:\Users\Owner\Downloads\simulator-windows-64\dataTrack1\IMG\center_2024_11_20_20_24_55_522.jpg, C:\Users\Owner\Downloads\simulator-windows-64\dataTrack1\IMG\left_2024_11_20_20_24_55_522.jpg, C:\Users\Owner\Downloads\simulator-windows-64\dataTrack1\IMG\right_2024_11_20_20_24_55_522.jpg, 0, 0, 0, 19.06922
C:\Users\Owner\Downloads\simulator-windows-64\dataTrack1\IMG\center_2024_11_20_20_24_55_623.jpg, C:\Users\Owner\Downloads\simulator-windows-64\dataTrack1\IMG\left_2024_11_20_20_24_55_623.jpg, C:\Users\Owner\Downloads\simulator-windows-64\dataTrack1\IMG\right_2024_11_20_20_24_55_623.jpg, 0, 0, 0, 19.30657
C:\Users\Owner\Downloads\simulator-windows-64\dataTrack1\IMG\center_2024_11_20_20_24_55_726.jpg, C:\Users\Owner\Downloads\simulator-windows-64\dataTrack1\IMG\left_2024_11_20_20_24_55_726.jpg, C:\Users\Owner\Downloads\simulator-windows-64\dataTrack1\IMG\right_2024_11_20_20_24_55_726.jpg, 0, 0, 0, 18.65243
C:\Users\Owner\Downloads\simulator-windows-64\dataTrack1\IMG\center_2024_11_20_20_24_55_832.jpg, C:\Users\Owner\Downloads\simulator-windows-64\dataTrack1\IMG\left_2024_11_20_20_24_55_832.jpg, C:\Users\Owner\Downloads\simulator-windows-64\dataTrack1\IMG\right_2024_11_20_20_24_55_832.jpg, 0, 0, 0, 18.93633
C:\Users\Owner\Downloads\simulator-windows-64\dataTrack1\IMG\center_2024_11_20_20_24_55_940.jpg, C:\Users\Owner\Downloads\simulator-windows-64\dataTrack1\IMG\left_2024_11_20_20_24_55_940.jpg, C:\Users\Owner\Downloads\simulator-windows-64\dataTrack1\IMG\right_2024_11_20_20_24_55_940.jpg, 0, 0, 0, 18.25941
C:\Users\Owner\Downloads\simulator-windows-64\dataTrack1\IMG\center_2024_11_20_20_24_56_058.jpg, C:\Users\Owner\Downloads\simulator-windows-64\dataTrack1\IMG\left_2024_11_20_20_24_56_058.jpg, C:\Users\Owner\Downloads\simulator-windows-64\dataTrack1\IMG\right_2024_11_20_20_24_56_058.jpg, 0, 0, 0, 18.02943
C:\Users\Owner\Downloads\simulator-windows-64\dataTrack1\IMG\center_2024_11_20_20_24_56_163.jpg, C:\Users\Owner\Downloads\simulator-windows-64\dataTrack1\IMG\left_2024_11_20_20_24_56_163.jpg, C:\Users\Owner\Downloads\simulator-windows-64\dataTrack1\IMG\right_2024_11_20_20_24_56_163.jpg, 0, 0, 0, 17.80289
C:\Users\Owner\Downloads\simulator-windows-64\dataTrack1\IMG\center_2024_11_20_20_24_56_268.jpg, C:\Users\Owner\Downloads\simulator-windows-64\dataTrack1\IMG\left_2024_11_20_20_24_56_268.jpg, C:\Users\Owner\Downloads\simulator-windows-64\dataTrack1\IMG\right_2024_11_20_20_24_56_268.jpg, 0, 0, 0, 18.13223
C:\Users\Owner\Downloads\simulator-windows-64\dataTrack1\IMG\center_2024_11_20_20_24_56_369.jpg, C:\Users\Owner\Downloads\simulator-windows-64\dataTrack1\IMG\left_2024_11_20_20_24_56_369.jpg, C:\Users\Owner\Downloads\simulator-windows-64\dataTrack1\IMG\right_2024_11_20_20_24_56_369.jpg, 0, 0, 0, 17.43257
C:\Users\Owner\Downloads\simulator-windows-64\dataTrack1\IMG\center_2024_11_20_20_24_56_473.jpg, C:\Users\Owner\Downloads\simulator-windows-64\dataTrack1\IMG\left_2024_11_20_20_24_56_473.jpg, C:\Users\Owner\Downloads\simulator-windows-64\dataTrack1\IMG\right_2024_11_20_20_24_56_473.jpg, 0, 0, 0, 17.77673
C:\Users\Owner\Downloads\simulator-windows-64\dataTrack1\IMG\center_2024_11_20_20_24_56_575.jpg, C:\Users\Owner\Downloads\simulator-windows-64\dataTrack1\IMG\left_2024_11_20_20_24_56_575.jpg, C:\Users\Owner\Downloads\simulator-windows-64\dataTrack1\IMG\right_2024_11_20_20_24_56_575.jpg, -0.3063777, 0, 0, 17.05228
C:\Users\Owner\Downloads\simulator-windows-64\dataTrack1\IMG\center_2024_11_20_20_24_56_681.jpg, C:\Users\Owner\Downloads\simulator-windows-64\dataTrack1\IMG\left_2024_11_20_20_24_56_681.jpg, C:\Users\Owner\Downloads\simulator-windows-64\dataTrack1\IMG\right_2024_11_20_20_24_56_681.jpg, -0.2564925, 0, 0, 17.3264
C:\Users\Owner\Downloads\simulator-windows-64\dataTrack1\IMG\center_2024_11_20_20_24_56_784.jpg, C:\Users\Owner\Downloads\simulator-windows-64\dataTrack1\IMG\left_2024_11_20_20_24_56_784.jpg, C:\Users\Owner\Downloads\simulator-windows-64\dataTrack1\IMG\right_2024_11_20_20_24_56_784.jpg, -0.5149383, 0, 0, 17.05079
C:\Users\Owner\Downloads\simulator-windows-64\dataTrack1\IMG\center_2024_11_20_20_24_56_889.jpg, C:\Users\Owner\Downloads\simulator-windows-64\dataTrack1\IMG\left_2024_11_20_20_24_56_889.jpg, C:\Users\Owner\Downloads\simulator-windows-64\dataTrack1\IMG\right_2024_11_20_20_24_56_889.jpg, -0.2010096, 0, 0, 16.36048
C:\Users\Owner\Downloads\simulator-windows-64\dataTrack1\IMG\center_2024_11_20_20_24_56_992.jpg, C:\Users\Owner\Downloads\simulator-windows-64\dataTrack1\IMG\left_2024_11_20_20_24_56_992.jpg, C:\Users\Owner\Downloads\simulator-windows-64\dataTrack1\IMG\right_2024_11_20_20_24_56_992.jpg, 0, 0, 0, 16.70569
C:\Users\Owner\Downloads\simulator-windows-64\dataTrack1\IMG\center_2024_11_20_20_24_57_096.jpg, C:\Users\Owner\Downloads\simulator-windows-64\dataTrack1\IMG\left_2024_11_20_20_24_57_096.jpg, C:\Users\Owner\Downloads\simulator-windows-64\dataTrack1\IMG\right_2024_11_20_20_24_57_096.jpg, 0, 0, 0, 15.99917
C:\Users\Owner\Downloads\simulator-windows-64\dataTrack1\IMG\center_2024_11_20_20_24_57_202.jpg, C:\Users\Owner\Downloads\simulator-windows-64\dataTrack1\IMG\left_2024_11_20_20_24_57_202.jpg, C:\Users\Owner\Downloads\simulator-windows-64\dataTrack1\IMG\right_2024_11_20_20_24_57_202.jpg, 0, 0, 0, 15.80768
C:\Users\Owner\Downloads\simulator-windows-64\dataTrack1\IMG\center_2024_11_20_20_24_57_305.jpg, C:\Users\Owner\Downloads\simulator-windows-64\dataTrack1\IMG\left_2024_11_20_20_24_57_305.jpg, C:\Users\Owner\Downloads\simulator-windows-64\dataTrack1\IMG\right_2024_11_20_20_24_57_305.jpg, -0.3076542, 0, 0, 16.14351
C:\Users\Owner\Downloads\simulator-windows-64\dataTrack1\IMG\center_2024_11_20_20_24_57_409.jpg, C:\Users\Owner\Downloads\simulator-windows-64\dataTrack1\IMG\left_2024_11_20_20_24_57_409.jpg, C:\Users\Owner\Downloads\simulator-windows-64\dataTrack1\IMG\right_2024_11_20_20_24_57_409.jpg, 0, 0, 0, 15.44169
C:\Users\Owner\Downloads\simulator-windows-64\dataTrack1\IMG\center_2024_11_20_20_24_57_510.jpg, C:\Users\Owner\Downloads\simulator-windows-64\dataTrack1\IMG\left_2024_11_20_20_24_57_510.jpg, C:\Users\Owner\Downloads\simulator-windows-64\dataTrack1\IMG\right_2024_11_20_20_24_57_510.jpg, 0, 0, 0, 15.84074
C:\Users\Owner\Downloads\simulator-windows-64\dataTrack1\IMG\center_2024_11_20_20_24_57_615.jpg, C:\Users\Owner\Downloads\simulator-windows-64\dataTrack1\IMG\left_2024_11_20_20_24_57_615.jpg, C:\Users\Owner\Downloads\simulator-windows-64\dataTrack1\IMG\right_2024_11_20_20_24_57_615.jpg, 0, 0, 0, 15.16228
C:\Users\Owner\Downloads\simulator-windows-64\dataTrack1\IMG\center_2024_11_20_20_24_57_717.jpg, C:\Users\Owner\Downloads\simulator-windows-64\dataTrack1\IMG\left_2024_11_20_20_24_57_717.jpg, C:\Users\Owner\Downloads\simulator-windows-64\dataTrack1\IMG\right_2024_11_20_20_24_57_717.jpg, 0, 0, 0, 15.53724
C:\Users\Owner\Downloads\simulator-windows-64\dataTrack1\IMG\center_2024_11_20_20_24_57_823.jpg, C:\Users\Owner\Downloads\simulator-windows-64\dataTrack1\IMG\left_2024_11_20_20_24_57_823.jpg, C:\Users\Owner\Downloads\simulator-windows-64\dataTrack1\IMG\right_2024_11_20_20_24_57_823.jpg, -0.1550229, 0, 0, 15.34637
C:\Users\Owner\Downloads\simulator-windows-64\dataTrack1\IMG\center_2024_11_20_20_24_57_925.jpg, C:\Users\Owner\Downloads\simulator-windows-64\dataTrack1\IMG\left_2024_11_20_20_24_57_925.jpg, C:\Users\Owner\Downloads\simulator-windows-64\dataTrack1\IMG\right_2024_11_20_20_24_57_925.jpg, -0.0555156, 0, 0, 14.66065
C:\Users\Owner\Downloads\simulator-windows-64\dataTrack1\IMG\center_2024_11_20_20_24_58_032.jpg, C:\Users\Owner\Downloads\simulator-windows-64\dataTrack1\IMG\left_2024_11_20_20_24_58_032.jpg, C:\Users\Owner\Downloads\simulator-windows-64\dataTrack1\IMG\right_2024_11_20_20_24_58_032.jpg, 0, 0, 0, 15.02591
C:\Users\Owner\Downloads\simulator-windows-64\dataTrack1\IMG\center_2024_11_20_20_24_58_136.jpg, C:\Users\Owner\Downloads\simulator-windows-64\dataTrack1\IMG\left_2024_11_20_20_24_58_136.jpg, C:\Users\Owner\Downloads\simulator-windows-64\dataTrack1\IMG\right_2024_11_20_20_24_58_136.jpg, 0, 0, 0, 14.37416
C:\Users\Owner\Downloads\simulator-windows-64\dataTrack1\IMG\center_2024_11_20_20_24_58_240.jpg, C:\Users\Owner\Downloads\simulator-windows-64\dataTrack1\IMG\left_2024_11_20_20_24_58_240.jpg, C:\Users\Owner\Downloads\simulator-windows-64\dataTrack1\IMG\right_2024_11_20_20_24_58_240.jpg, 0, 0, 0, 14.72031
C:\Users\Owner\Downloads\simulator-windows-64\dataTrack1\IMG\center_2024_11_20_20_24_58_343.jpg, C:\Users\Owner\Downloads\simulator-windows-64\dataTrack1\IMG\left_2024_11_20_20_24_58_343.jpg, C:\Users\Owner\Downloads\simulator-windows-64\dataTrack1\IMG\right_2024_11_20_20_24_58_343.jpg, 0, 0, 0, 14.56341
C:\Users\Owner\Downloads\simulator-windows-64\dataTrack1\IMG\center_2024_11_20_20_24_58_450.jpg, C:\Users\Owner\Downloads\simulator-windows-64\dataTrack1\IMG\left_2024_11_20_20_24_58_450.jpg, C:\Users\Owner\Downloads\simulator-windows-64\dataTrack1\IMG\right_2024_11_20_20_24_58_450.jpg, 0, 0, 0, 13.90289
C:\Users\Owner\Downloads\simulator-windows-64\dataTrack1\IMG\center_2024_11_20_20_24_58_553.jpg, C:\Users\Owner\Downloads\simulator-windows-64\dataTrack1\IMG\left_2024_11_20_20_24_58_553.jpg, C:\Users\Owner\Downloads\simulator-windows-64\dataTrack1\IMG\right_2024_11_20_20_24_58_553.jpg, -0.1169505, 0, 0, 14.26622
C:\Users\Owner\Downloads\simulator-windows-64\dataTrack1\IMG\center_2024_11_20_20_24_58_653.jpg, C:\Users\Owner\Downloads\simulator-windows-64\dataTrack1\IMG\left_2024_11_20_20_24_58_653.jpg, C:\Users\Owner\Downloads\simulator-windows-64\dataTrack1\IMG\right_2024_11_20_20_24_58_653.jpg, 0, 0, 0, 13.57936
C:\Users\Owner\Downloads\simulator-windows-64\dataTrack1\IMG\center_2024_11_20_20_24_58_757.jpg, C:\Users\Owner\Downloads\simulator-windows-64\dataTrack1\IMG\left_2024_11_20_20_24_58_757.jpg, C:\Users\Owner\Downloads\simulator-windows-64\dataTrack1\IMG\right_2024_11_20_20_24_58_757.jpg, 0, 0, 0, 13.93919
C:\Users\Owner\Downloads\simulator-windows-64\dataTrack1\IMG\center_2024_11_20_20_24_58_865.jpg, C:\Users\Owner\Downloads\simulator-windows-64\dataTrack1\IMG\left_2024_11_20_20_24_58_865.jpg, C:\Users\Owner\Downloads\simulator-windows-64\dataTrack1\IMG\right_2024_11_20_20_24_58_865.jpg, 0, 0, 0, 13.76578
C:\Users\Owner\Downloads\simulator-windows-64\dataTrack1\IMG\center_2024_11_20_20_24_58_969.jpg, C:\Users\Owner\Downloads\simulator-windows-64\dataTrack1\IMG\left_2024_11_20_20_24_58_969.jpg, C:\Users\Owner\Downloads\simulator-windows-64\dataTrack1\IMG\right_2024_11_20_20_24_58_969.jpg, -0.2070411, 0, 0, 13.05117
C:\Users\Owner\Downloads\simulator-windows-64\dataTrack1\IMG\center_2024_11_20_20_24_59_075.jpg, C:\Users\Owner\Downloads\simulator-windows-64\dataTrack1\IMG\left_2024_11_20_20_24_59_075.jpg, C:\Users\Owner\Downloads\simulator-windows-64\dataTrack1\IMG\right_2024_11_20_20_24_59_075.jpg, 0, 0, 0, 13.49984
C:\Users\Owner\Downloads\simulator-windows-64\dataTrack1\IMG\center_2024_11_20_20_24_59_175.jpg, C:\Users\Owner\Downloads\simulator-windows-64\dataTrack1\IMG\left_2024_11_20_20_24_59_175.jpg, C:\Users\Owner\Downloads\simulator-windows-64\dataTrack1\IMG\right_2024_11_20_20_24_59_175.jpg, 0, 0, 0, 12.81379
C:\Users\Owner\Downloads\simulator-windows-64\dataTrack1\IMG\center_2024_11_20_20_24_59_283.jpg, C:\Users\Owner\Downloads\simulator-windows-64\dataTrack1\IMG\left_2024_11_20_20_24_59_283.jpg, C:\Users\Owner\Downloads\simulator-windows-64\dataTrack1\IMG\right_2024_11_20_20_24_59_283.jpg, 0, 0, 0, 12.70585
C:\Users\Owner\Downloads\simulator-windows-64\dataTrack1\IMG\center_2024_11_20_20_24_59_388.jpg, C:\Users\Owner\Downloads\simulator-windows-64\dataTrack1\IMG\left_2024_11_20_20_24_59_388.jpg, C:\Users\Owner\Downloads\simulator-windows-64\dataTrack1\IMG\right_2024_11_20_20_24_59_388.jpg, 0, 0, 0, 13.07106
C:\Users\Owner\Downloads\simulator-windows-64\dataTrack1\IMG\center_2024_11_20_20_24_59_493.jpg, C:\Users\Owner\Downloads\simulator-windows-64\dataTrack1\IMG\left_2024_11_20_20_24_59_493.jpg, C:\Users\Owner\Downloads\simulator-windows-64\dataTrack1\IMG\right_2024_11_20_20_24_59_493.jpg, -0.1197765, 0, 0, 12.39834
C:\Users\Owner\Downloads\simulator-windows-64\dataTrack1\IMG\center_2024_11_20_20_24_59_595.jpg, C:\Users\Owner\Downloads\simulator-windows-64\dataTrack1\IMG\left_2024_11_20_20_24_59_595.jpg, C:\Users\Owner\Downloads\simulator-windows-64\dataTrack1\IMG\right_2024_11_20_20_24_59_595.jpg, 0, 0, 0, 12.79623
C:\Users\Owner\Downloads\simulator-windows-64\dataTrack1\IMG\center_2024_11_20_20_24_59_701.jpg, C:\Users\Owner\Downloads\simulator-windows-64\dataTrack1\IMG\left_2024_11_20_20_24_59_701.jpg, C:\Users\Owner\Downloads\simulator-windows-64\dataTrack1\IMG\right_2024_11_20_20_24_59_701.jpg, 0, 0, 0, 12.15042
C:\Users\Owner\Downloads\simulator-windows-64\dataTrack1\IMG\center_2024_11_20_20_24_59_805.jpg, C:\Users\Owner\Downloads\simulator-windows-64\dataTrack1\IMG\left_2024_11_20_20_24_59_805.jpg, C:\Users\Owner\Downloads\simulator-windows-64\dataTrack1\IMG\right_2024_11_20_20_24_59_805.jpg, 0, 0, 0, 12.02251
C:\Users\Owner\Downloads\simulator-windows-64\dataTrack1\IMG\center_2024_11_20_20_24_59_909.jpg, C:\Users\Owner\Downloads\simulator-windows-64\dataTrack1\IMG\left_2024_11_20_20_24_59_909.jpg, C:\Users\Owner\Downloads\simulator-windows-64\dataTrack1\IMG\right_2024_11_20_20_24_59_909.jpg, 0, 0, 0, 12.32826
C:\Users\Owner\Downloads\simulator-windows-64\dataTrack1\IMG\center_2024_11_20_20_25_00_011.jpg, C:\Users\Owner\Downloads\simulator-windows-64\dataTrack1\IMG\left_2024_11_20_20_25_00_011.jpg, C:\Users\Owner\Downloads\simulator-windows-64\dataTrack1\IMG\right_2024_11_20_20_25_00_011.jpg, 0, 0, 0, 11.78495
C:\Users\Owner\Downloads\simulator-windows-64\dataTrack1\IMG\center_2024_11_20_20_25_00_116.jpg, C:\Users\Owner\Downloads\simulator-windows-64\dataTrack1\IMG\left_2024_11_20_20_25_00_116.jpg, C:\Users\Owner\Downloads\simulator-windows-64\dataTrack1\IMG\right_2024_11_20_20_25_00_116.jpg, 0, 0, 0, 11.94931
C:\Users\Owner\Downloads\simulator-windows-64\dataTrack1\IMG\center_2024_11_20_20_25_00_220.jpg, C:\Users\Owner\Downloads\simulator-windows-64\dataTrack1\IMG\left_2024_11_20_20_25_00_220.jpg, C:\Users\Owner\Downloads\simulator-windows-64\dataTrack1\IMG\right_2024_11_20_20_25_00_220.jpg, 0, 0, 0, 11.5768
C:\Users\Owner\Downloads\simulator-windows-64\dataTrack1\IMG\center_2024_11_20_20_25_00_324.jpg, C:\Users\Owner\Downloads\simulator-windows-64\dataTrack1\IMG\left_2024_11_20_20_25_00_324.jpg, C:\Users\Owner\Downloads\simulator-windows-64\dataTrack1\IMG\right_2024_11_20_20_25_00_324.jpg, 0, 0, 0, 11.44332
C:\Users\Owner\Downloads\simulator-windows-64\dataTrack1\IMG\center_2024_11_20_20_25_00_426.jpg, C:\Users\Owner\Downloads\simulator-windows-64\dataTrack1\IMG\left_2024_11_20_20_25_00_426.jpg, C:\Users\Owner\Downloads\simulator-windows-64\dataTrack1\IMG\right_2024_11_20_20_25_00_426.jpg, 0, 0, 0, 11.57251
C:\Users\Owner\Downloads\simulator-windows-64\dataTrack1\IMG\center_2024_11_20_20_25_00_530.jpg, C:\Users\Owner\Downloads\simulator-windows-64\dataTrack1\IMG\left_2024_11_20_20_25_00_530.jpg, C:\Users\Owner\Downloads\simulator-windows-64\dataTrack1\IMG\right_2024_11_20_20_25_00_530.jpg, 0, 0, 0, 11.23453
C:\Users\Owner\Downloads\simulator-windows-64\dataTrack1\IMG\center_2024_11_20_20_25_00_634.jpg, C:\Users\Owner\Downloads\simulator-windows-64\dataTrack1\IMG\left_2024_11_20_20_25_00_634.jpg, C:\Users\Owner\Downloads\simulator-windows-64\dataTrack1\IMG\right_2024_11_20_20_25_00_634.jpg, 0, 0, 0, 11.30334
C:\Users\Owner\Downloads\simulator-windows-64\dataTrack1\IMG\center_2024_11_20_20_25_00_736.jpg, C:\Users\Owner\Downloads\simulator-windows-64\dataTrack1\IMG\left_2024_11_20_20_25_00_736.jpg, C:\Users\Owner\Downloads\simulator-windows-64\dataTrack1\IMG\right_2024_11_20_20_25_00_736.jpg, 0, 0, 0, 11.19371
C:\Users\Owner\Downloads\simulator-windows-64\dataTrack1\IMG\center_2024_11_20_20_25_00_839.jpg, C:\Users\Owner\Downloads\simulator-windows-64\dataTrack1\IMG\left_2024_11_20_20_25_00_839.jpg, C:\Users\Owner\Downloads\simulator-windows-64\dataTrack1\IMG\right_2024_11_20_20_25_00_839.jpg, 0, 0, 0, 11.08496
C:\Users\Owner\Downloads\simulator-windows-64\dataTrack1\IMG\center_2024_11_20_20_25_00_944.jpg, C:\Users\Owner\Downloads\simulator-windows-64\dataTrack1\IMG\left_2024_11_20_20_25_00_944.jpg, C:\Users\Owner\Downloads\simulator-windows-64\dataTrack1\IMG\right_2024_11_20_20_25_00_944.jpg, 0, 0, 0, 10.95158
C:\Users\Owner\Downloads\simulator-windows-64\dataTrack1\IMG\center_2024_11_20_20_25_01_050.jpg, C:\Users\Owner\Downloads\simulator-windows-64\dataTrack1\IMG\left_2024_11_20_20_25_01_050.jpg, C:\Users\Owner\Downloads\simulator-windows-64\dataTrack1\IMG\right_2024_11_20_20_25_01_050.jpg, 0, 0, 0, 10.84166
C:\Users\Owner\Downloads\simulator-windows-64\dataTrack1\IMG\center_2024_11_20_20_25_01_154.jpg, C:\Users\Owner\Downloads\simulator-windows-64\dataTrack1\IMG\left_2024_11_20_20_25_01_154.jpg, C:\Users\Owner\Downloads\simulator-windows-64\dataTrack1\IMG\right_2024_11_20_20_25_01_154.jpg, -0.2078307, 0, 0, 10.71118
C:\Users\Owner\Downloads\simulator-windows-64\dataTrack1\IMG\center_2024_11_20_20_25_01_258.jpg, C:\Users\Owner\Downloads\simulator-windows-64\dataTrack1\IMG\left_2024_11_20_20_25_01_258.jpg, C:\Users\Owner\Downloads\simulator-windows-64\dataTrack1\IMG\right_2024_11_20_20_25_01_258.jpg, 0, 0, 0, 10.60174
C:\Users\Owner\Downloads\simulator-windows-64\dataTrack1\IMG\center_2024_11_20_20_25_01_359.jpg, C:\Users\Owner\Downloads\simulator-windows-64\dataTrack1\IMG\left_2024_11_20_20_25_01_359.jpg, C:\Users\Owner\Downloads\simulator-windows-64\dataTrack1\IMG\right_2024_11_20_20_25_01_359.jpg, 0, 0, 0, 10.49424
C:\Users\Owner\Downloads\simulator-windows-64\dataTrack1\IMG\center_2024_11_20_20_25_01_465.jpg, C:\Users\Owner\Downloads\simulator-windows-64\dataTrack1\IMG\left_2024_11_20_20_25_01_465.jpg, C:\Users\Owner\Downloads\simulator-windows-64\dataTrack1\IMG\right_2024_11_20_20_25_01_465.jpg, 0, 0, 0, 10.36788
C:\Users\Owner\Downloads\simulator-windows-64\dataTrack1\IMG\center_2024_11_20_20_25_01_569.jpg, C:\Users\Owner\Downloads\simulator-windows-64\dataTrack1\IMG\left_2024_11_20_20_25_01_569.jpg, C:\Users\Owner\Downloads\simulator-windows-64\dataTrack1\IMG\right_2024_11_20_20_25_01_569.jpg, 0, 0, 0, 10.26381
C:\Users\Owner\Downloads\simulator-windows-64\dataTrack1\IMG\center_2024_11_20_20_25_01_670.jpg, C:\Users\Owner\Downloads\simulator-windows-64\dataTrack1\IMG\left_2024_11_20_20_25_01_670.jpg, C:\Users\Owner\Downloads\simulator-windows-64\dataTrack1\IMG\right_2024_11_20_20_25_01_670.jpg, -0.1030017, 0, 0, 10.15831
C:\Users\Owner\Downloads\simulator-windows-64\dataTrack1\IMG\center_2024_11_20_20_25_01_774.jpg, C:\Users\Owner\Downloads\simulator-windows-64\dataTrack1\IMG\left_2024_11_20_20_25_01_774.jpg, C:\Users\Owner\Downloads\simulator-windows-64\dataTrack1\IMG\right_2024_11_20_20_25_01_774.jpg, -0.3100293, 0, 0, 10.01604
C:\Users\Owner\Downloads\simulator-windows-64\dataTrack1\IMG\center_2024_11_20_20_25_01_880.jpg, C:\Users\Owner\Downloads\simulator-windows-64\dataTrack1\IMG\left_2024_11_20_20_25_01_880.jpg, C:\Users\Owner\Downloads\simulator-windows-64\dataTrack1\IMG\right_2024_11_20_20_25_01_880.jpg, 0, 0, 0, 9.913486
C:\Users\Owner\Downloads\simulator-windows-64\dataTrack1\IMG\center_2024_11_20_20_25_01_984.jpg, C:\Users\Owner\Downloads\simulator-windows-64\dataTrack1\IMG\left_2024_11_20_20_25_01_984.jpg, C:\Users\Owner\Downloads\simulator-windows-64\dataTrack1\IMG\right_2024_11_20_20_25_01_984.jpg, 0, 0, 0, 9.789798
C:\Users\Owner\Downloads\simulator-windows-64\dataTrack1\IMG\center_2024_11_20_20_25_02_087.jpg, C:\Users\Owner\Downloads\simulator-windows-64\dataTrack1\IMG\left_2024_11_20_20_25_02_087.jpg, C:\Users\Owner\Downloads\simulator-windows-64\dataTrack1\IMG\right_2024_11_20_20_25_02_087.jpg, 0, 0, 0, 9.691342
C:\Users\Owner\Downloads\simulator-windows-64\dataTrack1\IMG\center_2024_11_20_20_25_02_191.jpg, C:\Users\Owner\Downloads\simulator-windows-64\dataTrack1\IMG\left_2024_11_20_20_25_02_191.jpg, C:\Users\Owner\Downloads\simulator-windows-64\dataTrack1\IMG\right_2024_11_20_20_25_02_191.jpg, 0, 0, 0, 9.594057
C:\Users\Owner\Downloads\simulator-windows-64\dataTrack1\IMG\center_2024_11_20_20_25_02_296.jpg, C:\Users\Owner\Downloads\simulator-windows-64\dataTrack1\IMG\left_2024_11_20_20_25_02_296.jpg, C:\Users\Owner\Downloads\simulator-windows-64\dataTrack1\IMG\right_2024_11_20_20_25_02_296.jpg, 0, 0, 0, 9.497762
C:\Users\Owner\Downloads\simulator-windows-64\dataTrack1\IMG\center_2024_11_20_20_25_02_401.jpg, C:\Users\Owner\Downloads\simulator-windows-64\dataTrack1\IMG\left_2024_11_20_20_25_02_401.jpg, C:\Users\Owner\Downloads\simulator-windows-64\dataTrack1\IMG\right_2024_11_20_20_25_02_401.jpg, 0, 0, 0, 9.402431
C:\Users\Owner\Downloads\simulator-windows-64\dataTrack1\IMG\center_2024_11_20_20_25_02_504.jpg, C:\Users\Owner\Downloads\simulator-windows-64\dataTrack1\IMG\left_2024_11_20_20_25_02_504.jpg, C:\Users\Owner\Downloads\simulator-windows-64\dataTrack1\IMG\right_2024_11_20_20_25_02_504.jpg, 0, 0, 0, 9.289298
C:\Users\Owner\Downloads\simulator-windows-64\dataTrack1\IMG\center_2024_11_20_20_25_02_610.jpg, C:\Users\Owner\Downloads\simulator-windows-64\dataTrack1\IMG\left_2024_11_20_20_25_02_610.jpg, C:\Users\Owner\Downloads\simulator-windows-64\dataTrack1\IMG\right_2024_11_20_20_25_02_610.jpg, 0, 0, 0, 9.196062
C:\Users\Owner\Downloads\simulator-windows-64\dataTrack1\IMG\center_2024_11_20_20_25_02_712.jpg, C:\Users\Owner\Downloads\simulator-windows-64\dataTrack1\IMG\left_2024_11_20_20_25_02_712.jpg, C:\Users\Owner\Downloads\simulator-windows-64\dataTrack1\IMG\right_2024_11_20_20_25_02_712.jpg, 0, 0, 0, 9.103759
C:\Users\Owner\Downloads\simulator-windows-64\dataTrack1\IMG\center_2024_11_20_20_25_02_816.jpg, C:\Users\Owner\Downloads\simulator-windows-64\dataTrack1\IMG\left_2024_11_20_20_25_02_816.jpg, C:\Users\Owner\Downloads\simulator-windows-64\dataTrack1\IMG\right_2024_11_20_20_25_02_816.jpg, 0, 0, 0, 9.012384
C:\Users\Owner\Downloads\simulator-windows-64\dataTrack1\IMG\center_2024_11_20_20_25_02_920.jpg, C:\Users\Owner\Downloads\simulator-windows-64\dataTrack1\IMG\left_2024_11_20_20_25_02_920.jpg, C:\Users\Owner\Downloads\simulator-windows-64\dataTrack1\IMG\right_2024_11_20_20_25_02_920.jpg, 0, 0, 0, 8.921926
C:\Users\Owner\Downloads\simulator-windows-64\dataTrack1\IMG\center_2024_11_20_20_25_03_024.jpg, C:\Users\Owner\Downloads\simulator-windows-64\dataTrack1\IMG\left_2024_11_20_20_25_03_024.jpg, C:\Users\Owner\Downloads\simulator-windows-64\dataTrack1\IMG\right_2024_11_20_20_25_03_024.jpg, 0, 0, 0, 8.814578
C:\Users\Owner\Downloads\simulator-windows-64\dataTrack1\IMG\center_2024_11_20_20_25_03_126.jpg, C:\Users\Owner\Downloads\simulator-windows-64\dataTrack1\IMG\left_2024_11_20_20_25_03_126.jpg, C:\Users\Owner\Downloads\simulator-windows-64\dataTrack1\IMG\right_2024_11_20_20_25_03_126.jpg, 0, 0, 0, 8.72611
C:\Users\Owner\Downloads\simulator-windows-64\dataTrack1\IMG\center_2024_11_20_20_25_03_230.jpg, C:\Users\Owner\Downloads\simulator-windows-64\dataTrack1\IMG\left_2024_11_20_20_25_03_230.jpg, C:\Users\Owner\Downloads\simulator-windows-64\dataTrack1\IMG\right_2024_11_20_20_25_03_230.jpg, 0, 0, 0, 8.638533
C:\Users\Owner\Downloads\simulator-windows-64\dataTrack1\IMG\center_2024_11_20_20_25_03_335.jpg, C:\Users\Owner\Downloads\simulator-windows-64\dataTrack1\IMG\left_2024_11_20_20_25_03_335.jpg, C:\Users\Owner\Downloads\simulator-windows-64\dataTrack1\IMG\right_2024_11_20_20_25_03_335.jpg, 0, 0, 0, 8.551834
C:\Users\Owner\Downloads\simulator-windows-64\dataTrack1\IMG\center_2024_11_20_20_25_03_439.jpg, C:\Users\Owner\Downloads\simulator-windows-64\dataTrack1\IMG\left_2024_11_20_20_25_03_439.jpg, C:\Users\Owner\Downloads\simulator-windows-64\dataTrack1\IMG\right_2024_11_20_20_25_03_439.jpg, 0, 0, 0, 8.466004
C:\Users\Owner\Downloads\simulator-windows-64\dataTrack1\IMG\center_2024_11_20_20_25_03_543.jpg, C:\Users\Owner\Downloads\simulator-windows-64\dataTrack1\IMG\left_2024_11_20_20_25_03_543.jpg, C:\Users\Owner\Downloads\simulator-windows-64\dataTrack1\IMG\right_2024_11_20_20_25_03_543.jpg, 0, 0, 0, 8.364145
C:\Users\Owner\Downloads\simulator-windows-64\dataTrack1\IMG\center_2024_11_20_20_25_03_657.jpg, C:\Users\Owner\Downloads\simulator-windows-64\dataTrack1\IMG\left_2024_11_20_20_25_03_657.jpg, C:\Users\Owner\Downloads\simulator-windows-64\dataTrack1\IMG\right_2024_11_20_20_25_03_657.jpg, -0.09840181, 0, 0, 8.278256
C:\Users\Owner\Downloads\simulator-windows-64\dataTrack1\IMG\center_2024_11_20_20_25_03_760.jpg, C:\Users\Owner\Downloads\simulator-windows-64\dataTrack1\IMG\left_2024_11_20_20_25_03_760.jpg, C:\Users\Owner\Downloads\simulator-windows-64\dataTrack1\IMG\right_2024_11_20_20_25_03_760.jpg, -0.3565719, 0, 0, 8.161286
C:\Users\Owner\Downloads\simulator-windows-64\dataTrack1\IMG\center_2024_11_20_20_25_03_867.jpg, C:\Users\Owner\Downloads\simulator-windows-64\dataTrack1\IMG\left_2024_11_20_20_25_03_867.jpg, C:\Users\Owner\Downloads\simulator-windows-64\dataTrack1\IMG\right_2024_11_20_20_25_03_867.jpg, -0.09059726, 0, 0, 8.059702
C:\Users\Owner\Downloads\simulator-windows-64\dataTrack1\IMG\center_2024_11_20_20_25_03_969.jpg, C:\Users\Owner\Downloads\simulator-windows-64\dataTrack1\IMG\left_2024_11_20_20_25_03_969.jpg, C:\Users\Owner\Downloads\simulator-windows-64\dataTrack1\IMG\right_2024_11_20_20_25_03_969.jpg, 0, 0, 0, 7.972422
C:\Users\Owner\Downloads\simulator-windows-64\dataTrack1\IMG\center_2024_11_20_20_25_04_075.jpg, C:\Users\Owner\Downloads\simulator-windows-64\dataTrack1\IMG\left_2024_11_20_20_25_04_075.jpg, C:\Users\Owner\Downloads\simulator-windows-64\dataTrack1\IMG\right_2024_11_20_20_25_04_075.jpg, 0, 0, 0, 7.892124
C:\Users\Owner\Downloads\simulator-windows-64\dataTrack1\IMG\center_2024_11_20_20_25_04_176.jpg, C:\Users\Owner\Downloads\simulator-windows-64\dataTrack1\IMG\left_2024_11_20_20_25_04_176.jpg, C:\Users\Owner\Downloads\simulator-windows-64\dataTrack1\IMG\right_2024_11_20_20_25_04_176.jpg, 0, 0, 0, 7.812903
C:\Users\Owner\Downloads\simulator-windows-64\dataTrack1\IMG\center_2024_11_20_20_25_04_281.jpg, C:\Users\Owner\Downloads\simulator-windows-64\dataTrack1\IMG\left_2024_11_20_20_25_04_281.jpg, C:\Users\Owner\Downloads\simulator-windows-64\dataTrack1\IMG\right_2024_11_20_20_25_04_281.jpg, -0.050949, 0, 0, 7.734013
C:\Users\Owner\Downloads\simulator-windows-64\dataTrack1\IMG\center_2024_11_20_20_25_04_386.jpg, C:\Users\Owner\Downloads\simulator-windows-64\dataTrack1\IMG\left_2024_11_20_20_25_04_386.jpg, C:\Users\Owner\Downloads\simulator-windows-64\dataTrack1\IMG\right_2024_11_20_20_25_04_386.jpg, -0.3087762, 0, 0, 7.602941
C:\Users\Owner\Downloads\simulator-windows-64\dataTrack1\IMG\center_2024_11_20_20_25_04_488.jpg, C:\Users\Owner\Downloads\simulator-windows-64\dataTrack1\IMG\left_2024_11_20_20_25_04_488.jpg, C:\Users\Owner\Downloads\simulator-windows-64\dataTrack1\IMG\right_2024_11_20_20_25_04_488.jpg, -0.003136501, 0, 0, 7.525063
C:\Users\Owner\Downloads\simulator-windows-64\dataTrack1\IMG\center_2024_11_20_20_25_04_593.jpg, C:\Users\Owner\Downloads\simulator-windows-64\dataTrack1\IMG\left_2024_11_20_20_25_04_593.jpg, C:\Users\Owner\Downloads\simulator-windows-64\dataTrack1\IMG\right_2024_11_20_20_25_04_593.jpg, 0, 0, 0, 7.447307
C:\Users\Owner\Downloads\simulator-windows-64\dataTrack1\IMG\center_2024_11_20_20_25_04_695.jpg, C:\Users\Owner\Downloads\simulator-windows-64\dataTrack1\IMG\left_2024_11_20_20_25_04_695.jpg, C:\Users\Owner\Downloads\simulator-windows-64\dataTrack1\IMG\right_2024_11_20_20_25_04_695.jpg, 0, 0, 0, 7.37248
C:\Users\Owner\Downloads\simulator-windows-64\dataTrack1\IMG\center_2024_11_20_20_25_04_800.jpg, C:\Users\Owner\Downloads\simulator-windows-64\dataTrack1\IMG\left_2024_11_20_20_25_04_800.jpg, C:\Users\Owner\Downloads\simulator-windows-64\dataTrack1\IMG\right_2024_11_20_20_25_04_800.jpg, 0, 0, 0, 7.298486
C:\Users\Owner\Downloads\simulator-windows-64\dataTrack1\IMG\center_2024_11_20_20_25_04_905.jpg, C:\Users\Owner\Downloads\simulator-windows-64\dataTrack1\IMG\left_2024_11_20_20_25_04_905.jpg, C:\Users\Owner\Downloads\simulator-windows-64\dataTrack1\IMG\right_2024_11_20_20_25_04_905.jpg, -0.2088507, 0, 0, 7.200786
C:\Users\Owner\Downloads\simulator-windows-64\dataTrack1\IMG\center_2024_11_20_20_25_05_009.jpg, C:\Users\Owner\Downloads\simulator-windows-64\dataTrack1\IMG\left_2024_11_20_20_25_05_009.jpg, C:\Users\Owner\Downloads\simulator-windows-64\dataTrack1\IMG\right_2024_11_20_20_25_05_009.jpg, 0, 0, 0, 7.126825
C:\Users\Owner\Downloads\simulator-windows-64\dataTrack1\IMG\center_2024_11_20_20_25_05_110.jpg, C:\Users\Owner\Downloads\simulator-windows-64\dataTrack1\IMG\left_2024_11_20_20_25_05_110.jpg, C:\Users\Owner\Downloads\simulator-windows-64\dataTrack1\IMG\right_2024_11_20_20_25_05_110.jpg, 0, 0, 0, 7.055058
C:\Users\Owner\Downloads\simulator-windows-64\dataTrack1\IMG\center_2024_11_20_20_25_05_214.jpg, C:\Users\Owner\Downloads\simulator-windows-64\dataTrack1\IMG\left_2024_11_20_20_25_05_214.jpg, C:\Users\Owner\Downloads\simulator-windows-64\dataTrack1\IMG\right_2024_11_20_20_25_05_214.jpg, 0, 0, 0, 6.984244
C:\Users\Owner\Downloads\simulator-windows-64\dataTrack1\IMG\center_2024_11_20_20_25_05_319.jpg, C:\Users\Owner\Downloads\simulator-windows-64\dataTrack1\IMG\left_2024_11_20_20_25_05_319.jpg, C:\Users\Owner\Downloads\simulator-windows-64\dataTrack1\IMG\right_2024_11_20_20_25_05_319.jpg, 0, 0, 0, 6.91415
C:\Users\Owner\Downloads\simulator-windows-64\dataTrack1\IMG\center_2024_11_20_20_25_05_422.jpg, C:\Users\Owner\Downloads\simulator-windows-64\dataTrack1\IMG\left_2024_11_20_20_25_05_422.jpg, C:\Users\Owner\Downloads\simulator-windows-64\dataTrack1\IMG\right_2024_11_20_20_25_05_422.jpg, 0, 0, 0, 6.84476
C:\Users\Owner\Downloads\simulator-windows-64\dataTrack1\IMG\center_2024_11_20_20_25_05_526.jpg, C:\Users\Owner\Downloads\simulator-windows-64\dataTrack1\IMG\left_2024_11_20_20_25_05_526.jpg, C:\Users\Owner\Downloads\simulator-windows-64\dataTrack1\IMG\right_2024_11_20_20_25_05_526.jpg, 0, 0, 0, 6.76241
C:\Users\Owner\Downloads\simulator-windows-64\dataTrack1\IMG\center_2024_11_20_20_25_05_628.jpg, C:\Users\Owner\Downloads\simulator-windows-64\dataTrack1\IMG\left_2024_11_20_20_25_05_628.jpg, C:\Users\Owner\Downloads\simulator-windows-64\dataTrack1\IMG\right_2024_11_20_20_25_05_628.jpg, 0, 0, 0, 6.694542
C:\Users\Owner\Downloads\simulator-windows-64\dataTrack1\IMG\center_2024_11_20_20_25_05_734.jpg, C:\Users\Owner\Downloads\simulator-windows-64\dataTrack1\IMG\left_2024_11_20_20_25_05_734.jpg, C:\Users\Owner\Downloads\simulator-windows-64\dataTrack1\IMG\right_2024_11_20_20_25_05_734.jpg, 0, 0, 0, 6.627356
C:\Users\Owner\Downloads\simulator-windows-64\dataTrack1\IMG\center_2024_11_20_20_25_05_837.jpg, C:\Users\Owner\Downloads\simulator-windows-64\dataTrack1\IMG\left_2024_11_20_20_25_05_837.jpg, C:\Users\Owner\Downloads\simulator-windows-64\dataTrack1\IMG\right_2024_11_20_20_25_05_837.jpg, 0, 0, 0, 6.560845
C:\Users\Owner\Downloads\simulator-windows-64\dataTrack1\IMG\center_2024_11_20_20_25_05_943.jpg, C:\Users\Owner\Downloads\simulator-windows-64\dataTrack1\IMG\left_2024_11_20_20_25_05_943.jpg, C:\Users\Owner\Downloads\simulator-windows-64\dataTrack1\IMG\right_2024_11_20_20_25_05_943.jpg, 0, 0, 0, 6.481911
C:\Users\Owner\Downloads\simulator-windows-64\dataTrack1\IMG\center_2024_11_20_20_25_06_044.jpg, C:\Users\Owner\Downloads\simulator-windows-64\dataTrack1\IMG\left_2024_11_20_20_25_06_044.jpg, C:\Users\Owner\Downloads\simulator-windows-64\dataTrack1\IMG\right_2024_11_20_20_25_06_044.jpg, 0, 0, 0, 6.416859
C:\Users\Owner\Downloads\simulator-windows-64\dataTrack1\IMG\center_2024_11_20_20_25_06_149.jpg, C:\Users\Owner\Downloads\simulator-windows-64\dataTrack1\IMG\left_2024_11_20_20_25_06_149.jpg, C:\Users\Owner\Downloads\simulator-windows-64\dataTrack1\IMG\right_2024_11_20_20_25_06_149.jpg, 0, 0, 0, 6.352461
C:\Users\Owner\Downloads\simulator-windows-64\dataTrack1\IMG\center_2024_11_20_20_25_06_253.jpg, C:\Users\Owner\Downloads\simulator-windows-64\dataTrack1\IMG\left_2024_11_20_20_25_06_253.jpg, C:\Users\Owner\Downloads\simulator-windows-64\dataTrack1\IMG\right_2024_11_20_20_25_06_253.jpg, 0, 0, 0, 6.28871
C:\Users\Owner\Downloads\simulator-windows-64\dataTrack1\IMG\center_2024_11_20_20_25_06_357.jpg, C:\Users\Owner\Downloads\simulator-windows-64\dataTrack1\IMG\left_2024_11_20_20_25_06_357.jpg, C:\Users\Owner\Downloads\simulator-windows-64\dataTrack1\IMG\right_2024_11_20_20_25_06_357.jpg, 0, 0, 0, 6.225598
C:\Users\Owner\Downloads\simulator-windows-64\dataTrack1\IMG\center_2024_11_20_20_25_06_460.jpg, C:\Users\Owner\Downloads\simulator-windows-64\dataTrack1\IMG\left_2024_11_20_20_25_06_460.jpg, C:\Users\Owner\Downloads\simulator-windows-64\dataTrack1\IMG\right_2024_11_20_20_25_06_460.jpg, 0, 0, 0, 6.163119
C:\Users\Owner\Downloads\simulator-windows-64\dataTrack1\IMG\center_2024_11_20_20_25_06_562.jpg, C:\Users\Owner\Downloads\simulator-windows-64\dataTrack1\IMG\left_2024_11_20_20_25_06_562.jpg, C:\Users\Owner\Downloads\simulator-windows-64\dataTrack1\IMG\right_2024_11_20_20_25_06_562.jpg, 0, 0, 0, 6.088972
C:\Users\Owner\Downloads\simulator-windows-64\dataTrack1\IMG\center_2024_11_20_20_25_06_668.jpg, C:\Users\Owner\Downloads\simulator-windows-64\dataTrack1\IMG\left_2024_11_20_20_25_06_668.jpg, C:\Users\Owner\Downloads\simulator-windows-64\dataTrack1\IMG\right_2024_11_20_20_25_06_668.jpg, 0, 0, 0, 6.027864
C:\Users\Owner\Downloads\simulator-windows-64\dataTrack1\IMG\center_2024_11_20_20_25_06_771.jpg, C:\Users\Owner\Downloads\simulator-windows-64\dataTrack1\IMG\left_2024_11_20_20_25_06_771.jpg, C:\Users\Owner\Downloads\simulator-windows-64\dataTrack1\IMG\right_2024_11_20_20_25_06_771.jpg, 0, 0, 0, 5.967371
C:\Users\Owner\Downloads\simulator-windows-64\dataTrack1\IMG\center_2024_11_20_20_25_06_872.jpg, C:\Users\Owner\Downloads\simulator-windows-64\dataTrack1\IMG\left_2024_11_20_20_25_06_872.jpg, C:\Users\Owner\Downloads\simulator-windows-64\dataTrack1\IMG\right_2024_11_20_20_25_06_872.jpg, 0, 0, 0, 5.907485
C:\Users\Owner\Downloads\simulator-windows-64\dataTrack1\IMG\center_2024_11_20_20_25_06_975.jpg, C:\Users\Owner\Downloads\simulator-windows-64\dataTrack1\IMG\left_2024_11_20_20_25_06_975.jpg, C:\Users\Owner\Downloads\simulator-windows-64\dataTrack1\IMG\right_2024_11_20_20_25_06_975.jpg, 0, 0, 0, 5.848198
C:\Users\Owner\Downloads\simulator-windows-64\dataTrack1\IMG\center_2024_11_20_20_25_07_080.jpg, C:\Users\Owner\Downloads\simulator-windows-64\dataTrack1\IMG\left_2024_11_20_20_25_07_080.jpg, C:\Users\Owner\Downloads\simulator-windows-64\dataTrack1\IMG\right_2024_11_20_20_25_07_080.jpg, -0.2063409, 0, 0, 5.782282
C:\Users\Owner\Downloads\simulator-windows-64\dataTrack1\IMG\center_2024_11_20_20_25_07_185.jpg, C:\Users\Owner\Downloads\simulator-windows-64\dataTrack1\IMG\left_2024_11_20_20_25_07_185.jpg, C:\Users\Owner\Downloads\simulator-windows-64\dataTrack1\IMG\right_2024_11_20_20_25_07_185.jpg, -0.1177575, 0, 0, 5.698022
C:\Users\Owner\Downloads\simulator-windows-64\dataTrack1\IMG\center_2024_11_20_20_25_07_289.jpg, C:\Users\Owner\Downloads\simulator-windows-64\dataTrack1\IMG\left_2024_11_20_20_25_07_289.jpg, C:\Users\Owner\Downloads\simulator-windows-64\dataTrack1\IMG\right_2024_11_20_20_25_07_289.jpg, 0, 0, 0, 5.637011
C:\Users\Owner\Downloads\simulator-windows-64\dataTrack1\IMG\center_2024_11_20_20_25_07_393.jpg, C:\Users\Owner\Downloads\simulator-windows-64\dataTrack1\IMG\left_2024_11_20_20_25_07_393.jpg, C:\Users\Owner\Downloads\simulator-windows-64\dataTrack1\IMG\right_2024_11_20_20_25_07_393.jpg, 0, 0, 0, 5.580336
C:\Users\Owner\Downloads\simulator-windows-64\dataTrack1\IMG\center_2024_11_20_20_25_07_495.jpg, C:\Users\Owner\Downloads\simulator-windows-64\dataTrack1\IMG\left_2024_11_20_20_25_07_495.jpg, C:\Users\Owner\Downloads\simulator-windows-64\dataTrack1\IMG\right_2024_11_20_20_25_07_495.jpg, 0, 0, 0, 5.524332
C:\Users\Owner\Downloads\simulator-windows-64\dataTrack1\IMG\center_2024_11_20_20_25_07_601.jpg, C:\Users\Owner\Downloads\simulator-windows-64\dataTrack1\IMG\left_2024_11_20_20_25_07_601.jpg, C:\Users\Owner\Downloads\simulator-windows-64\dataTrack1\IMG\right_2024_11_20_20_25_07_601.jpg, 0, 0, 0, 5.468891
C:\Users\Owner\Downloads\simulator-windows-64\dataTrack1\IMG\center_2024_11_20_20_25_07_703.jpg, C:\Users\Owner\Downloads\simulator-windows-64\dataTrack1\IMG\left_2024_11_20_20_25_07_703.jpg, C:\Users\Owner\Downloads\simulator-windows-64\dataTrack1\IMG\right_2024_11_20_20_25_07_703.jpg, 0, 0, 0, 5.403095
C:\Users\Owner\Downloads\simulator-windows-64\dataTrack1\IMG\center_2024_11_20_20_25_07_809.jpg, C:\Users\Owner\Downloads\simulator-windows-64\dataTrack1\IMG\left_2024_11_20_20_25_07_809.jpg, C:\Users\Owner\Downloads\simulator-windows-64\dataTrack1\IMG\right_2024_11_20_20_25_07_809.jpg, 0, 0, 0, 5.348871
C:\Users\Owner\Downloads\simulator-windows-64\dataTrack1\IMG\center_2024_11_20_20_25_07_913.jpg, C:\Users\Owner\Downloads\simulator-windows-64\dataTrack1\IMG\left_2024_11_20_20_25_07_913.jpg, C:\Users\Owner\Downloads\simulator-windows-64\dataTrack1\IMG\right_2024_11_20_20_25_07_913.jpg, 0, 0, 0, 5.295192
C:\Users\Owner\Downloads\simulator-windows-64\dataTrack1\IMG\center_2024_11_20_20_25_08_018.jpg, C:\Users\Owner\Downloads\simulator-windows-64\dataTrack1\IMG\left_2024_11_20_20_25_08_018.jpg, C:\Users\Owner\Downloads\simulator-windows-64\dataTrack1\IMG\right_2024_11_20_20_25_08_018.jpg, 0, 0, 0, 5.242053
C:\Users\Owner\Downloads\simulator-windows-64\dataTrack1\IMG\center_2024_11_20_20_25_08_123.jpg, C:\Users\Owner\Downloads\simulator-windows-64\dataTrack1\IMG\left_2024_11_20_20_25_08_123.jpg, C:\Users\Owner\Downloads\simulator-windows-64\dataTrack1\IMG\right_2024_11_20_20_25_08_123.jpg, 0, 0, 0, 5.178989
C:\Users\Owner\Downloads\simulator-windows-64\dataTrack1\IMG\center_2024_11_20_20_25_08_227.jpg, C:\Users\Owner\Downloads\simulator-windows-64\dataTrack1\IMG\left_2024_11_20_20_25_08_227.jpg, C:\Users\Owner\Downloads\simulator-windows-64\dataTrack1\IMG\right_2024_11_20_20_25_08_227.jpg, 0, 0, 0, 5.127016
C:\Users\Owner\Downloads\simulator-windows-64\dataTrack1\IMG\center_2024_11_20_20_25_08_329.jpg, C:\Users\Owner\Downloads\simulator-windows-64\dataTrack1\IMG\left_2024_11_20_20_25_08_329.jpg, C:\Users\Owner\Downloads\simulator-windows-64\dataTrack1\IMG\right_2024_11_20_20_25_08_329.jpg, 0, 0, 0, 5.075563
C:\Users\Owner\Downloads\simulator-windows-64\dataTrack1\IMG\center_2024_11_20_20_25_08_432.jpg, C:\Users\Owner\Downloads\simulator-windows-64\dataTrack1\IMG\left_2024_11_20_20_25_08_432.jpg, C:\Users\Owner\Downloads\simulator-windows-64\dataTrack1\IMG\right_2024_11_20_20_25_08_432.jpg, 0, 0, 0, 5.024626
C:\Users\Owner\Downloads\simulator-windows-64\dataTrack1\IMG\center_2024_11_20_20_25_08_538.jpg, C:\Users\Owner\Downloads\simulator-windows-64\dataTrack1\IMG\left_2024_11_20_20_25_08_538.jpg, C:\Users\Owner\Downloads\simulator-windows-64\dataTrack1\IMG\right_2024_11_20_20_25_08_538.jpg, 0, 0, 0, 4.974201
C:\Users\Owner\Downloads\simulator-windows-64\dataTrack1\IMG\center_2024_11_20_20_25_08_640.jpg, C:\Users\Owner\Downloads\simulator-windows-64\dataTrack1\IMG\left_2024_11_20_20_25_08_640.jpg, C:\Users\Owner\Downloads\simulator-windows-64\dataTrack1\IMG\right_2024_11_20_20_25_08_640.jpg, 0, 0, 0, 4.924283
C:\Users\Owner\Downloads\simulator-windows-64\dataTrack1\IMG\center_2024_11_20_20_25_08_742.jpg, C:\Users\Owner\Downloads\simulator-windows-64\dataTrack1\IMG\left_2024_11_20_20_25_08_742.jpg, C:\Users\Owner\Downloads\simulator-windows-64\dataTrack1\IMG\right_2024_11_20_20_25_08_742.jpg, 0, 0, 0, 4.86504
C:\Users\Owner\Downloads\simulator-windows-64\dataTrack1\IMG\center_2024_11_20_20_25_08_845.jpg, C:\Users\Owner\Downloads\simulator-windows-64\dataTrack1\IMG\left_2024_11_20_20_25_08_845.jpg, C:\Users\Owner\Downloads\simulator-windows-64\dataTrack1\IMG\right_2024_11_20_20_25_08_845.jpg, 0, 0, 0, 4.816218
C:\Users\Owner\Downloads\simulator-windows-64\dataTrack1\IMG\center_2024_11_20_20_25_08_951.jpg, C:\Users\Owner\Downloads\simulator-windows-64\dataTrack1\IMG\left_2024_11_20_20_25_08_951.jpg, C:\Users\Owner\Downloads\simulator-windows-64\dataTrack1\IMG\right_2024_11_20_20_25_08_951.jpg, 0, 0, 0, 4.767885
C:\Users\Owner\Downloads\simulator-windows-64\dataTrack1\IMG\center_2024_11_20_20_25_09_058.jpg, C:\Users\Owner\Downloads\simulator-windows-64\dataTrack1\IMG\left_2024_11_20_20_25_09_058.jpg, C:\Users\Owner\Downloads\simulator-windows-64\dataTrack1\IMG\right_2024_11_20_20_25_09_058.jpg, 0, 0, 0, 4.720037
